0.000000,1.110113,1.651568,1.906142,1.934683,1.899610,1.897772,1.218908,1.523977,0.815350,1.883602,1.741023,1.655560,1.073735,1.890465,1.717708,1.661732,0.617563,1.932357,1.875178,1.882832,1.935112,1.902616,1.917690,1.911777,0.447692,1.781529,1.754834,0.592383,1.838431,1.597162,1.890465,1.907796,0.960004,1.870396,1.713166,1.424600,0.323643,1.920473,1.932540,1.731570,1.085903,1.933186,1.885915,1.885038,1.445267,1.757248,1.773015,1.869550,0.718315,0.868877,1.838431,1.757248,0.497927,1.910888,1.919516,0.473233,1.680499,1.925381,1.512995,1.878939,0.667380,1.680407,1.011968,1.902192,1.874642,1.937142,1.568796,0.619626,1.912523,1.781529,1.905179,1.896886,1.875038,1.439001,1.416986,0.694849,1.883852,1.915105,0.740438,1.907349,0.450528,0.670281,1.914411,1.915639,1.923607,1.887822,1.562669,1.228502,1.607023,0.595610,1.947140,1.861736,1.870805,1.875038,1.926315,1.915143,1.729408,1.907751,1.877005
1.110113,0.000000,1.052920,1.421027,1.526674,1.413867,1.402935,0.648881,0.872614,1.454340,1.358154,1.329763,1.265010,1.446021,1.390771,1.095944,1.250815,1.353747,1.484087,1.349318,1.355676,1.486693,1.408771,1.712380,1.431340,1.270994,1.187234,1.172978,1.291789,1.288525,1.835179,1.390771,1.424020,1.540083,1.339647,1.127333,0.729247,1.105071,1.482504,1.507357,1.128579,0.749465,1.543556,1.373554,1.388024,0.823925,1.136153,1.222944,1.354708,1.123988,1.120919,1.288525,1.136153,1.126993,1.421362,1.466768,1.163733,1.021962,1.475203,0.954270,1.397351,1.417242,1.102315,0.834894,1.405349,1.352128,1.482201,0.893868,1.085977,1.435125,1.187234,1.398138,1.396986,1.342028,0.790192,0.880870,1.155550,1.361684,1.447810,1.458971,1.437966,1.157068,1.455865,1.520663,1.432225,1.462478,1.375169,0.986625,1.424906,0.970281,1.331518,1.543654,1.321555,1.339286,1.342028,1.460218,1.419188,1.146563,1.428563,1.353283
1.651568,1.052920,0.000000,0.684612,0.818394,0.672159,0.656107,0.747967,0.529683,1.863287,0.643965,1.061677,0.490789,1.732759,0.613377,0.318420,1.029129,1.853308,0.813794,0.573378,0.602058,0.847668,0.674618,1.181696,0.680437,1.796038,0.284353,0.393299,1.824191,0.430001,1.602308,0.613377,0.659285,1.836542,0.562751,0.371879,0.482942,1.676376,0.766561,0.807598,0.181684,1.024946,0.839439,0.599177,0.595080,0.483591,0.260015,0.309692,0.611956,1.520373,1.294083,0.430001,0.260015,1.730913,0.739678,0.828260,1.625905,0.285848,0.825146,0.434168,0.630018,1.888074,0.406008,1.119941,0.636804,0.622251,0.776307,0.262412,1.633395,0.694165,0.284353,0.659895,0.683935,0.571984,0.412327,0.545440,1.702021,0.598200,0.735511,1.893613,0.755093,1.691299,1.904726,0.785626,0.690845,0.729464,0.611325,0.545362,1.463858,0.138875,1.820668,0.850742,0.549842,0.563402,0.571984,0.740534,0.682116,0.307243,0.684069,0.596759
1.906142,1.421027,0.684612,0.000000,0.244632,0.086718,0.068982,1.238760,0.893071,1.924807,0.275411,0.852552,0.793077,1.769332,0.132606,0.570813,0.930720,1.973667,0.217296,0.212107,0.192662,0.343511,0.172524,0.725971,0.180867,1.970443,0.443164,0.505811,1.939567,0.309476,1.391826,0.132606,0.188019,1.865737,0.220912,0.603632,1.011586,1.901278,0.199126,0.215326,0.552949,1.422431,0.269355,0.188170,0.196907,0.993132,0.490934,0.430714,0.247481,1.768466,1.576487,0.309476,0.490934,1.920696,0.295592,0.316543,1.876575,0.628567,0.270321,0.897916,0.212040,1.974697,0.626116,1.524873,0.213909,0.255055,0.215150,0.827750,1.863611,0.167614,0.443164,0.238742,0.265447,0.212899,0.989442,1.024044,1.863470,0.127887,0.204106,1.958718,0.308166,1.912436,1.986492,0.343363,0.187612,0.176745,0.191198,0.893077,1.610983,0.747909,1.963203,0.315549,0.244408,0.224719,0.212899,0.200143,0.238654,0.557820,0.167663,0.214179
1.934683,1.526674,0.818394,0.244632,0.000000,0.259173,0.291412,1.361282,1.046045,1.891059,0.403020,0.903110,0.816596,1.720626,0.258843,0.706284,1.014648,1.965192,0.261303,0.389144,0.374901,0.365534,0.333635,0.556107,0.281710,1.977668,0.596159,0.622744,1.956113,0.465944,1.257551,0.258843,0.281241,1.802972,0.400477,0.740622,1.154992,1.933401,0.214689,0.193091,0.699924,1.537803,0.186587,0.361819,0.360409,1.105907,0.648587,0.579385,0.382310,1.775883,1.633578,0.465944,0.648587,1.960561,0.381107,0.356881,1.885844,0.796950,0.357894,1.033008,0.394645,1.957619,0.780972,1.567299,0.328031,0.394391,0.253036,0.969363,1.877127,0.297022,0.596159,0.366115,0.379423,0.398235,1.122751,1.131717,1.916346,0.341276,0.285102,1.934534,0.354686,1.946965,1.960398,0.289594,0.283067,0.257809,0.358478,1.036226,1.538614,0.891686,1.958421,0.259869,0.436913,0.410703,0.398235,0.271599,0.340349,0.670264,0.309745,0.406355
1.899610,1.413867,0.672159,0.086718,0.259173,0.000000,0.125818,1.224209,0.884060,1.929160,0.266354,0.856926,0.783850,1.776209,0.136602,0.559376,0.928812,1.972386,0.249945,0.218389,0.184366,0.373063,0.164831,0.749724,0.201635,1.966840,0.434063,0.498566,1.938684,0.308684,1.402441,0.136602,0.201739,1.870061,0.225207,0.581146,0.997062,1.897267,0.163804,0.195921,0.543513,1.404793,0.296242,0.194286,0.207561,0.978010,0.478375,0.427215,0.196250,1.765655,1.563262,0.308684,0.478375,1.915692,0.314988,0.330570,1.872184,0.616507,0.295722,0.871694,0.224108,1.975271,0.619057,1.507004,0.220898,0.216915,0.228978,0.812646,1.864013,0.177214,0.434063,0.257692,0.272658,0.215148,0.975509,1.007410,1.863180,0.153620,0.195399,1.961235,0.290529,1.910138,1.986742,0.353070,0.209276,0.191781,0.200907,0.887619,1.612498,0.735166,1.961324,0.336705,0.240580,0.224655,0.215148,0.207803,0.260303,0.559255,0.172847,0.211089
1.897772,1.402935,0.656107,0.068982,0.291412,0.125818,0.000000,1.215156,0.862039,1.926873,0.283798,0.860978,0.785186,1.773070,0.146698,0.546918,0.932426,1.971458,0.232706,0.186984,0.178655,0.350365,0.170913,0.749012,0.182353,1.966079,0.414429,0.485704,1.934927,0.281729,1.409868,0.146698,0.188863,1.871393,0.195034,0.582239,0.985458,1.891651,0.247235,0.265559,0.523308,1.401864,0.295952,0.168442,0.172289,0.966713,0.462992,0.399317,0.260745,1.760815,1.561258,0.281729,0.462992,1.913542,0.302005,0.335601,1.867626,0.600089,0.279729,0.871445,0.176983,1.975317,0.594803,1.509062,0.202213,0.259330,0.235298,0.800717,1.854915,0.172731,0.414429,0.220002,0.269957,0.188739,0.963471,0.998499,1.853261,0.088960,0.235322,1.959931,0.327939,1.902709,1.987855,0.360725,0.190267,0.192143,0.171689,0.868895,1.617468,0.719127,1.960523,0.336720,0.217152,0.199669,0.188739,0.215431,0.226988,0.529823,0.167700,0.192528
1.218908,0.648881,0.747967,1.238760,1.361282,1.224209,1.215156,0.000000,0.532276,1.573122,1.199736,1.230563,1.006085,1.514504,1.196572,0.788685,1.136321,1.524757,1.331081,1.144043,1.152585,1.345879,1.213550,1.624080,1.245717,1.416609,0.941476,0.877313,1.426299,1.064678,1.782288,1.196572,1.231723,1.617402,1.132149,0.839477,0.365548,1.267952,1.321018,1.353212,0.867565,0.622116,1.383524,1.175867,1.182335,0.463414,0.875489,0.956825,1.174734,1.148186,1.130816,1.064678,0.875489,1.292253,1.281547,1.306672,1.243763,0.756841,1.326265,0.624758,1.188272,1.576028,0.799942,0.785488,1.219862,1.179290,1.316132,0.590640,1.212827,1.250543,0.941476,1.220341,1.233256,1.144015,0.389474,0.448059,1.312417,1.164586,1.280016,1.595858,1.291526,1.276898,1.602936,1.334511,1.244897,1.284332,1.174856,0.759493,1.403742,0.636480,1.470101,1.395768,1.116588,1.139844,1.144015,1.284938,1.249863,0.903999,1.237709,1.156316
1.523977,0.872614,0.529683,0.893071,1.046045,0.884060,0.862039,0.532276,0.000000,1.746912,0.871885,0.988132,0.898612,1.630982,0.861547,0.483345,0.933281,1.743528,0.986133,0.790430,0.796271,1.013396,0.860483,1.366303,0.903938,1.680005,0.632929,0.561226,1.663058,0.729396,1.724711,0.861547,0.883138,1.767850,0.776645,0.498133,0.434413,1.536148,1.003638,1.033066,0.592611,0.818653,1.065280,0.828172,0.831321,0.443263,0.572328,0.632359,0.855433,1.416398,1.329025,0.729396,0.572328,1.553597,0.951896,0.957065,1.536997,0.522496,0.985079,0.486304,0.841277,1.771956,0.493774,1.069705,0.887892,0.847622,0.967280,0.473864,1.481343,0.901804,0.632929,0.879489,0.900692,0.796160,0.425086,0.377987,1.528342,0.805032,0.953641,1.778797,0.962738,1.550089,1.801925,1.014948,0.891468,0.937617,0.821121,0.596009,1.525858,0.430082,1.711307,1.060181,0.767232,0.794411,0.796160,0.934856,0.917356,0.635199,0.890192,0.805406
0.815350,1.454340,1.863287,1.924807,1.891059,1.929160,1.926873,1.573122,1.746912,0.000000,1.934184,1.708374,1.810244,0.484542,1.931229,1.850173,1.719940,0.575741,1.899427,1.933147,1.931758,1.878776,1.929909,1.728104,1.918226,0.616482,1.916329,1.851874,0.689841,1.931841,1.267054,1.931229,1.918547,0.447365,1.933040,1.866174,1.738343,0.804441,1.926108,1.923071,1.904407,1.510872,1.893098,1.937240,1.938842,1.706664,1.902886,1.908161,1.939490,0.850411,1.389015,1.931841,1.902886,0.811154,1.914986,1.893431,0.773223,1.889745,1.909501,1.783609,1.940697,0.481791,1.871049,1.333196,1.925629,1.939673,1.916322,1.819649,0.757003,1.929639,1.916329,1.921141,1.922933,1.936947,1.737257,1.669701,0.844570,1.929140,1.928622,0.242999,1.920723,0.731971,0.450703,1.879567,1.916505,1.922053,1.928896,1.830952,1.079203,1.836576,0.563290,1.896747,1.941166,1.941385,1.936947,1.923325,1.918873,1.872572,1.930511,1.943889
1.883602,1.358154,0.643965,0.275411,0.403020,0.266354,0.283798,1.199736,0.871885,1.934184,0.000000,0.819098,0.788681,1.789809,0.278579,0.574563,0.875809,1.958115,0.339218,0.277593,0.253512,0.426816,0.271714,0.826781,0.295088,1.955832,0.409596,0.537455,1.928017,0.297729,1.463736,0.278579,0.280002,1.890832,0.280104,0.594867,0.955546,1.880427,0.301699,0.323316,0.505208,1.379801,0.457013,0.255499,0.255602,0.966734,0.458676,0.431132,0.224953,1.777688,1.548268,0.297729,0.458676,1.887697,0.218508,0.400815,1.876460,0.570487,0.336336,0.871652,0.310800,1.971744,0.626601,1.489752,0.272592,0.245194,0.311920,0.773328,1.842754,0.270207,0.409596,0.303309,0.169465,0.259641,0.941567,1.021869,1.836203,0.260844,0.199575,1.959784,0.314060,1.895513,1.982854,0.424368,0.293701,0.287894,0.275965,0.853088,1.619103,0.705372,1.952365,0.397309,0.271392,0.262193,0.259641,0.294671,0.297641,0.571524,0.277261,0.256948
1.741023,1.329763,1.061677,0.852552,0.903110,0.856926,0.860978,1.230563,0.988132,1.708374,0.819098,0.000000,1.259677,1.580769,0.872446,0.931089,0.265107,1.773411,0.848024,0.876180,0.841341,0.873813,0.841194,1.143461,0.890591,1.771437,0.928455,0.912534,1.689094,0.886025,1.511062,0.872446,0.886019,1.738932,0.872754,0.939051,1.140764,1.741297,0.893307,0.891078,0.979574,1.328182,0.951287,0.883901,0.856738,1.158752,0.927185,0.954882,0.875164,1.652798,1.650213,0.886025,0.927185,1.659582,0.826029,0.830344,1.789299,0.977216,0.803318,1.158033,0.874694,1.751108,0.909045,1.559858,0.911285,0.890958,0.839574,1.084102,1.652063,0.861750,0.928455,0.881786,0.821721,0.879055,1.154828,1.176709,1.615726,0.849892,0.839234,1.743765,0.923052,1.721363,1.780534,0.856249,0.864871,0.868044,0.875106,1.016760,1.621429,1.049069,1.756073,0.914711,0.876642,0.885978,0.879055,0.837655,0.904611,1.052251,0.860346,0.864865
1.655560,1.265010,0.490789,0.793077,0.816596,0.783850,0.785186,1.006085,0.898612,1.810244,0.788681,1.259677,0.000000,1.669910,0.716534,0.648421,1.258458,1.845356,0.905010,0.750702,0.783719,0.929087,0.821905,1.068928,0.778016,1.787886,0.576467,0.655964,1.860913,0.634290,1.388706,0.716534,0.749446,1.723384,0.749533,0.649082,0.798070,1.704520,0.812735,0.847137,0.541555,1.230000,0.818979,0.751836,0.744846,0.771812,0.598404,0.574783,0.747853,1.488116,1.281839,0.634290,0.598404,1.801071,0.845088,0.940201,1.581518,0.652138,0.937429,0.709884,0.790139,1.853419,0.755503,1.172754,0.732718,0.769533,0.857701,0.621854,1.656462,0.807762,0.576467,0.788702,0.805874,0.751824,0.705037,0.785707,1.784602,0.761595,0.825031,1.848713,0.832515,1.719427,1.850407,0.809788,0.798666,0.817066,0.768364,0.833551,1.273413,0.573121,1.795609,0.866293,0.755199,0.745989,0.751824,0.840551,0.780404,0.497393,0.806789,0.783121
1.073735,1.446021,1.732759,1.769332,1.720626,1.776209,1.773070,1.514504,1.630982,0.484542,1.789809,1.580769,1.669910,0.000000,1.776767,1.691522,1.639789,0.928636,1.743707,1.784211,1.782654,1.725875,1.781806,1.554385,1.755264,0.979955,1.772922,1.680795,1.019243,1.780704,1.101649,1.776767,1.751961,0.534669,1.785024,1.717102,1.655782,1.080147,1.774405,1.772686,1.772087,1.544997,1.731582,1.788496,1.793985,1.591249,1.760148,1.762234,1.794651,0.833962,1.496615,1.780704,1.760148,1.129990,1.766521,1.740443,0.938366,1.771170,1.768676,1.664728,1.807857,0.854712,1.745790,1.287844,1.776058,1.798639,1.759042,1.705741,0.921923,1.777752,1.772922,1.772752,1.773254,1.789725,1.638523,1.539000,1.150948,1.774751,1.782163,0.694858,1.778249,0.998657,0.841459,1.713667,1.753396,1.765612,1.777387,1.757036,0.965956,1.713365,0.873096,1.735060,1.802176,1.798484,1.789725,1.769329,1.768970,1.713274,1.779964,1.807206
1.890465,1.390771,0.613377,0.132606,0.258843,0.136602,0.146698,1.196572,0.861547,1.931229,0.278579,0.872446,0.716534,1.776767,0.000000,0.516860,0.937275,1.970822,0.296015,0.200564,0.203297,0.396509,0.213355,0.762536,0.203289,1.963393,0.376037,0.457566,1.942643,0.247799,1.411884,0.000000,0.199252,1.871690,0.205995,0.547741,0.957997,1.893667,0.232925,0.255460,0.481722,1.389336,0.304157,0.189139,0.176330,0.933696,0.428837,0.371853,0.228125,1.747988,1.553586,0.247799,0.428837,1.917703,0.329823,0.363463,1.856521,0.572125,0.347898,0.847333,0.224128,1.976592,0.578521,1.480325,0.212823,0.239819,0.257209,0.762943,1.850584,0.206535,0.376037,0.251468,0.294493,0.204715,0.930713,0.973314,1.864963,0.152962,0.248025,1.964256,0.321646,1.904838,1.987463,0.353317,0.215480,0.220336,0.197379,0.848460,1.580878,0.684110,1.956948,0.352156,0.231317,0.212674,0.204715,0.231227,0.253666,0.487354,0.205964,0.219993
1.717708,1.095944,0.318420,0.570813,0.706284,0.559376,0.546918,0.788685,0.483345,1.850173,0.574563,0.931089,0.648421,1.691522,0.516860,0.000000,0.940820,1.885105,0.683838,0.462375,0.475979,0.714801,0.548943,1.086041,0.566239,1.834124,0.287306,0.127049,1.833039,0.388126,1.574902,0.516860,0.557377,1.815003,0.450796,0.345121,0.575597,1.731988,0.682361,0.717856,0.305386,1.104395,0.741815,0.502330,0.517133,0.514050,0.220551,0.307091,0.549119,1.559322,1.435511,0.388126,0.220551,1.766148,0.658735,0.678508,1.693579,0.341585,0.711383,0.542337,0.553053,1.907709,0.346078,1.195638,0.552474,0.552529,0.655269,0.410701,1.647723,0.582375,0.287306,0.555572,0.601445,0.473037,0.528847,0.555032,1.734740,0.485885,0.640898,1.895666,0.672305,1.746370,1.921081,0.685501,0.565386,0.614798,0.492919,0.649653,1.494238,0.308605,1.852303,0.753132,0.454592,0.474931,0.473037,0.622669,0.587856,0.335573,0.572624,0.498789
1.661732,1.250815,1.029129,0.930720,1.014648,0.928812,0.932426,1.136321,0.933281,1.719940,0.875809,0.265107,1.258458,1.639789,0.937275,0.940820,0.000000,1.739625,0.952630,0.931942,0.902041,0.986818,0.913318,1.286894,0.978142,1.712286,0.935103,0.947834,1.638076,0.918734,1.610384,0.937275,0.973204,1.779502,0.925508,0.935794,1.053636,1.669458,0.975572,0.979096,0.962716,1.204937,1.051814,0.943957,0.909957,1.105865,0.925907,0.966722,0.925344,1.637825,1.557802,0.918734,0.925907,1.572185,0.905208,0.930666,1.745852,0.938894,0.892402,1.102979,0.918288,1.727247,0.878989,1.506889,0.976624,0.941582,0.939663,1.027538,1.611028,0.940608,0.935103,0.951194,0.887106,0.932894,1.078766,1.127726,1.526820,0.913528,0.914025,1.733021,1.002213,1.642157,1.756029,0.956985,0.956725,0.958128,0.941033,0.926675,1.654782,1.003891,1.719911,1.028919,0.917710,0.933663,0.932894,0.927059,0.980103,1.066220,0.935734,0.911828
0.617563,1.353747,1.853308,1.973667,1.965192,1.972386,1.971458,1.524757,1.743528,0.575741,1.958115,1.773411,1.845356,0.928636,1.970822,1.885105,1.739625,0.000000,1.965118,1.966494,1.965802,1.948645,1.970731,1.856266,1.974485,0.423511,1.926401,1.904411,0.438141,1.954616,1.482021,1.970822,1.972974,0.777673,1.965172,1.879698,1.687484,0.578302,1.970151,1.969129,1.899395,1.368436,1.968618,1.970090,1.970227,1.695443,1.912248,1.925550,1.958741,0.908091,1.227349,1.954616,1.912248,0.540812,1.958981,1.956794,0.660168,1.866968,1.960460,1.769964,1.964782,0.419245,1.866420,1.257627,1.968115,1.956480,1.972950,1.790300,0.719098,1.974220,1.926401,1.962765,1.961364,1.965696,1.705840,1.683934,0.712321,1.967857,1.969677,0.469044,1.956358,0.591964,0.365655,1.957852,1.971776,1.975376,1.968932,1.750810,1.222543,1.823577,0.441724,1.965294,1.960603,1.964568,1.965696,1.971914,1.966268,1.898795,1.972937,1.964894
1.932357,1.484087,0.813794,0.217296,0.261303,0.249945,0.232706,1.331081,0.986133,1.899427,0.339218,0.848024,0.905010,1.743707,0.296015,0.683838,0.952630,1.965118,0.000000,0.312672,0.289087,0.266933,0.234531,0.629429,0.230696,1.974598,0.575460,0.607715,1.934757,0.442251,1.343185,0.296015,0.250244,1.835808,0.322476,0.723014,1.131660,1.916904,0.281132,0.265482,0.683351,1.511100,0.297401,0.289279,0.305581,1.090116,0.621755,0.553300,0.380289,1.805357,1.626410,0.442251,0.621755,1.932682,0.267509,0.290409,1.908834,0.764713,0.163541,1.012947,0.304659,1.962555,0.726913,1.575417,0.268955,0.366384,0.189718,0.959029,1.873761,0.214376,0.575460,0.281466,0.271912,0.322240,1.109441,1.119161,1.874621,0.274611,0.223393,1.936935,0.342330,1.934957,1.973192,0.306174,0.217819,0.187467,0.277480,1.010086,1.625752,0.873403,1.965227,0.264344,0.352893,0.336208,0.322240,0.204189,0.256790,0.694979,0.224331,0.313937
1.875178,1.349318,0.573378,0.212107,0.389144,0.218389,0.186984,1.144043,0.790430,1.933147,0.277593,0.876180,0.750702,1.784211,0.200564,0.462375,0.931942,1.966494,0.312672,0.000000,0.120793,0.383964,0.157222,0.830420,0.157123,1.953213,0.328865,0.413871,1.925656,0.209899,1.468899,0.200564,0.196839,1.886884,0.021835,0.492998,0.911032,1.879771,0.340537,0.363686,0.434522,1.347135,0.407324,0.082581,0.156811,0.891592,0.372521,0.321646,0.271153,1.751456,1.548089,0.209899,0.372521,1.895972,0.318377,0.358653,1.859725,0.521560,0.336799,0.793975,0.189062,1.978540,0.520084,1.457584,0.216596,0.254352,0.263133,0.719666,1.834906,0.171437,0.328865,0.213612,0.279468,0.063253,0.887206,0.925833,1.837342,0.138709,0.286746,1.962987,0.351445,1.890287,1.991260,0.411081,0.170063,0.212289,0.056691,0.813981,1.616626,0.635469,1.955895,0.384649,0.094960,0.084081,0.063253,0.229882,0.232672,0.468833,0.164019,0.111237
1.882832,1.355676,0.602058,0.192662,0.374901,0.184366,0.178655,1.152585,0.796271,1.931758,0.253512,0.841341,0.783719,1.782654,0.203297,0.475979,0.902041,1.965802,0.289087,0.120793,0.000000,0.374920,0.091038,0.830894,0.178697,1.953099,0.356966,0.423250,1.922665,0.237225,1.469517,0.203297,0.178675,1.884085,0.125141,0.508266,0.925197,1.884015,0.310563,0.332994,0.467548,1.352942,0.411716,0.099072,0.156683,0.903808,0.395596,0.351546,0.249322,1.757621,1.564193,0.237225,0.395596,1.891244,0.315939,0.342446,1.867312,0.537259,0.314482,0.808653,0.193883,1.975676,0.527104,1.465645,0.217449,0.255134,0.242901,0.743044,1.833617,0.144646,0.356966,0.212552,0.265814,0.105945,0.904643,0.941914,1.837452,0.136388,0.249854,1.962884,0.355415,1.893393,1.990330,0.398500,0.174614,0.190296,0.113151,0.825455,1.624801,0.657715,1.956363,0.374382,0.109112,0.110742,0.105945,0.206388,0.236330,0.507445,0.130071,0.082798
1.935112,1.486693,0.847668,0.343511,0.365534,0.373063,0.350365,1.345879,1.013396,1.878776,0.426816,0.873813,0.929087,1.725875,0.396509,0.714801,0.986818,1.948645,0.266933,0.383964,0.374920,0.000000,0.329582,0.653872,0.312369,1.960581,0.617051,0.643888,1.921842,0.493269,1.356138,0.396509,0.333864,1.827181,0.393915,0.750995,1.150043,1.916839,0.403879,0.384686,0.718957,1.512577,0.394896,0.373606,0.375742,1.126403,0.660915,0.601816,0.477726,1.812561,1.659884,0.493269,0.660915,1.922754,0.338386,0.303905,1.912689,0.805721,0.302801,1.046330,0.390245,1.946833,0.788631,1.594245,0.315144,0.458367,0.276706,0.983881,1.857494,0.312434,0.617051,0.265100,0.377227,0.398115,1.130241,1.153743,1.854463,0.372630,0.349711,1.914332,0.421548,1.929716,1.958113,0.383808,0.297309,0.287725,0.350107,1.033387,1.610801,0.902248,1.957460,0.294372,0.426606,0.413352,0.398115,0.301283,0.244950,0.746203,0.322791,0.394739
1.902616,1.408771,0.674618,0.172524,0.333635,0.164831,0.170913,1.213550,0.860483,1.929909,0.271714,0.841194,0.821905,1.781806,0.213355,0.548943,0.913318,1.970731,0.234531,0.157222,0.091038,0.329582,0.000000,0.782320,0.147922,1.963181,0.430481,0.489829,1.928196,0.299980,1.438276,0.213355,0.162696,1.878362,0.167386,0.565446,0.994708,1.902303,0.273257,0.286916,0.539909,1.399187,0.361451,0.122358,0.171818,0.971629,0.472112,0.420358,0.266147,1.779040,1.586732,0.299980,0.472112,1.907143,0.296614,0.304457,1.886469,0.612794,0.259185,0.870060,0.190674,1.975791,0.593965,1.509222,0.211969,0.268757,0.181586,0.815604,1.857238,0.091641,0.430481,0.203157,0.259836,0.150366,0.974284,1.001413,1.850914,0.162147,0.219060,1.960167,0.336042,1.911763,1.988609,0.369139,0.141777,0.132089,0.125181,0.884452,1.634823,0.732158,1.962486,0.322556,0.168857,0.159001,0.150366,0.151684,0.218213,0.574602,0.071695,0.123350
1.917690,1.712380,1.181696,0.725971,0.556107,0.749724,0.749012,1.624080,1.366303,1.728104,0.826781,1.143461,1.068928,1.554385,0.762536,1.086041,1.286894,1.856266,0.629429,0.830420,0.830894,0.653872,0.782320,0.000000,0.712433,1.909594,1.011179,0.995169,1.902482,0.902474,0.953435,0.762536,0.718791,1.595338,0.842154,1.133261,1.486529,1.895783,0.681850,0.652222,1.095057,1.754036,0.555733,0.811394,0.808912,1.389591,1.060993,0.976388,0.839880,1.757721,1.696107,0.902474,1.060993,1.957230,0.747552,0.710279,1.837299,1.204547,0.718573,1.373392,0.826000,1.835781,1.166167,1.649547,0.749043,0.828882,0.670126,1.330988,1.832471,0.740319,1.011179,0.772280,0.777046,0.847900,1.445880,1.400118,1.928076,0.796301,0.725716,1.790189,0.714583,1.925716,1.816444,0.608793,0.712100,0.691206,0.795645,1.371178,1.421460,1.254143,1.872651,0.570210,0.885548,0.860742,0.847900,0.704671,0.735279,1.030750,0.756371,0.857126
1.911777,1.431340,0.680437,0.180867,0.281710,0.201635,0.182353,1.245717,0.903938,1.918226,0.295088,0.890591,0.778016,1.755264,0.203289,0.566239,0.978142,1.974485,0.230696,0.157123,0.178697,0.312369,0.147922,0.712433,0.000000,1.971456,0.437912,0.498235,1.945254,0.300724,1.382694,0.203289,0.120018,1.854116,0.175021,0.590983,1.024240,1.915716,0.274073,0.285135,0.546509,1.439000,0.304004,0.131293,0.193313,0.990544,0.488862,0.426450,0.302628,1.767345,1.599073,0.300724,0.488862,1.932702,0.284811,0.315268,1.880363,0.641590,0.288371,0.894513,0.236542,1.976404,0.636126,1.512431,0.202771,0.295768,0.166403,0.831736,1.857762,0.114864,0.437912,0.207024,0.269652,0.164324,0.995643,1.020319,1.875671,0.185163,0.242992,1.955106,0.320769,1.923238,1.986501,0.340524,0.078083,0.115849,0.113723,0.920474,1.593496,0.750298,1.962499,0.263007,0.215149,0.184188,0.164324,0.158546,0.197880,0.544648,0.122044,0.195593
0.447692,1.270994,1.796038,1.970443,1.977668,1.966840,1.966079,1.416609,1.680005,0.616482,1.955832,1.771437,1.787886,0.979955,1.963393,1.834124,1.712286,0.423511,1.974598,1.953213,1.953099,1.960581,1.963181,1.909594,1.971456,0.000000,1.890577,1.861890,0.441040,1.932139,1.526998,1.963393,1.970158,0.808304,1.950811,1.840207,1.598639,0.478621,1.974584,1.978651,1.854485,1.256865,1.976568,1.958166,1.959503,1.614467,1.869481,1.891410,1.951541,0.839211,1.111439,1.932139,1.869481,0.425924,1.968273,1.962180,0.595769,1.815093,1.968828,1.673582,1.955636,0.420142,1.806825,1.182967,1.963536,1.954010,1.980051,1.718522,0.584460,1.969794,1.890577,1.958364,1.963629,1.951934,1.615861,1.601861,0.598373,1.957244,1.970868,0.502553,1.961534,0.426373,0.417168,1.955212,1.971839,1.974886,1.958722,1.699158,1.218231,1.757768,0.407361,1.978915,1.942769,1.949268,1.951934,1.977492,1.964027,1.857129,1.967307,1.950499
1.781529,1.187234,0.284353,0.443164,0.596159,0.434063,0.414429,0.941476,0.632929,1.916329,0.409596,0.928455,0.576467,1.772922,0.376037,0.287306,0.935103,1.926401,0.575460,0.328865,0.356966,0.617051,0.430481,1.011179,0.437912,1.890577,0.000000,0.308972,1.892094,0.171781,1.546530,0.376037,0.424521,1.882722,0.319398,0.352029,0.672341,1.793332,0.535008,0.574040,0.128466,1.177510,0.623540,0.353583,0.345219,0.671225,0.098140,0.169191,0.387435,1.655041,1.430280,0.171781,0.098140,1.822436,0.508522,0.603524,1.761686,0.294782,0.588060,0.593136,0.396679,1.947397,0.386533,1.297228,0.401928,0.395799,0.532452,0.448275,1.742965,0.450388,0.000000,0.417564,0.453052,0.324669,0.636723,0.735602,1.777869,0.353126,0.495140,1.947906,0.531423,1.801399,1.965131,0.575040,0.449070,0.487420,0.366726,0.626605,1.543992,0.360622,1.901162,0.620492,0.308928,0.319012,0.324669,0.497177,0.441528,0.286225,0.440786,0.352789
1.754834,1.172978,0.393299,0.505811,0.622744,0.498566,0.485704,0.877313,0.561226,1.851874,0.537455,0.912534,0.655964,1.680795,0.457566,0.127049,0.947834,1.904411,0.607715,0.413871,0.423250,0.643888,0.489829,0.995169,0.498235,1.861890,0.308972,0.000000,1.858688,0.362198,1.516257,0.457566,0.487880,1.800839,0.404394,0.388864,0.685974,1.766531,0.621353,0.653429,0.358018,1.184895,0.665625,0.451968,0.467805,0.594478,0.273325,0.292666,0.516168,1.581488,1.475405,0.362198,0.273325,1.806256,0.607970,0.607974,1.722600,0.425482,0.650407,0.623923,0.508360,1.921522,0.386334,1.245244,0.498712,0.520209,0.584529,0.522546,1.675367,0.519223,0.308972,0.504854,0.551622,0.431932,0.634040,0.622984,1.778968,0.430704,0.581873,1.903367,0.623017,1.786758,1.931085,0.603462,0.493957,0.544373,0.436428,0.713657,1.482830,0.408180,1.874597,0.676044,0.420655,0.437058,0.431932,0.555335,0.534404,0.350133,0.511601,0.458142
0.592383,1.291789,1.824191,1.939567,1.956113,1.938684,1.934927,1.426299,1.663058,0.689841,1.928017,1.689094,1.860913,1.019243,1.942643,1.833039,1.638076,0.438141,1.934757,1.925656,1.922665,1.921842,1.928196,1.902482,1.945254,0.441040,1.892094,1.858688,0.000000,1.922155,1.572196,1.942643,1.947545,0.882304,1.922906,1.834693,1.609464,0.564239,1.951904,1.952218,1.866578,1.294021,1.953279,1.932119,1.933346,1.652940,1.868066,1.894230,1.928646,0.915531,1.193575,1.922155,1.868066,0.411600,1.930570,1.920083,0.737026,1.806895,1.915647,1.704222,1.922021,0.514731,1.788132,1.303635,1.945802,1.927076,1.945151,1.736762,0.703111,1.938596,1.892094,1.933065,1.931341,1.924312,1.640776,1.631088,0.583487,1.928050,1.941558,0.572438,1.936459,0.561297,0.508712,1.956639,1.941807,1.945295,1.930381,1.697455,1.389981,1.777049,0.538270,1.954349,1.915179,1.923203,1.924312,1.941891,1.940223,1.877940,1.935537,1.920230
1.838431,1.288525,0.430001,0.309476,0.465944,0.308684,0.281729,1.064678,0.729396,1.931841,0.297729,0.886025,0.634290,1.780704,0.247799,0.388126,0.918734,1.954616,0.442251,0.209899,0.237225,0.493269,0.299980,0.902474,0.300724,1.932139,0.171781,0.362198,1.922155,0.000000,1.489398,0.247799,0.285471,1.890047,0.205227,0.418415,0.808683,1.846722,0.407447,0.440651,0.277971,1.275843,0.494934,0.222006,0.189198,0.799922,0.246971,0.199960,0.289290,1.705632,1.486551,0.000000,0.246971,1.870974,0.382753,0.479024,1.814990,0.411099,0.458211,0.704443,0.269360,1.966870,0.453548,1.390072,0.283082,0.303807,0.388581,0.597584,1.798035,0.310713,0.171781,0.293850,0.333150,0.205192,0.776933,0.849700,1.820841,0.226000,0.364582,1.963587,0.426193,1.853129,1.983668,0.460681,0.311412,0.345002,0.239873,0.714126,1.568446,0.509049,1.933548,0.478204,0.203776,0.202234,0.205192,0.354160,0.318633,0.364095,0.303202,0.233848
1.597162,1.835179,1.602308,1.391826,1.257551,1.402441,1.409868,1.782288,1.724711,1.267054,1.463736,1.511062,1.388706,1.101649,1.411884,1.574902,1.610384,1.482021,1.343185,1.468899,1.469517,1.356138,1.438276,0.953435,1.382694,1.526998,1.546530,1.516257,1.572196,1.489398,0.000000,1.411884,1.383174,1.053426,1.477359,1.586383,1.764375,1.612101,1.332970,1.319977,1.583856,1.818844,1.249500,1.448479,1.449041,1.688974,1.576604,1.519403,1.457842,1.418547,1.586519,1.489398,1.576604,1.681091,1.408038,1.409703,1.470955,1.652341,1.385804,1.649010,1.462375,1.395266,1.605013,1.630685,1.412013,1.472040,1.364072,1.685024,1.506816,1.402819,1.546530,1.435887,1.425368,1.476190,1.721711,1.657677,1.720935,1.443774,1.386464,1.357846,1.398472,1.553602,1.357825,1.266177,1.389368,1.371200,1.448986,1.669677,1.127194,1.652216,1.459647,1.279292,1.502615,1.481949,1.476190,1.387957,1.409893,1.506966,1.411666,1.487199
1.890465,1.390771,0.613377,0.132606,0.258843,0.136602,0.146698,1.196572,0.861547,1.931229,0.278579,0.872446,0.716534,1.776767,0.000000,0.516860,0.937275,1.970822,0.296015,0.200564,0.203297,0.396509,0.213355,0.762536,0.203289,1.963393,0.376037,0.457566,1.942643,0.247799,1.411884,0.000000,0.199252,1.871690,0.205995,0.547741,0.957997,1.893667,0.232925,0.255460,0.481722,1.389336,0.304157,0.189139,0.176330,0.933696,0.428837,0.371853,0.228125,1.747988,1.553586,0.247799,0.428837,1.917703,0.329823,0.363463,1.856521,0.572125,0.347898,0.847333,0.224128,1.976592,0.578521,1.480325,0.212823,0.239819,0.257209,0.762943,1.850584,0.206535,0.376037,0.251468,0.294493,0.204715,0.930713,0.973314,1.864963,0.152962,0.248025,1.964256,0.321646,1.904838,1.987463,0.353317,0.215480,0.220336,0.197379,0.848460,1.580878,0.684110,1.956948,0.352156,0.231317,0.212674,0.204715,0.231227,0.253666,0.487354,0.205964,0.219993
1.907796,1.424020,0.659285,0.188019,0.281241,0.201739,0.188863,1.231723,0.883138,1.918547,0.280002,0.886019,0.749446,1.751961,0.199252,0.557377,0.973204,1.972974,0.250244,0.196839,0.178675,0.333864,0.162696,0.718791,0.120018,1.970158,0.424521,0.487880,1.947545,0.285471,1.383174,0.199252,0.000000,1.850213,0.209764,0.567845,1.007913,1.911790,0.270301,0.284093,0.531423,1.422065,0.318515,0.154990,0.190841,0.971057,0.479255,0.408623,0.282619,1.754771,1.590928,0.285471,0.479255,1.931622,0.293706,0.332893,1.870063,0.625540,0.309985,0.872236,0.251060,1.972822,0.626904,1.491739,0.189350,0.285654,0.179268,0.815557,1.850063,0.132276,0.424521,0.218025,0.269331,0.194237,0.976507,1.002505,1.880383,0.183154,0.237639,1.957971,0.317855,1.921712,1.986308,0.327238,0.115233,0.127628,0.166269,0.903768,1.569565,0.730908,1.959294,0.244118,0.233893,0.206208,0.194237,0.169131,0.203084,0.528889,0.142056,0.212512
0.960004,1.540083,1.836542,1.865737,1.802972,1.870061,1.871393,1.617402,1.767850,0.447365,1.890832,1.738932,1.723384,0.534669,1.871690,1.815003,1.779502,0.777673,1.835808,1.886884,1.884085,1.827181,1.878362,1.595338,1.854116,0.808304,1.882722,1.800839,0.882304,1.890047,1.053426,1.871690,1.850213,0.000000,1.888650,1.839126,1.763419,0.968465,1.856666,1.854570,1.879838,1.600503,1.804899,1.885371,1.894083,1.701689,1.874077,1.869423,1.891466,0.829119,1.415849,1.890047,1.874077,1.043864,1.863392,1.842995,0.817091,1.880019,1.861401,1.775669,1.901138,0.676130,1.853438,1.341242,1.870810,1.896130,1.851977,1.817137,0.822557,1.870357,1.882722,1.878314,1.871750,1.892028,1.743860,1.654319,1.160938,1.878805,1.873377,0.577647,1.864407,0.969333,0.596927,1.807874,1.852734,1.856778,1.878754,1.841269,0.947441,1.823181,0.744328,1.818432,1.901558,1.897085,1.892028,1.862805,1.869532,1.818247,1.873213,1.902372
1.870396,1.339647,0.562751,0.220912,0.400477,0.225207,0.195034,1.132149,0.776645,1.933040,0.280104,0.872754,0.749533,1.785024,0.205995,0.450796,0.925508,1.965172,0.322476,0.021835,0.125141,0.393915,0.167386,0.842154,0.175021,1.950811,0.319398,0.404394,1.922906,0.205227,1.477359,0.205995,0.209764,1.888650,0.000000,0.481796,0.898736,1.874995,0.350230,0.374273,0.424258,1.337807,0.420321,0.096282,0.163044,0.879923,0.361107,0.312551,0.271930,1.748597,1.542997,0.205227,0.361107,1.891575,0.324504,0.363587,1.857092,0.510027,0.343506,0.783150,0.193243,1.977923,0.508150,1.450368,0.224995,0.254040,0.276048,0.708080,1.831016,0.184730,0.319398,0.223228,0.283597,0.072115,0.875319,0.914207,1.832927,0.143149,0.294451,1.962580,0.358113,1.886367,1.990868,0.418649,0.184849,0.226286,0.075129,0.804589,1.617888,0.623221,1.954835,0.399800,0.093625,0.089732,0.072115,0.240923,0.243678,0.463247,0.176896,0.115631
1.713166,1.127333,0.371879,0.603632,0.740622,0.581146,0.582239,0.839477,0.498133,1.866174,0.594867,0.939051,0.649082,1.717102,0.547741,0.345121,0.935794,1.879698,0.723014,0.492998,0.508266,0.750995,0.565446,1.133261,0.590983,1.840207,0.352029,0.388864,1.834693,0.418415,1.586383,0.547741,0.567845,1.839126,0.481796,0.000000,0.617581,1.735902,0.684499,0.721628,0.351829,1.070717,0.765169,0.520334,0.527294,0.606119,0.324994,0.382582,0.537468,1.561244,1.407088,0.418415,0.324994,1.762353,0.678407,0.700043,1.691270,0.389522,0.728661,0.478354,0.564323,1.897506,0.414041,1.227374,0.574586,0.539599,0.663229,0.451870,1.670972,0.593613,0.352029,0.582483,0.623542,0.494220,0.571002,0.604646,1.729733,0.523790,0.663215,1.902211,0.667420,1.742948,1.921019,0.716587,0.587091,0.628461,0.522912,0.614445,1.529656,0.378657,1.845414,0.756762,0.477753,0.492574,0.494220,0.630600,0.613696,0.417842,0.584434,0.516578
1.424600,0.729247,0.482942,1.011586,1.154992,0.997062,0.985458,0.365548,0.434413,1.738343,0.955546,1.140764,0.798070,1.655782,0.957997,0.575597,1.053636,1.687484,1.131660,0.911032,0.925197,1.150043,0.994708,1.486529,1.024240,1.598639,0.672341,0.685974,1.609464,0.808683,1.764375,0.957997,1.007913,1.763419,0.898736,0.617581,0.000000,1.456652,1.094694,1.131168,0.591012,0.717927,1.173216,0.939633,0.944817,0.380445,0.605812,0.716688,0.929515,1.340614,1.180328,0.808683,0.605812,1.485028,1.053832,1.117167,1.431414,0.458336,1.123162,0.443674,0.958797,1.733728,0.597855,0.929501,0.983608,0.936231,1.104146,0.270767,1.418987,1.027039,0.672341,0.988669,1.003578,0.903963,0.155182,0.453914,1.462924,0.929991,1.055696,1.754877,1.066320,1.460612,1.760693,1.140513,1.029422,1.066196,0.947985,0.572867,1.470818,0.372422,1.639950,1.187582,0.875620,0.897014,0.903963,1.069748,1.016844,0.652616,1.014931,0.919674
0.323643,1.105071,1.676376,1.901278,1.933401,1.897267,1.891651,1.267952,1.536148,0.804441,1.880427,1.741297,1.704520,1.080147,1.893667,1.731988,1.669458,0.578302,1.916904,1.879771,1.884015,1.916839,1.902303,1.895783,1.915716,0.478621,1.793332,1.766531,0.564239,1.846722,1.612101,1.893667,1.911790,0.968465,1.874995,1.735902,1.456652,0.000000,1.919298,1.928126,1.748689,1.130787,1.931924,1.890156,1.887829,1.473419,1.769467,1.785281,1.872657,0.807813,0.850911,1.846722,1.769467,0.486031,1.897423,1.906521,0.558372,1.703530,1.908516,1.551931,1.879245,0.663248,1.700953,1.063676,1.896394,1.870567,1.936000,1.596710,0.648989,1.913618,1.793332,1.897594,1.887241,1.879832,1.475473,1.457052,0.650916,1.879829,1.909439,0.725830,1.894498,0.470264,0.674832,1.917746,1.918115,1.923854,1.890636,1.585774,1.293697,1.629092,0.609710,1.942746,1.866352,1.876300,1.879832,1.927078,1.908177,1.755143,1.909351,1.879025
1.920473,1.482504,0.766561,0.199126,0.214689,0.163804,0.247235,1.321018,1.003638,1.926108,0.301699,0.893307,0.812735,1.774405,0.232925,0.682361,0.975572,1.970151,0.281132,0.340537,0.310563,0.403879,0.273257,0.681850,0.274073,1.974584,0.535008,0.621353,1.951904,0.407447,1.332970,0.232925,0.270301,1.856666,0.350230,0.684499,1.094694,1.919298,0.000000,0.078262,0.638384,1.472281,0.265685,0.301020,0.304976,1.077190,0.587991,0.537692,0.241430,1.791004,1.581368,0.407447,0.587991,1.936185,0.338586,0.374972,1.888505,0.719074,0.329153,0.956022,0.331792,1.967390,0.733706,1.555345,0.289608,0.279261,0.254532,0.906513,1.887048,0.252463,0.535008,0.335724,0.316885,0.330705,1.073641,1.111581,1.887936,0.288103,0.200459,1.956544,0.282718,1.928462,1.976516,0.341697,0.286286,0.240351,0.318148,0.970277,1.598538,0.840342,1.961918,0.306136,0.361101,0.336713,0.330705,0.255673,0.319503,0.647933,0.259948,0.326010
1.932540,1.507357,0.807598,0.215326,0.193091,0.195921,0.265559,1.353212,1.033066,1.923071,0.323316,0.891078,0.847137,1.772686,0.255460,0.717856,0.979096,1.969129,0.265482,0.363686,0.332994,0.384686,0.286916,0.652222,0.285135,1.978651,0.574040,0.653429,1.952218,0.440651,1.319977,0.255460,0.284093,1.854570,0.374273,0.721628,1.131168,1.928126,0.078262,0.000000,0.677103,1.499204,0.252846,0.324598,0.322228,1.111609,0.626895,0.572672,0.291876,1.808934,1.605510,0.440651,0.626895,1.941269,0.337156,0.352531,1.902683,0.758714,0.314173,0.997748,0.347408,1.965913,0.761374,1.578070,0.310386,0.313110,0.241827,0.947066,1.897596,0.263612,0.574040,0.346696,0.326034,0.356837,1.111302,1.145813,1.892261,0.311217,0.195790,1.953411,0.287868,1.936666,1.973335,0.337526,0.291890,0.243129,0.337016,0.998776,1.605255,0.879529,1.963787,0.282616,0.387782,0.363825,0.356837,0.250282,0.326949,0.685435,0.272661,0.348301
1.731570,1.128579,0.181684,0.552949,0.699924,0.543513,0.523308,0.867565,0.592611,1.904407,0.505208,0.979574,0.541555,1.772087,0.481722,0.305386,0.962716,1.899395,0.683351,0.434522,0.467548,0.718957,0.539909,1.095057,0.546509,1.854485,0.128466,0.358018,1.866578,0.277971,1.583856,0.481722,0.531423,1.879838,0.424258,0.351829,0.591012,1.748689,0.638384,0.677103,0.000000,1.107708,0.722051,0.460737,0.449549,0.604440,0.142813,0.213262,0.483139,1.613935,1.372376,0.277971,0.142813,1.783265,0.602936,0.703090,1.715037,0.254943,0.688752,0.529401,0.492427,1.926719,0.380437,1.235609,0.505177,0.490497,0.641217,0.360575,1.707951,0.559267,0.128466,0.520890,0.550091,0.430650,0.549069,0.674947,1.741817,0.462928,0.599897,1.931801,0.625847,1.757035,1.944913,0.670287,0.558543,0.596561,0.474301,0.568616,1.521569,0.269723,1.870346,0.722463,0.410194,0.422315,0.430650,0.605816,0.544606,0.282865,0.549115,0.456259
1.085903,0.749465,1.024946,1.422431,1.537803,1.404793,1.401864,0.622116,0.818653,1.510872,1.379801,1.328182,1.230000,1.544997,1.389336,1.104395,1.204937,1.368436,1.511100,1.347135,1.352942,1.512577,1.399187,1.754036,1.439000,1.256865,1.177510,1.184895,1.294021,1.275843,1.818844,1.389336,1.422065,1.600503,1.337807,1.070717,0.717927,1.130787,1.472281,1.499204,1.107708,0.000000,1.536290,1.367577,1.367795,0.846391,1.132451,1.203392,1.349509,1.144048,1.042819,1.275843,1.132451,1.119587,1.456674,1.483984,1.153404,1.031991,1.492640,0.850900,1.369063,1.417818,1.042766,0.943924,1.406441,1.356770,1.481522,0.882484,1.177501,1.424798,1.177510,1.401895,1.422720,1.341233,0.765122,0.815925,1.133915,1.357963,1.458442,1.487370,1.449152,1.116102,1.458611,1.492665,1.437117,1.456089,1.374350,0.802930,1.395429,0.949589,1.317047,1.537183,1.313482,1.332962,1.341233,1.459883,1.428210,1.164757,1.415652,1.342300
1.933186,1.543556,0.839439,0.269355,0.186587,0.296242,0.295952,1.383524,1.065280,1.893098,0.457013,0.951287,0.818979,1.731582,0.304157,0.741815,1.051814,1.968618,0.297401,0.407324,0.411716,0.394896,0.361451,0.555733,0.304004,1.976568,0.623540,0.665625,1.953279,0.494934,1.249500,0.304157,0.318515,1.804899,0.420321,0.765169,1.173216,1.931924,0.265685,0.252846,0.722051,1.536290,0.000000,0.380410,0.383456,1.131410,0.676846,0.605535,0.427315,1.773861,1.612625,0.494934,0.676846,1.963446,0.409854,0.409027,1.878166,0.819877,0.368200,1.042239,0.396074,1.957865,0.801017,1.599209,0.351526,0.431390,0.287621,0.986550,1.893063,0.317559,0.623540,0.379107,0.418003,0.416406,1.140023,1.145755,1.905967,0.351588,0.348222,1.930434,0.398415,1.941774,1.956417,0.345349,0.318820,0.284851,0.377198,1.043917,1.560291,0.914089,1.956961,0.280799,0.455364,0.427042,0.416406,0.312618,0.354711,0.678725,0.329031,0.425715
1.885915,1.373554,0.599177,0.188170,0.361819,0.194286,0.168442,1.175867,0.828172,1.937240,0.255499,0.883901,0.751836,1.788496,0.189139,0.502330,0.943957,1.970090,0.289279,0.082581,0.099072,0.373606,0.122358,0.811394,0.131293,1.958166,0.353583,0.451968,1.932119,0.222006,1.448479,0.189139,0.154990,1.885371,0.096282,0.520334,0.939633,1.890156,0.301020,0.324598,0.460737,1.367577,0.380410,0.000000,0.140347,0.921494,0.403386,0.349155,0.255405,1.759561,1.551627,0.222006,0.403386,1.905443,0.298563,0.358296,1.866144,0.544478,0.313545,0.812494,0.183152,1.979393,0.547290,1.475838,0.195233,0.256539,0.235400,0.746772,1.843411,0.120029,0.353583,0.201997,0.260086,0.058305,0.916084,0.961928,1.847544,0.132122,0.249305,1.966886,0.344385,1.898301,1.993360,0.389669,0.151250,0.167662,0.075652,0.831803,1.617294,0.665978,1.958817,0.347987,0.094162,0.061945,0.058305,0.203834,0.212264,0.487248,0.111442,0.080710
