0.000000,1.095904,1.638596,1.904884,1.935735,1.898589,1.895284,1.217530,1.515350,0.825738,1.878125,1.727996,1.642451,1.091582,1.888762,1.712652,1.641967,0.623186,1.932265,1.871959,1.881073,1.934068,1.901030,1.920121,1.910170,0.453031,1.770388,1.751890,0.592600,1.831894,1.569685,1.888762,1.906060,0.970181,1.867175,1.702169,1.410826,0.310912,1.919616,1.932578,1.718314,1.077258,1.932235,1.883124,1.881661,1.435640,1.745574,1.768790,1.864719,0.718898,0.859504,1.831894,1.745574,0.492649,1.908860,1.920203,0.469934,1.669528,1.923377,1.520740,1.875168,0.675585,1.678249,1.015886,1.900367,1.868074,1.935633,1.553549,0.618695,1.910408,1.770388,1.902292,1.893426,1.872054,1.424531,1.414710,0.743604,1.880529,1.913046,0.749119,1.901466,0.452942,0.677113,1.912665,1.914197,1.922041,1.885241,1.530448,1.260935,1.593512,0.593735,1.945469,1.858525,1.867554,1.872054,1.924626,1.913166,1.720224,1.905626,1.874274
1.095904,0.000000,1.045711,1.426159,1.529919,1.418955,1.403809,0.643369,0.867774,1.444155,1.356704,1.311201,1.254967,1.433756,1.394250,1.094493,1.231274,1.353424,1.483998,1.350001,1.358759,1.496924,1.410454,1.710554,1.432685,1.262761,1.180248,1.172224,1.267290,1.286706,1.835913,1.394250,1.424658,1.533229,1.340374,1.126481,0.723426,1.089798,1.485546,1.513304,1.120112,0.751562,1.543244,1.374191,1.389805,0.818992,1.128325,1.223961,1.350208,1.122820,1.098777,1.286706,1.128325,1.124445,1.430061,1.472426,1.166132,1.017345,1.473019,0.962358,1.397486,1.413110,1.095608,0.824101,1.413564,1.345806,1.484052,0.883692,1.110109,1.434877,1.180248,1.402316,1.400662,1.342850,0.782825,0.872630,1.130933,1.362000,1.449776,1.449609,1.429378,1.167915,1.452642,1.519223,1.434296,1.462192,1.376565,0.964114,1.403859,0.963296,1.316859,1.538900,1.322820,1.339880,1.342850,1.464026,1.425755,1.138036,1.428101,1.355066
1.638596,1.045711,0.000000,0.696124,0.825711,0.683331,0.660839,0.728689,0.520077,1.858961,0.645922,1.048489,0.490654,1.720652,0.623210,0.314179,1.020058,1.852462,0.813782,0.577366,0.609390,0.867178,0.679696,1.181972,0.685105,1.790359,0.281188,0.387870,1.808924,0.432549,1.641373,0.623210,0.662855,1.831819,0.566676,0.382787,0.480064,1.664904,0.774660,0.819327,0.177690,1.018346,0.843472,0.603167,0.601368,0.477121,0.256942,0.315334,0.610599,1.520315,1.277994,0.432549,0.256942,1.726855,0.755763,0.836573,1.627798,0.285597,0.824175,0.407926,0.633787,1.885632,0.376018,1.099868,0.655443,0.618929,0.781552,0.260890,1.646491,0.696439,0.281188,0.671674,0.692385,0.576394,0.409880,0.523657,1.667820,0.602065,0.740432,1.890046,0.748159,1.697054,1.901552,0.784533,0.696780,0.731491,0.616302,0.535770,1.421295,0.139069,1.811970,0.845057,0.554762,0.567620,0.576394,0.748953,0.697416,0.294529,0.685919,0.602506
1.904884,1.426159,0.696124,0.000000,0.240793,0.087209,0.078686,1.236249,0.901081,1.929233,0.280251,0.864261,0.804591,1.766770,0.136803,0.574488,0.948206,1.973119,0.213277,0.218682,0.199368,0.343861,0.178775,0.721244,0.183430,1.971674,0.457488,0.507518,1.939461,0.319573,1.425446,0.136803,0.191888,1.866660,0.227583,0.614459,1.019224,1.901130,0.199756,0.216296,0.567609,1.421872,0.266428,0.195540,0.201036,0.999144,0.505926,0.435575,0.267307,1.770366,1.576613,0.319573,0.505926,1.921137,0.283084,0.317262,1.879307,0.642240,0.265963,0.880880,0.219451,1.975059,0.630058,1.518673,0.205156,0.284550,0.215436,0.839105,1.866654,0.170544,0.457488,0.237069,0.256663,0.221057,0.997118,1.024905,1.842894,0.136959,0.201976,1.963039,0.329442,1.913993,1.985261,0.344025,0.189516,0.177862,0.196487,0.911044,1.582144,0.758529,1.963680,0.314771,0.251840,0.233330,0.221057,0.202322,0.234321,0.572237,0.172605,0.222356
1.935735,1.529919,0.825711,0.240793,0.000000,0.255762,0.290577,1.358354,1.050931,1.899117,0.399200,0.912998,0.827244,1.723752,0.257112,0.709146,1.026482,1.965722,0.257303,0.389578,0.374367,0.356092,0.333152,0.552215,0.281399,1.981252,0.603051,0.625169,1.959668,0.467425,1.302918,0.257112,0.281890,1.808008,0.401099,0.747940,1.159927,1.934495,0.211942,0.187357,0.707750,1.534405,0.183912,0.362136,0.355735,1.112046,0.657322,0.580239,0.393696,1.783460,1.634978,0.467425,0.657322,1.960051,0.357388,0.353634,1.891290,0.804064,0.349910,1.019373,0.392192,1.959399,0.783393,1.564739,0.312388,0.410652,0.249065,0.977615,1.880102,0.296118,0.603051,0.357243,0.362528,0.399173,1.128675,1.133468,1.899779,0.341271,0.276398,1.942004,0.371740,1.948289,1.960558,0.289666,0.282022,0.256900,0.357939,1.048034,1.512756,0.898838,1.960775,0.257473,0.436907,0.411517,0.399173,0.267695,0.328520,0.681825,0.309692,0.405641
1.898589,1.418955,0.683331,0.087209,0.255762,0.000000,0.128299,1.221577,0.891316,1.934385,0.267158,0.865803,0.795402,1.775443,0.139170,0.563041,0.942730,1.972569,0.243171,0.222382,0.188176,0.373548,0.167246,0.744711,0.202190,1.968256,0.446914,0.500148,1.938412,0.316003,1.438172,0.139170,0.203117,1.872222,0.229378,0.592448,1.004675,1.897173,0.163402,0.195637,0.556927,1.403224,0.293491,0.198298,0.207745,0.984639,0.492606,0.430872,0.217310,1.770164,1.563633,0.316003,0.492606,1.915796,0.301245,0.328589,1.876417,0.628896,0.288016,0.854908,0.226674,1.975962,0.621034,1.501526,0.212242,0.245547,0.227134,0.824260,1.868641,0.176726,0.446914,0.254528,0.260600,0.220543,0.983542,1.008322,1.841623,0.158117,0.189118,1.965974,0.307749,1.912408,1.985958,0.352116,0.209385,0.189981,0.203465,0.903347,1.583318,0.745719,1.961888,0.332620,0.245226,0.230269,0.220543,0.207891,0.255778,0.572559,0.173621,0.215511
1.895284,1.403809,0.660839,0.078686,0.290577,0.128299,0.000000,1.207615,0.864770,1.930723,0.282531,0.869971,0.790974,1.770756,0.143710,0.545798,0.946453,1.971379,0.228733,0.187262,0.179028,0.355400,0.172006,0.746458,0.181413,1.966125,0.420652,0.483542,1.933038,0.282492,1.451131,0.143710,0.186553,1.873434,0.195384,0.590221,0.987568,1.890750,0.247626,0.269417,0.529975,1.396514,0.295464,0.168479,0.167312,0.969829,0.470635,0.397104,0.266469,1.763867,1.558930,0.282492,0.470635,1.913050,0.292408,0.339055,1.870652,0.605982,0.273393,0.849189,0.175683,1.975579,0.590752,1.500229,0.192852,0.273700,0.238194,0.805392,1.860071,0.172069,0.420652,0.214661,0.261074,0.188508,0.966151,0.994123,1.827976,0.089526,0.233741,1.963377,0.336525,1.904322,1.987626,0.361022,0.190326,0.190970,0.171364,0.882431,1.583336,0.723975,1.959739,0.330945,0.217308,0.200011,0.188508,0.221306,0.220998,0.536538,0.167436,0.193659
1.217530,0.643369,0.728689,1.236249,1.358354,1.221577,1.207615,0.000000,0.518088,1.580060,1.185331,1.199616,0.989218,1.517840,1.192250,0.781948,1.099254,1.534372,1.322533,1.134928,1.147222,1.346571,1.206820,1.618333,1.238210,1.421425,0.920887,0.871150,1.417864,1.049787,1.792659,1.192250,1.223526,1.624584,1.123139,0.825292,0.345730,1.265497,1.316002,1.350390,0.844810,0.608475,1.377919,1.166968,1.172316,0.462059,0.856068,0.947599,1.160775,1.170143,1.119945,1.049787,0.856068,1.295260,1.278046,1.304043,1.260618,0.737423,1.315842,0.627428,1.176939,1.583322,0.781316,0.781904,1.219037,1.160874,1.308254,0.570358,1.246314,1.241550,0.920887,1.215035,1.224412,1.135627,0.372102,0.439789,1.294662,1.155664,1.271461,1.602058,1.270979,1.297300,1.607493,1.322397,1.238447,1.275575,1.166776,0.695518,1.384565,0.617801,1.469472,1.380158,1.108277,1.130898,1.135627,1.278260,1.247060,0.885313,1.228389,1.148479
1.515350,0.867774,0.520077,0.901081,1.050931,0.891316,0.864770,0.518088,0.000000,1.745720,0.867470,0.968934,0.889267,1.624353,0.866663,0.484913,0.912208,1.744419,0.986895,0.791541,0.801511,1.024642,0.863937,1.367384,0.905871,1.675834,0.623371,0.563374,1.650203,0.724766,1.746474,0.866663,0.884583,1.767449,0.777896,0.494752,0.423294,1.528604,1.007462,1.039848,0.581190,0.805369,1.068399,0.829415,0.831737,0.448255,0.564301,0.632020,0.849937,1.422241,1.316581,0.724766,0.564301,1.550588,0.958221,0.965233,1.541075,0.513499,0.984440,0.475488,0.840717,1.771219,0.481920,1.056131,0.896396,0.839598,0.969534,0.461990,1.499819,0.902602,0.623371,0.883943,0.901764,0.797959,0.415668,0.365098,1.496401,0.806645,0.955433,1.777039,0.952121,1.558235,1.799420,1.012262,0.894774,0.938405,0.823237,0.556404,1.491473,0.421148,1.704065,1.053972,0.769633,0.795850,0.797959,0.938822,0.924010,0.627651,0.890602,0.808447
0.825738,1.444155,1.858961,1.929233,1.899117,1.934385,1.930723,1.580060,1.745720,0.000000,1.933183,1.700101,1.805974,0.513356,1.935590,1.854467,1.701991,0.568933,1.905927,1.936567,1.936285,1.875371,1.935006,1.732409,1.922754,0.631804,1.911993,1.858040,0.714112,1.930205,1.233927,1.935590,1.922758,0.472808,1.936622,1.862951,1.734698,0.804115,1.931355,1.927306,1.898360,1.500893,1.899153,1.940973,1.939094,1.708472,1.899386,1.910222,1.943595,0.875407,1.396526,1.930205,1.899386,0.792389,1.910966,1.898948,0.776866,1.885822,1.912947,1.799997,1.941127,0.481615,1.876510,1.350756,1.926083,1.940561,1.919926,1.815767,0.732449,1.934639,1.911993,1.921319,1.920879,1.940583,1.734354,1.678715,0.901810,1.932184,1.930656,0.254953,1.922545,0.712072,0.445725,1.881707,1.921200,1.927493,1.932466,1.805782,1.129043,1.832762,0.566555,1.899020,1.944344,1.944627,1.940583,1.926088,1.918823,1.870668,1.935629,1.947120
1.878125,1.356704,0.645922,0.280251,0.399200,0.267158,0.282531,1.185331,0.867470,1.933183,0.000000,0.823833,0.791240,1.780468,0.275275,0.567857,0.888252,1.958485,0.332491,0.273234,0.248883,0.440624,0.267826,0.826634,0.289969,1.952848,0.414612,0.528226,1.922285,0.296131,1.506518,0.275275,0.272701,1.889242,0.275326,0.600327,0.953403,1.878155,0.301267,0.328074,0.510946,1.372753,0.458493,0.250689,0.252921,0.965893,0.464273,0.422937,0.215441,1.776260,1.543735,0.296131,0.464273,1.887548,0.228788,0.403256,1.877049,0.571204,0.335315,0.842292,0.310030,1.971246,0.609534,1.475034,0.277978,0.243798,0.313987,0.774445,1.849705,0.266397,0.414612,0.307069,0.174446,0.254091,0.940579,1.007086,1.804831,0.258790,0.202291,1.958721,0.309742,1.898117,1.982423,0.420454,0.290231,0.283325,0.271927,0.872433,1.578473,0.707457,1.949882,0.388199,0.267763,0.257827,0.254091,0.299665,0.302318,0.570471,0.272255,0.254913
1.727996,1.311201,1.048489,0.864261,0.912998,0.865803,0.869971,1.199616,0.968934,1.700101,0.823833,0.000000,1.246943,1.559635,0.878210,0.923797,0.262043,1.769268,0.862097,0.878684,0.848193,0.888081,0.850500,1.164416,0.895014,1.760771,0.923226,0.907028,1.680264,0.882315,1.537741,0.878210,0.889781,1.733342,0.874964,0.924250,1.116549,1.735135,0.902498,0.903393,0.971728,1.300007,0.968178,0.888168,0.859223,1.148902,0.922470,0.945657,0.871839,1.634523,1.641639,0.882315,0.922470,1.653932,0.841186,0.849988,1.774465,0.962282,0.826400,1.126812,0.879900,1.748104,0.891259,1.533527,0.920267,0.886760,0.850124,1.065216,1.647323,0.870764,0.923226,0.891031,0.834200,0.882348,1.133688,1.145669,1.583236,0.856368,0.852591,1.735895,0.921550,1.716536,1.775299,0.858586,0.871100,0.877418,0.879143,1.004773,1.585460,1.035341,1.749852,0.920219,0.881141,0.889804,0.882348,0.846335,0.913042,1.042398,0.868545,0.872164
1.642451,1.254967,0.490654,0.804591,0.827244,0.795402,0.790974,0.989218,0.889267,1.805974,0.791240,1.246943,0.000000,1.656648,0.727651,0.647782,1.248688,1.843496,0.907278,0.755235,0.791376,0.947144,0.828190,1.071692,0.783914,1.783857,0.575065,0.654432,1.848675,0.637026,1.442104,0.727651,0.754774,1.716450,0.753979,0.654822,0.794834,1.692074,0.822555,0.860108,0.539999,1.225021,0.825398,0.756808,0.751210,0.766913,0.597204,0.579671,0.748963,1.487045,1.265416,0.637026,0.597204,1.796236,0.860142,0.949620,1.582199,0.650731,0.938700,0.699024,0.794444,1.851196,0.737675,1.155319,0.750808,0.767891,0.863281,0.620489,1.664087,0.811562,0.575065,0.800441,0.814211,0.756973,0.703067,0.768620,1.759313,0.766269,0.830529,1.845740,0.828518,1.724605,1.846218,0.808741,0.805614,0.820863,0.773940,0.829234,1.230563,0.573022,1.787377,0.862232,0.760426,0.750927,0.756973,0.848492,0.795400,0.489584,0.810361,0.789258
1.091582,1.433756,1.720652,1.766770,1.723752,1.775443,1.770756,1.517840,1.624353,0.513356,1.780468,1.559635,1.656648,0.000000,1.776205,1.688924,1.610706,0.933680,1.745590,1.781577,1.783224,1.713271,1.782774,1.553020,1.753564,1.014570,1.759730,1.680097,1.055194,1.771751,1.062291,1.776205,1.750596,0.552831,1.782730,1.702328,1.646537,1.084555,1.774282,1.771757,1.757808,1.539943,1.730617,1.786924,1.788219,1.586096,1.748036,1.759135,1.795485,0.849329,1.502932,1.771751,1.748036,1.129035,1.751884,1.742379,0.945464,1.761795,1.766557,1.679629,1.803304,0.872942,1.749147,1.303675,1.768911,1.796460,1.754410,1.694457,0.894658,1.776664,1.759730,1.765818,1.760951,1.788673,1.628653,1.542503,1.219606,1.771252,1.776898,0.731299,1.777543,0.998949,0.843546,1.706968,1.751732,1.765030,1.775057,1.720247,1.021529,1.701618,0.889160,1.731622,1.800889,1.797167,1.788673,1.763614,1.761642,1.704886,1.779696,1.806488
1.888762,1.394250,0.623210,0.136803,0.257112,0.139170,0.143710,1.192250,0.866663,1.935590,0.275275,0.878210,0.727651,1.776205,0.000000,0.518829,0.948019,1.971561,0.286417,0.201482,0.202014,0.401205,0.210271,0.756061,0.202375,1.964250,0.386253,0.457718,1.940354,0.251922,1.455104,0.000000,0.197086,1.874451,0.207039,0.561687,0.964787,1.892615,0.232333,0.257364,0.492651,1.386696,0.299561,0.188347,0.172393,0.939774,0.440424,0.373899,0.236817,1.755226,1.551685,0.251922,0.440424,1.917151,0.318825,0.360879,1.862625,0.582192,0.334807,0.830081,0.220946,1.976951,0.575884,1.474720,0.206903,0.255295,0.256428,0.773289,1.858482,0.202021,0.386253,0.246845,0.282781,0.204808,0.938315,0.972844,1.839883,0.151834,0.241253,1.968098,0.327760,1.907929,1.987537,0.352372,0.214823,0.215306,0.197020,0.863454,1.547107,0.693691,1.956213,0.342924,0.230783,0.212634,0.204808,0.234582,0.250208,0.498372,0.201478,0.218317
1.712652,1.094493,0.314179,0.574488,0.709146,0.563041,0.545798,0.781948,0.484913,1.854467,0.567857,0.923797,0.647782,1.688924,0.518829,0.000000,0.935923,1.886275,0.681195,0.460080,0.478027,0.721311,0.549719,1.084214,0.565324,1.834456,0.275114,0.124761,1.827920,0.379766,1.605188,0.518829,0.555520,1.817970,0.448700,0.344760,0.575732,1.728148,0.683712,0.721360,0.295356,1.095118,0.742081,0.500400,0.512579,0.517769,0.211813,0.303143,0.547091,1.566080,1.428562,0.379766,0.211813,1.764470,0.657640,0.682894,1.698736,0.339445,0.706378,0.518342,0.548373,1.909333,0.329843,1.183671,0.555314,0.549691,0.654531,0.410975,1.660196,0.580252,0.275114,0.555513,0.596391,0.471646,0.529252,0.553094,1.710074,0.483554,0.638088,1.900214,0.666670,1.751220,1.920931,0.680224,0.565726,0.612823,0.491522,0.630082,1.461852,0.306828,1.850483,0.744036,0.453142,0.473078,0.471646,0.623389,0.589512,0.329914,0.570587,0.498226
1.641967,1.231274,1.020058,0.948206,1.026482,0.942730,0.946453,1.099254,0.912208,1.701991,0.888252,0.262043,1.248688,1.610706,0.948019,0.935923,0.000000,1.733065,0.968387,0.939299,0.912680,1.010229,0.925795,1.309433,0.986603,1.692272,0.936826,0.944032,1.619172,0.921693,1.635791,0.948019,0.980775,1.767492,0.932409,0.926216,1.028291,1.659335,0.989124,0.996075,0.961336,1.173066,1.072657,0.952728,0.919444,1.096359,0.927388,0.961289,0.923515,1.612954,1.547800,0.921693,0.927388,1.563705,0.932918,0.951658,1.725991,0.926976,0.920065,1.068862,0.929812,1.719079,0.858938,1.474163,0.994709,0.938513,0.955204,1.010716,1.608245,0.953635,0.936826,0.968394,0.910049,0.940638,1.057451,1.090588,1.478789,0.925344,0.933922,1.714800,1.000503,1.635405,1.747259,0.963823,0.966973,0.970986,0.949817,0.923070,1.611562,0.993530,1.707488,1.037912,0.927110,0.942168,0.940638,0.941620,0.997055,1.059314,0.947378,0.923867
0.623186,1.353424,1.852462,1.973119,1.965722,1.972569,1.971379,1.534372,1.744419,0.568933,1.958485,1.769268,1.843496,0.933680,1.971561,1.886275,1.733065,0.000000,1.965670,1.966762,1.966607,1.947581,1.971370,1.855333,1.974722,0.434953,1.925039,1.905566,0.444379,1.954888,1.433997,1.971561,1.973339,0.773687,1.965512,1.877933,1.688871,0.577783,1.970334,1.968819,1.897751,1.377867,1.967801,1.970394,1.970834,1.693590,1.910325,1.927191,1.959493,0.901781,1.227400,1.954888,1.910325,0.544335,1.960367,1.957044,0.653275,1.866521,1.960688,1.782833,1.965054,0.422055,1.868419,1.269096,1.969562,1.956095,1.972317,1.789633,0.701639,1.974286,1.925039,1.963679,1.962440,1.966151,1.706228,1.689644,0.784449,1.967857,1.969355,0.465658,1.956258,0.588327,0.366356,1.957015,1.972046,1.975440,1.969249,1.741467,1.271677,1.822625,0.448753,1.965286,1.961032,1.964924,1.966151,1.971129,1.967247,1.896334,1.973270,1.965335
1.932265,1.483998,0.813782,0.213277,0.257303,0.243171,0.228733,1.322533,0.986895,1.905927,0.332491,0.862097,0.907278,1.745590,0.286417,0.681195,0.968387,1.965670,0.000000,0.308321,0.282942,0.257091,0.230341,0.630884,0.225394,1.975579,0.576544,0.605457,1.937093,0.436846,1.386662,0.286417,0.244301,1.841289,0.318258,0.725188,1.129689,1.918752,0.275669,0.261177,0.684752,1.501573,0.298921,0.284646,0.294038,1.092902,0.625047,0.546194,0.380676,1.810053,1.626993,0.436846,0.625047,1.932118,0.236017,0.291097,1.911751,0.764908,0.158183,0.989677,0.297442,1.963911,0.724362,1.567637,0.243662,0.374060,0.190510,0.959334,1.877486,0.212340,0.576544,0.265344,0.250895,0.317141,1.108553,1.114449,1.851673,0.270815,0.217403,1.942448,0.351523,1.934894,1.974220,0.308117,0.212635,0.185877,0.272093,1.020405,1.593717,0.874068,1.966520,0.261110,0.348063,0.331583,0.317141,0.203825,0.235012,0.699367,0.222174,0.308996
1.871959,1.350001,0.577366,0.218682,0.389578,0.222382,0.187262,1.134928,0.791541,1.936567,0.273234,0.878684,0.755235,1.781577,0.201482,0.460080,0.939299,1.966762,0.308321,0.000000,0.123663,0.392331,0.158182,0.828669,0.157255,1.952689,0.333661,0.410265,1.922047,0.209104,1.508608,0.201482,0.195817,1.888496,0.021739,0.500534,0.912054,1.877632,0.342019,0.368688,0.440138,1.341521,0.407387,0.082995,0.153243,0.894412,0.379338,0.319040,0.272662,1.755000,1.544244,0.209104,0.379338,1.895099,0.311957,0.362215,1.863350,0.526435,0.330000,0.771559,0.187621,1.978688,0.513834,1.448287,0.214032,0.263120,0.264843,0.723473,1.841895,0.169179,0.333661,0.210892,0.270427,0.065715,0.889004,0.919227,1.810179,0.138291,0.285425,1.965718,0.353878,1.893209,1.990475,0.410260,0.171170,0.210173,0.057324,0.824519,1.581143,0.639455,1.954131,0.378615,0.096999,0.086610,0.065715,0.235227,0.231806,0.475276,0.161449,0.114487
1.881073,1.358759,0.609390,0.199368,0.374367,0.188176,0.179028,1.147222,0.801511,1.936285,0.248883,0.848193,0.791376,1.783224,0.202014,0.478027,0.912680,1.966607,0.282942,0.123663,0.000000,0.380431,0.089021,0.827239,0.179806,1.952790,0.365461,0.424324,1.920157,0.238106,1.509187,0.202014,0.177726,1.887934,0.127973,0.520840,0.929680,1.883466,0.310749,0.335268,0.476092,1.346762,0.411580,0.099889,0.149833,0.910536,0.406772,0.350866,0.253625,1.765272,1.562733,0.238106,0.406772,1.890188,0.303821,0.341980,1.872886,0.545082,0.304415,0.787929,0.189391,1.975828,0.524798,1.458901,0.209696,0.265651,0.245921,0.750991,1.842719,0.143477,0.365461,0.206130,0.252855,0.107215,0.910171,0.940670,1.809519,0.137689,0.246383,1.966365,0.357979,1.895783,1.990436,0.399782,0.176422,0.188808,0.114722,0.837091,1.589925,0.665448,1.955320,0.367473,0.109531,0.111746,0.107215,0.213505,0.231294,0.517148,0.127718,0.081138
1.934068,1.496924,0.867178,0.343861,0.356092,0.373548,0.355400,1.346571,1.024642,1.875371,0.440624,0.888081,0.947144,1.713271,0.401205,0.721311,1.010229,1.947581,0.257091,0.392331,0.380431,0.000000,0.333176,0.642851,0.314888,1.960269,0.639809,0.646334,1.919358,0.510901,1.386580,0.401205,0.338207,1.821408,0.402187,0.768447,1.164201,1.916923,0.404383,0.384025,0.742983,1.520481,0.389972,0.381485,0.387599,1.134870,0.682755,0.611736,0.491810,1.811015,1.661610,0.510901,0.682755,1.925062,0.340489,0.296893,1.914680,0.825438,0.300524,1.035539,0.402837,1.945249,0.793704,1.590125,0.319363,0.480551,0.275606,1.002791,1.861012,0.314828,0.639809,0.274110,0.382731,0.407172,1.144433,1.155454,1.833638,0.380679,0.352505,1.912434,0.441202,1.932298,1.955527,0.384315,0.298568,0.287295,0.356857,1.070302,1.582627,0.920197,1.957490,0.296611,0.435996,0.423243,0.407172,0.303205,0.251488,0.763662,0.326140,0.403638
1.901030,1.410454,0.679696,0.178775,0.333152,0.167246,0.172006,1.206820,0.863937,1.935006,0.267826,0.850500,0.828190,1.782774,0.210271,0.549719,0.925795,1.971370,0.230341,0.158182,0.089021,0.333176,0.000000,0.780506,0.148383,1.963004,0.436879,0.489924,1.926977,0.298963,1.478698,0.210271,0.160787,1.882637,0.168275,0.574588,0.997022,1.902336,0.273152,0.288598,0.546434,1.391393,0.363585,0.122223,0.162747,0.977084,0.481049,0.417289,0.270278,1.785641,1.586051,0.298963,0.481049,1.906032,0.281942,0.305332,1.890924,0.617794,0.252279,0.847900,0.185593,1.976225,0.590618,1.501749,0.200006,0.279260,0.186554,0.821293,1.864204,0.093616,0.436879,0.194839,0.246689,0.149965,0.977809,0.998599,1.824041,0.163412,0.216260,1.964098,0.340925,1.913218,1.988843,0.370639,0.143326,0.132938,0.125200,0.895816,1.600693,0.737767,1.962141,0.316438,0.168101,0.158718,0.149965,0.160065,0.209492,0.582114,0.072537,0.121821
1.920121,1.710554,1.181972,0.721244,0.552215,0.744711,0.746458,1.618333,1.367384,1.732409,0.826634,1.164416,1.071692,1.553020,0.756061,1.084214,1.309433,1.855333,0.630884,0.828669,0.827239,0.642851,0.780506,0.000000,0.710100,1.912661,1.013031,0.994343,1.910428,0.900917,1.015156,0.756061,0.716074,1.598902,0.840451,1.136109,1.485454,1.900047,0.677414,0.647315,1.096899,1.748970,0.553055,0.809353,0.804337,1.390777,1.063274,0.972529,0.841502,1.758846,1.697984,0.900917,1.063274,1.957922,0.734844,0.710368,1.837834,1.205225,0.717698,1.357194,0.823615,1.837036,1.166091,1.644365,0.735425,0.835709,0.670865,1.330811,1.829699,0.740016,1.013031,0.763949,0.771010,0.844838,1.445407,1.399152,1.918320,0.794419,0.724003,1.795866,0.726469,1.922156,1.819309,0.612500,0.709694,0.691148,0.793307,1.389617,1.396432,1.254873,1.876065,0.572690,0.882618,0.857986,0.844838,0.704648,0.723463,1.034011,0.756423,0.854316
1.910170,1.432685,0.685105,0.183430,0.281399,0.202190,0.181413,1.238210,0.905871,1.922754,0.289969,0.895014,0.783914,1.753564,0.202375,0.565324,0.986603,1.974722,0.225394,0.157255,0.179806,0.314888,0.148383,0.710100,0.000000,1.972445,0.443007,0.496524,1.944129,0.301067,1.426030,0.202375,0.120230,1.856239,0.175236,0.597808,1.026069,1.914489,0.274097,0.288219,0.552476,1.434825,0.302349,0.132048,0.189087,0.994029,0.495571,0.425358,0.307432,1.771660,1.596479,0.301067,0.495571,1.932111,0.267922,0.317047,1.884464,0.646883,0.279267,0.876140,0.235026,1.977005,0.633953,1.505699,0.190762,0.307844,0.165387,0.836337,1.863073,0.111069,0.443007,0.198623,0.254072,0.166064,0.998310,1.015857,1.852423,0.184309,0.238453,1.959141,0.329197,1.925806,1.985832,0.340102,0.077758,0.112039,0.113340,0.933089,1.560516,0.754803,1.961902,0.257859,0.216048,0.185990,0.166064,0.160920,0.189178,0.553251,0.119350,0.196854
0.453031,1.262761,1.790359,1.971674,1.981252,1.968256,1.966125,1.421425,1.675834,0.631804,1.952848,1.760771,1.783857,1.014570,1.964250,1.834456,1.692272,0.434953,1.975579,1.952689,1.952790,1.960269,1.963004,1.912661,1.972445,0.000000,1.884728,1.863380,0.443709,1.928702,1.501260,1.964250,1.970754,0.831995,1.950281,1.836749,1.593562,0.472361,1.975906,1.979451,1.847110,1.246509,1.978855,1.957529,1.957696,1.612141,1.863806,1.890345,1.950005,0.868182,1.110778,1.928702,1.863806,0.398835,1.967264,1.962164,0.610463,1.808374,1.967821,1.685736,1.952918,0.427795,1.805081,1.197552,1.964415,1.949433,1.980541,1.713303,0.590753,1.969996,1.884728,1.957819,1.961904,1.951217,1.611663,1.606531,0.651455,1.956600,1.969802,0.513392,1.957231,0.417148,0.430184,1.955273,1.972959,1.975597,1.958530,1.672236,1.263474,1.752247,0.410802,1.978155,1.941307,1.947996,1.951217,1.977634,1.964374,1.852360,1.967228,1.948839
1.770388,1.180248,0.281188,0.457488,0.603051,0.446914,0.420652,0.920887,0.623371,1.911993,0.414612,0.923226,0.575065,1.759730,0.386253,0.275114,0.936826,1.925039,0.576544,0.333661,0.365461,0.639809,0.436879,1.013031,0.443007,1.884728,0.000000,0.296155,1.879470,0.176621,1.590556,0.386253,0.427887,1.878075,0.323924,0.361546,0.666137,1.784637,0.544075,0.588074,0.129148,1.169216,0.628825,0.358544,0.353775,0.664673,0.097318,0.165532,0.384391,1.651450,1.417044,0.176621,0.097318,1.819516,0.528266,0.614551,1.761133,0.292906,0.589528,0.558608,0.402917,1.944843,0.354788,1.276701,0.422932,0.394197,0.540574,0.443069,1.752221,0.453968,0.000000,0.431709,0.465327,0.329407,0.630983,0.713368,1.742185,0.358528,0.503463,1.944267,0.526608,1.804723,1.962542,0.575573,0.455860,0.490526,0.372735,0.634852,1.498127,0.357834,1.893683,0.615906,0.315116,0.324116,0.329407,0.509301,0.458836,0.274564,0.443713,0.360768
1.751890,1.172224,0.387870,0.507518,0.625169,0.500148,0.483542,0.871150,0.563374,1.858040,0.528226,0.907028,0.654432,1.680097,0.457718,0.124761,0.944032,1.905566,0.605457,0.410265,0.424324,0.646334,0.489924,0.994343,0.496524,1.863380,0.296155,0.000000,1.856544,0.351535,1.548521,0.457718,0.485780,1.804906,0.401012,0.384337,0.684089,1.764231,0.621406,0.655559,0.348038,1.175708,0.665341,0.449205,0.461117,0.598696,0.265184,0.286748,0.514422,1.588379,1.470359,0.351535,0.265184,1.804969,0.600630,0.611901,1.727742,0.422906,0.644901,0.602132,0.502563,1.923698,0.379777,1.235418,0.495540,0.518952,0.582505,0.520491,1.686173,0.516421,0.296155,0.500583,0.541536,0.429777,0.632356,0.622617,1.757242,0.427067,0.577602,1.909552,0.619393,1.790978,1.931008,0.598437,0.493182,0.542014,0.433754,0.696469,1.451662,0.404489,1.873931,0.668354,0.418260,0.434506,0.429777,0.554178,0.531465,0.349918,0.509062,0.456674
0.592600,1.267290,1.808924,1.939461,1.959668,1.938412,1.933038,1.417864,1.650203,0.714112,1.922285,1.680264,1.848675,1.055194,1.940354,1.827920,1.619172,0.444379,1.937093,1.922047,1.920157,1.919358,1.926977,1.910428,1.944129,0.443709,1.879470,1.856544,0.000000,1.913269,1.550313,1.940354,1.945617,0.913521,1.919259,1.823050,1.590288,0.564362,1.951986,1.952713,1.851022,1.266066,1.956405,1.928868,1.927576,1.643838,1.855287,1.887105,1.922874,0.927880,1.188876,1.913269,1.855287,0.379573,1.927363,1.922752,0.733516,1.790820,1.915811,1.704106,1.916134,0.528762,1.780636,1.305540,1.943004,1.918647,1.945674,1.718437,0.692409,1.937943,1.879470,1.929282,1.928158,1.920189,1.623396,1.625916,0.627517,1.924849,1.940391,0.591614,1.930187,0.540652,0.530318,1.956723,1.941195,1.945528,1.927520,1.660792,1.424080,1.761657,0.544984,1.952600,1.910602,1.918674,1.920189,1.941449,1.936755,1.866005,1.934599,1.916304
1.831894,1.286706,0.432549,0.319573,0.467425,0.316003,0.282492,1.049787,0.724766,1.930205,0.296131,0.882315,0.637026,1.771751,0.251922,0.379766,0.921693,1.954888,0.436846,0.209104,0.238106,0.510901,0.298963,0.900917,0.301067,1.928702,0.176621,0.351535,1.913269,0.000000,1.537053,0.251922,0.284062,1.888087,0.203815,0.429271,0.807195,1.841628,0.411339,0.449833,0.283488,1.270338,0.495300,0.220975,0.193006,0.799120,0.251721,0.193645,0.281525,1.707091,1.478246,0.000000,0.251721,1.869598,0.392375,0.482834,1.818076,0.413170,0.452088,0.677492,0.270375,1.965435,0.434268,1.376607,0.295641,0.300418,0.392192,0.598691,1.808752,0.308084,0.176621,0.300335,0.335565,0.203774,0.776455,0.834771,1.787229,0.225619,0.367187,1.961992,0.418755,1.857530,1.982468,0.459669,0.312968,0.342282,0.240344,0.728832,1.524613,0.511330,1.928437,0.470729,0.203308,0.201197,0.203774,0.362594,0.329100,0.364281,0.299260,0.234863
1.569685,1.835913,1.641373,1.425446,1.302918,1.438172,1.451131,1.792659,1.746474,1.233927,1.506518,1.537741,1.442104,1.062291,1.455104,1.605188,1.635791,1.433997,1.386662,1.508608,1.509187,1.386580,1.478698,1.015156,1.426030,1.501260,1.590556,1.548521,1.550313,1.537053,0.000000,1.455104,1.430350,1.001715,1.516581,1.612886,1.784557,1.576341,1.376881,1.360883,1.627605,1.836205,1.293270,1.490877,1.494715,1.699371,1.616122,1.562413,1.510299,1.367228,1.582339,1.537053,1.616122,1.650200,1.441896,1.441014,1.429771,1.690846,1.427549,1.677251,1.507652,1.358595,1.646975,1.631749,1.449234,1.527648,1.400381,1.716069,1.444883,1.443673,1.590556,1.475335,1.462198,1.518230,1.742168,1.680573,1.731996,1.484519,1.425821,1.329379,1.460798,1.517324,1.305912,1.315653,1.430007,1.413780,1.489132,1.707300,1.198010,1.683009,1.433849,1.340885,1.542319,1.524174,1.518230,1.421503,1.449198,1.556470,1.453810,1.527550
1.888762,1.394250,0.623210,0.136803,0.257112,0.139170,0.143710,1.192250,0.866663,1.935590,0.275275,0.878210,0.727651,1.776205,0.000000,0.518829,0.948019,1.971561,0.286417,0.201482,0.202014,0.401205,0.210271,0.756061,0.202375,1.964250,0.386253,0.457718,1.940354,0.251922,1.455104,0.000000,0.197086,1.874451,0.207039,0.561687,0.964787,1.892615,0.232333,0.257364,0.492651,1.386696,0.299561,0.188347,0.172393,0.939774,0.440424,0.373899,0.236817,1.755226,1.551685,0.251922,0.440424,1.917151,0.318825,0.360879,1.862625,0.582192,0.334807,0.830081,0.220946,1.976951,0.575884,1.474720,0.206903,0.255295,0.256428,0.773289,1.858482,0.202021,0.386253,0.246845,0.282781,0.204808,0.938315,0.972844,1.839883,0.151834,0.241253,1.968098,0.327760,1.907929,1.987537,0.352372,0.214823,0.215306,0.197020,0.863454,1.547107,0.693691,1.956213,0.342924,0.230783,0.212634,0.204808,0.234582,0.250208,0.498372,0.201478,0.218317
1.906060,1.424658,0.662855,0.191888,0.281890,0.203117,0.186553,1.223526,0.884583,1.922758,0.272701,0.889781,0.754774,1.750596,0.197086,0.555520,0.980775,1.973339,0.244301,0.195817,0.177726,0.338207,0.160787,0.716074,0.120230,1.970754,0.427887,0.485780,1.945617,0.284062,1.430350,0.197086,0.000000,1.852714,0.208752,0.575782,1.009026,1.910230,0.270448,0.288403,0.535657,1.417219,0.316155,0.153668,0.185330,0.974377,0.484240,0.406737,0.284859,1.760377,1.587434,0.284062,0.484240,1.930651,0.277187,0.334411,1.874996,0.629657,0.298282,0.853479,0.247710,1.973080,0.623833,1.485041,0.175874,0.295105,0.180322,0.818967,1.856930,0.127398,0.427887,0.208247,0.252562,0.193267,0.978566,0.997770,1.855480,0.180618,0.232789,1.961661,0.323279,1.924398,1.986002,0.328542,0.115583,0.123175,0.164983,0.916059,1.534028,0.734512,1.957935,0.237683,0.232484,0.205299,0.193267,0.174798,0.194081,0.536655,0.137503,0.211114
0.970181,1.533229,1.831819,1.866660,1.808008,1.872222,1.873434,1.624584,1.767449,0.472808,1.889242,1.733342,1.716450,0.552831,1.874451,1.817970,1.767492,0.773687,1.841289,1.888496,1.887934,1.821408,1.882637,1.598902,1.856239,0.831995,1.878075,1.804906,0.913521,1.888087,1.001715,1.874451,1.852714,0.000000,1.890512,1.831863,1.760145,0.970507,1.859196,1.855911,1.874226,1.599107,1.807799,1.887633,1.893606,1.700914,1.870125,1.870731,1.895712,0.829180,1.420260,1.888087,1.870125,1.040636,1.858424,1.847988,0.808032,1.876757,1.865402,1.789823,1.901461,0.688180,1.858679,1.353950,1.869556,1.898099,1.851986,1.812960,0.784848,1.873235,1.878075,1.878016,1.868694,1.894716,1.740213,1.661657,1.230505,1.880271,1.873354,0.607890,1.868062,0.962748,0.590151,1.806324,1.854977,1.859982,1.880560,1.819145,1.015988,1.818784,0.760380,1.820000,1.904019,1.899519,1.894716,1.861502,1.868267,1.815584,1.876759,1.905192
1.867175,1.340374,0.566676,0.227583,0.401099,0.229378,0.195384,1.123139,0.777896,1.936622,0.275326,0.874964,0.753979,1.782730,0.207039,0.448700,0.932409,1.965512,0.318258,0.021739,0.127973,0.402187,0.168275,0.840451,0.175236,1.950281,0.323924,0.401012,1.919259,0.203815,1.516581,0.207039,0.208752,1.890512,0.000000,0.489394,0.899777,1.872880,0.351732,0.379153,0.429639,1.331864,0.420603,0.096455,0.159035,0.882981,0.367934,0.309794,0.273218,1.752513,1.539224,0.203815,0.367934,1.890618,0.318025,0.367149,1.860875,0.514795,0.336750,0.760578,0.191267,1.978114,0.501740,1.441089,0.222689,0.262244,0.277739,0.711941,1.838294,0.182686,0.323924,0.220594,0.274384,0.074128,0.877173,0.907819,1.805548,0.142737,0.293018,1.965406,0.359896,1.889332,1.990124,0.417736,0.186043,0.224361,0.075619,0.814152,1.582450,0.627224,1.953087,0.393621,0.095458,0.091805,0.074128,0.246078,0.242917,0.469612,0.174476,0.118451
1.702169,1.126481,0.382787,0.614459,0.747940,0.592448,0.590221,0.825292,0.494752,1.862951,0.600327,0.924250,0.654822,1.702328,0.561687,0.344760,0.926216,1.877933,0.725188,0.500534,0.520840,0.768447,0.574588,1.136109,0.597808,1.836749,0.361546,0.384337,1.823050,0.429271,1.612886,0.561687,0.575782,1.831863,0.489394,0.000000,0.619460,1.725297,0.694281,0.733760,0.364708,1.069930,0.770499,0.528964,0.539071,0.601582,0.335211,0.393595,0.545966,1.554682,1.395648,0.429271,0.335211,1.759566,0.693077,0.708879,1.689908,0.401787,0.732177,0.458578,0.574485,1.895575,0.401929,1.210813,0.593703,0.547996,0.666907,0.460301,1.677024,0.598099,0.361546,0.597219,0.631583,0.505156,0.572272,0.587017,1.704247,0.531433,0.669289,1.900317,0.670505,1.748099,1.915070,0.715378,0.594388,0.632474,0.531115,0.610963,1.498503,0.385990,1.839071,0.757351,0.489256,0.503683,0.505156,0.636249,0.630902,0.423861,0.589252,0.528591
1.410826,0.723426,0.480064,1.019224,1.159927,1.004675,0.987568,0.345730,0.423294,1.734698,0.953403,1.116549,0.794834,1.646537,0.964787,0.575732,1.028291,1.688871,1.129689,0.912054,0.929680,1.164201,0.997022,1.485454,1.026069,1.593562,0.666137,0.684089,1.590288,0.807195,1.784557,0.964787,1.009026,1.760145,0.899777,0.619460,0.000000,1.443515,1.099683,1.138654,0.584308,0.711117,1.175440,0.940739,0.947135,0.376728,0.600049,0.719052,0.926101,1.346026,1.163401,0.807195,0.600049,1.480758,1.065205,1.121942,1.436885,0.453973,1.120573,0.442127,0.958894,1.732559,0.576553,0.912995,0.997601,0.928724,1.105374,0.269589,1.439284,1.026750,0.666137,0.996701,1.007787,0.905909,0.156480,0.435021,1.430212,0.931114,1.056923,1.751391,1.055338,1.471395,1.757533,1.136271,1.032294,1.065743,0.949908,0.532751,1.440482,0.370075,1.630982,1.179875,0.877778,0.898549,0.905909,1.073126,1.028080,0.642373,1.014242,0.922251
0.310912,1.089798,1.664904,1.901130,1.934495,1.897173,1.890750,1.265497,1.528604,0.804115,1.878155,1.735135,1.692074,1.084555,1.892615,1.728148,1.659335,0.577783,1.918752,1.877632,1.883466,1.916923,1.902336,1.900047,1.914489,0.472361,1.784637,1.764231,0.564362,1.841628,1.576341,1.892615,1.910230,0.970507,1.872880,1.725297,1.443515,0.000000,1.919196,1.928703,1.737978,1.119552,1.933067,1.888466,1.885471,1.464567,1.760300,1.781193,1.868830,0.788711,0.848491,1.841628,1.760300,0.484523,1.899288,1.909575,0.531967,1.693715,1.910805,1.553753,1.877206,0.668373,1.697216,1.056664,1.896365,1.865265,1.935997,1.582623,0.634324,1.913208,1.784637,1.896950,1.888011,1.877775,1.461713,1.453118,0.700074,1.878178,1.909756,0.725443,1.890360,0.459302,0.678869,1.915995,1.917363,1.923707,1.889042,1.559698,1.320873,1.617379,0.609334,1.941345,1.864557,1.874215,1.877775,1.926589,1.907587,1.745397,1.908967,1.877991
1.919616,1.485546,0.774660,0.199756,0.211942,0.163402,0.247626,1.316002,1.007462,1.931355,0.301267,0.902498,0.822555,1.774282,0.232333,0.683712,0.989124,1.970334,0.275669,0.342019,0.310749,0.404383,0.273152,0.677414,0.274097,1.975906,0.544075,0.621406,1.951986,0.411339,1.376881,0.232333,0.270448,1.859196,0.351732,0.694281,1.099683,1.919196,0.000000,0.080434,0.648176,1.469625,0.263336,0.302287,0.303676,1.082193,0.598115,0.538630,0.255935,1.795894,1.581319,0.411339,0.598115,1.935957,0.324714,0.373231,1.892811,0.727401,0.321756,0.939499,0.332059,1.967881,0.732979,1.550137,0.281085,0.299405,0.254303,0.914926,1.890994,0.251854,0.544075,0.331652,0.305941,0.332332,1.079426,1.109659,1.866252,0.289449,0.194991,1.961075,0.299468,1.930336,1.976142,0.342398,0.285999,0.239053,0.318752,0.987309,1.567844,0.848110,1.962227,0.302401,0.362339,0.338578,0.332332,0.257276,0.314192,0.657824,0.259740,0.326932
1.932578,1.513304,0.819327,0.216296,0.187357,0.195637,0.269417,1.350390,1.039848,1.927306,0.328074,0.903393,0.860108,1.771757,0.257364,0.721360,0.996075,1.968819,0.261177,0.368688,0.335268,0.384025,0.288598,0.647315,0.288219,1.979451,0.588074,0.655559,1.952713,0.449833,1.360883,0.257364,0.288403,1.855911,0.379153,0.733760,1.138654,1.928703,0.080434,0.000000,0.691662,1.499085,0.250561,0.329635,0.326318,1.118605,0.641336,0.576998,0.309374,1.812884,1.607211,0.449833,0.641336,1.941445,0.323037,0.348614,1.906587,0.771106,0.308956,0.983710,0.352847,1.965597,0.766183,1.574416,0.302113,0.338586,0.243551,0.958595,1.900952,0.266121,0.588074,0.344320,0.317354,0.362205,1.119373,1.146186,1.871113,0.316407,0.194740,1.956937,0.311992,1.938080,1.972163,0.343110,0.293569,0.244791,0.340872,1.021578,1.575656,0.890310,1.963971,0.287234,0.392536,0.369605,0.362205,0.253571,0.322706,0.700759,0.275458,0.352454
1.718314,1.120112,0.177690,0.567609,0.707750,0.556927,0.529975,0.844810,0.581190,1.898360,0.510946,0.971728,0.539999,1.757808,0.492651,0.295356,0.961336,1.897751,0.684752,0.440138,0.476092,0.742983,0.546434,1.096899,0.552476,1.847110,0.129148,0.348038,1.851022,0.283488,1.627605,0.492651,0.535657,1.874226,0.429639,0.364708,0.584308,1.737978,0.648176,0.691662,0.000000,1.099144,0.727821,0.466227,0.458836,0.596431,0.141580,0.214913,0.480276,1.610324,1.356517,0.283488,0.141580,1.779426,0.624765,0.714095,1.714472,0.252591,0.690281,0.494380,0.499007,1.923276,0.344299,1.213293,0.527609,0.487519,0.649851,0.354262,1.718818,0.563361,0.129148,0.535993,0.563857,0.435946,0.542861,0.649787,1.703386,0.468814,0.608655,1.926421,0.619627,1.760816,1.941842,0.671578,0.566080,0.600203,0.481008,0.574518,1.473854,0.266704,1.861020,0.718128,0.416666,0.427781,0.435946,0.618400,0.563242,0.267933,0.552475,0.464107
1.077258,0.751562,1.018346,1.421872,1.534405,1.403224,1.396514,0.608475,0.805369,1.500893,1.372753,1.300007,1.225021,1.539943,1.386696,1.095118,1.173066,1.377867,1.501573,1.341521,1.346762,1.520481,1.391393,1.748970,1.434825,1.246509,1.169216,1.175708,1.266066,1.270338,1.836205,1.386696,1.417219,1.599107,1.331864,1.069930,0.711117,1.119552,1.469625,1.499085,1.099144,0.000000,1.531076,1.361439,1.365213,0.838402,1.122926,1.198902,1.337006,1.160024,1.026512,1.270338,1.122926,1.118854,1.461286,1.476863,1.170895,1.023154,1.481641,0.854477,1.363532,1.415591,1.027959,0.941321,1.410601,1.342017,1.477702,0.875040,1.219120,1.417386,1.169216,1.401021,1.420812,1.335135,0.759052,0.800521,1.088717,1.351926,1.454325,1.475818,1.431401,1.136273,1.461986,1.488766,1.432938,1.448892,1.369362,0.777891,1.368682,0.942059,1.303426,1.529226,1.306985,1.326472,1.335135,1.458413,1.431308,1.156309,1.407083,1.335400
1.932235,1.543244,0.843472,0.266428,0.183912,0.293491,0.295464,1.377919,1.068399,1.899153,0.458493,0.968178,0.825398,1.730617,0.299561,0.742081,1.072657,1.967801,0.298921,0.407387,0.411580,0.389972,0.363585,0.553055,0.302349,1.978855,0.628825,0.665341,1.956405,0.495300,1.293270,0.299561,0.316155,1.807799,0.420603,0.770499,1.175440,1.933067,0.263336,0.250561,0.727821,1.531076,0.000000,0.380512,0.378694,1.134196,0.683352,0.603306,0.435600,1.775257,1.612760,0.495300,0.683352,1.963593,0.397618,0.413309,1.879367,0.824711,0.368430,1.021806,0.394996,1.959237,0.799104,1.591359,0.338739,0.445987,0.289657,0.990904,1.892323,0.319375,0.628825,0.373049,0.412001,0.415937,1.142717,1.144329,1.888826,0.351879,0.346510,1.936519,0.415313,1.941019,1.956964,0.344960,0.318036,0.286451,0.376519,1.058334,1.531213,0.918483,1.958993,0.276538,0.455210,0.427032,0.415937,0.314144,0.344105,0.684084,0.331964,0.426304
1.883124,1.374191,0.603167,0.195540,0.362136,0.198298,0.168479,1.166968,0.829415,1.940973,0.250689,0.888168,0.756808,1.786924,0.188347,0.500400,0.952728,1.970394,0.284646,0.082995,0.099889,0.381485,0.122223,0.809353,0.132048,1.957529,0.358544,0.449205,1.928868,0.220975,1.490877,0.188347,0.153668,1.887633,0.096455,0.528964,0.940739,1.888466,0.302287,0.329635,0.466227,1.361439,0.380512,0.000000,0.134786,0.924832,0.410221,0.346301,0.256635,1.764111,1.548345,0.220975,0.410221,1.904418,0.289675,0.360933,1.870198,0.549190,0.305460,0.790064,0.180460,1.979388,0.541851,1.467140,0.189204,0.265012,0.238659,0.750613,1.850740,0.117796,0.358544,0.196875,0.249316,0.058308,0.918098,0.955929,1.819865,0.131654,0.247834,1.969750,0.346791,1.900826,1.992917,0.390373,0.152819,0.165802,0.076025,0.843539,1.581044,0.670103,1.957048,0.341838,0.094230,0.062815,0.058308,0.211441,0.208864,0.494154,0.108266,0.082080
