0.000000,1.020867,1.653236,1.878993,1.898208,1.869033,1.871703,1.194462,1.417162,0.854059,1.854911,1.590154,1.721445,1.153237,1.857373,1.688979,1.462552,0.622399,1.897611,1.844593,1.853936,1.887550,1.872667,1.893762,1.885104,0.562502,1.753915,1.721092,0.635107,1.817593,1.594141,1.857373,1.867668,0.972699,1.840305,1.610190,1.405564,0.313955,1.896637,1.909357,1.718146,1.037617,1.920836,1.858468,1.864409,1.418909,1.719990,1.768032,1.835387,0.642700,0.852160,1.817593,1.719990,0.535082,1.886382,1.910282,0.460135,1.654757,1.890508,1.464150,1.856945,0.669091,1.670707,0.899697,1.850435,1.835956,1.905979,1.543420,0.771040,1.882663,1.753915,1.851120,1.868699,1.846445,1.457767,1.348654,0.742740,1.854727,1.891950,0.746691,1.879387,0.558942,0.673637,1.867127,1.885074,1.894590,1.856305,1.503307,1.157932,1.607131,0.592487,1.902748,1.832415,1.842648,1.846445,1.901937,1.863314,1.761473,1.877844,1.849367
1.020867,0.000000,1.132409,1.425502,1.529787,1.411018,1.402386,0.624114,0.872176,1.465675,1.376244,1.226329,1.381886,1.486706,1.403366,1.140944,1.127981,1.322636,1.465358,1.360857,1.367867,1.489529,1.406508,1.723872,1.443809,1.233837,1.217624,1.207929,1.206467,1.309594,1.856755,1.403366,1.417189,1.537643,1.353017,1.149613,0.759264,1.031353,1.476053,1.503972,1.179253,0.882905,1.554131,1.380857,1.395377,0.927877,1.162733,1.278531,1.339963,1.118830,1.116264,1.309594,1.162733,1.064495,1.448189,1.522686,1.172605,1.041319,1.440568,0.996574,1.388613,1.385118,1.113389,0.769813,1.385367,1.339437,1.489020,0.944226,1.142314,1.431805,1.217624,1.379520,1.403273,1.353518,0.870046,0.891120,1.098986,1.363646,1.444796,1.421574,1.435196,1.199692,1.392248,1.484786,1.447125,1.463625,1.383906,1.007578,1.382755,1.047408,1.278478,1.500404,1.330045,1.347881,1.353518,1.477938,1.417387,1.272092,1.419044,1.358098
1.653236,1.132409,0.000000,0.650539,0.771772,0.644387,0.614094,0.818535,0.668132,1.832240,0.675031,1.268007,0.486415,1.624174,0.571634,0.320258,1.328783,1.867420,0.763742,0.562095,0.574467,0.758238,0.624503,1.142333,0.639406,1.801151,0.261246,0.382159,1.830518,0.404288,1.620013,0.571634,0.569964,1.802563,0.556324,0.557923,0.535880,1.621442,0.730735,0.773119,0.177177,1.173664,0.769182,0.562774,0.560037,0.477824,0.246802,0.280740,0.590852,1.583654,1.328864,0.404288,0.246802,1.767236,0.784987,0.848731,1.683411,0.399544,0.770168,0.522159,0.600653,1.884303,0.340701,1.178195,0.576132,0.585142,0.743839,0.302293,1.658075,0.629917,0.261246,0.608400,0.721397,0.552333,0.387261,0.601551,1.694091,0.566045,0.732690,1.869490,0.732063,1.740841,1.894459,0.763330,0.664690,0.665129,0.587751,0.763910,1.365067,0.132973,1.824454,0.699706,0.535676,0.541140,0.552333,0.715484,0.626032,0.361064,0.614138,0.573222
1.878993,1.425502,0.650539,0.000000,0.272428,0.079005,0.090115,1.204560,0.956846,1.898431,0.321771,1.069201,0.761171,1.659343,0.148169,0.534103,1.218387,1.964601,0.218414,0.233668,0.177770,0.289651,0.162785,0.702940,0.184746,1.955401,0.434748,0.470831,1.950468,0.295355,1.455774,0.148169,0.222917,1.853980,0.241310,0.752040,0.985308,1.841958,0.174769,0.196033,0.517676,1.460486,0.297806,0.191079,0.190109,0.928649,0.491344,0.415675,0.300120,1.801186,1.583097,0.295355,0.491344,1.916957,0.331089,0.289631,1.912060,0.619050,0.275610,0.959741,0.241056,1.983186,0.585213,1.521816,0.229967,0.315985,0.220461,0.820781,1.792401,0.163188,0.434748,0.246052,0.306741,0.223287,0.928252,1.042901,1.849079,0.153192,0.220188,1.953884,0.339755,1.923202,1.980379,0.313741,0.194535,0.169178,0.206814,0.931670,1.536022,0.701763,1.964105,0.296130,0.241884,0.229622,0.223287,0.206152,0.252670,0.440041,0.166605,0.211005
1.898208,1.529787,0.771772,0.272428,0.000000,0.294309,0.326070,1.326929,1.094904,1.835147,0.507557,1.150994,0.748417,1.560811,0.261651,0.674680,1.324562,1.946195,0.346256,0.438806,0.397682,0.312677,0.368709,0.535043,0.322664,1.962510,0.597332,0.587091,1.960574,0.467489,1.299120,0.261651,0.338477,1.765797,0.450038,0.894113,1.137581,1.866748,0.247760,0.212363,0.665496,1.542233,0.239363,0.400363,0.382142,1.039367,0.663949,0.549230,0.495810,1.789785,1.619914,0.467489,0.663949,1.956645,0.478463,0.357556,1.905923,0.808034,0.438004,1.094995,0.442212,1.958213,0.738849,1.567193,0.384329,0.509108,0.290261,0.972642,1.774970,0.343143,0.597332,0.401962,0.486835,0.440869,1.057956,1.134952,1.899798,0.383429,0.372746,1.913204,0.455715,1.936711,1.949094,0.348778,0.317270,0.304815,0.402626,1.067028,1.472928,0.838615,1.956472,0.334755,0.471775,0.451204,0.440869,0.295986,0.372987,0.537957,0.356351,0.441540
1.869033,1.411018,0.644387,0.079005,0.294309,0.000000,0.133561,1.188742,0.944865,1.900844,0.306548,1.071017,0.768586,1.667069,0.167083,0.521264,1.215950,1.962246,0.222155,0.238158,0.180404,0.306345,0.166659,0.727922,0.207955,1.951380,0.429656,0.458819,1.946571,0.295211,1.469845,0.167083,0.245882,1.857695,0.244033,0.747009,0.972396,1.834051,0.156978,0.196427,0.511531,1.452686,0.329967,0.204165,0.198657,0.916494,0.483051,0.412743,0.277022,1.803053,1.576649,0.295211,0.483051,1.909414,0.333023,0.304024,1.910427,0.610782,0.272616,0.951026,0.242290,1.981518,0.579697,1.506377,0.238214,0.308665,0.237110,0.811512,1.794475,0.178550,0.429656,0.250890,0.293027,0.231653,0.916480,1.029991,1.845433,0.173359,0.204859,1.955260,0.350746,1.920090,1.977664,0.328197,0.215934,0.188797,0.213738,0.921894,1.534422,0.691596,1.962141,0.315770,0.241583,0.236075,0.231653,0.226611,0.265606,0.448894,0.180967,0.212805
1.871703,1.402386,0.614094,0.090115,0.326070,0.133561,0.000000,1.180440,0.932749,1.904844,0.318384,1.070112,0.740164,1.671844,0.157819,0.509870,1.211413,1.966117,0.236641,0.206635,0.151953,0.315805,0.147989,0.740644,0.184479,1.949633,0.394720,0.457573,1.944499,0.255831,1.483629,0.157819,0.207282,1.864154,0.213441,0.723351,0.949628,1.832952,0.229181,0.254979,0.478086,1.433807,0.316528,0.157725,0.148666,0.901883,0.450509,0.382318,0.280436,1.797127,1.565763,0.255831,0.450509,1.908648,0.343458,0.322108,1.906128,0.578501,0.280912,0.924809,0.196170,1.984510,0.548716,1.509383,0.218255,0.287775,0.247454,0.779229,1.793929,0.150755,0.394720,0.237579,0.311725,0.187087,0.893768,1.020287,1.833271,0.103370,0.246584,1.956150,0.339357,1.914574,1.984297,0.332134,0.201936,0.172923,0.186917,0.903274,1.535101,0.665331,1.960584,0.298164,0.203310,0.190321,0.187087,0.228448,0.247280,0.409290,0.147263,0.175650
1.194462,0.624114,0.818535,1.204560,1.326929,1.188742,1.180440,0.000000,0.447143,1.568653,1.168099,1.177151,1.139607,1.480430,1.165100,0.808914,1.127301,1.526651,1.259950,1.102819,1.133920,1.270467,1.179727,1.575567,1.206491,1.437399,0.936946,0.886858,1.453262,1.054856,1.837670,1.165100,1.176689,1.611685,1.092671,0.793506,0.376567,1.184560,1.288852,1.323275,0.892329,0.796150,1.359784,1.140590,1.171302,0.544312,0.865453,0.983900,1.125187,1.178051,1.129300,1.054856,0.865453,1.306652,1.246538,1.333993,1.297710,0.728765,1.243679,0.614565,1.177672,1.572868,0.785659,0.756304,1.143931,1.113379,1.273764,0.621031,1.312030,1.201902,0.936946,1.149862,1.192653,1.108183,0.503562,0.423510,1.293976,1.127295,1.247174,1.573461,1.230563,1.373871,1.582901,1.268954,1.209953,1.237768,1.131965,0.796218,1.283493,0.713206,1.455542,1.283615,1.083974,1.105318,1.108183,1.258312,1.185762,1.010376,1.188016,1.127471
1.417162,0.872176,0.668132,0.956846,1.094904,0.944865,0.932749,0.447143,0.000000,1.704717,0.928023,1.087821,1.019476,1.552551,0.917738,0.597794,1.087589,1.702895,1.008503,0.835653,0.875108,0.995793,0.920779,1.376053,0.943164,1.622528,0.725771,0.662880,1.640296,0.826539,1.779730,0.917738,0.919033,1.710856,0.826796,0.472632,0.421538,1.382710,1.055290,1.089081,0.698976,0.851038,1.139325,0.878753,0.931931,0.472589,0.658217,0.765485,0.887604,1.358393,1.206269,0.826539,0.658217,1.518530,0.989536,1.095337,1.492591,0.533584,0.990677,0.459652,0.933467,1.735089,0.595575,0.941314,0.871199,0.863049,1.018216,0.540546,1.497122,0.943427,0.725771,0.869633,0.943326,0.843469,0.510529,0.395054,1.478857,0.879725,1.010152,1.730503,0.976699,1.567543,1.753369,1.001201,0.945256,0.979821,0.864608,0.608995,1.298456,0.585547,1.639627,1.024829,0.821854,0.842536,0.843469,1.002784,0.907453,0.807783,0.930546,0.868050
0.854059,1.465675,1.832240,1.898431,1.835147,1.900844,1.904844,1.568653,1.704717,0.000000,1.925867,1.599859,1.770189,0.615709,1.883804,1.840247,1.564966,0.638036,1.893605,1.906634,1.914495,1.866372,1.913164,1.685660,1.893261,0.699198,1.885247,1.836146,0.779329,1.902720,1.170069,1.883804,1.888444,0.501754,1.907423,1.826905,1.736402,0.939845,1.895229,1.884799,1.870233,1.416040,1.867366,1.913548,1.914205,1.716599,1.880040,1.873351,1.918827,0.791240,1.328186,1.902720,1.880040,0.878065,1.907622,1.896310,0.709445,1.865274,1.911738,1.736134,1.919338,0.625309,1.814803,1.289365,1.902006,1.913318,1.880715,1.807566,0.826751,1.907672,1.885247,1.899836,1.920640,1.913592,1.743472,1.634979,0.888803,1.909400,1.909374,0.298166,1.894777,0.678258,0.559227,1.846666,1.885894,1.898745,1.902487,1.749094,1.143792,1.819517,0.670566,1.875572,1.919278,1.918546,1.913592,1.887677,1.896040,1.869646,1.910983,1.923937
1.854911,1.376244,0.675031,0.321771,0.507557,0.306548,0.318384,1.168099,0.928023,1.925867,0.000000,1.048396,0.850877,1.720446,0.375265,0.562036,1.166511,1.963277,0.330207,0.292348,0.273178,0.387238,0.280509,0.836327,0.328968,1.935550,0.453171,0.536233,1.932308,0.348324,1.555814,0.375265,0.366006,1.901378,0.290514,0.728760,0.937107,1.829198,0.337155,0.380930,0.530084,1.399769,0.502724,0.284935,0.291721,0.941411,0.489092,0.484464,0.213667,1.816649,1.579656,0.348324,0.489092,1.868938,0.215902,0.393243,1.909733,0.561994,0.290489,0.939024,0.323557,1.967525,0.623294,1.519455,0.305744,0.252983,0.358270,0.784712,1.807485,0.289531,0.453171,0.291416,0.167136,0.290530,0.917859,1.051065,1.804799,0.284087,0.265585,1.961926,0.281060,1.904180,1.972865,0.445162,0.337051,0.314955,0.298236,0.863384,1.560579,0.711311,1.937856,0.406332,0.282697,0.283633,0.290530,0.350597,0.318298,0.534914,0.286927,0.263186
1.590154,1.226329,1.268007,1.069201,1.150994,1.071017,1.070112,1.177151,1.087821,1.599859,1.048396,0.000000,1.457106,1.471092,1.120321,1.152139,0.293631,1.636360,1.018181,1.063883,1.083278,1.084438,1.082539,1.200336,1.088306,1.605501,1.164057,1.155879,1.568804,1.133737,1.579242,1.120321,1.133090,1.608912,1.061302,1.138524,1.181098,1.555664,1.098835,1.103953,1.195873,1.321525,1.191674,1.086768,1.113555,1.259757,1.153427,1.198848,1.046861,1.497348,1.558275,1.133737,1.153427,1.472982,1.016614,1.079686,1.644108,1.063619,1.025396,1.282195,1.092643,1.669495,1.088587,1.462380,1.091924,1.049892,1.087367,1.224492,1.473244,1.092466,1.164057,1.069838,1.022233,1.064704,1.264987,1.280808,1.465937,1.065746,1.061048,1.638146,1.069727,1.590054,1.650862,0.998921,1.077830,1.105958,1.066193,1.067587,1.592875,1.237598,1.615748,1.157760,1.066562,1.074505,1.064704,1.088494,1.086117,1.232151,1.090804,1.074570
1.721445,1.381886,0.486415,0.761171,0.748417,0.768586,0.740164,1.139607,1.019476,1.770189,0.850877,1.457106,0.000000,1.545503,0.668880,0.667512,1.538712,1.852818,0.872056,0.748267,0.741995,0.807627,0.757734,1.024142,0.733920,1.799082,0.567938,0.661743,1.857660,0.602665,1.376711,0.668880,0.656169,1.697592,0.751980,0.827601,0.906572,1.691029,0.785074,0.807726,0.535986,1.330287,0.727070,0.715398,0.682017,0.809851,0.612353,0.521317,0.774477,1.605496,1.375144,0.602665,0.612353,1.847562,0.918654,0.929123,1.675316,0.776262,0.911860,0.835323,0.730276,1.846293,0.688892,1.308814,0.710404,0.772729,0.804425,0.696998,1.669729,0.734584,0.567938,0.746049,0.888346,0.736842,0.742245,0.886441,1.775813,0.740439,0.854474,1.824728,0.844619,1.756327,1.855044,0.823981,0.758935,0.738859,0.749729,1.032172,1.289458,0.584990,1.816474,0.711060,0.745064,0.729095,0.736842,0.782378,0.726360,0.533658,0.728310,0.753351
1.153237,1.486706,1.624174,1.659343,1.560811,1.667069,1.671844,1.480430,1.552551,0.615709,1.720446,1.471092,1.545503,0.000000,1.631234,1.613540,1.522849,1.083820,1.673768,1.681221,1.693748,1.616207,1.691967,1.430047,1.650826,1.129780,1.660804,1.594921,1.209864,1.672218,1.004833,1.631234,1.642160,0.701592,1.683738,1.636991,1.605046,1.221866,1.660460,1.646671,1.650459,1.391789,1.620098,1.690680,1.689514,1.553544,1.664635,1.649638,1.704534,0.874134,1.397010,1.672218,1.664635,1.278041,1.701282,1.676895,1.016284,1.677244,1.714804,1.593167,1.710666,1.086533,1.592179,1.310823,1.667063,1.695775,1.631567,1.634988,0.967518,1.680274,1.660804,1.666206,1.722291,1.693949,1.585819,1.475765,1.272995,1.679497,1.699120,0.862935,1.665955,1.078692,1.027572,1.579714,1.639703,1.665139,1.673610,1.593641,1.030233,1.623989,1.094993,1.634751,1.710025,1.704145,1.693949,1.639952,1.656572,1.629090,1.686226,1.716490
1.857373,1.403366,0.571634,0.148169,0.261651,0.167083,0.157819,1.165100,0.917738,1.883804,0.375265,1.120321,0.668880,1.631234,0.000000,0.478171,1.263775,1.959861,0.309770,0.252499,0.213291,0.318969,0.222263,0.730132,0.216544,1.947475,0.371421,0.414439,1.949334,0.246743,1.455324,0.000000,0.199808,1.836976,0.259735,0.709287,0.937431,1.821020,0.235474,0.257697,0.445923,1.421026,0.309317,0.211420,0.206093,0.865976,0.435139,0.348027,0.319266,1.773169,1.545722,0.246743,0.435139,1.916812,0.410368,0.380407,1.886046,0.582492,0.365620,0.909130,0.282226,1.978005,0.531159,1.483094,0.224533,0.322152,0.283379,0.760550,1.785209,0.210023,0.371421,0.253224,0.380633,0.243383,0.863938,0.979755,1.846707,0.181750,0.307289,1.944907,0.360835,1.908374,1.976861,0.340381,0.232504,0.216764,0.234907,0.898609,1.475120,0.631838,1.954505,0.301357,0.261500,0.246089,0.243383,0.265484,0.252998,0.349133,0.209811,0.247440
1.688979,1.140944,0.320258,0.534103,0.674680,0.521264,0.509870,0.808914,0.597794,1.840247,0.562036,1.152139,0.667512,1.613540,0.478171,0.000000,1.242370,1.890891,0.633570,0.428588,0.446011,0.626446,0.500153,1.050979,0.519950,1.843722,0.261969,0.123745,1.854615,0.362036,1.625596,0.478171,0.479948,1.804850,0.420677,0.540708,0.582382,1.667985,0.636299,0.676859,0.283752,1.213131,0.700929,0.454467,0.496392,0.525884,0.211790,0.300084,0.508233,1.617232,1.432428,0.362036,0.211790,1.785471,0.659789,0.716636,1.740599,0.355744,0.637734,0.585055,0.542358,1.908459,0.327971,1.213740,0.468515,0.503576,0.613763,0.429524,1.657827,0.519883,0.261969,0.491263,0.594973,0.432770,0.502510,0.611464,1.728810,0.454513,0.612230,1.887919,0.627733,1.793644,1.915099,0.671801,0.532274,0.556749,0.452260,0.758163,1.401723,0.307237,1.850178,0.620821,0.416502,0.431087,0.432770,0.589825,0.521893,0.375748,0.503418,0.459969
1.462552,1.127981,1.328783,1.218387,1.324562,1.215950,1.211413,1.127301,1.087589,1.564966,1.166511,0.293631,1.538712,1.522849,1.263775,1.242370,0.000000,1.536032,1.174148,1.189071,1.212556,1.243086,1.217996,1.379864,1.235803,1.476605,1.254820,1.265185,1.445887,1.248697,1.672606,1.263775,1.274772,1.606558,1.184337,1.178399,1.164024,1.419360,1.251143,1.262987,1.273561,1.210871,1.348689,1.213958,1.240929,1.272563,1.232827,1.295504,1.159654,1.439730,1.458140,1.248697,1.232827,1.310527,1.153493,1.238890,1.542788,1.116299,1.164927,1.284201,1.209877,1.576532,1.167554,1.390890,1.223827,1.159876,1.247130,1.244464,1.426550,1.231198,1.254820,1.202981,1.149884,1.188309,1.274499,1.287679,1.308470,1.199886,1.202349,1.565902,1.199411,1.459890,1.564927,1.155215,1.229510,1.251568,1.198530,1.056316,1.594996,1.285949,1.503285,1.304633,1.180259,1.192704,1.188309,1.244571,1.223739,1.337619,1.227020,1.192583
0.622399,1.322636,1.867420,1.964601,1.946195,1.962246,1.966117,1.526651,1.702895,0.638036,1.963277,1.636360,1.852818,1.083820,1.959861,1.890891,1.536032,0.000000,1.961237,1.962672,1.963577,1.957340,1.967510,1.869547,1.971867,0.495033,1.928417,1.905339,0.397319,1.955230,1.416097,1.959861,1.968988,0.801330,1.961385,1.843578,1.695497,0.708260,1.965634,1.960680,1.909335,1.365774,1.960507,1.968822,1.968966,1.724870,1.912004,1.929967,1.962591,0.817184,1.193422,1.955230,1.912004,0.542041,1.955477,1.956047,0.595706,1.867941,1.955857,1.743968,1.965178,0.380571,1.872649,1.252067,1.964952,1.960650,1.964678,1.798693,0.786966,1.972328,1.928417,1.961848,1.956567,1.963525,1.729992,1.657780,0.774715,1.963553,1.959959,0.454771,1.962896,0.597025,0.308956,1.952237,1.967404,1.973160,1.964789,1.760771,1.318565,1.839517,0.435714,1.972072,1.958800,1.963325,1.963525,1.966443,1.967026,1.923155,1.971811,1.963032
1.897611,1.465358,0.763742,0.218414,0.346256,0.222155,0.236641,1.259950,1.008503,1.893605,0.330207,1.018181,0.872056,1.673768,0.309770,0.633570,1.174148,1.961237,0.000000,0.285132,0.274446,0.265864,0.236501,0.675933,0.233510,1.960932,0.552297,0.572847,1.942238,0.409506,1.459730,0.309770,0.320548,1.848895,0.292942,0.816321,1.062117,1.863880,0.257846,0.257047,0.632465,1.483627,0.361480,0.279809,0.290300,1.021054,0.601971,0.527981,0.365639,1.824492,1.631471,0.409506,0.601971,1.907309,0.269607,0.249256,1.928742,0.698422,0.150901,1.034179,0.316003,1.972876,0.684226,1.562984,0.301102,0.380467,0.222598,0.915507,1.808940,0.230513,0.552297,0.289990,0.262539,0.298639,1.021645,1.116936,1.843683,0.266817,0.221159,1.946429,0.361407,1.933024,1.972338,0.335669,0.221016,0.221042,0.254741,0.958923,1.567236,0.807085,1.956771,0.325201,0.319560,0.311338,0.298639,0.228915,0.293859,0.585456,0.242739,0.289485
1.844593,1.360857,0.562095,0.233668,0.438806,0.238158,0.206635,1.102819,0.835653,1.906634,0.292348,1.063883,0.748267,1.681221,0.252499,0.428588,1.189071,1.962672,0.285132,0.000000,0.159376,0.346071,0.179805,0.820696,0.158281,1.937458,0.342359,0.390987,1.937429,0.233177,1.542135,0.252499,0.224843,1.872379,0.019183,0.629166,0.871006,1.808709,0.348838,0.378697,0.426110,1.363447,0.431594,0.112749,0.208541,0.833569,0.382238,0.345256,0.284034,1.772086,1.540949,0.233177,0.382238,1.884236,0.331938,0.392625,1.880100,0.496270,0.293810,0.838320,0.265431,1.976376,0.488931,1.444530,0.208564,0.269302,0.272344,0.706130,1.792904,0.174754,0.342359,0.210396,0.291660,0.093880,0.825098,0.942649,1.809268,0.166678,0.302111,1.953982,0.333432,1.899423,1.982330,0.394256,0.173884,0.214175,0.053292,0.819873,1.510352,0.603519,1.938568,0.328045,0.124493,0.114723,0.093880,0.247119,0.240583,0.415077,0.168952,0.153080
1.853936,1.367867,0.574467,0.177770,0.397682,0.180404,0.151953,1.133920,0.875108,1.914495,0.273178,1.083278,0.741995,1.693748,0.213291,0.446011,1.212556,1.963577,0.274446,0.159376,0.000000,0.330347,0.076399,0.796958,0.184858,1.940032,0.346236,0.401438,1.937545,0.223554,1.526469,0.213291,0.180153,1.880205,0.164475,0.683600,0.895962,1.818828,0.283996,0.314830,0.435778,1.406496,0.393250,0.097282,0.165367,0.861428,0.390749,0.348463,0.261130,1.794745,1.555999,0.223554,0.390749,1.891526,0.313440,0.363116,1.899670,0.527689,0.269678,0.865078,0.236185,1.977430,0.523760,1.478667,0.192352,0.268989,0.267252,0.725775,1.790280,0.120100,0.346236,0.200802,0.267158,0.116477,0.843926,0.974574,1.816364,0.128020,0.243952,1.959732,0.339824,1.905836,1.983839,0.399744,0.205617,0.169949,0.146221,0.876455,1.544934,0.617223,1.949621,0.293425,0.111275,0.107787,0.116477,0.244391,0.234487,0.407491,0.099613,0.073236
1.887550,1.489529,0.758238,0.289651,0.312677,0.306345,0.315805,1.270467,0.995793,1.866372,0.387238,1.084438,0.807627,1.616207,0.318969,0.626446,1.243086,1.957340,0.265864,0.346071,0.330347,0.000000,0.296871,0.625334,0.261590,1.954938,0.560492,0.554350,1.954464,0.435525,1.394212,0.318969,0.307176,1.806465,0.356645,0.787960,1.080586,1.854698,0.320538,0.314535,0.635052,1.451531,0.362017,0.329924,0.348503,1.007859,0.613362,0.528988,0.430894,1.789150,1.600801,0.435525,0.613362,1.929046,0.333406,0.347880,1.902047,0.724040,0.326706,1.007011,0.391665,1.963073,0.716248,1.535057,0.260276,0.438481,0.250072,0.926106,1.789184,0.275106,0.560492,0.234171,0.353165,0.360056,1.031058,1.090645,1.867768,0.340433,0.333392,1.929727,0.369988,1.932402,1.961992,0.318213,0.244728,0.246788,0.313650,0.964514,1.488620,0.815310,1.946945,0.267183,0.388327,0.371476,0.360056,0.262052,0.196063,0.573158,0.290639,0.362173
1.872667,1.406508,0.624503,0.162785,0.368709,0.166659,0.147989,1.179727,0.920779,1.913164,0.280509,1.082539,0.757734,1.691967,0.222263,0.500153,1.217996,1.967510,0.236501,0.179805,0.076399,0.296871,0.000000,0.758632,0.160319,1.947634,0.400807,0.450823,1.944339,0.268213,1.497395,0.222263,0.170813,1.876396,0.188374,0.715774,0.948898,1.837238,0.254846,0.278031,0.487952,1.435504,0.353077,0.120484,0.170900,0.910250,0.449227,0.392484,0.278143,1.810990,1.574469,0.268213,0.449227,1.904248,0.294903,0.327024,1.913342,0.583183,0.242295,0.907666,0.234633,1.979137,0.571427,1.506569,0.202638,0.289466,0.220833,0.780205,1.803209,0.079157,0.400807,0.204275,0.261411,0.152249,0.896961,1.020126,1.829201,0.154332,0.220632,1.959769,0.331022,1.916497,1.984856,0.372161,0.175679,0.120870,0.152093,0.912622,1.557563,0.671674,1.955276,0.251630,0.162158,0.151806,0.152249,0.202568,0.225944,0.452975,0.062175,0.114878
1.893762,1.723872,1.142333,0.702940,0.535043,0.727922,0.740644,1.575567,1.376053,1.685660,0.836327,1.200336,1.024142,1.430047,0.730132,1.050979,1.379864,1.869547,0.675933,0.820696,0.796958,0.625334,0.758632,0.000000,0.704451,1.896354,0.996805,0.968539,1.913830,0.880572,1.055420,0.730132,0.727233,1.602821,0.831376,1.198893,1.447400,1.882755,0.652196,0.614083,1.056315,1.656146,0.592501,0.791020,0.778799,1.346713,1.052319,0.940507,0.861551,1.775378,1.711693,0.880572,1.052319,1.938762,0.752779,0.627612,1.868629,1.161004,0.745447,1.384080,0.805919,1.847620,1.105548,1.696991,0.776348,0.868092,0.643064,1.312704,1.747070,0.726898,0.996805,0.773803,0.805045,0.826117,1.388348,1.410642,1.874630,0.794763,0.734637,1.783594,0.763488,1.892544,1.844268,0.637889,0.690781,0.681513,0.786409,1.291205,1.435090,1.205726,1.880437,0.644914,0.858794,0.837077,0.826117,0.663297,0.740139,0.932338,0.742541,0.826683
1.885104,1.443809,0.639406,0.184746,0.322664,0.207955,0.184479,1.206491,0.943164,1.893261,0.328968,1.088306,0.733920,1.650826,0.216544,0.519950,1.235803,1.971867,0.233510,0.158281,0.184858,0.261590,0.160319,0.704451,0.000000,1.958710,0.425703,0.460288,1.957390,0.287860,1.453145,0.216544,0.172547,1.844240,0.175025,0.722185,0.983615,1.851436,0.270194,0.281867,0.509261,1.441504,0.323374,0.136581,0.202975,0.928239,0.482873,0.404195,0.329273,1.795037,1.587344,0.287860,0.482873,1.923696,0.323947,0.331954,1.904886,0.620311,0.282168,0.932379,0.273736,1.979442,0.584000,1.506206,0.215380,0.326044,0.166916,0.810235,1.804774,0.115505,0.425703,0.215598,0.313647,0.166900,0.922402,1.029643,1.850642,0.202182,0.269743,1.950957,0.328989,1.924909,1.982551,0.339431,0.065794,0.114231,0.114222,0.918517,1.513750,0.696841,1.954084,0.232229,0.218681,0.188983,0.166900,0.141518,0.210921,0.457322,0.130952,0.207092
0.562502,1.233837,1.801151,1.955401,1.962510,1.951380,1.949633,1.437399,1.622528,0.699198,1.935550,1.605501,1.799082,1.129780,1.947475,1.843722,1.476605,0.495033,1.960932,1.937458,1.940032,1.954938,1.947634,1.896354,1.958710,0.000000,1.876960,1.870468,0.477649,1.920971,1.466600,1.947475,1.944271,0.862614,1.935224,1.760932,1.601856,0.614298,1.959779,1.964020,1.850251,1.199979,1.965382,1.942094,1.946662,1.645176,1.853635,1.886416,1.920863,0.767881,1.093776,1.920971,1.853635,0.458881,1.945415,1.967495,0.520934,1.804008,1.953403,1.627791,1.935853,0.483253,1.805754,1.153204,1.936951,1.919098,1.966346,1.707882,0.788211,1.953333,1.876960,1.936721,1.940135,1.934899,1.645530,1.580014,0.608396,1.941962,1.954531,0.543736,1.942515,0.364974,0.489767,1.928571,1.958975,1.959754,1.943888,1.644374,1.273857,1.768788,0.472366,1.952283,1.926428,1.931984,1.934899,1.965141,1.942451,1.886073,1.949828,1.934034
1.753915,1.217624,0.261246,0.434748,0.597332,0.429656,0.394720,0.936946,0.725771,1.885247,0.453171,1.164057,0.567938,1.660804,0.371421,0.261969,1.254820,1.928417,0.552297,0.342359,0.346236,0.560492,0.400807,0.996805,0.425703,1.876960,0.000000,0.289645,1.892620,0.173670,1.595064,0.371421,0.366252,1.856941,0.336660,0.559736,0.655939,1.722764,0.521876,0.567768,0.103074,1.257924,0.591347,0.337074,0.336858,0.627685,0.099147,0.168564,0.370393,1.688838,1.437280,0.173670,0.099147,1.831850,0.567483,0.641183,1.793508,0.339631,0.554492,0.647729,0.395894,1.944375,0.321839,1.317110,0.363686,0.366920,0.531954,0.436569,1.730301,0.408123,0.000000,0.393919,0.504443,0.326306,0.568482,0.756184,1.753544,0.340447,0.513053,1.927897,0.512538,1.824430,1.952026,0.574607,0.453341,0.449201,0.368662,0.757805,1.442536,0.315366,1.896184,0.504291,0.310103,0.314185,0.326306,0.503154,0.417678,0.256875,0.391313,0.344971
1.721092,1.207929,0.382159,0.470831,0.587091,0.458819,0.457573,0.886858,0.662880,1.836146,0.536233,1.155879,0.661743,1.594921,0.414439,0.123745,1.265185,1.905339,0.572847,0.390987,0.401438,0.554350,0.450823,0.968539,0.460288,1.870468,0.289645,0.000000,1.880137,0.343291,1.574917,0.414439,0.424375,1.789893,0.385424,0.584714,0.683026,1.699218,0.571373,0.608011,0.331245,1.271027,0.631397,0.413746,0.456248,0.590921,0.274224,0.289591,0.490816,1.639087,1.464613,0.343291,0.274224,1.821936,0.619579,0.650293,1.766575,0.433297,0.591057,0.661680,0.509728,1.922013,0.379007,1.252806,0.418362,0.489351,0.545703,0.534184,1.668170,0.466994,0.289645,0.445533,0.560645,0.400732,0.597432,0.669549,1.767560,0.412243,0.558685,1.893335,0.590436,1.824846,1.924551,0.611373,0.469250,0.496054,0.405807,0.806376,1.396752,0.393373,1.873895,0.560929,0.391821,0.402774,0.400732,0.524215,0.469783,0.359279,0.453566,0.428289
0.635107,1.206467,1.830518,1.950468,1.960574,1.946571,1.944499,1.453262,1.640296,0.779329,1.932308,1.568804,1.857660,1.209864,1.949334,1.854615,1.445887,0.397319,1.942238,1.937429,1.937545,1.954464,1.944339,1.913830,1.957390,0.477649,1.892620,1.880137,0.000000,1.925932,1.522333,1.949334,1.953790,0.895049,1.935164,1.792568,1.621842,0.723698,1.956580,1.956389,1.872093,1.314372,1.961019,1.943774,1.945820,1.683464,1.870641,1.903355,1.925489,0.833700,1.216013,1.925932,1.870641,0.411259,1.933277,1.945969,0.617719,1.813956,1.928505,1.675458,1.935898,0.475265,1.828924,1.236799,1.939747,1.923659,1.958800,1.739280,0.841193,1.952273,1.892620,1.937582,1.927482,1.934000,1.671247,1.610405,0.662835,1.936767,1.938159,0.587416,1.943586,0.548467,0.459433,1.950427,1.956733,1.958687,1.942772,1.700177,1.398641,1.795639,0.515283,1.962890,1.926700,1.933069,1.934000,1.957792,1.946082,1.903189,1.950255,1.933056
1.817593,1.309594,0.404288,0.295355,0.467489,0.295211,0.255831,1.054856,0.826539,1.902720,0.348324,1.133737,0.602665,1.672218,0.246743,0.362036,1.248697,1.955230,0.409506,0.233177,0.223554,0.435525,0.268213,0.880572,0.287860,1.920971,0.173670,0.343291,1.925932,0.000000,1.547806,0.246743,0.238935,1.867881,0.232381,0.618803,0.787565,1.785355,0.380854,0.424233,0.255719,1.342271,0.460484,0.206303,0.178842,0.750465,0.251978,0.200176,0.284300,1.746854,1.502720,0.000000,0.251978,1.877255,0.444186,0.501173,1.851183,0.428934,0.420109,0.770994,0.269987,1.967403,0.413292,1.405258,0.245404,0.290078,0.389063,0.584233,1.770599,0.265130,0.173670,0.279461,0.384640,0.213169,0.711090,0.879166,1.799323,0.210860,0.376180,1.949496,0.410497,1.875891,1.974024,0.462410,0.316646,0.302847,0.248219,0.815083,1.483917,0.465727,1.931892,0.377882,0.210861,0.202925,0.213169,0.362012,0.299053,0.275972,0.252642,0.229034
1.594141,1.856755,1.620013,1.455774,1.299120,1.469845,1.483629,1.837670,1.779730,1.170069,1.555814,1.579242,1.376711,1.004833,1.455324,1.625596,1.672606,1.416097,1.459730,1.542135,1.526469,1.394212,1.497395,1.055420,1.453145,1.466600,1.595064,1.574917,1.522333,1.547806,0.000000,1.455324,1.455419,1.004284,1.550134,1.675453,1.821009,1.592454,1.404178,1.375439,1.609026,1.750918,1.308887,1.520081,1.500730,1.706109,1.635011,1.553255,1.549047,1.427724,1.556937,1.547806,1.635011,1.659748,1.507991,1.414476,1.454221,1.733752,1.513227,1.731743,1.512390,1.357675,1.644278,1.695061,1.491881,1.556515,1.407948,1.739307,1.394965,1.474405,1.595064,1.502343,1.545353,1.545699,1.751888,1.712728,1.677706,1.527199,1.482460,1.290921,1.486045,1.476813,1.325163,1.358856,1.449924,1.441501,1.518948,1.732454,1.317372,1.675187,1.452469,1.387849,1.569689,1.552509,1.545699,1.418120,1.462856,1.530801,1.484553,1.549526
1.857373,1.403366,0.571634,0.148169,0.261651,0.167083,0.157819,1.165100,0.917738,1.883804,0.375265,1.120321,0.668880,1.631234,0.000000,0.478171,1.263775,1.959861,0.309770,0.252499,0.213291,0.318969,0.222263,0.730132,0.216544,1.947475,0.371421,0.414439,1.949334,0.246743,1.455324,0.000000,0.199808,1.836976,0.259735,0.709287,0.937431,1.821020,0.235474,0.257697,0.445923,1.421026,0.309317,0.211420,0.206093,0.865976,0.435139,0.348027,0.319266,1.773169,1.545722,0.246743,0.435139,1.916812,0.410368,0.380407,1.886046,0.582492,0.365620,0.909130,0.282226,1.978005,0.531159,1.483094,0.224533,0.322152,0.283379,0.760550,1.785209,0.210023,0.371421,0.253224,0.380633,0.243383,0.863938,0.979755,1.846707,0.181750,0.307289,1.944907,0.360835,1.908374,1.976861,0.340381,0.232504,0.216764,0.234907,0.898609,1.475120,0.631838,1.954505,0.301357,0.261500,0.246089,0.243383,0.265484,0.252998,0.349133,0.209811,0.247440
1.867668,1.417189,0.569964,0.222917,0.338477,0.245882,0.207282,1.176689,0.919033,1.888444,0.366006,1.133090,0.656169,1.642160,0.199808,0.479948,1.274772,1.968988,0.320548,0.224843,0.180153,0.307176,0.170813,0.727233,0.172547,1.944271,0.366252,0.424375,1.953790,0.238935,1.455419,0.199808,0.000000,1.839608,0.235819,0.690618,0.939662,1.835692,0.304402,0.324724,0.442492,1.416817,0.326063,0.171401,0.199987,0.881026,0.429298,0.345974,0.341928,1.777744,1.561276,0.238935,0.429298,1.921328,0.385860,0.388931,1.888129,0.585300,0.358157,0.878006,0.290632,1.971798,0.551108,1.478254,0.213187,0.342307,0.244489,0.751958,1.788328,0.146345,0.366252,0.229556,0.369923,0.212082,0.867394,0.988996,1.843381,0.208154,0.335256,1.947303,0.371751,1.911274,1.979843,0.374163,0.186220,0.153237,0.203689,0.898118,1.492189,0.634415,1.949218,0.188611,0.238512,0.213270,0.212082,0.226314,0.226827,0.379728,0.140651,0.219085
0.972699,1.537643,1.802563,1.853980,1.765797,1.857695,1.864154,1.611685,1.710856,0.501754,1.901378,1.608912,1.697592,0.701592,1.836976,1.804850,1.606558,0.801330,1.848895,1.872379,1.880205,1.806465,1.876396,1.602821,1.844240,0.862614,1.856941,1.789893,0.895049,1.867881,1.004284,1.836976,1.839608,0.000000,1.874708,1.784506,1.757062,1.047225,1.844938,1.835504,1.844587,1.467034,1.799860,1.877334,1.879586,1.701028,1.856966,1.835550,1.891596,0.780251,1.362100,1.867881,1.856966,1.059342,1.883125,1.840055,0.761796,1.862539,1.882774,1.728664,1.884705,0.721776,1.812263,1.301850,1.852185,1.893287,1.828418,1.806073,0.837337,1.866797,1.856941,1.858363,1.893765,1.881628,1.741930,1.611369,1.190562,1.873802,1.876676,0.614575,1.873033,0.933354,0.654396,1.794819,1.837260,1.853417,1.865364,1.749998,1.065475,1.802385,0.813286,1.824168,1.892981,1.888124,1.881628,1.832934,1.842434,1.818283,1.870655,1.896434
1.840305,1.353017,0.556324,0.241310,0.450038,0.244033,0.213441,1.092671,0.826796,1.907423,0.290514,1.061302,0.751980,1.683738,0.259735,0.420677,1.184337,1.961385,0.292942,0.019183,0.164475,0.356645,0.188374,0.831376,0.175025,1.935224,0.336660,0.385424,1.935164,0.232381,1.550134,0.259735,0.235819,1.874708,0.000000,0.623006,0.860566,1.804217,0.357515,0.388753,0.420014,1.357044,0.441356,0.123954,0.214734,0.824797,0.374024,0.342922,0.282319,1.769986,1.536832,0.232381,0.374024,1.880102,0.335503,0.397990,1.877794,0.484754,0.298625,0.830657,0.269666,1.975613,0.481712,1.439224,0.214130,0.267064,0.285318,0.697039,1.791078,0.187549,0.336660,0.217242,0.292363,0.100966,0.816629,0.934980,1.805388,0.168009,0.307121,1.953752,0.335854,1.896931,1.981651,0.401374,0.189636,0.227975,0.070154,0.812110,1.509994,0.595724,1.936714,0.340553,0.124023,0.119158,0.100966,0.260361,0.249132,0.412885,0.180169,0.156224
1.610190,1.149613,0.557923,0.752040,0.894113,0.747009,0.723351,0.793506,0.472632,1.826905,0.728760,1.138524,0.827601,1.636991,0.709287,0.540708,1.178399,1.843578,0.816321,0.629166,0.683600,0.787960,0.715774,1.198893,0.722185,1.760932,0.559736,0.584714,1.792568,0.618803,1.675453,0.709287,0.690618,1.784506,0.623006,0.000000,0.600560,1.565188,0.842799,0.881573,0.542866,0.981466,0.900197,0.665453,0.706888,0.567356,0.526794,0.594094,0.681923,1.533656,1.266734,0.618803,0.526794,1.705028,0.802238,0.884663,1.646903,0.451606,0.810969,0.485025,0.704121,1.843650,0.537351,1.141981,0.657038,0.649760,0.795796,0.538412,1.677449,0.722971,0.559736,0.663580,0.760232,0.643556,0.614338,0.632710,1.663918,0.676174,0.824546,1.860038,0.752061,1.726406,1.867444,0.770185,0.728701,0.754038,0.659681,0.538366,1.294831,0.546280,1.776414,0.784674,0.633431,0.641622,0.643556,0.778764,0.681707,0.610414,0.713486,0.673455
1.405564,0.759264,0.535880,0.985308,1.137581,0.972396,0.949628,0.376567,0.421538,1.736402,0.937107,1.181098,0.906572,1.605046,0.937431,0.582382,1.164024,1.695497,1.062117,0.871006,0.895962,1.080586,0.948898,1.447400,0.983615,1.601856,0.655939,0.683026,1.621842,0.787565,1.821009,0.937431,0.939662,1.757062,0.860566,0.600560,0.000000,1.386812,1.072119,1.113359,0.602700,0.891448,1.148285,0.896906,0.922032,0.417725,0.581323,0.728889,0.880146,1.380579,1.204877,0.787565,0.581323,1.497336,1.040004,1.140219,1.486707,0.445127,1.039859,0.455934,0.937426,1.728838,0.553953,0.947824,0.913368,0.866621,1.068843,0.281584,1.481649,0.969807,0.655939,0.923815,0.977840,0.865344,0.224447,0.438854,1.451573,0.888746,1.033598,1.741238,1.008755,1.542238,1.744084,1.082018,0.996736,1.013005,0.905580,0.661734,1.358270,0.423363,1.629793,1.064299,0.837488,0.856644,0.865344,1.047140,0.962482,0.747320,0.952492,0.882218
0.313955,1.031353,1.621442,1.841958,1.866748,1.834051,1.832952,1.184560,1.382710,0.939845,1.829198,1.555664,1.691029,1.221866,1.821020,1.667985,1.419360,0.708260,1.863880,1.808709,1.818828,1.854698,1.837238,1.882755,1.851436,0.614298,1.722764,1.699218,0.723698,1.785355,1.592454,1.821020,1.835692,1.047225,1.804217,1.565188,1.386812,0.000000,1.866292,1.877797,1.686365,1.020301,1.884585,1.821973,1.829181,1.368406,1.689442,1.732735,1.806975,0.715307,0.675415,1.785355,1.689442,0.613932,1.860652,1.877792,0.572431,1.622334,1.860638,1.428015,1.817358,0.759165,1.635178,0.877724,1.814947,1.805834,1.877934,1.518537,0.830113,1.848534,1.722764,1.816088,1.840168,1.809122,1.439508,1.324958,0.772265,1.817843,1.860548,0.833064,1.849773,0.623723,0.765899,1.820911,1.852806,1.861618,1.821105,1.471675,1.189429,1.578010,0.670593,1.870481,1.793811,1.804723,1.809122,1.871477,1.826461,1.725623,1.842922,1.811013
1.896637,1.476053,0.730735,0.174769,0.247760,0.156978,0.229181,1.288852,1.055290,1.895229,0.337155,1.098835,0.785074,1.660460,0.235474,0.636299,1.251143,1.965634,0.257846,0.348838,0.283996,0.320538,0.254846,0.652196,0.270194,1.959779,0.521876,0.571373,1.956580,0.380854,1.404178,0.235474,0.304402,1.844938,0.357515,0.842799,1.072119,1.866292,0.000000,0.085908,0.598704,1.511400,0.289512,0.296643,0.264533,1.016191,0.585105,0.505566,0.316937,1.831732,1.611418,0.380854,0.585105,1.930954,0.348762,0.298329,1.930185,0.716687,0.313929,1.049208,0.306847,1.978321,0.685437,1.572724,0.312208,0.358670,0.255384,0.903830,1.812893,0.244507,0.521876,0.319194,0.334543,0.334192,1.012191,1.132119,1.868062,0.282424,0.217497,1.953097,0.351690,1.932204,1.972353,0.326656,0.280561,0.228422,0.319687,0.994379,1.539491,0.788986,1.970397,0.313774,0.350792,0.335589,0.334192,0.255984,0.313640,0.519161,0.254909,0.309414
1.909357,1.503972,0.773119,0.196033,0.212363,0.196427,0.254979,1.323275,1.089081,1.884799,0.380930,1.103953,0.807726,1.646671,0.257697,0.676859,1.262987,1.960680,0.257047,0.378697,0.314830,0.314535,0.278031,0.614083,0.281867,1.964020,0.567768,0.608011,1.956389,0.424233,1.375439,0.257697,0.324724,1.835504,0.388753,0.881573,1.113359,1.877797,0.085908,0.000000,0.644501,1.539686,0.266798,0.326528,0.302274,1.054215,0.631723,0.543928,0.380360,1.837161,1.630176,0.424233,0.631723,1.937609,0.358157,0.288224,1.936888,0.762213,0.315685,1.089651,0.351600,1.974572,0.722746,1.598121,0.339416,0.410083,0.248429,0.948372,1.813160,0.264590,0.567768,0.344409,0.357655,0.363846,1.051872,1.166067,1.874527,0.313120,0.218405,1.945019,0.373218,1.936581,1.967629,0.337211,0.289712,0.239027,0.344608,1.036006,1.553190,0.831306,1.970641,0.318575,0.385487,0.368775,0.363846,0.253804,0.335209,0.556410,0.278246,0.341976
1.718146,1.179253,0.177177,0.517676,0.665496,0.511531,0.478086,0.892329,0.698976,1.870233,0.530084,1.195873,0.535986,1.650459,0.445923,0.283752,1.273561,1.909335,0.632465,0.426110,0.435778,0.635052,0.487952,1.056315,0.509261,1.850251,0.103074,0.331245,1.872093,0.255719,1.609026,0.445923,0.442492,1.844587,0.420014,0.542866,0.602700,1.686365,0.598704,0.644501,0.000000,1.216084,0.658132,0.424180,0.417217,0.575504,0.126643,0.198992,0.444625,1.654907,1.391957,0.255719,0.126643,1.807723,0.645192,0.720740,1.756538,0.336077,0.635752,0.596828,0.466365,1.926439,0.311085,1.269222,0.441645,0.440302,0.614689,0.370222,1.710590,0.493425,0.103074,0.470995,0.582403,0.413323,0.500768,0.707729,1.729618,0.424829,0.595527,1.910853,0.588728,1.793255,1.934669,0.637462,0.536461,0.532327,0.453744,0.732696,1.410285,0.241541,1.873594,0.574537,0.395945,0.400600,0.413323,0.586994,0.492627,0.280096,0.477264,0.431646
1.037617,0.882905,1.173664,1.460486,1.542233,1.452686,1.433807,0.796150,0.851038,1.416040,1.399769,1.321525,1.330287,1.391789,1.421026,1.213131,1.210871,1.365774,1.483627,1.363447,1.406496,1.451531,1.435504,1.656146,1.441504,1.199979,1.257924,1.271027,1.314372,1.342271,1.750918,1.421026,1.416817,1.467034,1.357044,0.981466,0.891448,1.020301,1.511400,1.539686,1.216084,0.000000,1.556079,1.394459,1.415025,0.978622,1.213237,1.292832,1.367340,1.054717,0.939095,1.342271,1.213237,1.158014,1.451318,1.538991,1.090791,1.088754,1.471380,0.907175,1.402849,1.364434,1.177940,0.795466,1.371515,1.348807,1.484179,1.018571,1.283841,1.438810,1.257924,1.367476,1.426766,1.375705,0.990724,0.903390,1.165651,1.397289,1.492391,1.416141,1.415130,1.183413,1.406367,1.416349,1.440025,1.461030,1.388978,0.792425,0.989357,1.120733,1.251014,1.466006,1.359298,1.370300,1.375705,1.477505,1.385224,1.302053,1.432820,1.389950
1.920836,1.554131,0.769182,0.297806,0.239363,0.329967,0.316528,1.359784,1.139325,1.867366,0.502724,1.191674,0.727070,1.620098,0.309317,0.700929,1.348689,1.960507,0.361480,0.431594,0.393250,0.362017,0.353077,0.592501,0.323374,1.965382,0.591347,0.631397,1.961019,0.460484,1.308887,0.309317,0.326063,1.799860,0.441356,0.900197,1.148285,1.884585,0.289512,0.266798,0.658132,1.556079,0.000000,0.389795,0.361286,1.064787,0.659583,0.555352,0.486839,1.829270,1.621564,0.460484,0.659583,1.964489,0.485879,0.344109,1.927102,0.813764,0.432766,1.083601,0.420083,1.964804,0.755165,1.609762,0.402524,0.491749,0.302923,0.964293,1.815292,0.325395,0.591347,0.425225,0.495411,0.430269,1.067786,1.175301,1.897157,0.365205,0.389068,1.931985,0.433894,1.939748,1.961449,0.388482,0.330954,0.288818,0.402157,1.082219,1.510139,0.843317,1.963735,0.290808,0.460897,0.437212,0.430269,0.306754,0.387309,0.528826,0.335638,0.425241
1.858468,1.380857,0.562774,0.191079,0.400363,0.204165,0.157725,1.140590,0.878753,1.913548,0.284935,1.086768,0.715398,1.690680,0.211420,0.454467,1.213958,1.968822,0.279809,0.112749,0.097282,0.329924,0.120484,0.791020,0.136581,1.942094,0.337074,0.413746,1.943774,0.206303,1.520081,0.211420,0.171401,1.877334,0.123954,0.665453,0.896906,1.821973,0.296643,0.326528,0.424180,1.394459,0.389795,0.000000,0.147470,0.861807,0.389057,0.334192,0.265149,1.791000,1.549867,0.206303,0.389057,1.896286,0.326182,0.380667,1.894308,0.525432,0.288405,0.862461,0.220974,1.979274,0.513769,1.474134,0.190142,0.263721,0.260500,0.720035,1.799518,0.108011,0.337074,0.196016,0.287806,0.063321,0.840911,0.975193,1.817940,0.141065,0.270530,1.960158,0.335000,1.904680,1.986537,0.389248,0.171995,0.158701,0.097196,0.858371,1.527856,0.612301,1.948278,0.285040,0.095800,0.063349,0.063321,0.232686,0.221640,0.400300,0.098937,0.089711
