0.000000,1.057434,1.583431,1.844447,1.883199,1.840400,1.834152,1.142006,1.406338,0.871242,1.822606,1.537784,1.615178,1.116053,1.835458,1.650460,1.424710,0.735061,1.865653,1.810159,1.813921,1.877541,1.833697,1.891372,1.849986,0.586003,1.715744,1.693092,0.627339,1.774236,1.694942,1.835458,1.840181,1.022692,1.805580,1.599622,1.351417,0.555992,1.872119,1.879220,1.666059,0.974883,1.895908,1.817670,1.816386,1.404279,1.685215,1.698006,1.803537,0.757467,0.929426,1.774236,1.685215,0.575297,1.850723,1.873611,0.610658,1.598520,1.853757,1.408410,1.809689,0.793448,1.613476,0.985338,1.841606,1.804537,1.876090,1.489777,0.713158,1.846362,1.715744,1.832782,1.833896,1.806686,1.367652,1.345815,0.711289,1.822590,1.857527,0.803877,1.849869,0.575356,0.786016,1.857459,1.854186,1.859924,1.822020,1.483011,1.207152,1.533095,0.685952,1.886429,1.791612,1.802136,1.806686,1.864670,1.855664,1.711858,1.840224,1.807238
1.057434,0.000000,1.069951,1.471263,1.569684,1.467641,1.457296,0.733346,0.922042,1.391873,1.396434,1.292349,1.234190,1.393541,1.438858,1.164109,1.218170,1.320854,1.536853,1.400004,1.404336,1.531858,1.450648,1.761267,1.472331,1.213623,1.226179,1.245855,1.283481,1.320647,1.822340,1.438858,1.451615,1.506121,1.391310,1.120259,0.793853,1.013198,1.530593,1.555165,1.158513,0.785271,1.590221,1.417719,1.414060,0.907023,1.181757,1.252904,1.397724,1.083010,1.079702,1.320647,1.181757,1.112193,1.454745,1.517259,1.126959,1.084947,1.510417,0.972136,1.432352,1.357733,1.169500,0.824697,1.453516,1.411366,1.523918,0.932751,1.073856,1.474537,1.226179,1.444140,1.425820,1.391980,0.832019,0.917501,1.125107,1.423688,1.484010,1.388308,1.509815,1.147717,1.411162,1.555525,1.475385,1.500286,1.423953,1.066801,1.279065,1.001031,1.318546,1.559658,1.372768,1.387748,1.391980,1.498921,1.473583,1.238586,1.466935,1.401054
1.583431,1.069951,0.000000,0.690553,0.842114,0.693115,0.652901,0.740679,0.507656,1.848877,0.667623,1.092969,0.503497,1.711592,0.632071,0.342915,1.104275,1.851327,0.817865,0.581333,0.610002,0.840504,0.672102,1.206953,0.681939,1.781103,0.303338,0.425625,1.797339,0.435862,1.653511,0.632071,0.643271,1.816071,0.571091,0.403554,0.469786,1.600387,0.793911,0.829490,0.193412,1.059687,0.865869,0.599647,0.587352,0.445253,0.275250,0.309202,0.637094,1.444678,1.175733,0.435862,0.275250,1.724701,0.750609,0.829974,1.602908,0.279617,0.800552,0.417455,0.620362,1.879084,0.467760,1.170707,0.650312,0.656130,0.784015,0.257105,1.629328,0.690179,0.303338,0.660763,0.707600,0.577235,0.408298,0.530975,1.675456,0.605651,0.751075,1.870712,0.811859,1.709273,1.897085,0.828027,0.694307,0.727329,0.618769,0.563505,1.496831,0.139880,1.827502,0.821975,0.556236,0.567041,0.577235,0.743314,0.697828,0.371309,0.676311,0.600795
1.844447,1.471263,0.690553,0.000000,0.257423,0.087411,0.081769,1.223857,0.914532,1.927375,0.323626,0.992614,0.785303,1.771747,0.133180,0.554118,1.105856,1.979938,0.225144,0.216643,0.205211,0.366223,0.182868,0.730050,0.171583,1.964681,0.441971,0.479979,1.940918,0.321619,1.412642,0.133180,0.193796,1.856247,0.226302,0.683470,1.007832,1.848983,0.199468,0.213871,0.553426,1.442656,0.305958,0.199198,0.227265,0.955298,0.493292,0.437625,0.295577,1.726865,1.472796,0.321619,0.493292,1.916063,0.339012,0.297215,1.868188,0.634272,0.273991,0.917374,0.235033,1.968981,0.640219,1.565356,0.255460,0.307157,0.208967,0.841878,1.871983,0.177257,0.441971,0.273237,0.328610,0.221250,0.987154,1.011222,1.854568,0.141029,0.234958,1.953488,0.356348,1.926915,1.982070,0.371316,0.175927,0.177871,0.191486,0.861766,1.651226,0.751124,1.960199,0.278352,0.254796,0.234040,0.221250,0.195224,0.288360,0.512124,0.182144,0.229261
1.883199,1.569684,0.842114,0.257423,0.000000,0.262634,0.307729,1.354843,1.077870,1.895584,0.460747,1.074879,0.823110,1.723584,0.263796,0.706227,1.206287,1.968368,0.294769,0.405702,0.399598,0.374244,0.357167,0.542305,0.299565,1.975532,0.617643,0.612651,1.951443,0.501819,1.256250,0.263796,0.315474,1.789580,0.415580,0.830631,1.162062,1.897642,0.215451,0.196212,0.721026,1.566417,0.206410,0.388812,0.413370,1.088996,0.670775,0.614171,0.424294,1.748513,1.552909,0.501819,0.670775,1.955404,0.445439,0.347484,1.883899,0.815212,0.393351,1.070503,0.429273,1.952342,0.788495,1.609844,0.356013,0.429403,0.258840,0.996857,1.874669,0.326519,0.617643,0.396802,0.458068,0.420106,1.129769,1.133790,1.909607,0.353572,0.338828,1.933536,0.387408,1.955097,1.955581,0.329761,0.296959,0.286816,0.376539,1.030188,1.603600,0.910137,1.950058,0.283387,0.459103,0.433250,0.420106,0.277397,0.370716,0.620837,0.339657,0.431922
1.840400,1.467641,0.693115,0.087411,0.262634,0.000000,0.144005,1.215557,0.910604,1.925663,0.303932,0.992522,0.788385,1.772080,0.147407,0.551928,1.102060,1.976605,0.249645,0.231076,0.216158,0.382369,0.192680,0.739931,0.198703,1.964771,0.448277,0.478960,1.940367,0.335897,1.414565,0.147407,0.218854,1.856498,0.239074,0.674600,1.004555,1.847817,0.161638,0.192436,0.559119,1.437473,0.322009,0.222366,0.251255,0.955512,0.495026,0.448984,0.244386,1.726130,1.465633,0.335897,0.495026,1.912601,0.342858,0.305525,1.864817,0.635734,0.293847,0.908245,0.258936,1.968426,0.635271,1.552804,0.256881,0.263924,0.222586,0.841186,1.876342,0.200126,0.448277,0.286697,0.322053,0.239501,0.984426,1.001819,1.851745,0.177312,0.222375,1.950499,0.327596,1.923855,1.980305,0.370007,0.197039,0.200455,0.207483,0.865165,1.653075,0.751492,1.956796,0.301058,0.269175,0.252988,0.239501,0.205155,0.302744,0.529212,0.205793,0.246339
1.834152,1.457296,0.652901,0.081769,0.307729,0.144005,0.000000,1.201164,0.887442,1.933596,0.323281,1.011484,0.767331,1.779805,0.145073,0.528173,1.117726,1.979528,0.246494,0.191265,0.177384,0.368840,0.167785,0.763299,0.166924,1.958955,0.401623,0.459621,1.939398,0.278851,1.435745,0.145073,0.171808,1.867598,0.200115,0.666675,0.977323,1.838611,0.251822,0.266485,0.512778,1.423916,0.330873,0.163016,0.183481,0.920413,0.455977,0.392704,0.299481,1.721232,1.454299,0.278851,0.455977,1.912313,0.345035,0.317567,1.861310,0.596842,0.281645,0.885188,0.187200,1.972395,0.617514,1.550900,0.238444,0.305272,0.233630,0.806068,1.868038,0.167287,0.401623,0.248526,0.335513,0.186361,0.957774,0.984973,1.847210,0.085550,0.261722,1.957902,0.369286,1.919841,1.985470,0.400063,0.178988,0.181633,0.170938,0.839475,1.654211,0.716392,1.961882,0.289042,0.216516,0.194722,0.186361,0.214905,0.269214,0.474094,0.165247,0.192982
1.142006,0.733346,0.740679,1.223857,1.354843,1.215557,1.201164,0.000000,0.479951,1.536928,1.180040,1.155303,0.998331,1.473174,1.194671,0.794126,1.090489,1.527708,1.310157,1.130686,1.140721,1.337867,1.194370,1.621520,1.223731,1.420399,0.935465,0.886905,1.413748,1.050252,1.832506,1.194671,1.203774,1.595994,1.120985,0.823046,0.365870,1.184862,1.314707,1.342237,0.858926,0.694783,1.393102,1.154431,1.158353,0.516100,0.867985,0.938191,1.162048,1.088231,1.018446,1.050252,0.867985,1.299199,1.260062,1.308444,1.237325,0.735472,1.288208,0.592698,1.168371,1.559404,0.826297,0.836016,1.218288,1.179635,1.300156,0.583878,1.252703,1.226727,0.935465,1.206997,1.212168,1.126581,0.402600,0.427980,1.282394,1.162809,1.261451,1.551755,1.311571,1.312010,1.593877,1.340636,1.225082,1.261205,1.157109,0.744167,1.371560,0.630901,1.480433,1.356349,1.099858,1.121666,1.126581,1.266092,1.254177,0.978832,1.213008,1.139106
1.406338,0.922042,0.507656,0.914532,1.077870,0.910604,0.887442,0.479951,0.000000,1.716064,0.877255,0.992199,0.850415,1.605633,0.893777,0.525997,0.969077,1.730034,1.009979,0.811895,0.821751,1.055178,0.879147,1.402198,0.918503,1.649339,0.641583,0.614916,1.641305,0.744758,1.776766,0.893777,0.891963,1.750854,0.800426,0.523643,0.371931,1.447677,1.025094,1.052952,0.585319,0.832284,1.111874,0.838763,0.849187,0.468413,0.580274,0.634889,0.869815,1.329302,1.169733,0.744758,0.580274,1.533761,0.967813,1.022187,1.494166,0.487001,0.982838,0.438467,0.862942,1.749574,0.538359,1.105706,0.921083,0.887494,0.995546,0.434334,1.495318,0.913101,0.641583,0.903371,0.908674,0.811406,0.375783,0.373706,1.478077,0.843292,0.958470,1.734906,1.031689,1.546676,1.781288,1.045323,0.914086,0.951174,0.840810,0.524133,1.494024,0.405396,1.694114,1.060056,0.781468,0.805498,0.811406,0.956122,0.960831,0.719808,0.900225,0.820274
0.871242,1.391873,1.848877,1.927375,1.895584,1.925663,1.933596,1.536928,1.716064,0.000000,1.940212,1.653489,1.801619,0.518215,1.933148,1.849127,1.625324,0.531441,1.912663,1.933653,1.933345,1.902343,1.933082,1.750820,1.926167,0.596053,1.915019,1.855636,0.613067,1.936174,1.310663,1.933148,1.928150,0.480876,1.933461,1.828755,1.706735,0.846684,1.922472,1.920465,1.897123,1.443306,1.902722,1.938313,1.948857,1.718505,1.898487,1.909983,1.935467,0.892459,1.425816,1.936174,1.898487,0.743337,1.931044,1.907468,0.754996,1.869868,1.924727,1.753171,1.947348,0.404958,1.853427,1.264619,1.936613,1.936522,1.923281,1.796651,0.687134,1.934566,1.915019,1.933466,1.931610,1.936729,1.709852,1.654091,0.804703,1.935653,1.932569,0.238656,1.924404,0.646410,0.433410,1.888382,1.923929,1.930612,1.931411,1.804931,1.067299,1.819109,0.484153,1.925219,1.938205,1.939696,1.936729,1.926748,1.934062,1.883514,1.933553,1.941985
1.822606,1.396434,0.667623,0.323626,0.460747,0.303932,0.323281,1.180040,0.877255,1.940212,0.000000,0.984975,0.830528,1.813549,0.320186,0.582249,1.069684,1.959522,0.358295,0.285917,0.274956,0.442223,0.280100,0.869522,0.311058,1.948645,0.425199,0.543634,1.924508,0.322936,1.516453,0.320186,0.312147,1.904495,0.286369,0.674434,0.956420,1.823516,0.333994,0.353420,0.518420,1.405550,0.506493,0.279569,0.268390,0.942395,0.476985,0.456905,0.240304,1.739679,1.440132,0.322936,0.476985,1.877500,0.216126,0.398571,1.866954,0.577283,0.317795,0.880021,0.311324,1.962268,0.645689,1.539246,0.318128,0.256262,0.333915,0.799099,1.869659,0.294947,0.425199,0.322178,0.186258,0.276663,0.953835,1.009438,1.807881,0.295362,0.219661,1.950316,0.314505,1.901740,1.980389,0.494662,0.306519,0.312172,0.280401,0.833378,1.686829,0.723022,1.943823,0.394230,0.284202,0.280831,0.276663,0.306704,0.349185,0.574813,0.304469,0.273887
1.537784,1.292349,1.092969,0.992614,1.074879,0.992522,1.011484,1.155303,0.992199,1.653489,0.984975,0.000000,1.268856,1.588526,1.030246,1.024357,0.263119,1.703488,0.992249,0.993160,0.986476,1.128224,0.989147,1.277014,1.023563,1.656880,1.021912,1.025976,1.574167,1.006772,1.651288,1.030246,1.045637,1.667295,0.990809,0.932880,1.113264,1.599543,1.037199,1.031292,1.043840,1.168240,1.144701,1.008784,1.001162,1.192942,1.017679,1.039115,1.037121,1.450897,1.427140,1.006772,1.017679,1.517457,0.962253,1.007463,1.654148,1.021713,0.952135,1.125893,1.013688,1.662102,0.997974,1.565205,1.105181,1.057202,1.000718,1.104037,1.572943,1.005170,1.021912,1.072145,0.931583,0.995980,1.133873,1.195216,1.487593,1.012958,0.969517,1.650034,1.097198,1.643798,1.689415,0.993608,1.009972,1.018190,0.998120,0.887758,1.640926,1.069636,1.641187,1.075566,0.992514,1.001355,0.995980,0.994998,1.120019,1.154718,1.002232,0.990485
1.615178,1.234190,0.503497,0.785303,0.823110,0.788385,0.767331,0.998331,0.850415,1.801619,0.830528,1.268856,0.000000,1.662106,0.717027,0.671902,1.284531,1.836194,0.904311,0.747908,0.789539,0.903054,0.816590,1.070542,0.783327,1.771858,0.611450,0.686073,1.804052,0.663438,1.453742,0.717027,0.738718,1.681677,0.745068,0.589898,0.792126,1.664243,0.832362,0.864410,0.569350,1.223012,0.823961,0.757866,0.756160,0.748685,0.625333,0.600240,0.775531,1.413319,1.221920,0.663438,0.625333,1.788239,0.871623,0.930852,1.556370,0.654861,0.918387,0.711394,0.781815,1.853590,0.751490,1.223485,0.726134,0.780935,0.855425,0.629509,1.610380,0.807603,0.611450,0.780726,0.852885,0.757943,0.689429,0.763004,1.752566,0.749698,0.855192,1.833930,0.866568,1.730597,1.846350,0.831863,0.802936,0.819389,0.772098,0.836913,1.371366,0.573702,1.796323,0.856772,0.762599,0.752097,0.757943,0.830963,0.774446,0.503139,0.799435,0.788424
1.116053,1.393541,1.711592,1.771747,1.723584,1.772080,1.779805,1.473174,1.605633,0.518215,1.813549,1.588526,1.662106,0.000000,1.776961,1.687920,1.618185,0.898477,1.761978,1.785923,1.784967,1.748295,1.784348,1.582723,1.764360,0.970888,1.768562,1.683148,0.980591,1.785562,1.170492,1.776961,1.764637,0.585912,1.786251,1.693944,1.617465,1.097638,1.771836,1.769868,1.757976,1.500886,1.744921,1.789998,1.809930,1.599594,1.753419,1.765209,1.798244,0.914319,1.522510,1.785562,1.753419,1.083306,1.801451,1.755286,0.959571,1.748074,1.789061,1.642034,1.819370,0.820956,1.718776,1.215367,1.789573,1.800282,1.767286,1.680620,0.862224,1.784506,1.768562,1.787034,1.798919,1.789470,1.606963,1.520727,1.138682,1.782741,1.793703,0.719821,1.790218,0.977387,0.837918,1.730108,1.761264,1.777473,1.781628,1.745689,0.989406,1.691046,0.853249,1.775503,1.799046,1.796416,1.789470,1.772326,1.785576,1.715606,1.782269,1.805059
1.835458,1.438858,0.632071,0.133180,0.263796,0.147407,0.145073,1.194671,0.893777,1.933148,0.320186,1.030246,0.717027,1.776961,0.000000,0.509007,1.134088,1.977184,0.300681,0.202740,0.210306,0.382745,0.211588,0.758795,0.184723,1.960343,0.384665,0.440114,1.942571,0.272646,1.418961,0.000000,0.181655,1.860649,0.208170,0.652476,0.964696,1.844679,0.237119,0.257255,0.493885,1.428223,0.315128,0.194280,0.212337,0.905691,0.438704,0.393536,0.271146,1.716387,1.457896,0.272646,0.438704,1.918915,0.368482,0.340397,1.854480,0.589962,0.344050,0.879557,0.244879,1.973334,0.598046,1.526203,0.227957,0.286991,0.243129,0.785441,1.858573,0.202940,0.384665,0.262989,0.355208,0.211365,0.938525,0.972772,1.857767,0.152298,0.275661,1.959609,0.362628,1.920764,1.985175,0.387210,0.197365,0.209526,0.194703,0.847808,1.629438,0.698873,1.958040,0.307675,0.241854,0.220090,0.211365,0.215865,0.271438,0.438651,0.205818,0.231237
1.650460,1.164109,0.342915,0.554118,0.706227,0.551928,0.528173,0.794126,0.525997,1.849127,0.582249,1.024357,0.671902,1.687920,0.509007,0.000000,1.086078,1.888685,0.677324,0.454300,0.465611,0.707521,0.530717,1.100085,0.547880,1.837021,0.283120,0.133161,1.833794,0.379723,1.612040,0.509007,0.526329,1.818947,0.443426,0.492352,0.575087,1.658996,0.677351,0.708661,0.303125,1.171242,0.755568,0.480367,0.502101,0.510269,0.215920,0.307619,0.542374,1.538068,1.319786,0.379723,0.215920,1.769011,0.671276,0.661864,1.698961,0.334462,0.680855,0.581729,0.533016,1.895461,0.408663,1.249562,0.560070,0.562987,0.642637,0.428784,1.678314,0.559379,0.283120,0.554861,0.628363,0.456216,0.545728,0.574293,1.721646,0.481127,0.639161,1.885578,0.709108,1.774952,1.919647,0.722294,0.546196,0.593489,0.480708,0.638883,1.520557,0.332927,1.862397,0.716850,0.436967,0.455390,0.456216,0.603618,0.603612,0.376326,0.548230,0.480016
1.424710,1.218170,1.104275,1.105856,1.206287,1.102060,1.117726,1.090489,0.969077,1.625324,1.069684,0.263119,1.284531,1.618185,1.134088,1.086078,0.000000,1.636021,1.119228,1.086943,1.087251,1.248497,1.096889,1.410280,1.138809,1.567077,1.080297,1.108752,1.486092,1.085641,1.734139,1.134088,1.156089,1.666015,1.082902,0.946110,1.070173,1.507157,1.150897,1.148958,1.079980,1.033018,1.262410,1.106344,1.092233,1.185355,1.069069,1.092230,1.119106,1.386820,1.323535,1.085641,1.069069,1.406254,1.063185,1.140285,1.565624,1.039683,1.066463,1.092838,1.097327,1.609156,1.030548,1.512903,1.196538,1.136832,1.126551,1.089510,1.511994,1.115810,1.080297,1.166254,1.025769,1.090386,1.095876,1.179070,1.369461,1.113414,1.075265,1.597584,1.193670,1.537221,1.631943,1.116057,1.129123,1.134708,1.099137,0.836558,1.648461,1.069972,1.570288,1.196390,1.078654,1.091333,1.090386,1.113904,1.217266,1.218899,1.111830,1.081578
0.735061,1.320854,1.851327,1.979938,1.968368,1.976605,1.979528,1.527708,1.730034,0.531441,1.959522,1.703488,1.836194,0.898477,1.977184,1.888685,1.636021,0.000000,1.975293,1.970773,1.972253,1.960703,1.977938,1.868477,1.980368,0.411222,1.930934,1.909499,0.457019,1.957444,1.440575,1.977184,1.980656,0.769209,1.969272,1.861537,1.685661,0.725761,1.974787,1.974814,1.902294,1.332516,1.972512,1.974828,1.973574,1.722237,1.915371,1.925645,1.958665,0.953686,1.339608,1.957444,1.915371,0.522983,1.965357,1.966141,0.663212,1.868637,1.973441,1.744173,1.970069,0.380346,1.859367,1.203786,1.975741,1.961363,1.979684,1.784789,0.668446,1.980119,1.930934,1.968517,1.960981,1.970926,1.700385,1.682447,0.734622,1.976447,1.971162,0.450845,1.963239,0.501419,0.323727,1.954637,1.978053,1.981844,1.974335,1.762258,1.108388,1.821273,0.392653,1.979718,1.965667,1.969773,1.970926,1.979551,1.974497,1.919598,1.978761,1.970449
1.865653,1.536853,0.817865,0.225144,0.294769,0.249645,0.246494,1.310157,1.009979,1.912663,0.358295,0.992249,0.904311,1.761978,0.300681,0.677324,1.119228,1.975293,0.000000,0.314684,0.283928,0.337183,0.233671,0.644022,0.232109,1.968074,0.569718,0.593701,1.936231,0.436315,1.379747,0.300681,0.266462,1.843112,0.324084,0.797293,1.119521,1.867125,0.256613,0.240176,0.678436,1.519083,0.346142,0.287446,0.312247,1.058563,0.624016,0.556961,0.396482,1.766139,1.513714,0.436315,0.624016,1.925799,0.307126,0.283731,1.903094,0.751332,0.153474,1.021943,0.318559,1.955470,0.742606,1.631063,0.334404,0.399099,0.201960,0.968662,1.892726,0.217872,0.569718,0.331157,0.312852,0.317444,1.106651,1.117768,1.860466,0.281507,0.219882,1.938096,0.371794,1.943836,1.971688,0.356844,0.227960,0.194219,0.278360,0.958780,1.674858,0.876347,1.957330,0.265173,0.344940,0.327736,0.317444,0.213464,0.337210,0.648096,0.230832,0.305279
1.810159,1.400004,0.581333,0.216643,0.405702,0.231076,0.191265,1.130686,0.811895,1.933653,0.285917,0.993160,0.747908,1.785923,0.202740,0.454300,1.086943,1.970773,0.314684,0.000000,0.129147,0.402958,0.156834,0.841697,0.147778,1.947014,0.322721,0.403220,1.926954,0.211809,1.499844,0.202740,0.190983,1.887501,0.019719,0.592515,0.902594,1.814578,0.341200,0.361138,0.431926,1.369497,0.438203,0.078494,0.162925,0.850930,0.371948,0.328405,0.286041,1.707884,1.424028,0.211809,0.371948,1.893214,0.336727,0.342631,1.848234,0.519249,0.316636,0.815369,0.202977,1.970662,0.544754,1.502029,0.256359,0.293917,0.261789,0.729387,1.854204,0.159581,0.322721,0.244847,0.316085,0.064232,0.885949,0.920831,1.818510,0.149223,0.277466,1.954289,0.391649,1.901518,1.988038,0.440885,0.164751,0.198733,0.055626,0.775271,1.653059,0.640518,1.955893,0.340230,0.095512,0.079374,0.064232,0.222278,0.284705,0.445813,0.155908,0.112349
1.813921,1.404336,0.610002,0.205211,0.399598,0.216158,0.177384,1.140721,0.821751,1.933345,0.274956,0.986476,0.789539,1.784967,0.210306,0.465611,1.087251,1.972253,0.283928,0.129147,0.000000,0.379156,0.083838,0.840935,0.171908,1.945861,0.343316,0.407862,1.925616,0.230759,1.501393,0.210306,0.164174,1.889344,0.130140,0.617453,0.917938,1.817624,0.324620,0.341088,0.458811,1.384702,0.437613,0.095710,0.149871,0.855172,0.389620,0.350625,0.275133,1.724880,1.442896,0.230759,0.389620,1.889863,0.335702,0.317362,1.863535,0.532269,0.287868,0.832254,0.185888,1.971011,0.554169,1.513541,0.258491,0.285736,0.251209,0.752897,1.856832,0.136924,0.343316,0.238689,0.311107,0.105599,0.906945,0.935813,1.819301,0.133114,0.259720,1.954757,0.379746,1.906506,1.988310,0.447030,0.175375,0.180644,0.112801,0.799545,1.662525,0.663289,1.960999,0.338153,0.107026,0.106158,0.105599,0.214170,0.280687,0.467407,0.124397,0.076983
1.877541,1.531858,0.840504,0.366223,0.374244,0.382369,0.368840,1.337867,1.055178,1.902343,0.442223,1.128224,0.903054,1.748295,0.382745,0.707521,1.248497,1.960703,0.337183,0.402958,0.379156,0.000000,0.337657,0.688529,0.325977,1.962438,0.599049,0.632523,1.940779,0.489192,1.340212,0.382745,0.336535,1.837668,0.411109,0.847052,1.145841,1.884977,0.389008,0.374436,0.703101,1.551494,0.395099,0.376549,0.392800,1.068150,0.650634,0.611327,0.463063,1.809953,1.568602,0.489192,0.650634,1.932556,0.404277,0.335303,1.923067,0.798322,0.377433,1.058759,0.414923,1.956049,0.795746,1.626714,0.289891,0.437609,0.297249,0.986253,1.884669,0.320282,0.599049,0.260031,0.452662,0.402363,1.125733,1.137932,1.866641,0.370861,0.395966,1.930750,0.385568,1.934748,1.963903,0.453596,0.319317,0.295476,0.370667,1.043663,1.658063,0.902072,1.958924,0.287458,0.427054,0.411366,0.402363,0.316701,0.212789,0.653831,0.334253,0.397493
1.833697,1.450648,0.672102,0.182868,0.357167,0.192680,0.167785,1.194370,0.879147,1.933082,0.280100,0.989147,0.816590,1.784348,0.211588,0.530717,1.096889,1.977938,0.233671,0.156834,0.083838,0.337657,0.000000,0.792312,0.139270,1.956416,0.406482,0.466734,1.931794,0.284274,1.467343,0.211588,0.153337,1.882716,0.163812,0.658275,0.980109,1.840186,0.284032,0.292579,0.521517,1.422821,0.388681,0.115692,0.169237,0.916720,0.456097,0.414005,0.281273,1.743779,1.466031,0.284274,0.456097,1.905035,0.310909,0.281262,1.881375,0.598797,0.243959,0.886646,0.194819,1.973003,0.602739,1.551608,0.244662,0.284575,0.193381,0.816103,1.876745,0.084511,0.406482,0.227485,0.297073,0.142645,0.967415,0.990029,1.833816,0.145964,0.226372,1.954496,0.344974,1.921241,1.987753,0.412376,0.142480,0.121794,0.121827,0.850196,1.676051,0.728050,1.965519,0.286675,0.162078,0.149479,0.142645,0.165884,0.255971,0.517737,0.073534,0.117914
1.891372,1.761267,1.206953,0.730050,0.542305,0.739931,0.763299,1.621520,1.402198,1.750820,0.869522,1.277014,1.070542,1.582723,0.758795,1.100085,1.410280,1.868477,0.644022,0.841697,0.840935,0.688529,0.792312,0.000000,0.730233,1.908532,1.036321,1.000732,1.902181,0.932230,0.925700,0.758795,0.743956,1.597690,0.852156,1.189790,1.493771,1.899525,0.653452,0.626830,1.117478,1.766666,0.557195,0.826508,0.850319,1.394974,1.088966,1.013573,0.863559,1.765797,1.659277,0.932230,1.088966,1.949236,0.803722,0.705560,1.856761,1.214310,0.735923,1.394120,0.855313,1.826022,1.167577,1.703957,0.768892,0.853221,0.673238,1.359047,1.834437,0.755547,1.036321,0.803538,0.834014,0.860741,1.454795,1.414675,1.925882,0.806381,0.741024,1.808624,0.732658,1.922947,1.819578,0.594585,0.728652,0.708529,0.811047,1.352912,1.488569,1.275819,1.848143,0.626890,0.895530,0.871002,0.860741,0.704826,0.760970,0.988563,0.769812,0.866367
1.849986,1.472331,0.681939,0.171583,0.299565,0.198703,0.166924,1.223731,0.918503,1.926167,0.311058,1.023563,0.783327,1.764360,0.184723,0.547880,1.138809,1.980368,0.232109,0.147778,0.171908,0.325977,0.139270,0.730233,0.000000,1.965835,0.422789,0.475665,1.945415,0.294717,1.417347,0.184723,0.132127,1.862391,0.162359,0.681283,1.008516,1.854464,0.266292,0.275029,0.535342,1.454210,0.335691,0.125880,0.199640,0.945006,0.478796,0.428997,0.313688,1.734118,1.482004,0.294717,0.478796,1.926770,0.315078,0.279144,1.875389,0.629348,0.274275,0.912610,0.237453,1.971031,0.637692,1.554225,0.236568,0.315045,0.164989,0.835280,1.873932,0.104590,0.422789,0.237345,0.321505,0.155616,0.988305,1.008711,1.857938,0.164385,0.242296,1.953852,0.343700,1.932415,1.986271,0.376876,0.073853,0.105233,0.108114,0.880418,1.644872,0.748112,1.965120,0.233951,0.205460,0.174409,0.155616,0.148255,0.246078,0.497468,0.113880,0.186037
0.586003,1.213623,1.781103,1.964681,1.975532,1.964771,1.958955,1.420399,1.649339,0.596053,1.948645,1.656880,1.771858,0.970888,1.960343,1.837021,1.567077,0.411222,1.968074,1.947014,1.945861,1.962438,1.956416,1.908532,1.965835,0.000000,1.882625,1.868631,0.389069,1.922188,1.552522,1.960343,1.960022,0.819595,1.944948,1.779273,1.587093,0.600802,1.974950,1.977513,1.843547,1.201019,1.972193,1.949914,1.947962,1.633158,1.861108,1.877821,1.945669,0.850159,1.210007,1.922188,1.861108,0.440793,1.955160,1.964525,0.578713,1.801095,1.958992,1.645213,1.944573,0.443654,1.804587,1.154964,1.962244,1.947189,1.977701,1.696667,0.575830,1.962643,1.882625,1.955207,1.949891,1.944303,1.603341,1.597261,0.593986,1.951793,1.966238,0.487364,1.957896,0.406546,0.442252,1.951279,1.968145,1.968963,1.952494,1.678805,1.134072,1.742817,0.426930,1.974053,1.935116,1.941130,1.944303,1.974300,1.962498,1.872336,1.959197,1.942237
1.715744,1.226179,0.303338,0.441971,0.617643,0.448277,0.401623,0.935465,0.641583,1.915019,0.425199,1.021912,0.611450,1.768562,0.384665,0.283120,1.080297,1.930934,0.569718,0.322721,0.343316,0.599049,0.406482,1.036321,0.422789,1.882625,0.000000,0.307382,1.881413,0.163203,1.589157,0.384665,0.392006,1.877106,0.313047,0.454244,0.669114,1.723057,0.556918,0.588913,0.130131,1.224355,0.644127,0.334366,0.322161,0.629429,0.099409,0.168845,0.404551,1.602781,1.312592,0.163203,0.099409,1.821008,0.508917,0.575333,1.753394,0.294901,0.553159,0.607632,0.370497,1.942992,0.440960,1.348722,0.410655,0.421706,0.528680,0.464634,1.756193,0.427274,0.000000,0.412770,0.472999,0.310535,0.645147,0.729567,1.762537,0.346468,0.505890,1.936312,0.576881,1.824681,1.963042,0.624763,0.435684,0.467841,0.356310,0.637822,1.592269,0.373940,1.911516,0.577446,0.292876,0.301895,0.310535,0.488602,0.453614,0.297689,0.414120,0.334986
1.693092,1.245855,0.425625,0.479979,0.612651,0.478960,0.459621,0.886905,0.614916,1.855636,0.543634,1.025976,0.686073,1.683148,0.440114,0.133161,1.108752,1.909499,0.593701,0.403220,0.407862,0.632523,0.466734,1.000732,0.475665,1.868631,0.307382,0.000000,1.862438,0.354912,1.551087,0.440114,0.452514,1.808260,0.394342,0.546711,0.689840,1.702894,0.601736,0.630149,0.362253,1.253389,0.674550,0.425460,0.453607,0.595826,0.274717,0.307427,0.502987,1.573918,1.367768,0.354912,0.274717,1.810963,0.622099,0.584437,1.735772,0.418145,0.615144,0.667638,0.486911,1.910769,0.445671,1.301835,0.501219,0.523856,0.564432,0.545383,1.707250,0.491404,0.307382,0.499283,0.582583,0.410737,0.656321,0.653556,1.767722,0.419189,0.574211,1.898523,0.651276,1.814526,1.932106,0.633909,0.470062,0.518052,0.421362,0.706545,1.519296,0.439219,1.883585,0.637577,0.398471,0.412647,0.410737,0.527866,0.544967,0.371633,0.482628,0.434142
0.627339,1.283481,1.797339,1.940918,1.951443,1.940367,1.939398,1.413748,1.641305,0.613067,1.924508,1.574167,1.804052,0.980591,1.942571,1.833794,1.486092,0.457019,1.936231,1.926954,1.925616,1.940779,1.931794,1.902181,1.945415,0.389069,1.881413,1.862438,0.000000,1.913186,1.571845,1.942571,1.946180,0.823196,1.924894,1.782211,1.594892,0.672681,1.952436,1.950682,1.849284,1.218202,1.957137,1.931264,1.927844,1.656730,1.858684,1.879982,1.927212,0.865458,1.239502,1.913186,1.858684,0.417541,1.926106,1.932277,0.679323,1.796219,1.923740,1.663218,1.923700,0.491960,1.796023,1.245768,1.948895,1.930562,1.947621,1.712500,0.656112,1.939223,1.881413,1.936645,1.918927,1.924173,1.614989,1.616487,0.570432,1.934492,1.936855,0.488222,1.942629,0.493744,0.468186,1.941050,1.945277,1.945985,1.931937,1.680709,1.264035,1.753632,0.456363,1.955800,1.915255,1.922397,1.924173,1.946209,1.946893,1.890390,1.935622,1.921395
1.774236,1.320647,0.435862,0.321619,0.501819,0.335897,0.278851,1.050252,0.744758,1.936174,0.322936,1.006772,0.663438,1.785562,0.272646,0.379723,1.085641,1.957444,0.436315,0.211809,0.230759,0.489192,0.284274,0.932230,0.294717,1.922188,0.163203,0.354912,1.913186,0.000000,1.535167,0.272646,0.265402,1.888281,0.205590,0.523220,0.799787,1.782111,0.436266,0.462915,0.269752,1.308306,0.531823,0.209984,0.177011,0.752548,0.243542,0.202468,0.326541,1.657258,1.373968,0.000000,0.243542,1.866483,0.391518,0.463823,1.806004,0.403658,0.423456,0.710996,0.253041,1.963915,0.491437,1.434597,0.304909,0.345192,0.396071,0.604696,1.810009,0.298012,0.163203,0.302086,0.360091,0.195563,0.778513,0.844950,1.806066,0.225152,0.380286,1.957547,0.476247,1.872151,1.982857,0.513180,0.308411,0.336563,0.238841,0.710102,1.622554,0.512754,1.939455,0.446309,0.190953,0.187881,0.195563,0.357677,0.342956,0.338718,0.286967,0.221207
1.694942,1.822340,1.653511,1.412642,1.256250,1.414565,1.435745,1.832506,1.776766,1.310663,1.516453,1.651288,1.453742,1.170492,1.418961,1.612040,1.734139,1.440575,1.379747,1.499844,1.501393,1.340212,1.467343,0.925700,1.417347,1.552522,1.589157,1.551087,1.571845,1.535167,0.000000,1.418961,1.421173,1.082146,1.507025,1.645339,1.811703,1.686098,1.345812,1.330741,1.627402,1.857290,1.230729,1.487669,1.495144,1.735946,1.620640,1.580755,1.492529,1.549035,1.722507,1.535167,1.620640,1.678965,1.457501,1.400746,1.524841,1.706500,1.433815,1.740064,1.497740,1.407059,1.617381,1.628498,1.415885,1.485744,1.380051,1.740634,1.513754,1.440152,1.589157,1.447665,1.481208,1.511839,1.768486,1.702206,1.741544,1.465180,1.431030,1.398779,1.401069,1.581791,1.355211,1.281047,1.414946,1.407508,1.480630,1.751826,1.216605,1.701856,1.455435,1.329680,1.538882,1.519493,1.511839,1.402649,1.402847,1.502435,1.448007,1.521890
1.835458,1.438858,0.632071,0.133180,0.263796,0.147407,0.145073,1.194671,0.893777,1.933148,0.320186,1.030246,0.717027,1.776961,0.000000,0.509007,1.134088,1.977184,0.300681,0.202740,0.210306,0.382745,0.211588,0.758795,0.184723,1.960343,0.384665,0.440114,1.942571,0.272646,1.418961,0.000000,0.181655,1.860649,0.208170,0.652476,0.964696,1.844679,0.237119,0.257255,0.493885,1.428223,0.315128,0.194280,0.212337,0.905691,0.438704,0.393536,0.271146,1.716387,1.457896,0.272646,0.438704,1.918915,0.368482,0.340397,1.854480,0.589962,0.344050,0.879557,0.244879,1.973334,0.598046,1.526203,0.227957,0.286991,0.243129,0.785441,1.858573,0.202940,0.384665,0.262989,0.355208,0.211365,0.938525,0.972772,1.857767,0.152298,0.275661,1.959609,0.362628,1.920764,1.985175,0.387210,0.197365,0.209526,0.194703,0.847808,1.629438,0.698873,1.958040,0.307675,0.241854,0.220090,0.211365,0.215865,0.271438,0.438651,0.205818,0.231237
1.840181,1.451615,0.643271,0.193796,0.315474,0.218854,0.171808,1.203774,0.891963,1.928150,0.312147,1.045637,0.738718,1.764637,0.181655,0.526329,1.156089,1.980656,0.266462,0.190983,0.164174,0.336535,0.153337,0.743956,0.132127,1.960022,0.392006,0.452514,1.946180,0.265402,1.421173,0.181655,0.000000,1.857725,0.199628,0.655065,0.982302,1.850410,0.282798,0.298397,0.501677,1.435791,0.342991,0.147561,0.186870,0.907601,0.452737,0.393102,0.305577,1.723930,1.470086,0.265402,0.452737,1.926826,0.340330,0.322975,1.865306,0.598448,0.305690,0.879237,0.235398,1.974629,0.618933,1.530329,0.209750,0.305494,0.203098,0.805022,1.861463,0.137568,0.392006,0.230069,0.337727,0.184020,0.958319,0.975370,1.860666,0.151133,0.273751,1.957059,0.349608,1.928699,1.987073,0.380410,0.139987,0.141369,0.165082,0.866614,1.618068,0.714964,1.964373,0.240449,0.217590,0.189516,0.184020,0.181619,0.230717,0.440340,0.140664,0.196632
1.022692,1.506121,1.816071,1.856247,1.789580,1.856498,1.867598,1.595994,1.750854,0.480876,1.904495,1.667295,1.681677,0.585912,1.860649,1.818947,1.666015,0.769209,1.843112,1.887501,1.889344,1.837668,1.882716,1.597690,1.862391,0.819595,1.877106,1.808260,0.823196,1.888281,1.082146,1.860649,1.857725,0.000000,1.888598,1.800200,1.741300,1.064782,1.843601,1.841880,1.865658,1.539809,1.798406,1.888159,1.899111,1.726928,1.869120,1.867392,1.889677,0.898318,1.467267,1.888281,1.869120,1.013192,1.875792,1.850308,0.833634,1.863128,1.868385,1.758681,1.901616,0.684835,1.839307,1.298474,1.867825,1.892998,1.853971,1.798054,0.773100,1.875385,1.877106,1.880764,1.880658,1.893445,1.716095,1.644907,1.139667,1.878321,1.877091,0.604242,1.870443,0.928769,0.606503,1.789505,1.860937,1.864332,1.883348,1.812069,0.922365,1.803167,0.712303,1.844040,1.901927,1.897541,1.893445,1.861816,1.870151,1.817534,1.875182,1.903442
1.805580,1.391310,0.571091,0.226302,0.415580,0.239074,0.200115,1.120985,0.800426,1.933461,0.286369,0.990809,0.745068,1.786251,0.208170,0.443426,1.082902,1.969272,0.324084,0.019719,0.130140,0.411109,0.163812,0.852156,0.162359,1.944948,0.313047,0.394342,1.924894,0.205590,1.507025,0.208170,0.199628,1.888598,0.000000,0.584512,0.891850,1.810572,0.351244,0.371917,0.421929,1.361559,0.449580,0.086471,0.165996,0.840203,0.360984,0.319122,0.286110,1.704721,1.419621,0.205590,0.360984,1.889839,0.341449,0.349609,1.845542,0.509455,0.323707,0.806011,0.207621,1.970237,0.534315,1.495471,0.261229,0.295608,0.272863,0.718633,1.850709,0.169344,0.313047,0.249677,0.317782,0.067871,0.875061,0.911012,1.815387,0.155084,0.284192,1.953929,0.399602,1.898465,1.987588,0.446826,0.176497,0.209753,0.070811,0.766849,1.652468,0.629238,1.954753,0.353829,0.090523,0.079720,0.067871,0.231427,0.291253,0.441115,0.164731,0.112919
1.599622,1.120259,0.403554,0.683470,0.830631,0.674600,0.666675,0.823046,0.523643,1.828755,0.674434,0.932880,0.589898,1.693944,0.652476,0.492352,0.946110,1.861537,0.797293,0.592515,0.617453,0.847052,0.658275,1.189790,0.681283,1.779273,0.454244,0.546711,1.782211,0.523220,1.645339,0.652476,0.655065,1.800200,0.584512,0.000000,0.603293,1.651026,0.763628,0.794684,0.419180,1.024786,0.854376,0.615236,0.625202,0.655115,0.436765,0.469581,0.648434,1.443208,1.242660,0.523220,0.436765,1.717716,0.739811,0.807248,1.628584,0.430496,0.768111,0.468893,0.652064,1.868534,0.491462,1.288989,0.685057,0.658264,0.753173,0.469818,1.650035,0.677389,0.454244,0.686656,0.687488,0.596893,0.562377,0.642596,1.650393,0.628136,0.721486,1.844733,0.795071,1.718778,1.887019,0.771447,0.683933,0.710373,0.622911,0.522577,1.541988,0.409488,1.821861,0.809635,0.583412,0.591339,0.596893,0.718260,0.728370,0.539634,0.666578,0.614577
1.351417,0.793853,0.469786,1.007832,1.162062,1.004555,0.977323,0.365870,0.371931,1.706735,0.956420,1.113264,0.792126,1.617465,0.964696,0.575087,1.070173,1.685661,1.119521,0.902594,0.917938,1.145841,0.980109,1.493771,1.008516,1.587093,0.669114,0.689840,1.594892,0.799787,1.811703,0.964696,0.982302,1.741300,0.891850,0.603293,0.000000,1.369928,1.107914,1.140039,0.581925,0.782385,1.189846,0.925520,0.925737,0.380393,0.598567,0.693594,0.931939,1.267206,1.070711,0.799787,0.598567,1.489210,1.050956,1.111163,1.413313,0.450814,1.092060,0.409707,0.941089,1.719672,0.642663,0.981367,0.992587,0.949633,1.097908,0.258269,1.435177,1.010651,0.669114,0.984459,1.003680,0.894042,0.162985,0.406356,1.437271,0.932649,1.054209,1.714990,1.101246,1.493827,1.750548,1.158716,1.015379,1.050685,0.935722,0.563435,1.447119,0.356334,1.650960,1.152939,0.866358,0.886404,0.894042,1.060951,1.030720,0.726583,0.996047,0.909468
0.555992,1.013198,1.600387,1.848983,1.897642,1.847817,1.838611,1.184862,1.447677,0.846684,1.823516,1.599543,1.664243,1.097638,1.844679,1.658996,1.507157,0.725761,1.867125,1.814578,1.817624,1.884977,1.840186,1.899525,1.854464,0.600802,1.723057,1.702894,0.672681,1.782111,1.686098,1.844679,1.850410,1.064782,1.810572,1.651026,1.369928,0.000000,1.877895,1.888648,1.675080,1.088287,1.895948,1.823057,1.822677,1.390899,1.691460,1.711902,1.814486,0.840340,0.884755,1.782111,1.691460,0.552410,1.850215,1.859041,0.619537,1.616016,1.849060,1.461227,1.813293,0.741560,1.655328,0.947225,1.854235,1.819652,1.887153,1.505292,0.753390,1.853847,1.723057,1.851069,1.831241,1.810636,1.398747,1.379625,0.639841,1.826594,1.852998,0.784418,1.863208,0.553821,0.799758,1.898330,1.859485,1.868326,1.825565,1.528621,1.257950,1.551124,0.722686,1.891075,1.794825,1.806120,1.810636,1.875785,1.867176,1.718476,1.847233,1.809685
1.872119,1.530593,0.793911,0.199468,0.215451,0.161638,0.251822,1.314707,1.025094,1.922472,0.333994,1.037199,0.832362,1.771836,0.237119,0.677351,1.150897,1.974787,0.256613,0.341200,0.324620,0.389008,0.284032,0.653452,0.266292,1.974950,0.556918,0.601736,1.952436,0.436266,1.345812,0.237119,0.282798,1.843601,0.351244,0.763628,1.107914,1.877895,0.000000,0.078666,0.661344,1.509427,0.271371,0.321576,0.337877,1.060813,0.611085,0.560586,0.281729,1.756835,1.498831,0.436266,0.611085,1.934452,0.354205,0.319312,1.884278,0.741355,0.312397,0.997444,0.347496,1.963859,0.746370,1.603258,0.303938,0.295221,0.235390,0.942656,1.899541,0.271088,0.556918,0.346428,0.353780,0.345993,1.088701,1.106547,1.873834,0.291243,0.229506,1.945192,0.280010,1.942327,1.972311,0.351672,0.265478,0.247735,0.312662,0.957953,1.655499,0.861776,1.958359,0.275850,0.379664,0.356987,0.345993,0.244003,0.336769,0.610367,0.285269,0.348417
1.879220,1.555165,0.829490,0.213871,0.196212,0.192436,0.266485,1.342237,1.052952,1.920465,0.353420,1.031292,0.864410,1.769868,0.257255,0.708661,1.148958,1.974814,0.240176,0.361138,0.341088,0.374436,0.292579,0.626830,0.275029,1.977513,0.588913,0.630149,1.950682,0.462915,1.330741,0.257255,0.298397,1.841880,0.371917,0.794684,1.140039,1.888648,0.078666,0.000000,0.693925,1.531484,0.264332,0.338978,0.351863,1.091875,0.644086,0.590852,0.327402,1.772116,1.521549,0.462915,0.644086,1.937395,0.356132,0.306911,1.898282,0.774242,0.302865,1.032695,0.359139,1.961916,0.769362,1.627394,0.326305,0.330721,0.221773,0.977412,1.905440,0.277438,0.588913,0.357440,0.361511,0.365811,1.121751,1.140861,1.878323,0.310421,0.224701,1.943665,0.291314,1.947100,1.969634,0.347446,0.272511,0.248652,0.328949,0.982254,1.666799,0.896097,1.957742,0.264943,0.399484,0.376916,0.365811,0.237749,0.345936,0.642996,0.292076,0.363716
1.666059,1.158513,0.193412,0.553426,0.721026,0.559119,0.512778,0.858926,0.585319,1.897123,0.518420,1.043840,0.569350,1.757976,0.493885,0.303125,1.079980,1.902294,0.678436,0.431926,0.458811,0.703101,0.521517,1.117478,0.535342,1.843547,0.130131,0.362253,1.849284,0.269752,1.627402,0.493885,0.501677,1.865658,0.421929,0.419180,0.581925,1.675080,0.661344,0.693925,0.000000,1.154552,0.744194,0.446953,0.429191,0.554839,0.138760,0.206010,0.500987,1.548894,1.253912,0.269752,0.138760,1.781422,0.602305,0.684359,1.700324,0.243545,0.655921,0.527465,0.472969,1.920558,0.439566,1.283520,0.513315,0.517697,0.639639,0.366622,1.711018,0.540573,0.130131,0.516171,0.563990,0.422269,0.551770,0.663464,1.724667,0.459688,0.608415,1.915873,0.673609,1.779568,1.941217,0.714714,0.549076,0.580839,0.468847,0.591659,1.566011,0.275665,1.880604,0.681064,0.401081,0.411476,0.422269,0.599278,0.555320,0.312357,0.526635,0.444972
0.974883,0.785271,1.059687,1.442656,1.566417,1.437473,1.423916,0.694783,0.832284,1.443306,1.405550,1.168240,1.223012,1.500886,1.428223,1.171242,1.033018,1.332516,1.519083,1.369497,1.384702,1.551494,1.422821,1.766666,1.454210,1.201019,1.224355,1.253389,1.218202,1.308306,1.857290,1.428223,1.435791,1.539809,1.361559,1.024786,0.782385,1.088287,1.509427,1.531484,1.154552,0.000000,1.575835,1.387525,1.382370,0.958714,1.178264,1.221909,1.384008,1.013792,0.999209,1.308306,1.178264,1.089145,1.460087,1.520393,1.087118,1.068631,1.486377,0.850077,1.385205,1.393039,1.108442,1.013208,1.448179,1.397977,1.503652,0.924229,1.170319,1.441385,1.224355,1.434194,1.424173,1.364987,0.813851,0.886627,1.060380,1.395156,1.471981,1.400934,1.504799,1.111569,1.412109,1.497543,1.456051,1.471879,1.395393,0.818057,1.325685,0.988520,1.296250,1.532988,1.341387,1.357161,1.364987,1.479839,1.473813,1.271110,1.430841,1.368624
1.895908,1.590221,0.865869,0.305958,0.206410,0.322009,0.330873,1.393102,1.111874,1.902722,0.506493,1.144701,0.823961,1.744921,0.315128,0.755568,1.262410,1.972512,0.346142,0.438203,0.437613,0.395099,0.388681,0.557195,0.335691,1.972193,0.644127,0.674550,1.957137,0.531823,1.230729,0.315128,0.342991,1.798406,0.449580,0.854376,1.189846,1.895948,0.271371,0.264332,0.744194,1.575835,0.000000,0.413610,0.436621,1.110885,0.699159,0.647455,0.461894,1.768531,1.538848,0.531823,0.699159,1.965833,0.475973,0.404336,1.884644,0.847905,0.416973,1.083381,0.437897,1.955272,0.815256,1.634342,0.363150,0.453245,0.306169,1.016018,1.898534,0.351070,0.644127,0.410985,0.502093,0.448301,1.156608,1.154878,1.901798,0.370089,0.402850,1.934207,0.404610,1.949449,1.956736,0.381756,0.344895,0.315458,0.410344,1.058875,1.621864,0.939335,1.958025,0.280519,0.485690,0.457041,0.448301,0.329011,0.367445,0.620772,0.364286,0.456108
1.817670,1.417719,0.599647,0.199198,0.388812,0.222366,0.163016,1.154431,0.838763,1.938313,0.279569,1.008784,0.757866,1.789998,0.194280,0.480367,1.106344,1.974828,0.287446,0.078494,0.095710,0.376549,0.115692,0.826508,0.125880,1.949914,0.334366,0.425460,1.931264,0.209984,1.487669,0.194280,0.147561,1.888159,0.086471,0.615236,0.925520,1.823057,0.321576,0.338978,0.446953,1.387525,0.413610,0.000000,0.126511,0.867801,0.390153,0.339195,0.284036,1.717694,1.430742,0.209984,0.390153,1.900909,0.321891,0.329946,1.857211,0.535150,0.290970,0.828123,0.171714,1.974515,0.562046,1.518441,0.236780,0.292533,0.243153,0.750546,1.860888,0.114483,0.334366,0.222557,0.307912,0.054670,0.910228,0.944539,1.828013,0.121510,0.262104,1.958775,0.378529,1.910040,1.990772,0.431336,0.148770,0.160791,0.067233,0.797661,1.655794,0.663083,1.962900,0.310419,0.089136,0.057075,0.054670,0.209223,0.258633,0.448236,0.106201,0.077481
