0.000000,1.003260,1.623491,1.857352,1.877345,1.851530,1.850532,1.167583,1.450304,0.840194,1.849205,1.574171,1.669997,1.084850,1.834336,1.664763,1.461445,0.622195,1.887600,1.832087,1.845513,1.876212,1.867277,1.885320,1.873911,0.573761,1.732027,1.698647,0.634600,1.799053,1.578473,1.834336,1.858933,0.954961,1.827361,1.644672,1.382907,0.359202,1.881848,1.894594,1.692326,1.088408,1.901126,1.848434,1.850634,1.416555,1.702116,1.741506,1.833939,0.630795,0.928902,1.799053,1.702116,0.564843,1.879563,1.901714,0.429261,1.640486,1.884813,1.491208,1.840118,0.702269,1.647830,0.952597,1.832253,1.840315,1.899320,1.522259,0.683652,1.875586,1.732027,1.838264,1.862549,1.835752,1.420354,1.332444,0.751168,1.835991,1.881244,0.763093,1.884405,0.518479,0.718563,1.838658,1.874672,1.887463,1.845258,1.499561,1.169766,1.578821,0.605228,1.896979,1.822985,1.832328,1.835752,1.895307,1.848560,1.714666,1.871089,1.841789
1.003260,0.000000,1.145118,1.422890,1.536956,1.418879,1.399682,0.620318,0.905195,1.456371,1.430676,1.199520,1.394644,1.473465,1.411513,1.150508,1.122215,1.279467,1.474990,1.374155,1.390743,1.513496,1.430013,1.722873,1.460214,1.195801,1.240850,1.217167,1.163672,1.333247,1.841984,1.411513,1.444641,1.513671,1.365207,1.205374,0.777571,0.972515,1.496072,1.520884,1.198163,0.941910,1.549050,1.404284,1.416879,0.939361,1.188737,1.286180,1.387181,1.063930,1.105530,1.333247,1.188737,1.039992,1.488176,1.536462,1.130156,1.071171,1.464485,1.041248,1.397791,1.382737,1.117246,0.772299,1.407612,1.390928,1.506927,0.975607,1.027920,1.456158,1.240850,1.416472,1.444213,1.372005,0.873197,0.903423,1.130107,1.369595,1.468736,1.424495,1.491897,1.172648,1.383982,1.476739,1.465831,1.489904,1.398851,1.055696,1.435759,1.060952,1.287396,1.542347,1.349281,1.367649,1.372005,1.495157,1.445999,1.257960,1.442033,1.379793
1.623491,1.145118,0.000000,0.635249,0.770466,0.628520,0.604095,0.818066,0.611566,1.865021,0.661587,1.265562,0.510278,1.694570,0.571176,0.315280,1.318818,1.846523,0.761227,0.563190,0.567261,0.752641,0.622757,1.124524,0.647299,1.781505,0.259209,0.388014,1.812476,0.407160,1.596656,0.571176,0.587418,1.816525,0.556470,0.489310,0.526386,1.575773,0.720605,0.764129,0.170172,1.057278,0.766461,0.565047,0.564935,0.440291,0.238863,0.277989,0.607190,1.578060,1.223359,0.407160,0.238863,1.767671,0.768889,0.817290,1.676799,0.385422,0.746238,0.496597,0.590909,1.885976,0.364422,1.121319,0.557933,0.619759,0.755159,0.285667,1.651337,0.635444,0.259209,0.611072,0.698615,0.548534,0.395399,0.603361,1.729253,0.554107,0.709023,1.888120,0.758946,1.751124,1.900648,0.718454,0.675189,0.674348,0.590658,0.701664,1.388561,0.125875,1.835166,0.730371,0.526556,0.535803,0.548534,0.733717,0.620122,0.350736,0.619670,0.563601
1.857352,1.422890,0.635249,0.000000,0.279353,0.079501,0.086172,1.189150,0.887204,1.907744,0.310173,1.083501,0.782928,1.692984,0.138028,0.512702,1.218927,1.958056,0.237513,0.219609,0.169681,0.308080,0.179694,0.706200,0.192995,1.943108,0.414532,0.451798,1.936923,0.279833,1.442088,0.138028,0.273091,1.857081,0.225090,0.689537,0.962590,1.809983,0.188214,0.212567,0.504870,1.383152,0.309581,0.186798,0.185738,0.880659,0.463072,0.408158,0.268429,1.778349,1.491865,0.279833,0.463072,1.913170,0.339030,0.302495,1.897553,0.586032,0.286474,0.929860,0.232139,1.981411,0.563987,1.474566,0.236550,0.275490,0.260815,0.793329,1.803795,0.192664,0.414532,0.245379,0.314832,0.206090,0.919186,1.009070,1.857935,0.154255,0.232034,1.953351,0.342965,1.920189,1.984284,0.294820,0.215584,0.212284,0.197483,0.868095,1.541531,0.686301,1.964052,0.361264,0.221060,0.211818,0.206090,0.233365,0.258025,0.459672,0.189485,0.195200
1.877345,1.536956,0.770466,0.279353,0.000000,0.295111,0.336875,1.314699,1.039225,1.848913,0.472308,1.162390,0.774338,1.600674,0.259021,0.661438,1.320829,1.945267,0.353171,0.426417,0.377765,0.311406,0.358648,0.531150,0.315660,1.955548,0.587815,0.572286,1.949831,0.455748,1.276069,0.259021,0.360740,1.770988,0.436878,0.840300,1.122920,1.839371,0.244782,0.205804,0.666498,1.475336,0.247118,0.385458,0.371671,1.002374,0.646971,0.550891,0.471732,1.770381,1.533053,0.455748,0.646971,1.952404,0.451471,0.342500,1.896571,0.783900,0.428117,1.067063,0.441124,1.951821,0.733915,1.534738,0.378977,0.480173,0.307258,0.954688,1.788777,0.339776,0.587815,0.379538,0.462878,0.423149,1.056187,1.108678,1.908624,0.388508,0.353478,1.913349,0.440705,1.936994,1.952271,0.342931,0.317231,0.309341,0.391117,1.020071,1.476564,0.834728,1.949390,0.371774,0.451822,0.432450,0.423149,0.297461,0.360411,0.567049,0.350876,0.421549
1.851530,1.418879,0.628520,0.079501,0.295111,0.000000,0.135349,1.182429,0.887183,1.910537,0.286728,1.095091,0.780518,1.702043,0.160844,0.503652,1.225452,1.956249,0.239627,0.228520,0.169107,0.315987,0.177315,0.724366,0.211242,1.938920,0.411865,0.443285,1.934844,0.281049,1.450621,0.160844,0.287822,1.859715,0.233133,0.692353,0.956875,1.806942,0.165076,0.205580,0.501119,1.377983,0.337129,0.197723,0.193628,0.875922,0.458287,0.402682,0.248716,1.782948,1.490572,0.281049,0.458287,1.909249,0.330519,0.306903,1.897467,0.587920,0.275844,0.923565,0.235357,1.980428,0.568176,1.463616,0.237454,0.275553,0.271416,0.787900,1.804933,0.200063,0.411865,0.243800,0.292503,0.216438,0.910685,1.003376,1.856557,0.177843,0.212289,1.953716,0.353406,1.919511,1.981963,0.310228,0.230845,0.220749,0.206488,0.867097,1.545587,0.677531,1.962960,0.369849,0.224016,0.220332,0.216438,0.247406,0.263763,0.474120,0.197307,0.197255
1.850532,1.399682,0.604095,0.086172,0.336875,0.135349,0.000000,1.166388,0.861143,1.915971,0.317976,1.081633,0.771337,1.707855,0.163143,0.495115,1.211040,1.957612,0.253075,0.200031,0.158446,0.335125,0.176493,0.745138,0.202737,1.937311,0.381529,0.446029,1.930875,0.250078,1.467922,0.163143,0.265800,1.868991,0.203773,0.657536,0.929176,1.798961,0.244684,0.270660,0.470305,1.359031,0.329338,0.168263,0.161712,0.854298,0.428631,0.382613,0.260385,1.772193,1.473175,0.250078,0.428631,1.904509,0.357347,0.332697,1.891122,0.547860,0.291572,0.895711,0.196931,1.982801,0.525500,1.460786,0.230821,0.259530,0.285641,0.755412,1.802017,0.192487,0.381529,0.250072,0.324140,0.179582,0.888553,0.989323,1.846269,0.109200,0.256691,1.957864,0.353994,1.912703,1.986856,0.315312,0.231203,0.224005,0.187293,0.844972,1.545310,0.654287,1.962121,0.371836,0.189910,0.182178,0.179582,0.258630,0.262198,0.434859,0.184162,0.170103
1.167583,0.620318,0.818066,1.189150,1.314699,1.182429,1.166388,0.000000,0.474068,1.562094,1.202167,1.170032,1.128674,1.466356,1.156064,0.810904,1.134268,1.497311,1.259618,1.106836,1.142044,1.273902,1.189293,1.557116,1.211704,1.395985,0.949013,0.888608,1.412289,1.064172,1.798601,1.156064,1.187778,1.588249,1.096527,0.832337,0.387941,1.142562,1.290730,1.321756,0.899403,0.725504,1.347990,1.151272,1.176415,0.532437,0.883503,0.976491,1.159072,1.139218,1.082301,1.064172,0.883503,1.308289,1.265870,1.334946,1.262393,0.748696,1.250820,0.663214,1.168436,1.580458,0.783886,0.697600,1.142878,1.153361,1.279178,0.644038,1.245365,1.213386,0.949013,1.162602,1.216149,1.115713,0.497505,0.425832,1.320076,1.120925,1.255780,1.572778,1.271156,1.345361,1.597731,1.226810,1.215015,1.249918,1.136428,0.746439,1.329454,0.718094,1.474433,1.305276,1.093132,1.113798,1.115713,1.265794,1.189345,0.975203,1.198929,1.136754
1.450304,0.905195,0.611566,0.887204,1.039225,0.887183,0.861143,0.474068,0.000000,1.724208,0.916766,1.088436,0.974005,1.567733,0.857066,0.536518,1.111632,1.714649,0.950321,0.780242,0.827631,0.957731,0.876766,1.322589,0.894067,1.620282,0.677720,0.605156,1.644807,0.776346,1.737390,0.857066,0.875456,1.715636,0.770334,0.492393,0.407225,1.401427,1.011152,1.042438,0.649470,0.822532,1.076149,0.832962,0.882135,0.457935,0.615972,0.697274,0.871864,1.362454,1.199902,0.776346,0.615972,1.553865,0.961045,1.048876,1.505463,0.492254,0.941912,0.491956,0.873259,1.773133,0.504069,0.929625,0.820570,0.849489,0.973771,0.520364,1.462733,0.900599,0.677720,0.836493,0.914870,0.793880,0.474068,0.395060,1.532241,0.814722,0.963923,1.755913,0.967113,1.581736,1.791610,0.929450,0.896295,0.939538,0.811087,0.529683,1.363816,0.534352,1.687913,0.997983,0.771840,0.792942,0.793880,0.959477,0.868058,0.728610,0.885358,0.819944
0.840194,1.456371,1.865021,1.907744,1.848913,1.910537,1.915971,1.562094,1.724208,0.000000,1.928458,1.566481,1.806996,0.587552,1.899596,1.849877,1.531464,0.612595,1.902394,1.918558,1.919161,1.872079,1.917390,1.700642,1.904413,0.693944,1.910334,1.843603,0.733733,1.922467,1.221090,1.899596,1.901233,0.473167,1.919071,1.855811,1.750057,0.938448,1.907356,1.894419,1.900976,1.487314,1.885487,1.922577,1.926775,1.733605,1.901958,1.893089,1.935894,0.817774,1.407469,1.922467,1.901958,0.818105,1.907765,1.902920,0.729653,1.882036,1.916193,1.761315,1.930992,0.509921,1.850298,1.343497,1.911283,1.932183,1.890581,1.836065,0.776801,1.915606,1.910334,1.907237,1.920889,1.922371,1.761770,1.642202,0.853389,1.921838,1.913638,0.271088,1.908195,0.671690,0.511505,1.864727,1.895857,1.907411,1.913409,1.791537,1.192474,1.847369,0.543681,1.887952,1.926563,1.927047,1.922371,1.896551,1.904509,1.882731,1.917885,1.929894
1.849205,1.430676,0.661587,0.310173,0.472308,0.286728,0.317976,1.202167,0.916766,1.928458,0.000000,1.111984,0.831373,1.743827,0.369193,0.567873,1.222739,1.955530,0.308808,0.284543,0.269547,0.365363,0.272382,0.785279,0.299389,1.930211,0.452367,0.533147,1.934905,0.345958,1.490818,0.369193,0.356874,1.888635,0.286273,0.695102,0.964720,1.821706,0.305462,0.353036,0.530205,1.337811,0.482264,0.272985,0.287034,0.929394,0.490443,0.466365,0.212762,1.801003,1.512360,0.345958,0.490443,1.893567,0.206166,0.361022,1.899345,0.595907,0.261773,0.919886,0.328471,1.979076,0.609832,1.473339,0.291566,0.261403,0.337407,0.791081,1.816872,0.275842,0.452367,0.284932,0.155638,0.285601,0.935355,1.058206,1.838822,0.284522,0.242973,1.955378,0.302158,1.917059,1.975125,0.411125,0.311997,0.296202,0.280792,0.842939,1.547033,0.708163,1.956937,0.402407,0.288271,0.284044,0.285601,0.331490,0.302973,0.580492,0.276432,0.267239
1.574171,1.199520,1.265562,1.083501,1.162390,1.095091,1.081633,1.170032,1.088436,1.566481,1.111984,0.000000,1.465863,1.435194,1.125222,1.168380,0.278961,1.606556,1.051846,1.084646,1.114442,1.128689,1.116476,1.239989,1.115894,1.558683,1.178492,1.173020,1.525893,1.150408,1.567881,1.125222,1.165518,1.608047,1.081559,1.177315,1.173567,1.528272,1.131144,1.134549,1.204630,1.322519,1.206851,1.114507,1.128103,1.238897,1.168190,1.205057,1.078555,1.474160,1.512822,1.150408,1.168190,1.452430,1.076860,1.117635,1.612970,1.070683,1.075614,1.294068,1.101188,1.660017,1.084563,1.424424,1.131410,1.074406,1.120839,1.223575,1.455850,1.125480,1.178492,1.102714,1.091437,1.090287,1.260612,1.272877,1.420151,1.086589,1.118243,1.605344,1.115699,1.525613,1.649744,1.017525,1.105092,1.140370,1.088951,1.040215,1.640715,1.237477,1.605735,1.198695,1.092304,1.099556,1.090287,1.115673,1.123260,1.240348,1.121947,1.101688
1.669997,1.394644,0.510278,0.782928,0.774338,0.780518,0.771337,1.128674,0.974005,1.806996,0.831373,1.465863,0.000000,1.630198,0.701241,0.683008,1.532242,1.824990,0.896951,0.773752,0.746435,0.808052,0.764096,1.016043,0.762954,1.779581,0.592362,0.680622,1.835034,0.629479,1.340692,0.701241,0.672513,1.705590,0.777119,0.740282,0.898873,1.627794,0.791795,0.816572,0.562542,1.199370,0.757689,0.734391,0.708543,0.778222,0.626903,0.553695,0.798247,1.585628,1.230505,0.629479,0.626903,1.838951,0.896577,0.908867,1.658326,0.779187,0.901303,0.760331,0.749245,1.832064,0.736147,1.236285,0.708013,0.816555,0.833277,0.686435,1.665773,0.750549,0.592362,0.753661,0.859102,0.752894,0.739772,0.880388,1.807561,0.763302,0.838982,1.840563,0.874021,1.766291,1.848883,0.812291,0.789713,0.757354,0.776098,0.992214,1.248272,0.595501,1.807070,0.731871,0.755801,0.743028,0.752894,0.818703,0.725365,0.568991,0.744414,0.761109
1.084850,1.473465,1.694570,1.692984,1.600674,1.702043,1.707855,1.466356,1.567733,0.587552,1.743827,1.435194,1.630198,0.000000,1.674432,1.642774,1.483542,1.019085,1.703441,1.714279,1.715763,1.642306,1.714723,1.457889,1.685106,1.087075,1.718533,1.620475,1.122935,1.721895,1.040443,1.674432,1.679540,0.642604,1.716040,1.686413,1.631483,1.170304,1.699585,1.682397,1.719614,1.437639,1.663641,1.721214,1.727323,1.574285,1.714464,1.698236,1.748279,0.835695,1.427617,1.721895,1.714464,1.198553,1.718002,1.704977,0.986426,1.710139,1.735025,1.625778,1.746708,0.968907,1.652366,1.341136,1.699462,1.741699,1.665273,1.688970,0.874816,1.710210,1.718533,1.693899,1.738950,1.722512,1.628384,1.485357,1.236037,1.716783,1.721021,0.813911,1.706058,1.039037,0.973507,1.622475,1.671721,1.697288,1.705736,1.649310,1.076588,1.685408,0.962721,1.675054,1.735431,1.731853,1.722512,1.671791,1.685910,1.670992,1.713409,1.740293
1.834336,1.411513,0.571176,0.138028,0.259021,0.160844,0.163143,1.156064,0.857066,1.899596,0.369193,1.125222,0.701241,1.674432,0.000000,0.470921,1.257058,1.950816,0.316654,0.245719,0.206339,0.329898,0.231717,0.722397,0.227383,1.934889,0.367662,0.407997,1.934039,0.246472,1.425574,0.000000,0.258948,1.841456,0.251200,0.652746,0.924586,1.786803,0.239117,0.258574,0.450799,1.351092,0.311694,0.213394,0.213362,0.825383,0.422678,0.353780,0.315268,1.749260,1.450533,0.246472,0.422678,1.914351,0.404518,0.361433,1.872569,0.560055,0.360047,0.887499,0.283840,1.975458,0.523437,1.444403,0.232689,0.315953,0.312061,0.744851,1.786364,0.233413,0.367662,0.256204,0.375640,0.232801,0.865475,0.956984,1.863645,0.188123,0.299789,1.947431,0.381412,1.908767,1.979055,0.308562,0.252525,0.250952,0.232300,0.847323,1.496463,0.629205,1.955489,0.373402,0.246838,0.234793,0.232801,0.284632,0.260805,0.384790,0.228431,0.235281
1.664763,1.150508,0.315280,0.512702,0.661438,0.503652,0.495115,0.810904,0.536518,1.849877,0.567873,1.168380,0.683008,1.642774,0.470921,0.000000,1.255029,1.874399,0.631134,0.433947,0.449111,0.627907,0.508706,1.030023,0.526054,1.824652,0.271085,0.126703,1.833789,0.367548,1.592686,0.470921,0.505951,1.800740,0.425478,0.489706,0.582493,1.630174,0.627097,0.665006,0.287964,1.117224,0.690600,0.463269,0.500513,0.479892,0.226016,0.289995,0.526462,1.593775,1.341106,0.367548,0.226016,1.786995,0.661757,0.709508,1.722892,0.364064,0.630247,0.584776,0.533056,1.908492,0.317651,1.153844,0.456412,0.530966,0.624408,0.433195,1.651429,0.534061,0.271085,0.500612,0.597748,0.436332,0.510462,0.588655,1.755153,0.445008,0.601818,1.892224,0.659622,1.791050,1.922695,0.621973,0.542102,0.572679,0.457297,0.685436,1.422550,0.309103,1.859346,0.658427,0.419284,0.435416,0.436332,0.603888,0.522044,0.361714,0.518938,0.463562
1.461445,1.122215,1.318818,1.218927,1.320829,1.225452,1.211040,1.134268,1.111632,1.531464,1.222739,0.278961,1.532242,1.483542,1.257058,1.255029,0.000000,1.507989,1.194466,1.202631,1.236890,1.272745,1.243476,1.403426,1.252918,1.435476,1.261904,1.277863,1.411732,1.257257,1.652440,1.257058,1.297643,1.604404,1.197755,1.229521,1.163757,1.407845,1.267501,1.277654,1.273691,1.246458,1.350822,1.234125,1.247311,1.263519,1.243289,1.294828,1.184767,1.426689,1.435315,1.257257,1.243289,1.306595,1.202465,1.257002,1.519080,1.128062,1.202774,1.307333,1.209612,1.577626,1.163036,1.372598,1.253104,1.182184,1.270024,1.244113,1.410310,1.255017,1.261904,1.228396,1.208550,1.206872,1.268986,1.290720,1.268253,1.209895,1.247258,1.534890,1.240428,1.400102,1.568175,1.160833,1.246943,1.275354,1.213099,1.049318,1.655946,1.280005,1.508076,1.333641,1.200862,1.211842,1.206872,1.262598,1.251039,1.337752,1.249843,1.214040
0.622195,1.279467,1.846523,1.958056,1.945267,1.956249,1.957612,1.497311,1.714649,0.612595,1.955530,1.606556,1.824990,1.019085,1.950816,1.874399,1.507989,0.000000,1.958701,1.954910,1.958537,1.956619,1.963572,1.888989,1.966925,0.518795,1.912871,1.893035,0.409411,1.943794,1.459752,1.950816,1.962314,0.821429,1.953243,1.852275,1.669389,0.733662,1.962411,1.959692,1.889702,1.396152,1.957322,1.962334,1.960959,1.719483,1.896550,1.915414,1.954923,0.849730,1.256504,1.943794,1.896550,0.503612,1.951620,1.962316,0.608392,1.853096,1.956003,1.741110,1.955217,0.406606,1.859053,1.276485,1.959116,1.956131,1.962147,1.775622,0.778317,1.967265,1.912871,1.957192,1.952047,1.956356,1.697429,1.644759,0.701192,1.954498,1.958365,0.466647,1.961056,0.535083,0.338934,1.943518,1.963041,1.968927,1.958411,1.751070,1.295327,1.816441,0.408399,1.965390,1.951579,1.956077,1.956356,1.963537,1.961815,1.900411,1.966796,1.957400
1.887600,1.474990,0.761227,0.237513,0.353171,0.239627,0.253075,1.259618,0.950321,1.902394,0.308808,1.051846,0.896951,1.703441,0.316654,0.631134,1.194466,1.958701,0.000000,0.277721,0.266811,0.257212,0.235587,0.668446,0.229678,1.952187,0.545122,0.571133,1.935461,0.402964,1.435107,0.316654,0.329704,1.853331,0.285727,0.753646,1.054803,1.846465,0.269530,0.271980,0.631759,1.411132,0.373865,0.272455,0.288119,0.992779,0.589075,0.528862,0.330407,1.807939,1.560411,0.402964,0.589075,1.910979,0.262877,0.264457,1.919664,0.676401,0.139612,1.004240,0.324453,1.975514,0.665910,1.521044,0.296108,0.325410,0.223618,0.902854,1.825316,0.231774,0.545122,0.268234,0.254682,0.290495,1.028955,1.098969,1.858245,0.273125,0.223815,1.945829,0.319761,1.935900,1.974527,0.336109,0.219566,0.227543,0.247828,0.900899,1.566041,0.806809,1.962119,0.342714,0.309418,0.301503,0.290495,0.222431,0.280411,0.619158,0.241200,0.278032
1.832087,1.374155,0.563190,0.219609,0.426417,0.228520,0.200031,1.106836,0.780242,1.918558,0.284543,1.084646,0.773752,1.714279,0.245719,0.433947,1.202631,1.954910,0.277721,0.000000,0.151614,0.335632,0.185263,0.799333,0.161838,1.923483,0.340859,0.396489,1.926304,0.227209,1.505359,0.245719,0.249037,1.872879,0.019519,0.561257,0.868075,1.785898,0.343073,0.371411,0.429657,1.275876,0.426587,0.114186,0.205370,0.806026,0.376786,0.348360,0.278384,1.753055,1.461038,0.227209,0.376786,1.889696,0.327309,0.367652,1.869683,0.478854,0.276711,0.818064,0.262027,1.978640,0.472584,1.399451,0.190569,0.258384,0.277573,0.699061,1.796146,0.186779,0.340859,0.197551,0.286048,0.089894,0.836735,0.933242,1.834250,0.152458,0.292538,1.956930,0.336702,1.903457,1.985667,0.352957,0.181478,0.229108,0.055354,0.748351,1.519411,0.607123,1.948273,0.366049,0.115882,0.108345,0.089894,0.254605,0.227928,0.438002,0.180414,0.142407
1.845513,1.390743,0.567261,0.169681,0.377765,0.169107,0.158446,1.142044,0.827631,1.919161,0.269547,1.114442,0.746435,1.715763,0.206339,0.449111,1.236890,1.958537,0.266811,0.151614,0.000000,0.313749,0.081749,0.772681,0.167652,1.926778,0.341836,0.401613,1.930593,0.213716,1.479044,0.206339,0.191700,1.872689,0.159185,0.622486,0.898427,1.802389,0.272476,0.303245,0.435134,1.331552,0.379699,0.092525,0.157524,0.839020,0.386482,0.340821,0.246087,1.772676,1.482613,0.213716,0.386482,1.900613,0.317245,0.353441,1.886870,0.524988,0.263633,0.841004,0.237908,1.983757,0.499598,1.431050,0.180278,0.247993,0.259342,0.721115,1.796208,0.119619,0.341836,0.189170,0.268382,0.114689,0.852403,0.963421,1.841609,0.130367,0.231261,1.957988,0.335787,1.909024,1.986483,0.359431,0.195747,0.170684,0.131929,0.818437,1.542860,0.615844,1.961922,0.311063,0.113510,0.107851,0.114689,0.237591,0.219966,0.440839,0.100414,0.075979
1.876212,1.513496,0.752641,0.308080,0.311406,0.315987,0.335125,1.273902,0.957731,1.872079,0.365363,1.128689,0.808052,1.642306,0.329898,0.627907,1.272745,1.956619,0.257212,0.335632,0.313749,0.000000,0.278677,0.611367,0.244302,1.946218,0.557229,0.552603,1.952036,0.428849,1.348051,0.329898,0.285632,1.805796,0.347189,0.735759,1.077012,1.840798,0.318696,0.317145,0.638637,1.379937,0.362278,0.313602,0.339440,0.986821,0.605710,0.523619,0.403645,1.770175,1.529693,0.428849,0.605710,1.935031,0.315007,0.355506,1.891382,0.714249,0.305812,0.970927,0.397260,1.967270,0.686932,1.488522,0.267211,0.403251,0.233196,0.914085,1.795607,0.253412,0.557229,0.219805,0.331366,0.350545,1.032078,1.080823,1.884070,0.350226,0.313302,1.925702,0.340357,1.933272,1.964049,0.331995,0.224229,0.225366,0.300196,0.911036,1.471767,0.811240,1.952222,0.253482,0.376849,0.359360,0.350545,0.238331,0.190429,0.617297,0.266561,0.347805
1.867277,1.430013,0.622757,0.179694,0.358648,0.177315,0.176493,1.189293,0.876766,1.917390,0.272382,1.116476,0.764096,1.714723,0.231717,0.508706,1.243476,1.963572,0.235587,0.185263,0.081749,0.278677,0.000000,0.736925,0.150548,1.935144,0.402715,0.457960,1.938143,0.266590,1.452368,0.231717,0.174087,1.869808,0.196065,0.654097,0.951797,1.825341,0.254498,0.277074,0.493391,1.361458,0.347544,0.124228,0.169248,0.893826,0.449014,0.395577,0.260667,1.791306,1.507205,0.266590,0.449014,1.913035,0.293079,0.321025,1.902595,0.581538,0.236344,0.878653,0.245348,1.984638,0.557364,1.460579,0.199263,0.262514,0.211858,0.776554,1.811724,0.073581,0.402715,0.191783,0.257246,0.162119,0.906782,1.012125,1.851885,0.173456,0.216165,1.956881,0.314873,1.920430,1.986473,0.350702,0.169218,0.116928,0.151547,0.858876,1.552369,0.674354,1.966635,0.257805,0.172872,0.161262,0.162119,0.195056,0.211976,0.494731,0.055508,0.123272
1.885320,1.722873,1.124524,0.706200,0.531150,0.724366,0.745138,1.557116,1.322589,1.700642,0.785279,1.239989,1.016043,1.457889,0.722397,1.030023,1.403426,1.888989,0.668446,0.799333,0.772681,0.611367,0.736925,0.000000,0.681318,1.905998,0.974064,0.944795,1.922328,0.856059,1.041440,0.722397,0.709425,1.613476,0.809831,1.133733,1.426684,1.868304,0.639697,0.601830,1.040498,1.596644,0.584124,0.765749,0.758792,1.307677,1.025561,0.926492,0.819416,1.751606,1.640057,0.856059,1.025561,1.937490,0.714207,0.635438,1.860072,1.130385,0.732608,1.338932,0.803054,1.842214,1.073393,1.668779,0.755691,0.814873,0.628506,1.283409,1.776202,0.706032,0.974064,0.739909,0.768193,0.801747,1.373814,1.373173,1.882133,0.789682,0.710964,1.787087,0.707918,1.899473,1.849585,0.648433,0.672508,0.662104,0.765696,1.254667,1.398265,1.187968,1.864826,0.622816,0.834270,0.812031,0.801747,0.640340,0.714728,0.942313,0.720451,0.803374
1.873911,1.460214,0.647299,0.192995,0.315660,0.211242,0.202737,1.211704,0.894067,1.904413,0.299389,1.115894,0.762954,1.685106,0.227383,0.526054,1.252918,1.966925,0.229678,0.161838,0.167652,0.244302,0.150548,0.681318,0.000000,1.947280,0.429932,0.465116,1.949410,0.287006,1.415876,0.227383,0.188139,1.845053,0.178868,0.657344,0.984158,1.832922,0.266508,0.276340,0.520757,1.357576,0.324914,0.127542,0.200818,0.905636,0.481130,0.414034,0.315533,1.778729,1.513104,0.287006,0.481130,1.928522,0.303287,0.306770,1.896932,0.609235,0.257974,0.907374,0.282176,1.979287,0.577597,1.462523,0.200453,0.305358,0.164219,0.806935,1.812892,0.112363,0.429932,0.192201,0.289957,0.163558,0.936777,1.021749,1.873036,0.207522,0.248710,1.952129,0.312142,1.930781,1.984311,0.315458,0.065616,0.117418,0.115635,0.859699,1.513078,0.705382,1.959759,0.261655,0.210919,0.182477,0.163558,0.141550,0.192656,0.495445,0.127622,0.193284
0.573761,1.195801,1.781505,1.943108,1.955548,1.938920,1.937311,1.395985,1.620282,0.693944,1.930211,1.558683,1.779581,1.087075,1.934889,1.824652,1.435476,0.518795,1.952187,1.923483,1.926778,1.946218,1.935144,1.905998,1.947280,0.000000,1.862906,1.851964,0.479296,1.907725,1.512379,1.934889,1.931775,0.867588,1.920951,1.769419,1.575538,0.621019,1.952375,1.957224,1.833381,1.257338,1.960115,1.929590,1.934322,1.638533,1.840849,1.866392,1.917310,0.805272,1.167964,1.907725,1.840849,0.434482,1.940093,1.957555,0.559465,1.790797,1.945185,1.616559,1.922023,0.518718,1.790239,1.173955,1.927116,1.918948,1.957267,1.693708,0.730030,1.941229,1.862906,1.926958,1.932831,1.920583,1.611579,1.560516,0.560427,1.928571,1.946014,0.567156,1.942927,0.349013,0.522312,1.919585,1.947361,1.948345,1.930417,1.650032,1.294362,1.746274,0.472595,1.939972,1.911555,1.917898,1.920583,1.956541,1.933288,1.862288,1.937818,1.920662
1.732027,1.240850,0.259209,0.414532,0.587815,0.411865,0.381529,0.949013,0.677720,1.910334,0.452367,1.178492,0.592362,1.718533,0.367662,0.271085,1.261904,1.912871,0.545122,0.340859,0.341836,0.557229,0.402715,0.974064,0.429932,1.862906,0.000000,0.301995,1.880136,0.177542,1.557792,0.367662,0.391398,1.866699,0.334628,0.499059,0.659843,1.687675,0.510808,0.556139,0.106487,1.169382,0.581621,0.339305,0.342828,0.595354,0.090603,0.163213,0.389512,1.675963,1.340106,0.177542,0.090603,1.838225,0.558964,0.608715,1.783694,0.337367,0.530131,0.633048,0.389531,1.948194,0.317668,1.269062,0.347129,0.399269,0.540569,0.430715,1.726834,0.416639,0.000000,0.399108,0.491906,0.322149,0.585507,0.757855,1.787979,0.326429,0.492299,1.939722,0.543312,1.833266,1.956771,0.529476,0.461008,0.461058,0.368290,0.709853,1.467065,0.317898,1.909224,0.546656,0.301543,0.308974,0.322149,0.516095,0.415555,0.277594,0.399822,0.336325
1.698647,1.217167,0.388014,0.451798,0.572286,0.443285,0.446029,0.888608,0.605156,1.843603,0.533147,1.173020,0.680622,1.620475,0.407997,0.126703,1.277863,1.893035,0.571133,0.396489,0.401613,0.552603,0.457960,0.944795,0.465116,1.851964,0.301995,0.000000,1.859836,0.347580,1.540130,0.407997,0.453063,1.782665,0.390332,0.535971,0.684967,1.664460,0.561995,0.594619,0.344081,1.176872,0.620716,0.420913,0.457340,0.552528,0.287900,0.286489,0.505385,1.615346,1.376020,0.347580,0.287900,1.822052,0.615809,0.644184,1.750471,0.438118,0.583591,0.661505,0.500663,1.918865,0.376301,1.199419,0.403810,0.511189,0.557517,0.539746,1.664661,0.480468,0.301995,0.447913,0.558463,0.402672,0.608501,0.647268,1.790815,0.405947,0.545464,1.895434,0.616369,1.821647,1.932271,0.560429,0.478609,0.511692,0.410561,0.733119,1.412280,0.403576,1.877852,0.597438,0.393000,0.405323,0.402672,0.538463,0.465173,0.351656,0.468048,0.429938
0.634600,1.163672,1.812476,1.936923,1.949831,1.934844,1.930875,1.412289,1.644807,0.733733,1.934905,1.525893,1.835034,1.122935,1.934039,1.833789,1.411732,0.409411,1.935461,1.926304,1.930593,1.952036,1.938143,1.922328,1.949410,0.479296,1.880136,1.859836,0.000000,1.915819,1.541460,1.934039,1.944141,0.881165,1.923568,1.801654,1.596892,0.735000,1.949487,1.950486,1.856791,1.362010,1.950756,1.936123,1.936622,1.669531,1.858615,1.886468,1.922866,0.833772,1.281113,1.915819,1.858615,0.373241,1.936992,1.947269,0.612699,1.799384,1.931218,1.676422,1.923529,0.514542,1.808185,1.247247,1.934773,1.922187,1.950421,1.724497,0.789017,1.945291,1.880136,1.934425,1.930265,1.925263,1.640015,1.588219,0.610915,1.924415,1.936808,0.591755,1.945587,0.471488,0.483522,1.933303,1.948260,1.952211,1.932959,1.688241,1.384820,1.774914,0.517327,1.955637,1.917886,1.924565,1.925263,1.949252,1.942014,1.875556,1.942670,1.926067
1.799053,1.333247,0.407160,0.279833,0.455748,0.281049,0.250078,1.064172,0.776346,1.922467,0.345958,1.150408,0.629479,1.721895,0.246472,0.367548,1.257257,1.943794,0.402964,0.227209,0.213716,0.428849,0.266590,0.856059,0.287006,1.907725,0.177542,0.347580,1.915819,0.000000,1.507660,0.246472,0.267458,1.872763,0.226416,0.557128,0.791164,1.755825,0.372278,0.413494,0.266266,1.262899,0.453980,0.203431,0.181408,0.720981,0.248768,0.200342,0.301433,1.732578,1.412937,0.000000,0.248768,1.884257,0.435869,0.463022,1.841957,0.425504,0.396053,0.751506,0.268203,1.970843,0.409483,1.356717,0.230507,0.313447,0.393473,0.581807,1.770584,0.269623,0.177542,0.277546,0.371570,0.204819,0.726791,0.875884,1.830449,0.202560,0.353264,1.956718,0.435026,1.884642,1.976768,0.422575,0.319188,0.311275,0.241926,0.770259,1.499786,0.470694,1.943098,0.420480,0.197336,0.193054,0.204819,0.369613,0.294972,0.317261,0.256877,0.214512
1.578473,1.841984,1.596656,1.442088,1.276069,1.450621,1.467922,1.798601,1.737390,1.221090,1.490818,1.567881,1.340692,1.040443,1.425574,1.592686,1.652440,1.459752,1.435107,1.505359,1.479044,1.348051,1.452368,1.041440,1.415876,1.512379,1.557792,1.540130,1.541460,1.507660,0.000000,1.425574,1.401707,1.064351,1.513619,1.619860,1.781918,1.600267,1.373864,1.349755,1.581176,1.694280,1.287078,1.475876,1.460545,1.673577,1.594062,1.525218,1.495358,1.445826,1.509473,1.507660,1.594062,1.671682,1.447582,1.383142,1.479361,1.680238,1.471663,1.666871,1.483260,1.372331,1.613197,1.688929,1.450213,1.499959,1.369298,1.695926,1.454027,1.427983,1.557792,1.442486,1.486000,1.504546,1.721695,1.677167,1.677013,1.501563,1.439393,1.324543,1.417722,1.498598,1.361964,1.342786,1.409508,1.394098,1.483071,1.675908,1.187480,1.650095,1.440848,1.319116,1.526808,1.508711,1.504546,1.377903,1.407778,1.506079,1.438113,1.504783
1.834336,1.411513,0.571176,0.138028,0.259021,0.160844,0.163143,1.156064,0.857066,1.899596,0.369193,1.125222,0.701241,1.674432,0.000000,0.470921,1.257058,1.950816,0.316654,0.245719,0.206339,0.329898,0.231717,0.722397,0.227383,1.934889,0.367662,0.407997,1.934039,0.246472,1.425574,0.000000,0.258948,1.841456,0.251200,0.652746,0.924586,1.786803,0.239117,0.258574,0.450799,1.351092,0.311694,0.213394,0.213362,0.825383,0.422678,0.353780,0.315268,1.749260,1.450533,0.246472,0.422678,1.914351,0.404518,0.361433,1.872569,0.560055,0.360047,0.887499,0.283840,1.975458,0.523437,1.444403,0.232689,0.315953,0.312061,0.744851,1.786364,0.233413,0.367662,0.256204,0.375640,0.232801,0.865475,0.956984,1.863645,0.188123,0.299789,1.947431,0.381412,1.908767,1.979055,0.308562,0.252525,0.250952,0.232300,0.847323,1.496463,0.629205,1.955489,0.373402,0.246838,0.234793,0.232801,0.284632,0.260805,0.384790,0.228431,0.235281
1.858933,1.444641,0.587418,0.273091,0.360740,0.287822,0.265800,1.187778,0.875456,1.901233,0.356874,1.165518,0.672513,1.679540,0.258948,0.505951,1.297643,1.962314,0.329704,0.249037,0.191700,0.285632,0.174087,0.709425,0.188139,1.931775,0.391398,0.453063,1.944141,0.267458,1.401707,0.258948,0.000000,1.835739,0.261424,0.620479,0.944712,1.822690,0.330855,0.349239,0.471384,1.336717,0.348694,0.192194,0.230647,0.872727,0.446099,0.374815,0.343411,1.755133,1.490569,0.267458,0.446099,1.927928,0.370971,0.390341,1.875597,0.588945,0.343730,0.836549,0.323327,1.974692,0.551130,1.432323,0.215458,0.338408,0.246323,0.753642,1.791419,0.150501,0.391398,0.223618,0.347802,0.236749,0.883421,0.988001,1.871635,0.251476,0.326302,1.948533,0.359725,1.917905,1.979119,0.375385,0.199833,0.159772,0.225071,0.852827,1.479874,0.652706,1.957378,0.193228,0.258125,0.233865,0.236749,0.234420,0.210812,0.449202,0.140897,0.232573
0.954961,1.513671,1.816525,1.857081,1.770988,1.859715,1.868991,1.588249,1.715636,0.473167,1.888635,1.608047,1.705590,0.642604,1.841456,1.800740,1.604404,0.821429,1.853331,1.872879,1.872689,1.805796,1.869808,1.613476,1.845053,0.867588,1.866699,1.782665,0.881165,1.872763,1.064351,1.841456,1.835739,0.000000,1.874711,1.797061,1.755110,1.035348,1.846473,1.834910,1.859020,1.492653,1.806221,1.874366,1.879914,1.696596,1.864845,1.837905,1.896004,0.789235,1.399651,1.872763,1.864845,1.014616,1.872663,1.847722,0.767636,1.864053,1.880296,1.726936,1.886684,0.639402,1.822436,1.321792,1.848301,1.898315,1.828962,1.816539,0.813625,1.863471,1.866699,1.852106,1.883143,1.878753,1.739980,1.597146,1.152445,1.877869,1.867913,0.609747,1.870442,0.907510,0.666170,1.803666,1.836490,1.850432,1.865799,1.765794,1.047130,1.812882,0.697125,1.816943,1.887943,1.884155,1.878753,1.833077,1.838565,1.813113,1.866755,1.890909
1.827361,1.365207,0.556470,0.225090,0.436878,0.233133,0.203773,1.096527,0.770334,1.919071,0.286273,1.081559,0.777119,1.716040,0.251200,0.425478,1.197755,1.953243,0.285727,0.019519,0.159185,0.347189,0.196065,0.809831,0.178868,1.920951,0.334628,0.390332,1.923568,0.226416,1.513619,0.251200,0.261424,1.874711,0.000000,0.555286,0.857347,1.780523,0.351665,0.381303,0.422559,1.269102,0.435940,0.127490,0.211864,0.795687,0.368185,0.344802,0.278051,1.750179,1.455832,0.226416,0.368185,1.885554,0.333681,0.374349,1.866734,0.467050,0.283680,0.811362,0.264638,1.977958,0.464301,1.393413,0.196576,0.257784,0.291728,0.689646,1.793855,0.201493,0.334628,0.206476,0.290342,0.098291,0.827921,0.924722,1.830439,0.151769,0.299669,1.956673,0.342033,1.900590,1.985241,0.357812,0.197883,0.244529,0.072385,0.739008,1.519635,0.598649,1.946680,0.380160,0.117181,0.114616,0.098291,0.268735,0.237542,0.433101,0.193573,0.147949
1.644672,1.205374,0.489310,0.689537,0.840300,0.692353,0.657536,0.832337,0.492393,1.855811,0.695102,1.177315,0.740282,1.686413,0.652746,0.489706,1.229521,1.852275,0.753646,0.561257,0.622486,0.735759,0.654097,1.133733,0.657344,1.769419,0.499059,0.535971,1.801654,0.557128,1.619860,0.652746,0.620479,1.797061,0.555286,0.000000,0.606883,1.595844,0.793535,0.833093,0.484615,0.935534,0.828715,0.604177,0.649452,0.577353,0.473154,0.515621,0.652772,1.546968,1.246777,0.557128,0.473154,1.747164,0.747952,0.825285,1.663544,0.420693,0.741274,0.453213,0.641985,1.881852,0.459701,1.124546,0.585940,0.624920,0.738683,0.511039,1.673469,0.661264,0.499059,0.613720,0.702689,0.581685,0.594584,0.650076,1.718742,0.610120,0.762736,1.884044,0.722271,1.752221,1.901926,0.708822,0.663996,0.693990,0.592677,0.511274,1.323943,0.497522,1.818382,0.726380,0.573342,0.579006,0.581685,0.724903,0.619368,0.548055,0.648720,0.613456
1.382907,0.777571,0.526386,0.962590,1.122920,0.956875,0.929176,0.387941,0.407225,1.750057,0.964720,1.173567,0.898873,1.631483,0.924586,0.582493,1.163757,1.669389,1.054803,0.868075,0.898427,1.077012,0.951797,1.426684,0.984158,1.575538,0.659843,0.684967,1.596892,0.791164,1.781918,0.924586,0.944712,1.755110,0.857347,0.606883,0.000000,1.350652,1.065437,1.104985,0.598817,0.809625,1.133001,0.902085,0.923387,0.388859,0.591635,0.717499,0.907109,1.359487,1.134295,0.791164,0.591635,1.507851,1.051247,1.125392,1.467307,0.455540,1.033557,0.478179,0.922947,1.743902,0.542054,0.883611,0.905425,0.904231,1.069110,0.296373,1.445491,0.974969,0.659843,0.933715,0.990205,0.866709,0.217247,0.451550,1.490473,0.874235,1.029810,1.753308,1.046622,1.535191,1.758002,1.034749,0.997377,1.019080,0.903610,0.604634,1.398104,0.418709,1.658889,1.083330,0.839541,0.858807,0.866709,1.051802,0.961027,0.713024,0.957503,0.884383
0.359202,0.972515,1.575773,1.809983,1.839371,1.806942,1.798961,1.142562,1.401427,0.938448,1.821706,1.528272,1.627794,1.170304,1.786803,1.630174,1.407845,0.733662,1.846465,1.785898,1.802389,1.840798,1.825341,1.868304,1.832922,0.621019,1.687675,1.664460,0.735000,1.755825,1.600267,1.786803,1.822690,1.035348,1.780523,1.595844,1.350652,0.000000,1.844594,1.856675,1.645338,1.059348,1.851736,1.804273,1.805539,1.352100,1.658254,1.692362,1.799534,0.714249,0.746068,1.755825,1.658254,0.634779,1.853001,1.862881,0.570657,1.594996,1.850427,1.446191,1.787481,0.811389,1.596994,0.923306,1.790207,1.804661,1.868482,1.484507,0.740694,1.835841,1.687675,1.798461,1.832248,1.788439,1.385797,1.295601,0.772977,1.787759,1.845361,0.865338,1.852539,0.596992,0.831503,1.783148,1.836434,1.850115,1.800621,1.453927,1.204305,1.533267,0.702611,1.861803,1.774049,1.784613,1.788439,1.861385,1.806878,1.660151,1.829771,1.794308
1.881848,1.496072,0.720605,0.188214,0.244782,0.165076,0.244684,1.290730,1.011152,1.907356,0.305462,1.131144,0.791795,1.699585,0.239117,0.627097,1.267501,1.962411,0.269530,0.343073,0.272476,0.318696,0.254498,0.639697,0.266508,1.952375,0.510808,0.561995,1.949487,0.372278,1.373864,0.239117,0.330855,1.846473,0.351665,0.793535,1.065437,1.844594,0.000000,0.087547,0.595446,1.446860,0.296485,0.287406,0.262994,0.984704,0.567897,0.500996,0.290129,1.812359,1.529039,0.372278,0.567897,1.934360,0.328006,0.284596,1.919136,0.704257,0.305124,1.020516,0.312484,1.977062,0.681420,1.539569,0.307243,0.328216,0.279965,0.885869,1.824677,0.251211,0.510808,0.302905,0.316343,0.322781,1.012039,1.114287,1.882959,0.292901,0.209963,1.951369,0.344322,1.936776,1.974810,0.325053,0.286147,0.243241,0.314064,0.958144,1.545459,0.780584,1.970374,0.354713,0.339027,0.323680,0.322781,0.264650,0.303474,0.556327,0.258195,0.297042
1.894594,1.520884,0.764129,0.212567,0.205804,0.205580,0.270660,1.321756,1.042438,1.894419,0.353036,1.134549,0.816572,1.682397,0.258574,0.665006,1.277654,1.959692,0.271980,0.371411,0.303245,0.317145,0.277074,0.601830,0.276340,1.957224,0.556139,0.594619,1.950486,0.413494,1.349755,0.258574,0.349239,1.834910,0.381303,0.833093,1.104985,1.856675,0.087547,0.000000,0.641269,1.477181,0.275063,0.316108,0.296790,1.022062,0.614102,0.540604,0.355893,1.818944,1.551508,0.413494,0.614102,1.940357,0.343689,0.273172,1.926850,0.747980,0.314096,1.062561,0.356760,1.971792,0.717946,1.564352,0.338556,0.377744,0.272618,0.931030,1.826908,0.269338,0.556139,0.328818,0.345708,0.352180,1.050987,1.145034,1.886712,0.324013,0.214421,1.941705,0.359764,1.941229,1.969543,0.344430,0.292324,0.251024,0.337108,1.001122,1.553780,0.823214,1.968199,0.355827,0.373365,0.356746,0.352180,0.261184,0.329028,0.589100,0.279654,0.329640
1.692326,1.198163,0.170172,0.504870,0.666498,0.501119,0.470305,0.899403,0.649470,1.900976,0.530205,1.204630,0.562542,1.719614,0.450799,0.287964,1.273691,1.889702,0.631759,0.429657,0.435134,0.638637,0.493391,1.040498,0.520757,1.833381,0.106487,0.344081,1.856791,0.266266,1.581176,0.450799,0.471384,1.859020,0.422559,0.484615,0.598817,1.645338,0.595446,0.641269,0.000000,1.120725,0.657136,0.431207,0.429780,0.539024,0.115100,0.200251,0.470373,1.644251,1.290194,0.266266,0.115100,1.810839,0.637765,0.690377,1.746951,0.327839,0.614556,0.577881,0.464079,1.928137,0.322148,1.218938,0.431482,0.481414,0.630881,0.354179,1.701868,0.506535,0.106487,0.483329,0.569620,0.413356,0.511949,0.710060,1.763716,0.416114,0.579705,1.925617,0.625334,1.803199,1.938684,0.602194,0.551069,0.549517,0.459461,0.690410,1.442344,0.236808,1.883993,0.621792,0.390751,0.399184,0.413356,0.607751,0.497255,0.293204,0.489541,0.426349
1.088408,0.941910,1.057278,1.383152,1.475336,1.377983,1.359031,0.725504,0.822532,1.487314,1.337811,1.322519,1.199370,1.437639,1.351092,1.117224,1.246458,1.396152,1.411132,1.275876,1.331552,1.379937,1.361458,1.596644,1.357576,1.257338,1.169382,1.176872,1.362010,1.262899,1.694280,1.351092,1.336717,1.492653,1.269102,0.935534,0.809625,1.059348,1.446860,1.477181,1.120725,0.000000,1.487992,1.316591,1.347110,0.894820,1.127125,1.185754,1.319567,1.032366,0.911295,1.262899,1.127125,1.259551,1.380240,1.473184,1.108720,1.017988,1.397982,0.808013,1.333950,1.457714,1.062047,0.744629,1.286247,1.314671,1.411252,0.920671,1.237436,1.365480,1.169382,1.298735,1.349788,1.292563,0.870156,0.823714,1.291242,1.317410,1.413529,1.484797,1.385088,1.259676,1.483232,1.331107,1.359890,1.389267,1.303364,0.780953,1.026457,1.007873,1.330785,1.400439,1.281475,1.290494,1.292563,1.404139,1.305759,1.212116,1.358724,1.318461
1.901126,1.549050,0.766461,0.309581,0.247118,0.337129,0.329338,1.347990,1.076149,1.885487,0.482264,1.206851,0.757689,1.663641,0.311694,0.690600,1.350822,1.957322,0.373865,0.426587,0.379699,0.362278,0.347544,0.584124,0.324914,1.960115,0.581621,0.620716,1.950756,0.453980,1.287078,0.311694,0.348694,1.806221,0.435940,0.828715,1.133001,1.851736,0.296485,0.275063,0.657136,1.487992,0.000000,0.383570,0.360280,1.019619,0.640314,0.559255,0.460934,1.803887,1.523488,0.453980,0.640314,1.961307,0.475261,0.343508,1.914488,0.787319,0.433325,1.047878,0.425689,1.961194,0.747517,1.569247,0.400159,0.454167,0.316646,0.944002,1.830069,0.330328,0.581621,0.410951,0.484585,0.419140,1.067482,1.146256,1.913401,0.371296,0.385847,1.937632,0.409656,1.944724,1.962172,0.380507,0.340116,0.303871,0.398517,1.037756,1.505556,0.839115,1.961472,0.339040,0.447724,0.425186,0.419140,0.305503,0.377900,0.552032,0.335750,0.411727
1.848434,1.404284,0.565047,0.186798,0.385458,0.197723,0.168263,1.151272,0.832962,1.922577,0.272985,1.114507,0.734391,1.721214,0.213394,0.463269,1.234125,1.962334,0.272455,0.114186,0.092525,0.313602,0.124228,0.765749,0.127542,1.929590,0.339305,0.420913,1.936123,0.203431,1.475876,0.213394,0.192194,1.874366,0.127490,0.604177,0.902085,1.804273,0.287406,0.316108,0.431207,1.316591,0.383570,0.000000,0.147351,0.842163,0.389140,0.338443,0.257575,1.773644,1.475665,0.203431,0.389140,1.905161,0.320686,0.355514,1.884788,0.522647,0.270592,0.842040,0.228267,1.983286,0.502463,1.430133,0.176311,0.252696,0.257382,0.719065,1.805920,0.114283,0.339305,0.183617,0.278666,0.067107,0.856424,0.970282,1.844139,0.143884,0.252805,1.960486,0.333827,1.910744,1.988566,0.353793,0.168652,0.164438,0.091925,0.802922,1.531575,0.618561,1.959351,0.311740,0.097950,0.067011,0.067107,0.233477,0.208187,0.439380,0.108621,0.085466
