0.000000,1.097645,1.652509,1.898374,1.922742,1.887821,1.891763,1.193588,1.448080,0.871376,1.869034,1.662387,1.678188,1.117522,1.880369,1.707232,1.560211,0.618027,1.922988,1.861801,1.872052,1.930766,1.892215,1.907612,1.899915,0.518436,1.773382,1.741193,0.606398,1.833320,1.565927,1.880369,1.900457,0.995647,1.857014,1.642624,1.403944,0.271189,1.906164,1.919855,1.728695,0.967510,1.934014,1.873615,1.881256,1.411660,1.741971,1.775602,1.853388,0.655639,0.705938,1.833320,1.741971,0.497309,1.900035,1.902721,0.479940,1.666063,1.914977,1.482865,1.877903,0.668607,1.699456,0.945886,1.897425,1.856098,1.924123,1.554581,0.677893,1.901002,1.773382,1.897328,1.884965,1.861031,1.438120,1.381235,0.726715,1.875689,1.906117,0.777922,1.893395,0.527116,0.665765,1.889156,1.905425,1.912851,1.874927,1.521720,1.175324,1.604649,0.578135,1.939434,1.847854,1.857180,1.861031,1.913964,1.910166,1.735111,1.897057,1.864782
1.097645,0.000000,1.062820,1.408406,1.518208,1.400192,1.385717,0.621566,0.804324,1.458480,1.352759,1.301915,1.274129,1.438691,1.383294,1.097566,1.220265,1.367436,1.475437,1.342734,1.353431,1.497217,1.404548,1.698416,1.425471,1.284744,1.184247,1.169980,1.288411,1.285422,1.824725,1.383294,1.418728,1.533480,1.333618,1.077931,0.702626,1.077784,1.465812,1.497881,1.132502,0.702696,1.524478,1.365783,1.387083,0.822848,1.128477,1.226682,1.333200,1.099255,1.028660,1.285422,1.128477,1.131085,1.425596,1.457252,1.160663,0.998263,1.463351,0.927495,1.390669,1.401295,1.133248,0.767942,1.402128,1.327906,1.481104,0.883353,1.122461,1.429301,1.184247,1.395424,1.393966,1.334409,0.792587,0.840776,1.137532,1.346645,1.444161,1.462979,1.413649,1.181980,1.448294,1.505479,1.429398,1.457102,1.369777,0.914826,1.395023,0.979996,1.306611,1.533651,1.316056,1.331739,1.334409,1.463552,1.421974,1.128837,1.422705,1.348691
1.652509,1.062820,0.000000,0.687194,0.815351,0.671379,0.650433,0.783332,0.631039,1.843376,0.658931,1.115098,0.498771,1.701989,0.614183,0.309188,1.118573,1.857375,0.805286,0.569140,0.609017,0.866571,0.675687,1.172659,0.670142,1.802184,0.282238,0.369796,1.837006,0.433167,1.654840,0.614183,0.657757,1.815425,0.558847,0.474601,0.520184,1.664922,0.756602,0.805228,0.185053,1.167129,0.819520,0.596025,0.599920,0.503864,0.261736,0.303231,0.604076,1.562853,1.343927,0.433167,0.261736,1.743887,0.763793,0.832406,1.654581,0.342142,0.825670,0.486969,0.636428,1.888724,0.359617,1.106407,0.658527,0.610456,0.770381,0.290893,1.637432,0.687625,0.282238,0.676501,0.702553,0.571472,0.411918,0.570835,1.692833,0.596102,0.737705,1.882305,0.743324,1.716242,1.898181,0.803961,0.684768,0.721564,0.605546,0.621968,1.437312,0.139757,1.811991,0.835060,0.554794,0.564852,0.571472,0.736076,0.706195,0.318757,0.677817,0.603341
1.898374,1.408406,0.687194,0.000000,0.253246,0.085028,0.082629,1.254716,0.973955,1.918119,0.283895,0.907955,0.818004,1.759115,0.137518,0.573543,1.011060,1.971589,0.207686,0.223947,0.202064,0.346440,0.187796,0.720450,0.194085,1.972259,0.446018,0.511968,1.948965,0.310425,1.472305,0.137518,0.197186,1.858627,0.230878,0.688967,1.027287,1.896104,0.185733,0.208175,0.547005,1.523370,0.266838,0.201572,0.192828,1.007093,0.502344,0.436353,0.266643,1.816343,1.651368,0.310425,0.502344,1.922048,0.282781,0.308315,1.904056,0.640185,0.277350,0.943927,0.208301,1.977391,0.599027,1.536445,0.223912,0.286077,0.210889,0.836136,1.845011,0.174728,0.446018,0.249012,0.268621,0.229664,0.988737,1.070098,1.865279,0.141506,0.201550,1.960924,0.333458,1.927267,1.982819,0.379625,0.190553,0.180328,0.206317,0.937634,1.608495,0.746526,1.967027,0.328587,0.256134,0.240463,0.229664,0.192943,0.252619,0.558985,0.181052,0.226994
1.922742,1.518208,0.815351,0.253246,0.000000,0.271528,0.304361,1.374400,1.117792,1.873029,0.433766,0.946792,0.820264,1.697267,0.259248,0.718009,1.076565,1.961363,0.284399,0.411752,0.403623,0.369240,0.365695,0.540531,0.306657,1.973306,0.601251,0.637628,1.960071,0.472390,1.334455,0.259248,0.301101,1.785676,0.423357,0.818842,1.171825,1.926270,0.220806,0.196145,0.691603,1.614118,0.201788,0.386734,0.361395,1.124971,0.665693,0.577805,0.415649,1.815199,1.701024,0.472390,0.665693,1.957918,0.398196,0.380363,1.901786,0.811737,0.392395,1.088361,0.387593,1.961502,0.752012,1.586729,0.344676,0.432567,0.261203,0.982489,1.855908,0.321811,0.601251,0.383576,0.411337,0.425672,1.120740,1.177575,1.916148,0.360773,0.309669,1.928251,0.401575,1.950580,1.954596,0.317366,0.299218,0.280713,0.380666,1.059507,1.524380,0.887810,1.964643,0.285796,0.462464,0.438390,0.425672,0.280260,0.354434,0.671608,0.338914,0.433878
1.887821,1.400192,0.671379,0.085028,0.271528,0.000000,0.128069,1.232472,0.951729,1.921642,0.269806,0.898568,0.812846,1.765317,0.140921,0.557868,0.994364,1.970321,0.236710,0.218442,0.190481,0.373802,0.177261,0.748076,0.204754,1.967881,0.432331,0.499461,1.945286,0.303272,1.486265,0.140921,0.208729,1.862991,0.224089,0.659485,1.007341,1.887992,0.155878,0.194707,0.532703,1.502832,0.306761,0.197014,0.192959,0.988750,0.485897,0.425864,0.223746,1.811242,1.634529,0.303272,0.485897,1.912941,0.302647,0.325411,1.898079,0.621613,0.298444,0.918043,0.204441,1.976327,0.584477,1.515816,0.235366,0.255667,0.222406,0.818545,1.845217,0.178017,0.432331,0.265397,0.272209,0.220827,0.970624,1.048940,1.861066,0.160290,0.190509,1.962912,0.324447,1.922857,1.982005,0.382832,0.204109,0.190952,0.203052,0.922057,1.604774,0.729294,1.962438,0.349338,0.242596,0.230857,0.220827,0.198579,0.273125,0.561678,0.181439,0.216433
1.891763,1.385717,0.650433,0.082629,0.304361,0.128069,0.000000,1.228750,0.944601,1.920504,0.285943,0.921897,0.803010,1.764458,0.145060,0.542428,1.018438,1.970445,0.222513,0.191583,0.174001,0.359261,0.174347,0.748767,0.190503,1.967946,0.406227,0.486321,1.944058,0.269934,1.500212,0.145060,0.188470,1.866749,0.197071,0.670910,0.995371,1.888246,0.236901,0.264274,0.507341,1.501258,0.289093,0.172333,0.155586,0.977108,0.463886,0.398188,0.262453,1.812977,1.638317,0.269934,0.463886,1.915734,0.288152,0.326829,1.898093,0.604164,0.281014,0.910223,0.165739,1.978958,0.558767,1.519332,0.209129,0.270441,0.233145,0.800140,1.838585,0.172719,0.406227,0.223795,0.271368,0.195165,0.956324,1.040594,1.849183,0.088257,0.233806,1.961358,0.335055,1.919057,1.986408,0.404420,0.190847,0.191085,0.180836,0.914709,1.612790,0.710370,1.964428,0.341894,0.218710,0.204442,0.195165,0.210320,0.239304,0.520663,0.170455,0.193593
1.193588,0.621566,0.783332,1.254716,1.374400,1.232472,1.228750,0.000000,0.503207,1.579023,1.201295,1.191650,1.066725,1.518451,1.211600,0.808422,1.101663,1.516033,1.336713,1.154472,1.171872,1.373504,1.230740,1.625814,1.257249,1.427176,0.953133,0.889151,1.436562,1.080513,1.813674,1.211600,1.254634,1.613913,1.141716,0.800568,0.370414,1.211028,1.318762,1.358133,0.888818,0.737763,1.391910,1.187710,1.206675,0.488350,0.880543,0.993285,1.166105,1.169205,1.057637,1.080513,0.880543,1.275217,1.295721,1.308643,1.271491,0.763667,1.332553,0.614210,1.216541,1.554262,0.846721,0.711182,1.245536,1.164352,1.329628,0.597078,1.224812,1.263296,0.953133,1.244962,1.238568,1.154520,0.430913,0.418512,1.309041,1.175736,1.288092,1.597976,1.280702,1.320870,1.572928,1.339500,1.262401,1.297556,1.187978,0.761539,1.377957,0.672134,1.432852,1.403475,1.128927,1.150917,1.154520,1.299971,1.279819,0.936440,1.251966,1.171406
1.448080,0.804324,0.631039,0.973955,1.117792,0.951729,0.944601,0.503207,0.000000,1.732919,0.916254,0.965883,1.005488,1.631941,0.939548,0.583944,0.903622,1.705630,1.050035,0.862200,0.877117,1.094502,0.936385,1.418415,0.974666,1.651309,0.713493,0.657447,1.628559,0.814539,1.805742,0.939548,0.968550,1.750721,0.848498,0.488171,0.442847,1.449919,1.052174,1.089753,0.677059,0.882246,1.138572,0.899482,0.922689,0.480434,0.645254,0.748195,0.885323,1.427678,1.252827,0.814539,0.645254,1.497473,1.005919,1.010068,1.532732,0.572020,1.043547,0.491490,0.934702,1.727768,0.640873,1.011289,0.968937,0.869205,1.038968,0.509421,1.471413,0.973395,0.713493,0.956525,0.952488,0.864474,0.475089,0.400899,1.477956,0.884540,1.014848,1.756041,0.986314,1.556622,1.752925,1.065878,0.970739,1.009376,0.895368,0.650358,1.490971,0.530686,1.648695,1.121744,0.838125,0.863239,0.864474,1.010550,1.000003,0.738968,0.963853,0.878722
0.871376,1.458480,1.843376,1.918119,1.873029,1.921642,1.920504,1.579023,1.732919,0.000000,1.930514,1.681106,1.761689,0.477822,1.917873,1.847857,1.679036,0.605106,1.895408,1.926990,1.931737,1.865824,1.929484,1.699567,1.910770,0.639228,1.901079,1.846705,0.746604,1.919319,1.159658,1.917873,1.911737,0.448370,1.927197,1.848812,1.741648,0.867445,1.915848,1.911253,1.885540,1.440896,1.879132,1.933362,1.929571,1.707283,1.892528,1.894581,1.934892,0.844348,1.341396,1.919319,1.892528,0.834319,1.911928,1.890693,0.763498,1.887543,1.910159,1.787610,1.933454,0.596193,1.865147,1.316727,1.918305,1.931371,1.905109,1.816752,0.746613,1.926161,1.901079,1.916027,1.919985,1.933528,1.734570,1.663667,0.899423,1.923682,1.919797,0.260979,1.915084,0.727414,0.487605,1.854051,1.909561,1.916695,1.922612,1.790716,1.048959,1.823807,0.709413,1.882829,1.939283,1.938535,1.933528,1.912407,1.909617,1.856840,1.928657,1.942776
1.869034,1.352759,0.658931,0.283895,0.433766,0.269806,0.285943,1.201295,0.916254,1.930514,0.000000,0.880237,0.827432,1.785095,0.307990,0.576092,0.958434,1.961613,0.339025,0.281963,0.249142,0.446206,0.264363,0.832360,0.298855,1.957249,0.423971,0.543999,1.931906,0.306288,1.541681,0.307990,0.279504,1.886714,0.284208,0.649951,0.959493,1.867940,0.300783,0.335035,0.515665,1.465473,0.462019,0.254191,0.263003,0.979978,0.473236,0.442723,0.194909,1.811830,1.601918,0.306288,0.473236,1.887992,0.228598,0.407465,1.893760,0.566208,0.338443,0.885411,0.307748,1.962464,0.616890,1.493928,0.270294,0.235794,0.330299,0.776516,1.844255,0.268591,0.423971,0.302971,0.171693,0.259523,0.941221,1.039069,1.828100,0.264820,0.209058,1.961447,0.295011,1.907412,1.978296,0.462836,0.296994,0.287966,0.280482,0.900183,1.615377,0.714710,1.936507,0.399472,0.271168,0.261304,0.259523,0.316136,0.307706,0.571878,0.274264,0.255746
1.662387,1.301915,1.115098,0.907955,0.946792,0.898568,0.921897,1.191650,0.965883,1.681106,0.880237,0.000000,1.312512,1.540408,0.929507,0.986900,0.268040,1.744358,0.910974,0.936608,0.914270,0.939435,0.915218,1.146707,0.949742,1.743668,0.994133,0.969334,1.664401,0.953527,1.539460,0.929507,0.955104,1.682202,0.933718,0.927631,1.144079,1.679736,0.925359,0.929964,1.035661,1.345534,1.016843,0.945548,0.935937,1.190989,0.990647,1.025961,0.902748,1.622893,1.619961,0.953527,0.990647,1.624168,0.895961,0.873202,1.750259,0.994084,0.891738,1.176359,0.945696,1.711582,0.992088,1.496255,0.970659,0.922982,0.914948,1.112231,1.621095,0.933545,0.994133,0.948616,0.885419,0.938675,1.174031,1.170132,1.620034,0.913824,0.900570,1.723387,0.960361,1.721585,1.722177,0.869596,0.931838,0.938876,0.937666,1.024098,1.525523,1.096026,1.720840,0.989154,0.939609,0.947136,0.938675,0.917598,0.969488,1.082974,0.934215,0.934544
1.678188,1.274129,0.498771,0.818004,0.820264,0.812846,0.803010,1.066725,1.005488,1.761689,0.827432,1.312512,0.000000,1.599081,0.732617,0.668748,1.347047,1.837034,0.912242,0.769501,0.813754,0.944516,0.845409,1.055316,0.785178,1.781040,0.594757,0.664042,1.865827,0.653978,1.429263,0.732617,0.763297,1.681680,0.769096,0.776475,0.860683,1.708445,0.832035,0.864972,0.554733,1.354230,0.818565,0.774018,0.759908,0.805881,0.629003,0.575205,0.782198,1.527056,1.385962,0.653978,0.629003,1.815596,0.890173,0.968858,1.604889,0.728419,0.958903,0.814547,0.808000,1.857940,0.708007,1.166301,0.775981,0.794203,0.854989,0.675249,1.644097,0.819182,0.594757,0.818801,0.851958,0.779428,0.731937,0.842063,1.776963,0.784444,0.851460,1.817318,0.851582,1.727052,1.842238,0.834703,0.803554,0.823274,0.783553,0.906826,1.246453,0.590656,1.792601,0.856258,0.788152,0.776299,0.779428,0.838141,0.813051,0.531676,0.820221,0.815449
1.117522,1.438691,1.701989,1.759115,1.697267,1.765317,1.764458,1.518451,1.631941,0.477822,1.785095,1.540408,1.599081,0.000000,1.757235,1.688134,1.588583,0.954056,1.740862,1.776879,1.784427,1.707762,1.782794,1.527020,1.746760,0.993385,1.748051,1.675604,1.057594,1.762599,1.021765,1.757235,1.743886,0.524624,1.778168,1.701916,1.654790,1.137709,1.759812,1.757260,1.739850,1.498520,1.710548,1.783945,1.779717,1.596629,1.743581,1.743505,1.788695,0.881411,1.477595,1.762599,1.743581,1.137608,1.764792,1.740741,0.959837,1.762423,1.771893,1.686407,1.795886,0.952699,1.727298,1.298759,1.765675,1.789506,1.742161,1.697325,0.861719,1.772540,1.748051,1.765802,1.772157,1.786510,1.623925,1.546441,1.198448,1.767197,1.769780,0.702380,1.774556,1.009322,0.858466,1.683204,1.744889,1.758070,1.769940,1.699381,0.965816,1.689398,1.022587,1.717406,1.800389,1.795786,1.786510,1.752858,1.755385,1.688115,1.778201,1.806528
1.880369,1.383294,0.614183,0.137518,0.259248,0.140921,0.145060,1.211600,0.939548,1.917873,0.307990,0.929507,0.732617,1.757235,0.000000,0.522761,1.020411,1.969729,0.294906,0.221813,0.230805,0.410830,0.239154,0.746682,0.217976,1.963555,0.382626,0.463466,1.950160,0.255870,1.487303,0.000000,0.212825,1.856651,0.227009,0.642368,0.976101,1.883983,0.221882,0.252923,0.476387,1.485945,0.293440,0.210825,0.184174,0.951814,0.446193,0.372328,0.248530,1.791046,1.619231,0.255870,0.446193,1.919711,0.347033,0.368790,1.878394,0.589056,0.362676,0.896941,0.218340,1.977561,0.549088,1.487344,0.234911,0.265788,0.262779,0.775719,1.838507,0.221324,0.382626,0.271776,0.319912,0.232118,0.929992,1.013480,1.863745,0.167480,0.264149,1.961130,0.341768,1.917755,1.982164,0.385129,0.223101,0.229681,0.217943,0.887964,1.561329,0.683175,1.956579,0.358456,0.257209,0.240081,0.232118,0.239843,0.278819,0.486047,0.225174,0.247713
1.707232,1.097566,0.309188,0.573543,0.718009,0.557868,0.542428,0.808422,0.583944,1.847857,0.576092,0.986900,0.668748,1.688134,0.522761,0.000000,1.022169,1.887226,0.681066,0.459737,0.485865,0.735977,0.555537,1.092375,0.565417,1.843241,0.269951,0.119529,1.849241,0.384382,1.638477,0.522761,0.566121,1.812385,0.447346,0.434400,0.584178,1.710838,0.673691,0.718067,0.290258,1.233680,0.728071,0.501574,0.522503,0.540771,0.201947,0.309399,0.538373,1.607299,1.456988,0.384382,0.201947,1.767613,0.663734,0.685690,1.721427,0.351778,0.709041,0.556168,0.558479,1.907154,0.326776,1.197847,0.566809,0.537443,0.660953,0.401477,1.648805,0.583530,0.269951,0.572866,0.602018,0.471882,0.513713,0.587346,1.729591,0.482120,0.639391,1.897211,0.662719,1.767967,1.914998,0.716080,0.570880,0.617116,0.492910,0.698547,1.496365,0.293822,1.843175,0.747772,0.455846,0.474369,0.471882,0.627448,0.610380,0.355570,0.574035,0.503204
1.560211,1.220265,1.118573,1.011060,1.076565,0.994364,1.018438,1.101663,0.903622,1.679036,0.958434,0.268040,1.347047,1.588583,1.020411,1.022169,0.000000,1.693834,1.030468,1.014110,0.994974,1.074099,1.005351,1.301210,1.055321,1.667720,1.035766,1.026253,1.594589,1.017756,1.635151,1.020411,1.061256,1.710526,1.008411,0.926284,1.075229,1.583386,1.028179,1.037871,1.057658,1.213885,1.140305,1.026285,1.017736,1.147026,1.020954,1.068989,0.972469,1.586450,1.504454,1.017756,1.020954,1.523189,0.997377,0.986558,1.690033,0.984831,0.996557,1.125221,1.019137,1.662188,1.003619,1.417379,1.062122,0.991286,1.032269,1.082144,1.581743,1.030784,1.035766,1.041553,0.972899,1.013612,1.126115,1.122578,1.512880,1.002519,0.998492,1.695890,1.052107,1.636006,1.678366,0.986048,1.041248,1.046016,1.024193,0.963712,1.538960,1.086092,1.653510,1.118033,1.003006,1.016399,1.013612,1.026019,1.070174,1.127883,1.027693,1.003193
0.618027,1.367436,1.857375,1.971589,1.961363,1.970321,1.970445,1.516033,1.705630,0.605106,1.961613,1.744358,1.837034,0.954056,1.969729,1.887226,1.693834,0.000000,1.967758,1.967789,1.967385,1.951164,1.971872,1.852412,1.975509,0.430577,1.928871,1.904343,0.400257,1.958197,1.390335,1.969729,1.974261,0.789536,1.966665,1.848524,1.682824,0.580098,1.967998,1.967017,1.905053,1.266853,1.965542,1.970813,1.973131,1.688428,1.911693,1.929700,1.958951,0.804507,1.113721,1.958197,1.911693,0.528281,1.965068,1.956445,0.579082,1.865512,1.961813,1.751501,1.967733,0.397937,1.877971,1.249633,1.968587,1.956105,1.974359,1.790865,0.732363,1.975113,1.928871,1.964614,1.965447,1.966464,1.710334,1.662300,0.730213,1.967581,1.970890,0.470283,1.957054,0.552214,0.351033,1.949434,1.973967,1.976558,1.969923,1.724337,1.232443,1.828029,0.447486,1.966251,1.961404,1.965092,1.966464,1.974006,1.967730,1.897677,1.973801,1.965611
1.922988,1.475437,0.805286,0.207686,0.284399,0.236710,0.222513,1.336713,1.050035,1.895408,0.339025,0.910974,0.912242,1.740862,0.294906,0.681066,1.030468,1.967758,0.000000,0.312222,0.279792,0.264754,0.226634,0.638336,0.232236,1.976933,0.567792,0.613855,1.942937,0.429134,1.429952,0.294906,0.247512,1.834285,0.321974,0.788368,1.133382,1.914799,0.268502,0.258828,0.667431,1.589306,0.287894,0.286446,0.283373,1.104038,0.621744,0.548366,0.373133,1.850970,1.696185,0.429134,0.621744,1.932291,0.231370,0.288292,1.931397,0.760970,0.167234,1.037466,0.279299,1.965136,0.701026,1.597823,0.246692,0.372266,0.203080,0.953531,1.863224,0.213728,0.567792,0.265745,0.262443,0.318696,1.097040,1.153509,1.868162,0.267876,0.217958,1.939006,0.350479,1.942703,1.972959,0.361025,0.219014,0.190861,0.276082,1.043566,1.625370,0.861852,1.968049,0.281127,0.347844,0.332695,0.318696,0.214253,0.243989,0.687288,0.222060,0.307513
1.861801,1.342734,0.569140,0.223947,0.411752,0.218442,0.191583,1.154472,0.862200,1.926990,0.281963,0.936608,0.769501,1.776879,0.221813,0.459737,1.014110,1.967789,0.312222,0.000000,0.131409,0.407808,0.160380,0.837598,0.158011,1.956311,0.325311,0.416128,1.934919,0.207918,1.549483,0.221813,0.206291,1.880818,0.021950,0.574310,0.919191,1.865231,0.333026,0.367307,0.423561,1.446690,0.403783,0.085296,0.161936,0.901934,0.375518,0.320968,0.254520,1.795677,1.596889,0.207918,0.375518,1.897677,0.316101,0.368234,1.882275,0.529919,0.339977,0.818672,0.187716,1.978228,0.498216,1.465836,0.229814,0.244453,0.271684,0.718002,1.833238,0.171283,0.325311,0.227819,0.280760,0.066417,0.878579,0.955380,1.829316,0.146780,0.287638,1.962707,0.345077,1.904364,1.987749,0.454481,0.174754,0.213939,0.056501,0.863346,1.608205,0.627854,1.948841,0.386907,0.101453,0.090289,0.066417,0.239048,0.258670,0.478479,0.164305,0.122283
1.872052,1.353431,0.609017,0.202064,0.403623,0.190481,0.174001,1.171872,0.877117,1.931737,0.249142,0.914270,0.813754,1.784427,0.230805,0.485865,0.994974,1.967385,0.279792,0.131409,0.000000,0.393245,0.089334,0.834392,0.188797,1.958651,0.362238,0.440490,1.932215,0.237321,1.548543,0.230805,0.189620,1.884896,0.134588,0.601788,0.939855,1.871489,0.305388,0.337179,0.467725,1.456797,0.405843,0.101640,0.154699,0.925368,0.406886,0.359841,0.241364,1.806420,1.614191,0.237321,0.406886,1.893188,0.288904,0.341173,1.893049,0.547307,0.297063,0.834816,0.180945,1.973572,0.520555,1.482371,0.215549,0.252926,0.259247,0.748637,1.834054,0.147568,0.362238,0.215000,0.244401,0.110645,0.906257,0.982452,1.831349,0.135439,0.245534,1.967127,0.347168,1.908244,1.988860,0.451195,0.185853,0.195605,0.127828,0.875955,1.628767,0.661842,1.949310,0.376986,0.111879,0.112684,0.110645,0.223387,0.251659,0.518801,0.131089,0.079747
1.930766,1.497217,0.866571,0.346440,0.369240,0.373802,0.359261,1.373504,1.094502,1.865824,0.446206,0.939435,0.944516,1.707762,0.410830,0.735977,1.074099,1.951164,0.264754,0.407808,0.393245,0.000000,0.342417,0.625829,0.327665,1.961852,0.639428,0.669142,1.928530,0.511896,1.409859,0.410830,0.345124,1.810272,0.417891,0.833220,1.181898,1.918226,0.396465,0.378013,0.734404,1.606179,0.372925,0.394865,0.392395,1.160128,0.691005,0.618995,0.478672,1.849938,1.722645,0.511896,0.691005,1.931158,0.347284,0.313411,1.930611,0.833081,0.315779,1.087501,0.398905,1.948940,0.789312,1.621111,0.308548,0.467550,0.285050,1.009099,1.858120,0.322882,0.639428,0.272236,0.391911,0.422737,1.147736,1.197503,1.858810,0.387931,0.354370,1.910346,0.421842,1.942321,1.955337,0.411823,0.309270,0.292747,0.373126,1.098027,1.617397,0.922296,1.960184,0.293674,0.452575,0.438178,0.422737,0.311212,0.243559,0.757723,0.335804,0.418353
1.892215,1.404548,0.675687,0.187796,0.365695,0.177261,0.174347,1.230740,0.936385,1.929484,0.264363,0.915218,0.845409,1.782794,0.239154,0.555537,1.005351,1.971872,0.226634,0.160380,0.089334,0.342417,0.000000,0.787640,0.155022,1.967560,0.431022,0.503695,1.938207,0.294053,1.518462,0.239154,0.169956,1.879370,0.169864,0.652421,1.007921,1.891794,0.272308,0.293759,0.534282,1.498920,0.363056,0.121857,0.160582,0.989916,0.480201,0.420796,0.262806,1.827474,1.641123,0.294053,0.480201,1.908888,0.263803,0.308502,1.910937,0.620627,0.245991,0.896469,0.171813,1.975306,0.581138,1.524148,0.206819,0.271661,0.198134,0.819202,1.855617,0.096143,0.431022,0.199630,0.237175,0.150970,0.973918,1.040668,1.846041,0.167924,0.212944,1.964757,0.331970,1.924573,1.987958,0.420667,0.148094,0.138145,0.132511,0.932834,1.637056,0.732082,1.957449,0.325209,0.168467,0.158505,0.150970,0.166620,0.226208,0.582186,0.076320,0.120637
1.907612,1.698416,1.172659,0.720450,0.540531,0.748076,0.748767,1.625814,1.418415,1.699567,0.832360,1.146707,1.055316,1.527020,0.746682,1.092375,1.301210,1.852412,0.638336,0.837598,0.834392,0.625829,0.787640,0.000000,0.716146,1.896588,1.006647,1.008275,1.887094,0.897909,1.067275,0.746682,0.714324,1.577379,0.850566,1.182886,1.490607,1.905020,0.680455,0.644420,1.079027,1.788405,0.562481,0.816761,0.793770,1.405077,1.065621,0.969120,0.849205,1.792962,1.766477,0.897909,1.065621,1.948743,0.736119,0.716296,1.851944,1.201249,0.728281,1.413852,0.807819,1.848843,1.138321,1.702175,0.742384,0.843029,0.663937,1.332672,1.804853,0.744669,1.006647,0.762480,0.787873,0.852266,1.435073,1.447929,1.909869,0.798214,0.725244,1.772086,0.731896,1.919191,1.820992,0.611426,0.712664,0.693214,0.799626,1.385930,1.419690,1.242705,1.895652,0.568616,0.890614,0.866650,0.852266,0.701507,0.716240,1.022820,0.763566,0.861617
1.899915,1.425471,0.670142,0.194085,0.306657,0.204754,0.190503,1.257249,0.974666,1.910770,0.298855,0.949742,0.785178,1.746760,0.217976,0.565417,1.055321,1.975509,0.232236,0.158011,0.188797,0.327665,0.155022,0.716146,0.000000,1.973692,0.430189,0.503436,1.954016,0.293577,1.465783,0.217976,0.129997,1.846858,0.176376,0.670306,1.033983,1.905262,0.269122,0.289128,0.529603,1.532295,0.301506,0.136346,0.186397,1.002091,0.491135,0.417132,0.294242,1.813385,1.652723,0.293577,0.491135,1.934871,0.275439,0.335524,1.902251,0.650392,0.296155,0.926695,0.223919,1.980381,0.608674,1.525251,0.204555,0.294758,0.168925,0.831387,1.853824,0.112393,0.430189,0.213326,0.269070,0.170347,0.986812,1.052895,1.871851,0.195826,0.240232,1.954693,0.324179,1.934711,1.984800,0.384906,0.075640,0.113362,0.113243,0.964625,1.588692,0.739759,1.961939,0.264968,0.221618,0.191445,0.170347,0.156343,0.208925,0.549841,0.124043,0.205131
0.518436,1.284744,1.802184,1.972259,1.973306,1.967881,1.967946,1.427176,1.651309,0.639228,1.957249,1.743668,1.781040,0.993385,1.963555,1.843241,1.667720,0.430577,1.976933,1.956311,1.958651,1.961852,1.967560,1.896588,1.973692,0.000000,1.893787,1.867754,0.459936,1.934629,1.428812,1.963555,1.973660,0.821403,1.954126,1.814971,1.607092,0.511653,1.972577,1.975547,1.859997,1.152295,1.974853,1.961564,1.963113,1.617474,1.872765,1.896817,1.952532,0.769270,1.018141,1.934629,1.872765,0.432905,1.972218,1.961722,0.540471,1.820874,1.971355,1.670525,1.960265,0.416610,1.825150,1.148952,1.966260,1.951461,1.980820,1.727683,0.634984,1.973093,1.893787,1.961212,1.965818,1.955867,1.633676,1.591286,0.630916,1.959557,1.971878,0.513708,1.957747,0.382530,0.408814,1.940489,1.975167,1.977534,1.961883,1.665090,1.207445,1.768670,0.414906,1.977347,1.947427,1.953116,1.955867,1.979431,1.966696,1.858444,1.970765,1.954913
1.773382,1.184247,0.282238,0.446018,0.601251,0.432331,0.406227,0.953133,0.713493,1.901079,0.423971,0.994133,0.594757,1.748051,0.382626,0.269951,1.035766,1.928871,0.567792,0.325311,0.362238,0.639428,0.431022,1.006647,0.430189,1.893787,0.000000,0.284872,1.901498,0.176378,1.614993,0.382626,0.422801,1.865101,0.315551,0.460849,0.684217,1.779266,0.526198,0.575374,0.124622,1.300428,0.607600,0.350367,0.353797,0.683111,0.106691,0.160515,0.372733,1.692709,1.482342,0.176378,0.106691,1.830785,0.530914,0.607556,1.784566,0.317338,0.589975,0.622838,0.402223,1.945414,0.341193,1.285569,0.424104,0.382672,0.533405,0.450987,1.741608,0.445816,0.000000,0.436837,0.468856,0.323588,0.625807,0.751749,1.770231,0.348301,0.496751,1.941347,0.518835,1.821879,1.959093,0.606085,0.445031,0.482169,0.362940,0.694863,1.522890,0.353684,1.890758,0.611069,0.313737,0.320208,0.323588,0.499706,0.469452,0.279719,0.435729,0.360044
1.741193,1.169980,0.369796,0.511968,0.637628,0.499461,0.486321,0.889151,0.657447,1.846705,0.543999,0.969334,0.664042,1.675604,0.463466,0.119529,1.026253,1.904343,0.613855,0.416128,0.440490,0.669142,0.503695,1.008275,0.503436,1.867754,0.284872,0.000000,1.873304,0.357751,1.586509,0.463466,0.503209,1.797255,0.405813,0.474128,0.686088,1.744853,0.614733,0.656014,0.330425,1.302840,0.655205,0.457272,0.475018,0.613160,0.252441,0.290145,0.510022,1.628479,1.498601,0.357751,0.252441,1.804405,0.615214,0.623003,1.747405,0.429147,0.657122,0.641384,0.516061,1.922880,0.360227,1.252156,0.515976,0.510711,0.594229,0.505342,1.670533,0.526449,0.284872,0.526656,0.558764,0.436347,0.608391,0.656524,1.771738,0.432502,0.585362,1.902503,0.621589,1.803174,1.924173,0.640968,0.505963,0.553014,0.441814,0.754835,1.485132,0.379786,1.868659,0.678286,0.427321,0.442281,0.436347,0.563391,0.559877,0.367578,0.519436,0.468583
0.606398,1.288411,1.837006,1.948965,1.960071,1.945286,1.944058,1.436562,1.628559,0.746604,1.931906,1.664401,1.865827,1.057594,1.950160,1.849241,1.594589,0.400257,1.942937,1.934919,1.932215,1.928530,1.938207,1.887094,1.954016,0.459936,1.901498,1.873304,0.000000,1.931389,1.484086,1.950160,1.957491,0.893872,1.932275,1.804124,1.616550,0.574703,1.954420,1.954726,1.878723,1.180829,1.962542,1.940955,1.945678,1.659991,1.875854,1.909088,1.927385,0.842489,1.086053,1.931389,1.875854,0.419590,1.934754,1.923565,0.673646,1.813640,1.923160,1.690664,1.935459,0.490250,1.823939,1.252631,1.949042,1.922395,1.954289,1.744926,0.741192,1.948381,1.901498,1.938865,1.933413,1.933126,1.662538,1.616320,0.661275,1.936615,1.948981,0.608184,1.932578,0.559819,0.479533,1.948306,1.951698,1.954797,1.940225,1.668075,1.364542,1.795302,0.529415,1.960228,1.924699,1.931604,1.933126,1.950705,1.944919,1.884058,1.945665,1.929522
1.833320,1.285422,0.433167,0.310425,0.472390,0.303272,0.269934,1.080513,0.814539,1.919319,0.306288,0.953527,0.653978,1.762599,0.255870,0.384382,1.017756,1.958197,0.429134,0.207918,0.237321,0.511896,0.294053,0.897909,0.293577,1.934629,0.176378,0.357751,1.931389,0.000000,1.567064,0.255870,0.281458,1.877304,0.202554,0.528793,0.824232,1.838186,0.394318,0.437962,0.274466,1.391435,0.473819,0.217985,0.191554,0.818578,0.260386,0.199131,0.269538,1.752470,1.550909,0.000000,0.260386,1.878107,0.393296,0.477514,1.842780,0.429281,0.453420,0.743198,0.266046,1.966612,0.416169,1.393324,0.300073,0.291324,0.387658,0.604999,1.797081,0.302321,0.176378,0.309886,0.340162,0.205221,0.773225,0.880144,1.812665,0.217944,0.358033,1.959199,0.411084,1.872125,1.980140,0.498654,0.305788,0.336199,0.236807,0.777250,1.557740,0.508124,1.927824,0.469312,0.208340,0.204179,0.205221,0.355592,0.343692,0.362265,0.293418,0.237701
1.565927,1.824725,1.654840,1.472305,1.334455,1.486265,1.500212,1.813674,1.805742,1.159658,1.541681,1.539460,1.429263,1.021765,1.487303,1.638477,1.635151,1.390335,1.429952,1.549483,1.548543,1.409859,1.518462,1.067275,1.465783,1.428812,1.614993,1.586509,1.484086,1.567064,0.000000,1.487303,1.465666,0.956359,1.557632,1.671401,1.810725,1.592696,1.424126,1.402356,1.641186,1.832684,1.346029,1.531530,1.522211,1.718964,1.646912,1.585324,1.556302,1.387186,1.648498,1.567064,1.646912,1.614196,1.481025,1.488757,1.424255,1.723719,1.472435,1.743527,1.539680,1.352188,1.637059,1.671023,1.491949,1.574436,1.429182,1.742874,1.376438,1.481058,1.614993,1.511059,1.507452,1.559566,1.755314,1.734525,1.688815,1.530704,1.460050,1.260349,1.505485,1.471130,1.281076,1.347069,1.466261,1.449453,1.528264,1.725507,1.204716,1.696669,1.446512,1.372246,1.582120,1.565261,1.559566,1.450358,1.479339,1.580379,1.492449,1.566564
1.880369,1.383294,0.614183,0.137518,0.259248,0.140921,0.145060,1.211600,0.939548,1.917873,0.307990,0.929507,0.732617,1.757235,0.000000,0.522761,1.020411,1.969729,0.294906,0.221813,0.230805,0.410830,0.239154,0.746682,0.217976,1.963555,0.382626,0.463466,1.950160,0.255870,1.487303,0.000000,0.212825,1.856651,0.227009,0.642368,0.976101,1.883983,0.221882,0.252923,0.476387,1.485945,0.293440,0.210825,0.184174,0.951814,0.446193,0.372328,0.248530,1.791046,1.619231,0.255870,0.446193,1.919711,0.347033,0.368790,1.878394,0.589056,0.362676,0.896941,0.218340,1.977561,0.549088,1.487344,0.234911,0.265788,0.262779,0.775719,1.838507,0.221324,0.382626,0.271776,0.319912,0.232118,0.929992,1.013480,1.863745,0.167480,0.264149,1.961130,0.341768,1.917755,1.982164,0.385129,0.223101,0.229681,0.217943,0.887964,1.561329,0.683175,1.956579,0.358456,0.257209,0.240081,0.232118,0.239843,0.278819,0.486047,0.225174,0.247713
1.900457,1.418728,0.657757,0.197186,0.301101,0.208729,0.188470,1.254634,0.968550,1.911737,0.279504,0.955104,0.763297,1.743886,0.212825,0.566121,1.061256,1.974261,0.247512,0.206291,0.189620,0.345124,0.169956,0.714324,0.129997,1.973660,0.422801,0.503209,1.957491,0.281458,1.465666,0.212825,0.000000,1.846034,0.218958,0.660283,1.026548,1.903048,0.259403,0.281818,0.522249,1.523101,0.301679,0.163989,0.183476,0.990777,0.487631,0.408436,0.280219,1.804854,1.646897,0.281458,0.487631,1.936885,0.271648,0.338941,1.895954,0.639495,0.305003,0.910141,0.240303,1.975770,0.611982,1.509076,0.186015,0.286245,0.176313,0.821723,1.847039,0.132021,0.422801,0.217847,0.262808,0.206214,0.977790,1.047132,1.877336,0.188555,0.232998,1.958176,0.308837,1.935650,1.985994,0.372367,0.117878,0.123147,0.178645,0.953461,1.571908,0.730092,1.958477,0.234726,0.245789,0.217648,0.206214,0.167338,0.210991,0.532392,0.145420,0.222987
0.995647,1.533480,1.815425,1.858627,1.785676,1.862991,1.866749,1.613913,1.750721,0.448370,1.886714,1.682202,1.681680,0.524624,1.856651,1.812385,1.710526,0.789536,1.834285,1.880818,1.884896,1.810272,1.879370,1.577379,1.846858,0.821403,1.865101,1.797255,0.893872,1.877304,0.956359,1.856651,1.846034,0.000000,1.882967,1.814132,1.758149,1.018186,1.847744,1.843211,1.857461,1.534559,1.797471,1.881447,1.883299,1.701660,1.861265,1.856831,1.888079,0.805649,1.383813,1.877304,1.861265,1.042146,1.860879,1.843571,0.805162,1.872825,1.864529,1.784450,1.892984,0.763995,1.838658,1.356316,1.863657,1.889765,1.838836,1.809376,0.774809,1.866085,1.865101,1.871617,1.871528,1.888327,1.733117,1.653403,1.203634,1.874047,1.866854,0.580086,1.864761,0.959901,0.616481,1.781151,1.846195,1.851175,1.872443,1.796738,0.958641,1.806300,0.867519,1.808239,1.899167,1.894140,1.888327,1.849014,1.857083,1.805534,1.871884,1.901317
1.857014,1.333618,0.558847,0.230878,0.423357,0.224089,0.197071,1.141716,0.848498,1.927197,0.284208,0.933718,0.769096,1.778168,0.227009,0.447346,1.008411,1.966665,0.321974,0.021950,0.134588,0.417891,0.169864,0.850566,0.176376,1.954126,0.315551,0.405813,1.932275,0.202554,1.557632,0.227009,0.218958,1.882967,0.000000,0.564051,0.905822,1.860014,0.342658,0.377961,0.413544,1.437846,0.415785,0.097965,0.167684,0.890596,0.363380,0.312729,0.255298,1.792699,1.591343,0.202554,0.363380,1.892872,0.321933,0.371810,1.879743,0.516928,0.345671,0.806463,0.191667,1.977038,0.487013,1.459405,0.238285,0.244097,0.285802,0.705632,1.829426,0.185404,0.315551,0.237116,0.284156,0.072813,0.865894,0.943285,1.824212,0.147921,0.295139,1.962423,0.351167,1.900444,1.987140,0.463631,0.190668,0.228973,0.075209,0.853510,1.609602,0.615279,1.946956,0.402147,0.098446,0.093914,0.072813,0.251833,0.270074,0.472841,0.177324,0.124993
1.642624,1.077931,0.474601,0.688967,0.818842,0.659485,0.670910,0.800568,0.488171,1.848812,0.649951,0.927631,0.776475,1.701916,0.642368,0.434400,0.926284,1.848524,0.788368,0.574310,0.601788,0.833220,0.652421,1.182886,0.670306,1.814971,0.460849,0.474128,1.804124,0.528793,1.671401,0.642368,0.660283,1.814132,0.564051,0.000000,0.612099,1.662193,0.748316,0.791016,0.454389,1.131308,0.854533,0.602217,0.631983,0.599939,0.425585,0.501700,0.593270,1.564702,1.373046,0.528793,0.425585,1.721499,0.742348,0.760308,1.681403,0.428740,0.793179,0.514157,0.656335,1.863774,0.521320,1.160439,0.671683,0.590106,0.737536,0.486284,1.647142,0.672830,0.460849,0.672212,0.682534,0.576320,0.583883,0.607961,1.705264,0.614316,0.730160,1.886944,0.716220,1.743924,1.882293,0.766301,0.669353,0.706189,0.605722,0.635006,1.492281,0.454060,1.796364,0.827521,0.561127,0.575531,0.576320,0.709479,0.708773,0.522575,0.667482,0.602553
1.403944,0.702626,0.520184,1.027287,1.171825,1.007341,0.995371,0.370414,0.442847,1.741648,0.959493,1.144079,0.860683,1.654790,0.976101,0.584178,1.075229,1.682824,1.133382,0.919191,0.939855,1.181898,1.007921,1.490607,1.033983,1.607092,0.684217,0.686088,1.616550,0.824232,1.810725,0.976101,1.026548,1.758149,0.905822,0.612099,0.000000,1.411964,1.096261,1.140911,0.616267,0.853769,1.178874,0.948140,0.968537,0.382411,0.608434,0.746175,0.921306,1.366499,1.150015,0.824232,0.608434,1.479579,1.071517,1.119756,1.456221,0.466898,1.125231,0.421722,0.984310,1.716141,0.624982,0.863210,1.009842,0.921401,1.117755,0.273395,1.426090,1.036392,0.684217,1.013182,1.009160,0.912516,0.197705,0.416502,1.457295,0.937857,1.064696,1.757643,1.054100,1.497607,1.741657,1.156234,1.043685,1.076376,0.959051,0.602091,1.454102,0.410857,1.606661,1.193079,0.885137,0.905264,0.912516,1.084056,1.049286,0.675841,1.024698,0.931367
0.271189,1.077784,1.664922,1.896104,1.926270,1.887992,1.888246,1.211028,1.449919,0.867445,1.867940,1.679736,1.708445,1.137709,1.883983,1.710838,1.583386,0.580098,1.914799,1.865231,1.871489,1.918226,1.891794,1.905020,1.905262,0.511653,1.779266,1.744853,0.574703,1.838186,1.592696,1.883983,1.903048,1.018186,1.860014,1.662193,1.411964,0.000000,1.909812,1.921377,1.737957,0.988744,1.936442,1.876995,1.882762,1.421458,1.747040,1.780756,1.856968,0.736232,0.712804,1.838186,1.747040,0.454045,1.894447,1.897541,0.536248,1.674640,1.906622,1.501891,1.878057,0.661580,1.703322,0.974800,1.892577,1.854202,1.927425,1.565270,0.669144,1.903386,1.779266,1.892013,1.881707,1.864454,1.451370,1.400659,0.655636,1.873225,1.903839,0.767106,1.884755,0.506886,0.674100,1.899001,1.909367,1.915264,1.877638,1.542281,1.247309,1.612822,0.591561,1.938170,1.849744,1.860528,1.864454,1.917816,1.904723,1.747337,1.898881,1.864784
1.906164,1.465812,0.756602,0.185733,0.220806,0.155878,0.236901,1.318762,1.052174,1.915848,0.300783,0.925359,0.832035,1.759812,0.221882,0.673691,1.028179,1.967998,0.268502,0.333026,0.305388,0.396465,0.272308,0.680455,0.269122,1.972577,0.526198,0.614733,1.954420,0.394318,1.424126,0.221882,0.259403,1.847744,0.342658,0.748316,1.096261,1.909812,0.000000,0.080989,0.619882,1.550211,0.287151,0.294280,0.279641,1.079900,0.588921,0.521483,0.264414,1.830822,1.653534,0.394318,0.588921,1.931929,0.328659,0.377528,1.908855,0.713728,0.332679,1.000029,0.296011,1.969109,0.689379,1.561080,0.292203,0.312429,0.239315,0.906746,1.867776,0.243828,0.526198,0.333185,0.315949,0.327292,1.061562,1.142173,1.883761,0.283604,0.192104,1.956931,0.323882,1.935835,1.973684,0.361448,0.270248,0.229758,0.310359,0.987788,1.583593,0.826405,1.962618,0.314807,0.355036,0.333800,0.327292,0.238573,0.318079,0.640338,0.256488,0.321742
1.919855,1.497881,0.805228,0.208175,0.196145,0.194707,0.264274,1.358133,1.089753,1.911253,0.335035,0.929964,0.864972,1.757260,0.252923,0.718067,1.037871,1.967017,0.258828,0.367307,0.337179,0.378013,0.293759,0.644420,0.289128,1.975547,0.575374,0.656014,1.954726,0.437962,1.402356,0.252923,0.281818,1.843211,0.377961,0.791016,1.140911,1.921377,0.080989,0.000000,0.668005,1.578462,0.270048,0.328871,0.307832,1.122052,0.637732,0.564668,0.318477,1.847550,1.678284,0.437962,0.637732,1.938417,0.334163,0.357598,1.921511,0.763084,0.324937,1.046127,0.322242,1.966982,0.729408,1.589897,0.311679,0.352644,0.233103,0.955339,1.879653,0.264340,0.575374,0.346679,0.334478,0.364601,1.106774,1.182816,1.889352,0.316641,0.198652,1.952200,0.333869,1.943034,1.969566,0.360794,0.283912,0.240421,0.339667,1.023695,1.591758,0.874020,1.965991,0.298818,0.393171,0.372016,0.364601,0.241621,0.325978,0.684549,0.278525,0.354496
1.728695,1.132502,0.185053,0.547005,0.691603,0.532703,0.507341,0.888818,0.677059,1.885540,0.515665,1.035661,0.554733,1.739850,0.476387,0.290258,1.057658,1.905053,0.667431,0.423561,0.467725,0.734404,0.534282,1.079027,0.529603,1.859997,0.124622,0.330425,1.878723,0.274466,1.641186,0.476387,0.522249,1.857461,0.413544,0.454389,0.616267,1.737957,0.619882,0.668005,0.000000,1.239692,0.696215,0.450631,0.449760,0.623516,0.150734,0.196895,0.462242,1.651806,1.426270,0.274466,0.150734,1.796872,0.623830,0.699998,1.740377,0.295708,0.684794,0.570233,0.490831,1.926803,0.331122,1.220430,0.521107,0.469744,0.632477,0.378155,1.711961,0.547278,0.124622,0.533486,0.563199,0.422854,0.546995,0.692958,1.735287,0.451096,0.594753,1.923181,0.606371,1.781553,1.939482,0.684167,0.545854,0.583034,0.462125,0.639527,1.491965,0.270414,1.862381,0.703727,0.409529,0.417398,0.422854,0.599755,0.564990,0.273003,0.537339,0.458028
0.967510,0.702696,1.167129,1.523370,1.614118,1.502832,1.501258,0.737763,0.882246,1.440896,1.465473,1.345534,1.354230,1.498520,1.485945,1.233680,1.213885,1.266853,1.589306,1.446690,1.456797,1.606179,1.498920,1.788405,1.532295,1.152295,1.300428,1.302840,1.180829,1.391435,1.832684,1.485945,1.523101,1.534559,1.437846,1.131308,0.853769,0.988744,1.550211,1.578462,1.239692,0.000000,1.623060,1.464519,1.479642,0.947750,1.253306,1.331310,1.433506,1.089492,0.905385,1.391435,1.253306,1.014642,1.542540,1.548458,1.086526,1.151754,1.568348,0.944502,1.480074,1.302572,1.204504,0.833436,1.509893,1.430948,1.569074,1.014057,1.132668,1.518971,1.300428,1.498126,1.509660,1.440937,0.923513,0.908864,1.025199,1.459973,1.550632,1.401858,1.510665,1.078460,1.349451,1.549051,1.531219,1.546854,1.474682,0.880546,1.315783,1.099767,1.194521,1.619483,1.415856,1.432512,1.440937,1.554056,1.529539,1.277901,1.512285,1.442811
1.934014,1.524478,0.819520,0.266838,0.201788,0.306761,0.289093,1.391910,1.138572,1.879132,0.462019,1.016843,0.818565,1.710548,0.293440,0.728071,1.140305,1.965542,0.287894,0.403783,0.405843,0.372925,0.363056,0.562481,0.301506,1.974853,0.607600,0.655205,1.962542,0.473819,1.346029,0.293440,0.301679,1.797471,0.415785,0.854533,1.178874,1.936442,0.287151,0.270048,0.696215,1.623060,0.000000,0.379801,0.353637,1.136248,0.672706,0.583497,0.458522,1.823627,1.712201,0.473819,0.672706,1.965587,0.396989,0.413037,1.905995,0.822176,0.374074,1.083410,0.370219,1.966276,0.745403,1.611461,0.354767,0.469113,0.271616,0.983393,1.861781,0.316624,0.607600,0.374958,0.421646,0.417663,1.124661,1.185893,1.905440,0.345953,0.347562,1.929138,0.438375,1.948053,1.959030,0.397856,0.303911,0.280559,0.374296,1.077401,1.557268,0.893068,1.967314,0.278572,0.453755,0.428556,0.417663,0.292630,0.349831,0.660113,0.330419,0.424933
1.873615,1.365783,0.596025,0.201572,0.386734,0.197014,0.172333,1.187710,0.899482,1.933362,0.254191,0.945548,0.774018,1.783945,0.210825,0.501574,1.026285,1.970813,0.286446,0.085296,0.101640,0.394865,0.121857,0.816761,0.136346,1.961564,0.350367,0.457272,1.940955,0.217985,1.531530,0.210825,0.163989,1.881447,0.097965,0.602217,0.948140,1.876995,0.294280,0.328871,0.450631,1.464519,0.379801,0.000000,0.141056,0.932294,0.406627,0.348207,0.237296,1.804928,1.603700,0.217985,0.406627,1.907729,0.285089,0.365518,1.889429,0.551232,0.311296,0.838753,0.175830,1.979142,0.527392,1.484323,0.200249,0.245802,0.245768,0.745384,1.842636,0.117836,0.350367,0.209063,0.251818,0.060453,0.909440,0.992946,1.841390,0.138134,0.248989,1.968591,0.335991,1.912398,1.991267,0.435274,0.156598,0.168913,0.081166,0.879937,1.611351,0.660237,1.952023,0.351558,0.096115,0.064493,0.060453,0.213369,0.231970,0.494490,0.107900,0.085596
