0.000000,1.031896,1.672984,1.890703,1.912155,1.878262,1.884487,1.187931,1.410494,0.855442,1.859910,1.614648,1.731607,1.092488,1.870858,1.708001,1.495065,0.637487,1.905578,1.854523,1.865031,1.898716,1.883006,1.884520,1.894126,0.531802,1.778184,1.737269,0.638075,1.836631,1.565245,1.870858,1.882143,0.938603,1.849969,1.613834,1.416572,0.268659,1.899543,1.914128,1.740577,1.024845,1.931465,1.866681,1.879070,1.434037,1.746843,1.786472,1.841137,0.618268,0.757232,1.836631,1.746843,0.515966,1.894981,1.913931,0.453200,1.670491,1.900354,1.489427,1.867454,0.657185,1.691653,0.904447,1.863576,1.842018,1.916056,1.569017,0.740693,1.891636,1.778184,1.865408,1.876912,1.855972,1.471326,1.360999,0.707176,1.868516,1.897051,0.757010,1.885908,0.528710,0.678786,1.870717,1.895669,1.903075,1.866704,1.476539,1.154388,1.628799,0.582721,1.914810,1.841178,1.851177,1.855972,1.912351,1.876289,1.768947,1.888056,1.858647
1.031896,0.000000,1.155504,1.456842,1.568173,1.441615,1.433815,0.572794,0.813116,1.455456,1.381972,1.288523,1.409257,1.453270,1.439375,1.165050,1.192040,1.325281,1.490351,1.375289,1.389307,1.521485,1.431311,1.769180,1.462546,1.207698,1.260131,1.232268,1.182246,1.350045,1.844793,1.439375,1.446138,1.498915,1.366742,1.115453,0.741405,1.041960,1.504906,1.534944,1.214672,0.804157,1.599420,1.395225,1.433878,0.932171,1.202426,1.312994,1.364398,1.089882,1.089258,1.350045,1.202426,1.029037,1.458000,1.522386,1.150837,1.048365,1.466036,0.970823,1.421177,1.355254,1.131096,0.706319,1.414754,1.358148,1.510335,0.957873,1.064073,1.452214,1.260131,1.415941,1.423271,1.368696,0.863631,0.886106,1.102733,1.394610,1.472593,1.417241,1.450869,1.169407,1.393429,1.522141,1.465964,1.484550,1.402321,0.976356,1.430022,1.067119,1.245563,1.540521,1.344177,1.361723,1.368696,1.500355,1.444514,1.277081,1.443890,1.376402
1.672984,1.155504,0.000000,0.637218,0.761054,0.629375,0.599000,0.858164,0.698477,1.843853,0.626225,1.269699,0.494871,1.670934,0.564602,0.321057,1.316133,1.888291,0.747158,0.543231,0.567424,0.779692,0.620604,1.172969,0.626674,1.820602,0.271307,0.379707,1.846437,0.410100,1.596271,0.564602,0.583941,1.806507,0.536528,0.513314,0.558160,1.668160,0.704114,0.751833,0.180993,1.189557,0.774093,0.549934,0.559878,0.495053,0.256612,0.293572,0.543569,1.633723,1.382113,0.410100,0.256612,1.775179,0.754725,0.831165,1.710723,0.401482,0.762877,0.503496,0.584575,1.896561,0.332991,1.204305,0.575262,0.540019,0.729971,0.300339,1.685689,0.623490,0.271307,0.613944,0.696720,0.537171,0.403681,0.614167,1.740100,0.555975,0.709225,1.884421,0.667198,1.741851,1.910524,0.769287,0.654597,0.659220,0.574679,0.726024,1.384587,0.137441,1.829885,0.727874,0.520521,0.525729,0.537171,0.705305,0.629925,0.339170,0.612780,0.560998
1.890703,1.456842,0.637218,0.000000,0.255364,0.084988,0.090707,1.229420,0.977737,1.901427,0.294235,1.065872,0.756843,1.724418,0.139860,0.519445,1.195862,1.975108,0.210450,0.221040,0.183955,0.314198,0.167370,0.771595,0.175221,1.965053,0.410571,0.459567,1.952510,0.279724,1.465162,0.139860,0.204429,1.862706,0.229523,0.723146,0.990075,1.881460,0.180137,0.197954,0.499612,1.463110,0.311683,0.191727,0.187170,0.935636,0.464437,0.392712,0.282301,1.840415,1.659568,0.279724,0.464437,1.920606,0.300023,0.301461,1.924714,0.613097,0.266149,0.917172,0.228468,1.982741,0.573940,1.534223,0.225429,0.303028,0.207012,0.803582,1.842909,0.157713,0.410571,0.248474,0.280348,0.220919,0.927163,1.033484,1.878016,0.142748,0.202899,1.955119,0.305146,1.927698,1.982850,0.373289,0.183126,0.160974,0.196575,0.942721,1.520890,0.687043,1.963539,0.297931,0.247443,0.233274,0.220919,0.194410,0.252333,0.475167,0.163690,0.217163
1.912155,1.568173,0.761054,0.255364,0.000000,0.277041,0.306910,1.352764,1.112289,1.844463,0.457625,1.122395,0.744612,1.649627,0.254774,0.663027,1.277431,1.963382,0.307277,0.424494,0.389142,0.314487,0.354490,0.592490,0.308733,1.971935,0.568049,0.581557,1.966339,0.439588,1.326674,0.254774,0.305754,1.788551,0.436613,0.854445,1.141530,1.907467,0.227986,0.199967,0.645639,1.546889,0.234671,0.392307,0.349678,1.039733,0.631638,0.526582,0.449996,1.840893,1.700255,0.439588,0.631638,1.960150,0.426955,0.354999,1.921452,0.794082,0.406138,1.051484,0.402894,1.964838,0.723497,1.583202,0.362635,0.468650,0.270523,0.953585,1.852579,0.320603,0.568049,0.375770,0.434997,0.432025,1.061435,1.131780,1.912821,0.358075,0.335136,1.916051,0.402044,1.939943,1.954436,0.354823,0.303160,0.275805,0.387804,1.064382,1.439488,0.827635,1.963375,0.267883,0.466646,0.445285,0.432025,0.284546,0.350614,0.578825,0.335196,0.433154
1.878262,1.441615,0.629375,0.084988,0.277041,0.000000,0.138268,1.210053,0.961267,1.904070,0.279869,1.064219,0.762919,1.729934,0.155509,0.506969,1.189364,1.972826,0.227278,0.219959,0.185683,0.341825,0.169467,0.795463,0.195565,1.960015,0.405248,0.450181,1.949087,0.281266,1.479381,0.155509,0.226207,1.867596,0.226614,0.710227,0.972420,1.872952,0.151926,0.188169,0.493288,1.448160,0.347478,0.197233,0.198699,0.918359,0.455049,0.392682,0.250069,1.838842,1.649406,0.281266,0.455049,1.912130,0.314095,0.323728,1.920917,0.598095,0.276834,0.901815,0.235628,1.979979,0.566562,1.516022,0.241261,0.283291,0.223597,0.789326,1.841924,0.171197,0.405248,0.260857,0.279837,0.221238,0.912019,1.017843,1.873979,0.164331,0.192234,1.956958,0.303776,1.922810,1.980819,0.379896,0.204614,0.181223,0.199665,0.932672,1.517699,0.674980,1.959422,0.323016,0.241133,0.232099,0.221238,0.211807,0.273889,0.480050,0.175013,0.215033
1.884487,1.433815,0.599000,0.090707,0.306910,0.138268,0.000000,1.206732,0.953832,1.906030,0.295053,1.074458,0.734271,1.731476,0.143935,0.493897,1.196316,1.975401,0.232793,0.188684,0.161840,0.332251,0.156782,0.804211,0.171018,1.960210,0.370709,0.443456,1.946265,0.239431,1.490969,0.143935,0.194231,1.870219,0.196200,0.694043,0.956703,1.872194,0.235392,0.257450,0.458830,1.437095,0.328282,0.158022,0.149610,0.911456,0.425216,0.353969,0.268629,1.835693,1.640327,0.239431,0.425216,1.913440,0.312016,0.327023,1.918524,0.576477,0.271372,0.884140,0.183823,1.984147,0.540320,1.519606,0.208705,0.277604,0.230626,0.764192,1.838390,0.149600,0.370709,0.234709,0.287690,0.184241,0.892763,1.010431,1.864302,0.094973,0.235254,1.956090,0.300914,1.920465,1.986757,0.397267,0.187426,0.168635,0.172165,0.916086,1.521758,0.649637,1.960314,0.310768,0.210266,0.195034,0.184241,0.212705,0.241915,0.439078,0.149927,0.185026
1.187931,0.572794,0.858164,1.229420,1.352764,1.210053,1.206732,0.000000,0.447677,1.571995,1.164740,1.204488,1.176033,1.488609,1.195620,0.845754,1.141452,1.529162,1.283344,1.130156,1.159511,1.313171,1.207642,1.621269,1.235365,1.428337,0.989035,0.919469,1.438286,1.101983,1.811299,1.195620,1.217879,1.594915,1.118744,0.799744,0.389556,1.204634,1.296974,1.335226,0.940150,0.788698,1.397474,1.163916,1.209698,0.581713,0.918592,1.032944,1.128504,1.195624,1.118971,1.101983,0.918592,1.283013,1.257419,1.336533,1.301446,0.757288,1.273522,0.647126,1.201893,1.553974,0.831315,0.748202,1.177218,1.121196,1.300714,0.658430,1.260649,1.229449,0.989035,1.191009,1.209163,1.134680,0.521775,0.457999,1.321700,1.158297,1.262187,1.577849,1.232776,1.352777,1.581569,1.304480,1.239874,1.265457,1.162229,0.781749,1.329641,0.750116,1.425633,1.334854,1.106682,1.128740,1.134680,1.286107,1.221487,1.025626,1.219116,1.150594
1.410494,0.813116,0.698477,0.977737,1.112289,0.961267,0.953832,0.447677,0.000000,1.705722,0.934174,1.063444,1.058316,1.580899,0.941249,0.630427,1.042383,1.702935,1.029818,0.870757,0.902832,1.045161,0.949303,1.435735,0.978047,1.613702,0.770904,0.695828,1.614923,0.869393,1.774341,0.941249,0.962102,1.699204,0.860497,0.479712,0.413385,1.403037,1.060264,1.096029,0.738798,0.849843,1.174526,0.907004,0.966812,0.490185,0.703367,0.812938,0.889287,1.383943,1.226116,0.869393,0.703367,1.494532,1.010478,1.095072,1.501453,0.568160,1.021534,0.477710,0.951059,1.718431,0.632648,0.937086,0.902835,0.871186,1.047419,0.555765,1.456063,0.974164,0.770904,0.914918,0.967522,0.875759,0.503424,0.387816,1.498293,0.908673,1.026044,1.728886,0.986105,1.553322,1.745474,1.044406,0.980641,1.011051,0.901065,0.634832,1.353118,0.605349,1.614281,1.082466,0.850026,0.872193,0.875759,1.032675,0.945809,0.827729,0.964294,0.895090
0.855442,1.455456,1.843853,1.901427,1.844463,1.904070,1.906030,1.571995,1.705722,0.000000,1.917774,1.595090,1.763133,0.500750,1.891230,1.849413,1.572984,0.651205,1.889555,1.915535,1.919349,1.858142,1.916684,1.645284,1.898624,0.684732,1.893691,1.843340,0.785686,1.905913,1.138737,1.891230,1.890028,0.462027,1.916262,1.826954,1.745795,0.894338,1.896564,1.890290,1.880073,1.434775,1.860392,1.919594,1.911703,1.717570,1.889619,1.882414,1.914276,0.755946,1.260822,1.905913,1.889619,0.894036,1.899441,1.890705,0.684371,1.873560,1.910082,1.759178,1.913670,0.634212,1.828802,1.268375,1.900268,1.912450,1.885710,1.821081,0.791821,1.910087,1.893691,1.896780,1.911826,1.922606,1.754087,1.651047,0.824033,1.912038,1.909040,0.276731,1.900083,0.675561,0.554387,1.833754,1.892747,1.899302,1.910150,1.744267,1.084797,1.832870,0.694221,1.861275,1.927230,1.926462,1.922606,1.894882,1.891933,1.866407,1.913981,1.930499
1.859910,1.381972,0.626225,0.294235,0.457625,0.279869,0.295053,1.164740,0.934174,1.917774,0.000000,1.011347,0.800395,1.757008,0.333381,0.516309,1.118825,1.965063,0.318070,0.274098,0.257519,0.423455,0.274755,0.875620,0.307850,1.936597,0.403380,0.492421,1.930910,0.304625,1.544404,0.333381,0.331838,1.890649,0.274025,0.702369,0.910723,1.854216,0.319610,0.355170,0.486235,1.391621,0.491696,0.263117,0.281616,0.904776,0.437488,0.428755,0.218052,1.831132,1.633946,0.304625,0.437488,1.873488,0.229105,0.421944,1.910304,0.529759,0.315227,0.887861,0.329583,1.964207,0.573147,1.498337,0.284069,0.266504,0.345493,0.735800,1.822698,0.274815,0.403380,0.297936,0.167454,0.268182,0.876207,1.014358,1.841597,0.252414,0.232252,1.959903,0.283888,1.904330,1.973964,0.440175,0.315634,0.298865,0.280506,0.875399,1.533102,0.658259,1.930565,0.414987,0.269734,0.267417,0.268182,0.337049,0.316341,0.508524,0.275694,0.256933
1.614648,1.288523,1.269699,1.065872,1.122395,1.064219,1.074458,1.204488,1.063444,1.595090,1.011347,0.000000,1.450328,1.484967,1.108292,1.137543,0.288080,1.642108,1.002738,1.055128,1.080051,1.058430,1.078098,1.193695,1.074155,1.633081,1.158601,1.137689,1.583556,1.132611,1.564106,1.108292,1.111432,1.603255,1.053184,1.089085,1.201139,1.606699,1.086486,1.092702,1.196130,1.295200,1.184280,1.079788,1.109062,1.265413,1.146271,1.195771,1.035230,1.523052,1.608405,1.132611,1.146271,1.507686,0.978399,1.055928,1.642891,1.067524,1.018628,1.270046,1.089562,1.652225,1.107928,1.421538,1.068255,1.036828,1.062026,1.229405,1.498903,1.079559,1.158601,1.048156,0.998492,1.066440,1.280576,1.270208,1.521209,1.068134,1.055507,1.638586,1.051218,1.629738,1.652287,0.959855,1.058342,1.085792,1.056460,1.096895,1.487266,1.242893,1.607121,1.118708,1.071207,1.076835,1.066440,1.065336,1.058862,1.243328,1.081797,1.078834
1.731607,1.409257,0.494871,0.756843,0.744612,0.762919,0.734271,1.176033,1.058316,1.763133,0.800395,1.450328,0.000000,1.569718,0.670662,0.668925,1.521463,1.875949,0.857204,0.743088,0.750301,0.825626,0.769075,1.029918,0.730587,1.817797,0.570244,0.658424,1.879426,0.602860,1.329957,0.670662,0.677561,1.689621,0.746614,0.818194,0.935791,1.727162,0.764066,0.793244,0.539012,1.365705,0.721893,0.720943,0.685336,0.815114,0.617219,0.530662,0.732085,1.648772,1.431073,0.602860,0.617219,1.856664,0.884218,0.927827,1.695248,0.788537,0.903079,0.831383,0.730716,1.867162,0.690383,1.340250,0.712307,0.735868,0.797730,0.706539,1.711405,0.739255,0.570244,0.749399,0.854735,0.738457,0.766334,0.904288,1.801911,0.732359,0.824415,1.823439,0.772228,1.740095,1.864065,0.812916,0.759002,0.741183,0.747972,0.998079,1.264615,0.598826,1.829973,0.729704,0.748496,0.732168,0.738457,0.783156,0.731053,0.518665,0.738869,0.758736
1.092488,1.453270,1.670934,1.724418,1.649627,1.729934,1.731476,1.488609,1.580899,0.500750,1.757008,1.484967,1.569718,0.000000,1.705476,1.665867,1.524213,1.026011,1.723670,1.748905,1.754756,1.674139,1.753105,1.475094,1.718931,1.023506,1.715278,1.650775,1.114277,1.725329,0.987905,1.705476,1.703825,0.588497,1.750975,1.660435,1.627872,1.135334,1.723485,1.719519,1.703368,1.408077,1.673445,1.753319,1.739183,1.567125,1.715723,1.703548,1.746573,0.822122,1.344025,1.725329,1.715723,1.199850,1.742064,1.736633,0.916730,1.721391,1.764347,1.619855,1.751923,1.011385,1.648789,1.253457,1.724492,1.749722,1.705777,1.670188,0.936032,1.738779,1.715278,1.720663,1.755544,1.759210,1.610626,1.507644,1.136268,1.737247,1.749515,0.740591,1.738371,0.954746,0.935933,1.639085,1.713047,1.723099,1.740974,1.598369,0.919132,1.666947,1.034456,1.670579,1.770965,1.766615,1.759210,1.718100,1.711308,1.675272,1.746110,1.776503
1.870858,1.439375,0.564602,0.139860,0.254774,0.155509,0.143935,1.195620,0.941249,1.891230,0.333381,1.108292,0.670662,1.705476,0.000000,0.471925,1.231213,1.974084,0.291162,0.242537,0.213665,0.349438,0.216589,0.794678,0.213518,1.957268,0.352482,0.413524,1.953943,0.233539,1.464366,0.000000,0.192164,1.850421,0.249778,0.671824,0.947419,1.862763,0.221867,0.249430,0.432977,1.427349,0.322757,0.212788,0.190032,0.875878,0.412754,0.332538,0.276903,1.819821,1.621444,0.233539,0.412754,1.919940,0.372043,0.379451,1.902836,0.578300,0.351174,0.868134,0.246618,1.981147,0.523039,1.500813,0.220281,0.285312,0.272047,0.748034,1.841189,0.200323,0.352482,0.254941,0.344944,0.242127,0.870148,0.975361,1.872960,0.166624,0.283591,1.948871,0.305103,1.911665,1.981633,0.382150,0.229505,0.205982,0.228070,0.900190,1.462480,0.623914,1.956639,0.300868,0.263724,0.248262,0.242127,0.256744,0.255931,0.400342,0.201164,0.245889
1.708001,1.165050,0.321057,0.519445,0.663027,0.506969,0.493897,0.845754,0.630427,1.849413,0.516309,1.137543,0.668925,1.665867,0.471925,0.000000,1.214283,1.908261,0.617617,0.420046,0.435463,0.647168,0.491413,1.089523,0.512004,1.858500,0.271681,0.121242,1.861895,0.367182,1.606306,0.471925,0.482887,1.810238,0.411432,0.494728,0.594047,1.712963,0.614726,0.658858,0.292420,1.230420,0.704429,0.444033,0.491459,0.528920,0.212638,0.306407,0.468616,1.658895,1.488877,0.367182,0.212638,1.792298,0.630498,0.697230,1.761897,0.350321,0.633404,0.559722,0.520146,1.913262,0.313845,1.239014,0.469762,0.473831,0.606902,0.419053,1.686387,0.511206,0.271681,0.499149,0.568525,0.423323,0.505549,0.613844,1.770084,0.444284,0.591512,1.897964,0.588514,1.796559,1.926611,0.687226,0.526569,0.548517,0.446630,0.753091,1.420919,0.300233,1.850452,0.635002,0.406541,0.421196,0.423323,0.586163,0.525296,0.374069,0.497937,0.449279
1.495065,1.192040,1.316133,1.195862,1.277431,1.189364,1.196316,1.141452,1.042383,1.572984,1.118825,0.288080,1.521463,1.524213,1.231213,1.214283,0.000000,1.554696,1.144123,1.160678,1.191160,1.209906,1.195591,1.360053,1.204341,1.518338,1.235755,1.233411,1.483018,1.232920,1.656588,1.231213,1.239857,1.607289,1.156226,1.116469,1.170603,1.481754,1.217866,1.229996,1.258863,1.170619,1.328332,1.187607,1.221751,1.267585,1.213788,1.279386,1.130931,1.464876,1.496710,1.232920,1.213788,1.364112,1.106301,1.197224,1.551832,1.102727,1.146356,1.264790,1.191501,1.570179,1.171133,1.346702,1.185116,1.126209,1.205011,1.238265,1.439258,1.202119,1.235755,1.169969,1.117108,1.169376,1.277529,1.263817,1.387898,1.184706,1.181641,1.584267,1.159642,1.517713,1.581249,1.096880,1.192925,1.216981,1.170138,1.074215,1.499653,1.277970,1.502420,1.264217,1.164096,1.174310,1.169376,1.202450,1.185715,1.328826,1.200885,1.176894
0.637487,1.325281,1.888291,1.975108,1.963382,1.972826,1.975401,1.529162,1.702935,0.651205,1.965063,1.642108,1.875949,1.026011,1.974084,1.908261,1.554696,0.000000,1.965854,1.970698,1.972096,1.958914,1.975206,1.841440,1.979522,0.455448,1.944884,1.921211,0.382259,1.968699,1.419468,1.974084,1.979191,0.781785,1.969336,1.850696,1.710855,0.663601,1.973567,1.970433,1.926816,1.363552,1.968563,1.976474,1.977155,1.746795,1.929528,1.947045,1.967611,0.793690,1.141020,1.968699,1.929528,0.524053,1.960641,1.956425,0.583827,1.879168,1.958715,1.776977,1.969834,0.373714,1.890518,1.243808,1.972467,1.964244,1.971433,1.821643,0.757270,1.980056,1.944884,1.968047,1.960646,1.971613,1.753046,1.683621,0.702109,1.972682,1.964713,0.465826,1.967240,0.606591,0.300955,1.947258,1.975416,1.980494,1.972755,1.739148,1.318568,1.862692,0.443207,1.973223,1.966400,1.970867,1.971613,1.973569,1.972538,1.935362,1.979770,1.970541
1.905578,1.490351,0.747158,0.210450,0.307277,0.227278,0.232793,1.283344,1.029818,1.889555,0.318070,1.002738,0.857204,1.723670,0.291162,0.617617,1.144123,1.965854,0.000000,0.281436,0.280707,0.272460,0.242032,0.721581,0.224592,1.968584,0.527282,0.559614,1.944423,0.393249,1.465219,0.291162,0.288311,1.853653,0.290276,0.793183,1.064996,1.898133,0.269877,0.262687,0.611976,1.483743,0.361684,0.283381,0.283795,1.021021,0.574760,0.503020,0.368145,1.851363,1.697046,0.393249,0.574760,1.915492,0.233940,0.263868,1.933695,0.691845,0.157200,1.000499,0.305974,1.968379,0.669863,1.562429,0.273278,0.381925,0.200306,0.895646,1.846118,0.230646,0.527282,0.270870,0.240713,0.304967,1.017232,1.107337,1.874727,0.261193,0.227528,1.941526,0.349313,1.942487,1.971753,0.360661,0.202768,0.213645,0.250519,0.987629,1.538417,0.789611,1.951553,0.315508,0.333756,0.322335,0.304967,0.209002,0.270277,0.605102,0.241733,0.304589
1.854523,1.375289,0.543231,0.221040,0.424494,0.219959,0.188684,1.130156,0.870757,1.915535,0.274098,1.055128,0.743088,1.748905,0.242537,0.420046,1.160678,1.970698,0.281436,0.000000,0.142113,0.387014,0.158329,0.897755,0.160723,1.944052,0.317647,0.390223,1.935130,0.220516,1.543777,0.242537,0.217762,1.882921,0.020906,0.614617,0.874691,1.844389,0.331533,0.364402,0.404407,1.374432,0.442958,0.097933,0.201119,0.841238,0.353949,0.323584,0.251936,1.809881,1.603201,0.220516,0.353949,1.884388,0.321197,0.402431,1.896051,0.494614,0.296455,0.798707,0.230968,1.975011,0.473723,1.460103,0.207175,0.259296,0.271183,0.684778,1.817731,0.163944,0.317647,0.228026,0.279690,0.080445,0.818200,0.939128,1.842498,0.158382,0.290391,1.959402,0.323256,1.902341,1.985410,0.454786,0.177010,0.210229,0.055876,0.852367,1.534169,0.581487,1.934943,0.357777,0.112438,0.103456,0.080445,0.245599,0.253496,0.440490,0.155439,0.134273
1.865031,1.389307,0.567424,0.183955,0.389142,0.185683,0.161840,1.159511,0.902832,1.919349,0.257519,1.080051,0.750301,1.754756,0.213665,0.435463,1.191160,1.972096,0.280707,0.142113,0.000000,0.375866,0.081046,0.872539,0.176482,1.949987,0.330546,0.396156,1.935588,0.220984,1.530869,0.213665,0.180506,1.887554,0.148987,0.661534,0.902189,1.856499,0.288808,0.316762,0.425959,1.407801,0.413812,0.088841,0.180479,0.869458,0.369102,0.336472,0.251474,1.830296,1.625405,0.220984,0.369102,1.892804,0.305354,0.375219,1.912828,0.523611,0.278205,0.826731,0.234307,1.974629,0.506043,1.492547,0.210707,0.270320,0.260915,0.710791,1.830645,0.123521,0.330546,0.227917,0.263466,0.103411,0.843960,0.969414,1.849463,0.137621,0.245280,1.963537,0.316832,1.909433,1.987854,0.465933,0.194906,0.175817,0.133489,0.887794,1.549090,0.606512,1.944530,0.326282,0.110898,0.103442,0.103411,0.237501,0.256370,0.433340,0.105522,0.073955
1.898716,1.521485,0.779692,0.314198,0.314487,0.341825,0.332251,1.313171,1.045161,1.858142,0.423455,1.058430,0.825626,1.674139,0.349438,0.647168,1.209906,1.958914,0.272460,0.387014,0.375866,0.000000,0.337333,0.661635,0.301208,1.960089,0.574914,0.577972,1.941961,0.453674,1.400203,0.349438,0.328489,1.805570,0.397369,0.805905,1.108918,1.881809,0.364452,0.348837,0.653805,1.474964,0.362911,0.380780,0.366192,1.036908,0.623967,0.538463,0.467012,1.826962,1.670979,0.453674,0.623967,1.930778,0.344925,0.370888,1.914309,0.754003,0.325639,1.015356,0.396024,1.956826,0.724045,1.560701,0.288085,0.476724,0.272647,0.938933,1.836387,0.321183,0.574914,0.251401,0.369972,0.406114,1.055898,1.105627,1.888320,0.363487,0.356377,1.918298,0.400758,1.940474,1.953299,0.400138,0.283505,0.289321,0.353094,1.007993,1.478912,0.831819,1.944823,0.281346,0.439302,0.423426,0.406114,0.290573,0.217529,0.634847,0.333975,0.411595
1.883006,1.431311,0.620604,0.167370,0.354490,0.169467,0.156782,1.207642,0.949303,1.916684,0.274755,1.078098,0.769075,1.753105,0.216589,0.491413,1.195591,1.975206,0.242032,0.158329,0.081046,0.337333,0.000000,0.834106,0.141413,1.958703,0.386511,0.446716,1.941553,0.263006,1.504654,0.216589,0.165171,1.885355,0.169344,0.699384,0.958952,1.874018,0.260530,0.278312,0.480161,1.438973,0.369190,0.113007,0.177556,0.920963,0.430462,0.380049,0.273863,1.846706,1.645476,0.263006,0.430462,1.905980,0.287485,0.341824,1.926431,0.584147,0.242423,0.874411,0.228541,1.975882,0.558253,1.523556,0.215926,0.291962,0.203609,0.769347,1.847182,0.079474,0.386511,0.220704,0.259153,0.139938,0.901101,1.016113,1.860206,0.160766,0.222145,1.961538,0.308501,1.921344,1.987307,0.442886,0.154432,0.124116,0.129796,0.931747,1.559274,0.664580,1.950362,0.282541,0.163156,0.149536,0.139938,0.181590,0.243521,0.484819,0.061359,0.117644
1.884520,1.769180,1.172969,0.771595,0.592490,0.795463,0.804211,1.621269,1.435735,1.645284,0.875620,1.193695,1.029918,1.475094,0.794678,1.089523,1.360053,1.841440,0.721581,0.897755,0.872539,0.661635,0.834106,0.000000,0.782984,1.875963,1.027576,1.006354,1.888681,0.920920,1.047046,0.794678,0.782601,1.567338,0.908704,1.243425,1.496096,1.883191,0.726789,0.693170,1.090117,1.688338,0.630796,0.873718,0.830175,1.374169,1.083159,0.969068,0.908698,1.796246,1.768042,0.920920,1.083159,1.931572,0.790464,0.709393,1.850647,1.219825,0.796632,1.404149,0.857279,1.822430,1.156096,1.691714,0.816483,0.923241,0.715139,1.349261,1.769383,0.799060,1.027576,0.814048,0.834189,0.909873,1.428615,1.431355,1.868063,0.851600,0.783029,1.737720,0.818781,1.881345,1.797835,0.673586,0.767240,0.748429,0.861108,1.357828,1.337686,1.238480,1.868171,0.657686,0.941614,0.922023,0.909873,0.743244,0.779734,1.006653,0.815818,0.907941
1.894126,1.462546,0.626674,0.175221,0.308733,0.195565,0.171018,1.235365,0.978047,1.898624,0.307850,1.074155,0.730587,1.718931,0.213518,0.512004,1.204341,1.979522,0.224592,0.160723,0.176482,0.301208,0.141413,0.782984,0.000000,1.964970,0.402015,0.458278,1.955013,0.270003,1.454705,0.213518,0.150303,1.853614,0.178880,0.708012,0.992081,1.884442,0.260441,0.276183,0.491969,1.456023,0.328299,0.138969,0.187101,0.931734,0.456282,0.384918,0.303204,1.831662,1.651177,0.270003,0.456282,1.924720,0.304247,0.350140,1.918132,0.621504,0.278198,0.896066,0.245027,1.978190,0.570705,1.521773,0.210549,0.322188,0.161296,0.793739,1.836943,0.097573,0.402015,0.217336,0.289545,0.170507,0.922383,1.029605,1.878693,0.193931,0.254825,1.952175,0.320023,1.926576,1.983918,0.400576,0.066288,0.098814,0.114240,0.948915,1.522072,0.682530,1.951750,0.235987,0.222860,0.194280,0.170507,0.142873,0.215074,0.484912,0.112493,0.203856
0.531802,1.207698,1.820602,1.965053,1.971935,1.960015,1.960210,1.428337,1.613702,0.684732,1.936597,1.633081,1.817797,1.023506,1.957268,1.858500,1.518338,0.455448,1.968584,1.944052,1.949987,1.960089,1.958703,1.875963,1.964970,0.000000,1.896601,1.882185,0.473989,1.937079,1.451636,1.957268,1.958643,0.824836,1.941744,1.773611,1.612600,0.537372,1.964063,1.969370,1.869322,1.186520,1.974635,1.948489,1.960862,1.659826,1.876236,1.907157,1.925790,0.698679,1.001393,1.937079,1.876236,0.439877,1.952437,1.966542,0.474470,1.816469,1.961923,1.663683,1.950028,0.451994,1.827491,1.135780,1.947219,1.919827,1.971192,1.732322,0.663293,1.961999,1.896601,1.947536,1.949387,1.942399,1.661811,1.599262,0.550526,1.952988,1.962287,0.539080,1.936999,0.350683,0.463658,1.926815,1.965239,1.967774,1.950979,1.635469,1.272205,1.790717,0.436595,1.965525,1.933747,1.938867,1.942399,1.970965,1.952092,1.885029,1.960455,1.942627
1.778184,1.260131,0.271307,0.410571,0.568049,0.405248,0.370709,0.989035,0.770904,1.893691,0.403380,1.158601,0.570244,1.715278,0.352482,0.271681,1.235755,1.944884,0.527282,0.317647,0.330546,0.574914,0.386511,1.027576,0.402015,1.896601,0.000000,0.294982,1.905858,0.171397,1.572206,0.352482,0.365897,1.862275,0.312045,0.530997,0.688951,1.772064,0.485700,0.533921,0.110952,1.280549,0.587657,0.315603,0.328677,0.658787,0.098493,0.171543,0.319588,1.740511,1.505384,0.171397,0.098493,1.843545,0.531888,0.622095,1.821286,0.356860,0.539687,0.636212,0.373826,1.950928,0.327865,1.349233,0.354946,0.324356,0.508572,0.443303,1.766928,0.391559,0.000000,0.392830,0.474574,0.303167,0.594550,0.775160,1.800041,0.325395,0.478919,1.938914,0.447340,1.831854,1.964642,0.582797,0.432880,0.432309,0.348591,0.757766,1.456821,0.326817,1.899316,0.518606,0.290920,0.292407,0.303167,0.482812,0.412668,0.274360,0.379241,0.325783
1.737269,1.232268,0.379707,0.459567,0.581557,0.450181,0.443456,0.919469,0.695828,1.843340,0.492421,1.137689,0.658424,1.650775,0.413524,0.121242,1.233411,1.921211,0.559614,0.390223,0.396156,0.577972,0.446716,1.006354,0.458278,1.882185,0.294982,0.000000,1.885403,0.346135,1.559879,0.413524,0.427887,1.796196,0.384271,0.543519,0.690322,1.741816,0.556696,0.597323,0.336688,1.288496,0.636755,0.409934,0.449682,0.587874,0.268218,0.289568,0.454480,1.677927,1.523817,0.346135,0.268218,1.827215,0.590660,0.635198,1.783809,0.426583,0.589878,0.636889,0.485422,1.926825,0.360234,1.277294,0.423535,0.464326,0.545528,0.520747,1.702857,0.462518,0.294982,0.454467,0.533115,0.398163,0.596356,0.669183,1.802897,0.403016,0.542088,1.899985,0.558261,1.825911,1.933485,0.633445,0.469677,0.491487,0.406815,0.802434,1.407986,0.383144,1.874853,0.572879,0.389341,0.400141,0.398163,0.528297,0.475911,0.365238,0.452054,0.423831
0.638075,1.182246,1.846437,1.952510,1.966339,1.949087,1.946265,1.438286,1.614923,0.785686,1.930910,1.583556,1.879426,1.114277,1.953943,1.861895,1.483018,0.382259,1.944423,1.935130,1.935588,1.941961,1.941553,1.888681,1.955013,0.473989,1.905858,1.885403,0.000000,1.935103,1.525887,1.953943,1.954023,0.886117,1.932657,1.791757,1.623283,0.668139,1.959170,1.958874,1.885324,1.293126,1.963972,1.941258,1.949596,1.700549,1.884179,1.916432,1.930539,0.760068,1.136843,1.935103,1.884179,0.407997,1.929023,1.935199,0.595324,1.814098,1.925120,1.701826,1.938738,0.457447,1.838194,1.225361,1.940970,1.923829,1.953685,1.754434,0.733561,1.950888,1.905858,1.934415,1.928767,1.931898,1.683729,1.624408,0.627344,1.939234,1.942304,0.605293,1.941914,0.595096,0.477287,1.947546,1.953634,1.957418,1.940684,1.692937,1.422929,1.811762,0.510583,1.961744,1.924457,1.930657,1.931898,1.952075,1.943305,1.903506,1.948580,1.930952
1.836631,1.350045,0.410100,0.279724,0.439588,0.281266,0.239431,1.101983,0.869393,1.905913,0.304625,1.132611,0.602860,1.725329,0.233539,0.367182,1.232920,1.968699,0.393249,0.220516,0.220984,0.453674,0.263006,0.920920,0.270003,1.937079,0.171397,0.346135,1.935103,0.000000,1.530603,0.233539,0.242264,1.870601,0.220869,0.600279,0.817302,1.829156,0.356752,0.400311,0.258545,1.362072,0.456787,0.200392,0.172410,0.777518,0.249286,0.195783,0.249659,1.790938,1.572095,0.000000,0.249286,1.887060,0.406808,0.491992,1.871991,0.450276,0.412055,0.756172,0.250433,1.970299,0.421315,1.433555,0.245889,0.270542,0.368938,0.589786,1.808592,0.257200,0.171397,0.282459,0.354801,0.206167,0.732350,0.889790,1.841246,0.205422,0.350166,1.954128,0.357304,1.882088,1.980689,0.493781,0.302386,0.292717,0.237710,0.828808,1.483512,0.472653,1.933016,0.393124,0.212483,0.200802,0.206167,0.345366,0.300350,0.310249,0.248741,0.226220
1.565245,1.844793,1.596271,1.465162,1.326674,1.479381,1.490969,1.811299,1.774341,1.138737,1.544404,1.564106,1.329957,0.987905,1.464366,1.606306,1.656588,1.419468,1.465219,1.543777,1.530869,1.400203,1.504654,1.047046,1.454705,1.451636,1.572206,1.559879,1.525887,1.530603,0.000000,1.464366,1.445672,1.002369,1.552650,1.642494,1.794118,1.582102,1.418336,1.399974,1.588009,1.739706,1.310964,1.521610,1.494201,1.662541,1.609022,1.534551,1.538105,1.391952,1.568304,1.530603,1.609022,1.653447,1.505731,1.457398,1.410190,1.709120,1.518295,1.684178,1.513266,1.369543,1.621416,1.656436,1.492543,1.554701,1.422599,1.705327,1.455088,1.474688,1.572206,1.497211,1.532551,1.546295,1.721343,1.689569,1.633856,1.524128,1.484344,1.262963,1.495619,1.428113,1.319952,1.354734,1.455042,1.441615,1.520501,1.692258,1.188496,1.651533,1.459624,1.361683,1.571495,1.553251,1.546295,1.435455,1.461370,1.515655,1.485674,1.554479
1.870858,1.439375,0.564602,0.139860,0.254774,0.155509,0.143935,1.195620,0.941249,1.891230,0.333381,1.108292,0.670662,1.705476,0.000000,0.471925,1.231213,1.974084,0.291162,0.242537,0.213665,0.349438,0.216589,0.794678,0.213518,1.957268,0.352482,0.413524,1.953943,0.233539,1.464366,0.000000,0.192164,1.850421,0.249778,0.671824,0.947419,1.862763,0.221867,0.249430,0.432977,1.427349,0.322757,0.212788,0.190032,0.875878,0.412754,0.332538,0.276903,1.819821,1.621444,0.233539,0.412754,1.919940,0.372043,0.379451,1.902836,0.578300,0.351174,0.868134,0.246618,1.981147,0.523039,1.500813,0.220281,0.285312,0.272047,0.748034,1.841189,0.200323,0.352482,0.254941,0.344944,0.242127,0.870148,0.975361,1.872960,0.166624,0.283591,1.948871,0.305103,1.911665,1.981633,0.382150,0.229505,0.205982,0.228070,0.900190,1.462480,0.623914,1.956639,0.300868,0.263724,0.248262,0.242127,0.256744,0.255931,0.400342,0.201164,0.245889
1.882143,1.446138,0.583941,0.204429,0.305754,0.226207,0.194231,1.217879,0.962102,1.890028,0.331838,1.111432,0.677561,1.703825,0.192164,0.482887,1.239857,1.979191,0.288311,0.217762,0.180506,0.328489,0.165171,0.782601,0.150303,1.958643,0.365897,0.427887,1.954023,0.242264,1.445672,0.192164,0.000000,1.846128,0.230532,0.691495,0.966096,1.873961,0.278880,0.297018,0.451780,1.441224,0.323018,0.174737,0.200841,0.898617,0.424606,0.349892,0.314182,1.821298,1.634347,0.242264,0.424606,1.925989,0.349163,0.380441,1.907311,0.603703,0.335033,0.865499,0.278283,1.971477,0.551134,1.505541,0.212976,0.330904,0.219983,0.758191,1.832671,0.135659,0.365897,0.230128,0.334081,0.213805,0.888774,1.002150,1.875063,0.201030,0.298560,1.948231,0.331441,1.915149,1.982675,0.411618,0.162756,0.134852,0.192946,0.930443,1.497587,0.644301,1.947590,0.196075,0.247423,0.222104,0.213805,0.209953,0.229775,0.427531,0.137739,0.223700
0.938603,1.498915,1.806507,1.862706,1.788551,1.867596,1.870219,1.594915,1.699204,0.462027,1.890649,1.603255,1.689621,0.588497,1.850421,1.810238,1.607289,0.781785,1.853653,1.882921,1.887554,1.805570,1.885355,1.567338,1.853614,0.824836,1.862275,1.796196,0.886117,1.870601,1.002369,1.850421,1.846128,0.000000,1.885469,1.781628,1.748143,0.981098,1.854268,1.849887,1.850266,1.471275,1.804162,1.884182,1.880148,1.682614,1.861094,1.843473,1.886789,0.701050,1.292008,1.870601,1.861094,1.038646,1.876977,1.846836,0.692286,1.860505,1.888650,1.742796,1.885989,0.724700,1.819592,1.274718,1.859167,1.891981,1.843248,1.804140,0.762326,1.872357,1.862275,1.858427,1.886594,1.889602,1.736664,1.622275,1.104615,1.877972,1.882614,0.560947,1.879754,0.879302,0.624314,1.790932,1.849819,1.858411,1.875295,1.740041,1.006376,1.805733,0.817984,1.814837,1.899460,1.894718,1.889602,1.851837,1.845297,1.810374,1.877951,1.903058
1.849969,1.366742,0.536528,0.229523,0.436613,0.226614,0.196200,1.118744,0.860497,1.916262,0.274025,1.053184,0.746614,1.750975,0.249778,0.411432,1.156226,1.969336,0.290276,0.020906,0.148987,0.397369,0.169344,0.908704,0.178880,1.941744,0.312045,0.384271,1.932657,0.220869,1.552650,0.249778,0.230532,1.885469,0.000000,0.607493,0.862673,1.839819,0.341094,0.374975,0.397796,1.367086,0.454018,0.110908,0.208798,0.832001,0.345338,0.320983,0.250763,1.807474,1.598909,0.220869,0.345338,1.879913,0.326106,0.406758,1.893624,0.481927,0.302036,0.789722,0.235665,1.974255,0.465720,1.454321,0.214109,0.255757,0.285820,0.674484,1.815574,0.179248,0.312045,0.236718,0.282691,0.088214,0.808024,0.929830,1.838315,0.160164,0.297071,1.959233,0.325107,1.899592,1.984821,0.462725,0.194054,0.226035,0.074038,0.844509,1.535233,0.572142,1.932972,0.372488,0.111395,0.108150,0.088214,0.260107,0.263353,0.437870,0.169261,0.138322
1.613834,1.115453,0.513314,0.723146,0.854445,0.710227,0.694043,0.799744,0.479712,1.826954,0.702369,1.089085,0.818194,1.660435,0.671824,0.494728,1.116469,1.850696,0.793183,0.614617,0.661534,0.805905,0.699384,1.243425,0.708012,1.773611,0.530997,0.543519,1.791757,0.600279,1.642494,0.671824,0.691495,1.781628,0.607493,0.000000,0.582555,1.591514,0.795866,0.836557,0.509068,1.025008,0.894434,0.644227,0.693318,0.521245,0.494512,0.570734,0.636013,1.562075,1.298431,0.600279,0.494512,1.705340,0.785315,0.870080,1.669628,0.444693,0.802160,0.465670,0.681009,1.847472,0.515757,1.153603,0.637197,0.622740,0.786850,0.493314,1.635205,0.710424,0.530997,0.659189,0.739940,0.620398,0.568620,0.592663,1.703615,0.653941,0.791012,1.864341,0.732415,1.716841,1.871021,0.771917,0.719477,0.744464,0.646213,0.603281,1.360658,0.490272,1.769456,0.817297,0.606347,0.617126,0.620398,0.767821,0.676653,0.570714,0.703561,0.649941
1.416572,0.741405,0.558160,0.990075,1.141530,0.972420,0.956703,0.389556,0.413385,1.745795,0.910723,1.201139,0.935791,1.627872,0.947419,0.594047,1.170603,1.710855,1.064996,0.874691,0.902189,1.108918,0.958952,1.496096,0.992081,1.612600,0.688951,0.690322,1.623283,0.817302,1.794118,0.947419,0.966096,1.748143,0.862673,0.582555,0.000000,1.420474,1.060406,1.104950,0.631510,0.894416,1.170102,0.901308,0.946903,0.439596,0.615898,0.761019,0.862570,1.417978,1.220076,0.817302,0.615898,1.492729,1.029212,1.127040,1.508815,0.455443,1.048734,0.447830,0.949932,1.725352,0.576404,0.955886,0.927314,0.854195,1.074709,0.305352,1.461936,0.979551,0.688951,0.947847,0.972831,0.871035,0.228676,0.444006,1.498331,0.899959,1.025407,1.755471,0.981908,1.536010,1.755130,1.102933,1.005762,1.023388,0.913989,0.634838,1.403516,0.442826,1.618033,1.104139,0.839750,0.860084,0.871035,1.054053,0.980245,0.740367,0.966400,0.885966
0.268659,1.041960,1.668160,1.881460,1.907467,1.872952,1.872194,1.204634,1.403037,0.894338,1.854216,1.606699,1.727162,1.135334,1.862763,1.712963,1.481754,0.663601,1.898133,1.844389,1.856499,1.881809,1.874018,1.883191,1.884442,0.537372,1.772064,1.741816,0.668139,1.829156,1.582102,1.862763,1.873961,0.981098,1.839819,1.591514,1.420474,0.000000,1.896818,1.910041,1.733382,1.005357,1.920533,1.855337,1.869114,1.431535,1.742327,1.779028,1.836453,0.685626,0.639349,1.829156,1.742327,0.543284,1.888192,1.899422,0.522263,1.664238,1.891898,1.478013,1.853434,0.698763,1.687300,0.895775,1.852236,1.832043,1.908500,1.567381,0.769563,1.882867,1.772064,1.853081,1.872757,1.844540,1.477436,1.372755,0.692193,1.857422,1.893722,0.784580,1.870430,0.568564,0.711753,1.860771,1.886557,1.894726,1.856921,1.459036,1.185129,1.626553,0.616189,1.906006,1.829342,1.839176,1.844540,1.903948,1.860917,1.758241,1.879391,1.846892
1.899543,1.504906,0.704114,0.180137,0.227986,0.151926,0.235392,1.296974,1.060264,1.896564,0.319610,1.086486,0.764066,1.723485,0.221867,0.614726,1.217866,1.973567,0.269877,0.331533,0.288808,0.364452,0.260530,0.726789,0.260441,1.964063,0.485700,0.556696,1.959170,0.356752,1.418336,0.221867,0.278880,1.854268,0.341094,0.795866,1.060406,1.896818,0.000000,0.080717,0.569649,1.496626,0.311378,0.290842,0.263959,0.999175,0.546079,0.476803,0.290236,1.860336,1.674021,0.356752,0.546079,1.931898,0.344993,0.348241,1.933563,0.691666,0.330480,0.985228,0.313275,1.975458,0.662130,1.568471,0.310509,0.333632,0.249538,0.869428,1.860988,0.239087,0.485700,0.323779,0.329185,0.323432,0.997022,1.108976,1.891280,0.271668,0.206691,1.953350,0.304536,1.930214,1.974231,0.352097,0.272201,0.222838,0.306988,0.999287,1.504437,0.762603,1.965823,0.307852,0.348793,0.330496,0.323432,0.248117,0.320116,0.538174,0.249701,0.312483
1.914128,1.534944,0.751833,0.197954,0.199967,0.188169,0.257450,1.335226,1.096029,1.890290,0.355170,1.092702,0.793244,1.719519,0.249430,0.658858,1.229996,1.970433,0.262687,0.364402,0.316762,0.348837,0.278312,0.693170,0.276183,1.969370,0.533921,0.597323,1.958874,0.400311,1.399974,0.249430,0.297018,1.849887,0.374975,0.836557,1.104950,1.910041,0.080717,0.000000,0.618297,1.525701,0.287553,0.323254,0.293598,1.043477,0.594603,0.519689,0.348304,1.871712,1.696296,0.400311,0.594603,1.939005,0.343762,0.322567,1.943019,0.740171,0.323110,1.028643,0.345252,1.973120,0.702771,1.597610,0.332515,0.379557,0.238356,0.917979,1.870944,0.256186,0.533921,0.341439,0.343539,0.357886,1.042025,1.148395,1.895549,0.300591,0.206183,1.947407,0.322568,1.938315,1.970036,0.362616,0.281474,0.228729,0.334040,1.039959,1.517654,0.809909,1.968704,0.294455,0.385722,0.367064,0.357886,0.243780,0.334380,0.582290,0.269631,0.343935
1.740577,1.214672,0.180993,0.499612,0.645639,0.493288,0.458830,0.940150,0.738798,1.880073,0.486235,1.196130,0.539012,1.703368,0.432977,0.292420,1.258863,1.926816,0.611976,0.404407,0.425959,0.653805,0.480161,1.090117,0.491969,1.869322,0.110952,0.336688,1.885324,0.258545,1.588009,0.432977,0.451780,1.850266,0.397796,0.509068,0.631510,1.733382,0.569649,0.618297,0.000000,1.234845,0.660064,0.407606,0.413246,0.603962,0.133362,0.204109,0.399683,1.706353,1.452873,0.258545,0.133362,1.817021,0.615000,0.703333,1.784453,0.349227,0.624557,0.582816,0.446094,1.934874,0.310758,1.299662,0.437687,0.398976,0.597539,0.372898,1.743811,0.483456,0.110952,0.474499,0.558984,0.393997,0.521962,0.723359,1.774267,0.414090,0.569731,1.922948,0.527454,1.797477,1.948384,0.648865,0.522318,0.522706,0.437633,0.716820,1.430684,0.247717,1.877549,0.599920,0.378446,0.381870,0.393997,0.572914,0.492650,0.281987,0.471981,0.416091
1.024845,0.804157,1.189557,1.463110,1.546889,1.448160,1.437095,0.788698,0.849843,1.434775,1.391621,1.295200,1.365705,1.408077,1.427349,1.230420,1.170619,1.363552,1.483743,1.374432,1.407801,1.474964,1.438973,1.688338,1.456023,1.186520,1.280549,1.288496,1.293126,1.362072,1.739706,1.427349,1.441224,1.471275,1.367086,1.025008,0.894416,1.005357,1.496626,1.525701,1.234845,0.000000,1.575666,1.399881,1.429396,0.994841,1.237308,1.314927,1.355285,1.086625,0.868502,1.362072,1.237308,1.118429,1.453192,1.531462,1.124013,1.104561,1.476598,0.943360,1.407936,1.365698,1.187084,0.831876,1.380778,1.342393,1.495819,1.036050,1.206596,1.447002,1.280549,1.383793,1.430575,1.381583,0.996327,0.926815,1.153370,1.404573,1.487510,1.429353,1.410398,1.153245,1.406966,1.425339,1.454668,1.471436,1.401285,0.790829,1.135483,1.133200,1.240748,1.502780,1.359106,1.372881,1.381583,1.489779,1.399870,1.306627,1.442690,1.388423
1.931465,1.599420,0.774093,0.311683,0.234671,0.347478,0.328282,1.397474,1.174526,1.860392,0.491696,1.184280,0.721893,1.673445,0.322757,0.704429,1.328332,1.968563,0.361684,0.442958,0.413812,0.362911,0.369190,0.630796,0.328299,1.974635,0.587657,0.636755,1.963972,0.456787,1.310964,0.322757,0.323018,1.804162,0.454018,0.894434,1.170102,1.920533,0.311378,0.287553,0.660064,1.575666,0.000000,0.409411,0.357578,1.085193,0.653791,0.547898,0.486538,1.862097,1.700250,0.456787,0.653791,1.969847,0.459026,0.368057,1.935863,0.830017,0.425556,1.067708,0.415585,1.965432,0.760295,1.635390,0.410866,0.497048,0.303762,0.966036,1.871250,0.335966,0.587657,0.422606,0.475205,0.446200,1.082967,1.180787,1.919117,0.373623,0.386282,1.923280,0.421435,1.941504,1.957030,0.443438,0.336501,0.294510,0.411151,1.108474,1.486970,0.847697,1.966935,0.269854,0.482766,0.458059,0.446200,0.313667,0.390263,0.581891,0.346914,0.446457
1.866681,1.395225,0.549934,0.191727,0.392307,0.197233,0.158022,1.163916,0.907004,1.919594,0.263117,1.079788,0.720943,1.753319,0.212788,0.444033,1.187607,1.976474,0.283381,0.097933,0.088841,0.380780,0.113007,0.873718,0.138969,1.948489,0.315603,0.409934,1.941258,0.200392,1.521610,0.212788,0.174737,1.884182,0.110908,0.644227,0.901308,1.855337,0.290842,0.323254,0.407606,1.399881,0.409411,0.000000,0.162862,0.864349,0.362928,0.321211,0.239475,1.825907,1.610937,0.200392,0.362928,1.895695,0.315602,0.395414,1.907376,0.520702,0.295938,0.817759,0.212736,1.976763,0.495501,1.484281,0.199038,0.257418,0.255670,0.701145,1.827836,0.109356,0.315603,0.221928,0.276432,0.056143,0.838299,0.970391,1.850334,0.143057,0.262303,1.963979,0.311620,1.905855,1.989637,0.448878,0.170339,0.165189,0.090433,0.877834,1.539817,0.596894,1.943138,0.321974,0.094296,0.063223,0.056143,0.228110,0.243154,0.422787,0.099995,0.082893
