0.000000,0.981762,1.614371,1.854821,1.875512,1.849608,1.848183,1.157568,1.442997,0.849876,1.846703,1.562888,1.653586,1.086737,1.832916,1.652171,1.447299,0.616363,1.888707,1.829166,1.839837,1.873080,1.862347,1.881776,1.870246,0.552313,1.726614,1.686107,0.625855,1.797289,1.556375,1.832916,1.852972,0.945911,1.824401,1.643687,1.372360,0.357375,1.880696,1.894107,1.686431,1.091838,1.892629,1.844221,1.850417,1.409106,1.694010,1.733237,1.833297,0.626642,0.924685,1.797289,1.694010,0.564087,1.876783,1.903301,0.426296,1.634865,1.884641,1.478387,1.840626,0.726035,1.643146,0.942226,1.830006,1.840732,1.896818,1.509616,0.644470,1.871255,1.726614,1.836580,1.861216,1.830672,1.406330,1.316828,0.761992,1.831526,1.882173,0.774827,1.884102,0.508731,0.716959,1.839054,1.871855,1.883708,1.842093,1.495788,1.177455,1.567817,0.622659,1.890613,1.818208,1.827414,1.830672,1.893173,1.845878,1.702646,1.865805,1.836825
0.981762,0.000000,1.132215,1.423169,1.538222,1.419714,1.399315,0.598463,0.876352,1.458079,1.433433,1.184399,1.378191,1.470308,1.411528,1.134729,1.101014,1.262023,1.479122,1.372613,1.386858,1.511527,1.426297,1.723621,1.458387,1.178985,1.236309,1.202053,1.138923,1.334232,1.828849,1.411528,1.438885,1.501887,1.363440,1.181219,0.761233,0.956424,1.499835,1.525852,1.191304,0.922197,1.539702,1.402124,1.420611,0.918094,1.180609,1.275299,1.391077,1.042687,1.081102,1.334232,1.180609,1.031683,1.488969,1.544716,1.112098,1.066377,1.466013,1.010973,1.400111,1.394171,1.109403,0.737948,1.406197,1.395834,1.507046,0.959783,0.999970,1.453819,1.236309,1.416362,1.446534,1.368690,0.854083,0.869074,1.138718,1.365583,1.475705,1.427855,1.496481,1.157134,1.381152,1.475530,1.464817,1.488259,1.397137,1.035300,1.427432,1.046550,1.291992,1.536695,1.346520,1.364893,1.368690,1.496379,1.444231,1.243372,1.438372,1.377338
1.614371,1.132215,0.000000,0.640795,0.776901,0.635073,0.609713,0.812261,0.602738,1.864537,0.667558,1.258145,0.491625,1.693131,0.578612,0.312960,1.308636,1.837260,0.771511,0.567892,0.567693,0.756252,0.624108,1.122298,0.650801,1.769758,0.262827,0.383902,1.797795,0.416548,1.591086,0.578612,0.587164,1.811174,0.560993,0.474206,0.523492,1.567216,0.729307,0.774230,0.173273,1.048502,0.759104,0.568162,0.576269,0.434175,0.238293,0.277012,0.616405,1.567707,1.214798,0.416548,0.238293,1.761122,0.773202,0.831790,1.667862,0.384812,0.753934,0.495327,0.600536,1.887629,0.362976,1.110567,0.563974,0.630430,0.760146,0.286130,1.631928,0.637752,0.262827,0.617631,0.705890,0.550183,0.397069,0.606138,1.729204,0.556455,0.722096,1.887713,0.768589,1.741127,1.897086,0.725384,0.679947,0.677480,0.595024,0.693604,1.388514,0.126609,1.836057,0.726900,0.528842,0.537851,0.550183,0.739733,0.625250,0.346070,0.620262,0.565336
1.854821,1.423169,0.640795,0.000000,0.279777,0.079253,0.085579,1.191401,0.888873,1.907591,0.310052,1.085805,0.785001,1.692913,0.136534,0.524704,1.221098,1.955547,0.238621,0.219696,0.171479,0.307776,0.180418,0.698357,0.192650,1.940388,0.416938,0.463849,1.931318,0.278909,1.446812,0.136534,0.274053,1.857389,0.225169,0.682058,0.967132,1.807587,0.190343,0.216594,0.507526,1.379708,0.303359,0.187484,0.185896,0.883092,0.468590,0.414495,0.268332,1.775119,1.489945,0.278909,0.468590,1.911820,0.338615,0.310183,1.894895,0.588046,0.286226,0.936742,0.229280,1.980795,0.564862,1.471548,0.236125,0.275082,0.260641,0.801085,1.799686,0.191841,0.416938,0.244871,0.315251,0.208005,0.927068,1.019387,1.858136,0.156982,0.236401,1.953204,0.344939,1.917346,1.984403,0.292354,0.215567,0.210932,0.197842,0.866289,1.540627,0.693644,1.964822,0.356917,0.222962,0.213425,0.208005,0.233558,0.258091,0.469883,0.189003,0.196313
1.875512,1.538222,0.776901,0.279777,0.000000,0.294639,0.336775,1.317263,1.041083,1.848242,0.472817,1.166438,0.782543,1.600548,0.256969,0.674016,1.324446,1.943917,0.350061,0.426950,0.381897,0.312395,0.361845,0.522638,0.317326,1.954947,0.590967,0.586154,1.945943,0.454839,1.282695,0.256969,0.365256,1.772624,0.437404,0.834245,1.127500,1.837739,0.244866,0.206576,0.669819,1.472151,0.250635,0.387715,0.369708,1.005325,0.653090,0.558366,0.470508,1.768409,1.532009,0.454839,0.653090,1.951598,0.452042,0.344167,1.894849,0.786300,0.426062,1.073880,0.437430,1.949978,0.735266,1.533515,0.378656,0.477934,0.307698,0.962733,1.789336,0.341934,0.590967,0.378661,0.462522,0.426419,1.064494,1.119462,1.908345,0.391349,0.352585,1.912669,0.440522,1.935512,1.952943,0.338008,0.317984,0.310720,0.392093,1.018877,1.473745,0.842681,1.949214,0.373009,0.454642,0.435429,0.426419,0.297703,0.360891,0.579729,0.354134,0.424488
1.849608,1.419714,0.635073,0.079253,0.294639,0.000000,0.135592,1.185810,0.890544,1.910401,0.285905,1.097646,0.782093,1.701992,0.160356,0.516864,1.227997,1.953981,0.240944,0.229202,0.170610,0.315189,0.177683,0.715392,0.210432,1.936229,0.415029,0.456337,1.929578,0.280790,1.454503,0.160356,0.288446,1.859911,0.233905,0.687071,0.962553,1.805062,0.166136,0.208472,0.504698,1.375635,0.330170,0.198253,0.194006,0.879770,0.464652,0.409923,0.248794,1.780201,1.489421,0.280790,0.464652,1.908237,0.329360,0.313789,1.895218,0.590885,0.275853,0.931913,0.233459,1.979852,0.570263,1.461819,0.237570,0.275486,0.270529,0.796641,1.800681,0.198541,0.415029,0.243678,0.292753,0.218362,0.919686,1.015194,1.856971,0.180961,0.216638,1.953585,0.354857,1.916867,1.982018,0.308633,0.230529,0.218538,0.207190,0.866760,1.545310,0.685965,1.963946,0.364479,0.226196,0.221943,0.218362,0.246821,0.263931,0.484507,0.196128,0.198170
1.848183,1.399315,0.609713,0.085579,0.336775,0.135592,0.000000,1.168882,0.863680,1.915981,0.317233,1.083373,0.771067,1.707795,0.163016,0.506513,1.212682,1.954905,0.255936,0.200255,0.157617,0.334124,0.175138,0.736095,0.201114,1.933917,0.383917,0.456713,1.924945,0.249755,1.470819,0.163016,0.264883,1.868814,0.204063,0.651268,0.934098,1.796667,0.246194,0.273966,0.473150,1.356421,0.319702,0.167526,0.163574,0.857338,0.433990,0.388567,0.261104,1.768946,1.471509,0.249755,0.433990,1.903214,0.356199,0.340866,1.888460,0.550225,0.292387,0.903263,0.195926,1.982602,0.526989,1.457499,0.230780,0.260546,0.284814,0.763329,1.796406,0.189673,0.383917,0.250093,0.324737,0.180095,0.896553,0.999880,1.846806,0.111829,0.261987,1.957893,0.356268,1.909561,1.986756,0.314465,0.230640,0.221100,0.187406,0.843965,1.545257,0.661696,1.963326,0.365071,0.190923,0.182440,0.180095,0.258271,0.262130,0.444122,0.180992,0.169335
1.157568,0.598463,0.812261,1.191401,1.317263,1.185810,1.168882,0.000000,0.466970,1.564074,1.204840,1.157365,1.107771,1.465674,1.160223,0.800733,1.117620,1.484280,1.267778,1.108933,1.138950,1.274075,1.186995,1.552235,1.211615,1.377244,0.948231,0.877507,1.392856,1.068867,1.781269,1.160223,1.183603,1.577774,1.098587,0.827827,0.383771,1.133500,1.295146,1.327441,0.897882,0.723967,1.336829,1.150792,1.183302,0.528006,0.879046,0.970707,1.165274,1.127471,1.071681,1.068867,0.879046,1.301396,1.267089,1.345351,1.251908,0.749409,1.256244,0.653162,1.175436,1.588047,0.784535,0.684006,1.145656,1.161601,1.280733,0.635252,1.211122,1.212006,0.948231,1.166317,1.220563,1.114004,0.488499,0.419344,1.325400,1.119985,1.264952,1.575048,1.277572,1.331871,1.592076,1.232237,1.216488,1.249262,1.137882,0.742349,1.334035,0.710780,1.479714,1.298459,1.092202,1.112435,1.114004,1.268347,1.191042,0.963927,1.195868,1.135058
1.442997,0.876352,0.602738,0.888873,1.041083,0.890544,0.863680,0.466970,0.000000,1.726475,0.917733,1.075458,0.944415,1.567140,0.861973,0.520108,1.095468,1.703582,0.961617,0.782084,0.821079,0.956827,0.871976,1.311256,0.892283,1.601537,0.674474,0.587329,1.626867,0.781120,1.715752,0.861973,0.867941,1.705849,0.772195,0.493682,0.398815,1.393888,1.015444,1.048627,0.645882,0.826435,1.058966,0.830418,0.890347,0.454020,0.607240,0.688265,0.878840,1.352129,1.192099,0.781120,0.607240,1.548370,0.960762,1.062259,1.496644,0.490311,0.949487,0.484866,0.882686,1.780440,0.504428,0.912130,0.823744,0.859813,0.974462,0.506734,1.427041,0.896702,0.674474,0.841013,0.919632,0.789496,0.460333,0.390687,1.537234,0.812470,0.975347,1.758385,0.974688,1.568796,1.786488,0.937540,0.897033,0.936726,0.811908,0.529208,1.371896,0.522595,1.694238,0.985687,0.768603,0.788929,0.789496,0.961389,0.869569,0.712309,0.878965,0.815357
0.849876,1.458079,1.864537,1.907591,1.848242,1.910401,1.915981,1.564074,1.726475,0.000000,1.928128,1.567079,1.806814,0.587879,1.899659,1.848493,1.532480,0.623864,1.901884,1.918673,1.919122,1.871812,1.917349,1.700688,1.904277,0.703741,1.910443,1.842411,0.751001,1.922689,1.210893,1.899659,1.901193,0.473880,1.919228,1.860419,1.749772,0.946232,1.906593,1.893308,1.901148,1.493241,1.886178,1.922530,1.926502,1.735011,1.901593,1.892723,1.935702,0.829804,1.411788,1.922689,1.901593,0.823893,1.907428,1.900958,0.740331,1.882439,1.915999,1.760404,1.931231,0.510672,1.851239,1.351751,1.911382,1.931997,1.890188,1.834431,0.792465,1.915532,1.910443,1.907249,1.920536,1.922340,1.760042,1.641333,0.853870,1.921895,1.912572,0.271148,1.907315,0.682965,0.511917,1.865024,1.895661,1.907259,1.913429,1.794347,1.194158,1.846351,0.542095,1.888364,1.926559,1.927020,1.922340,1.896092,1.904445,1.881565,1.917876,1.929861
1.846703,1.433433,0.667558,0.310052,0.472817,0.285905,0.317233,1.204840,0.917733,1.928128,0.000000,1.115137,0.836882,1.743832,0.367575,0.580236,1.226110,1.953552,0.306573,0.284114,0.272886,0.365755,0.274598,0.781845,0.300118,1.928871,0.454888,0.545266,1.930180,0.344111,1.500459,0.367575,0.359609,1.889782,0.285781,0.685670,0.969825,1.819429,0.306224,0.354563,0.532901,1.332008,0.482787,0.274489,0.285009,0.931271,0.496668,0.473021,0.210159,1.798017,1.510398,0.344111,0.496668,1.892348,0.206255,0.364739,1.896964,0.597848,0.258912,0.927599,0.323813,1.977827,0.610122,1.472032,0.290332,0.257967,0.337664,0.800110,1.815232,0.276963,0.454888,0.283290,0.154410,0.288338,0.944134,1.068076,1.838484,0.286491,0.243788,1.955017,0.302890,1.914963,1.975678,0.407337,0.312176,0.296675,0.280931,0.840196,1.545012,0.716184,1.957082,0.401964,0.290682,0.286530,0.288338,0.331750,0.302770,0.590251,0.278475,0.269696
1.562888,1.184399,1.258145,1.085805,1.166438,1.097646,1.083373,1.157365,1.075458,1.567079,1.115137,0.000000,1.458072,1.434753,1.127153,1.160531,0.279155,1.597362,1.058361,1.085364,1.113579,1.130817,1.116349,1.241922,1.117256,1.548097,1.175465,1.165833,1.512481,1.151250,1.564777,1.127153,1.164278,1.603461,1.082067,1.166490,1.162793,1.517962,1.136227,1.140947,1.200183,1.313641,1.203683,1.114869,1.132027,1.227688,1.163230,1.200037,1.082380,1.462547,1.500820,1.151250,1.163230,1.445325,1.080239,1.127407,1.602641,1.066097,1.079931,1.280251,1.104405,1.662455,1.079409,1.402162,1.132478,1.079045,1.124036,1.213844,1.439105,1.126263,1.175465,1.104804,1.095286,1.089746,1.248733,1.256852,1.419906,1.085971,1.125295,1.605877,1.121636,1.516037,1.646949,1.021211,1.107249,1.141934,1.089880,1.029924,1.639114,1.228877,1.605897,1.197678,1.091758,1.099145,1.089746,1.119358,1.124727,1.233314,1.121759,1.101478
1.653586,1.378191,0.491625,0.785001,0.782543,0.782093,0.771067,1.107771,0.944415,1.806814,0.836882,1.458072,0.000000,1.629417,0.700324,0.672119,1.520337,1.815510,0.900206,0.771746,0.746945,0.812437,0.765324,1.030159,0.765980,1.772661,0.583197,0.672561,1.820059,0.626051,1.352548,0.700324,0.673429,1.705103,0.774487,0.697685,0.879340,1.613315,0.800057,0.826543,0.548313,1.170531,0.761981,0.735247,0.711140,0.750156,0.616766,0.543296,0.800091,1.569985,1.210153,0.626051,0.616766,1.829735,0.902425,0.919783,1.645209,0.765937,0.902854,0.735383,0.747298,1.832272,0.718721,1.215452,0.706398,0.818038,0.838982,0.671152,1.656814,0.753844,0.583197,0.753420,0.862712,0.752256,0.723580,0.860067,1.804373,0.760558,0.846257,1.840404,0.881126,1.756812,1.848522,0.810018,0.792613,0.762238,0.775463,0.966610,1.233767,0.578869,1.804101,0.737708,0.754317,0.742611,0.752256,0.824788,0.726085,0.561062,0.746894,0.761758
1.086737,1.470308,1.693131,1.692913,1.600548,1.701992,1.707795,1.465674,1.567140,0.587879,1.743832,1.434753,1.629417,0.000000,1.674428,1.640925,1.482462,1.021295,1.703394,1.714181,1.715548,1.642219,1.714575,1.457262,1.685026,1.088936,1.718056,1.618953,1.126595,1.721891,1.025385,1.674428,1.679315,0.642354,1.715936,1.687660,1.629310,1.171786,1.699474,1.682192,1.718966,1.439127,1.663836,1.721081,1.727299,1.573498,1.713446,1.697271,1.748260,0.841573,1.427934,1.721891,1.713446,1.199258,1.718020,1.704416,0.989102,1.709503,1.735027,1.622978,1.746864,0.969869,1.652047,1.343619,1.699413,1.741717,1.665214,1.686281,0.883756,1.710161,1.718056,1.693873,1.738895,1.722278,1.625391,1.483590,1.236193,1.716538,1.720773,0.814225,1.705889,1.041556,0.973413,1.622639,1.671640,1.697281,1.705626,1.649397,1.074966,1.683411,0.961805,1.675288,1.735189,1.731643,1.722278,1.671726,1.685828,1.669437,1.713323,1.740130
1.832916,1.411528,0.578612,0.136534,0.256969,0.160356,0.163016,1.160223,0.861973,1.899659,0.367575,1.127153,0.700324,1.674428,0.000000,0.484451,1.258838,1.948564,0.318519,0.246153,0.205043,0.327900,0.229980,0.710733,0.224865,1.931685,0.371065,0.420989,1.928662,0.246596,1.426258,0.000000,0.257323,1.841259,0.251816,0.649299,0.931088,1.785316,0.238777,0.260047,0.454998,1.349899,0.299458,0.212225,0.214258,0.830674,0.429172,0.361416,0.315555,1.746930,1.450084,0.246596,0.429172,1.913580,0.402489,0.367545,1.870621,0.563577,0.360505,0.897160,0.283531,1.975320,0.526564,1.443038,0.232822,0.316617,0.310090,0.754297,1.781055,0.229902,0.371065,0.256175,0.375577,0.232971,0.875424,0.970674,1.864528,0.190085,0.303243,1.947515,0.382516,1.906037,1.978963,0.308126,0.251170,0.246916,0.232319,0.848255,1.496824,0.638463,1.956987,0.365064,0.247625,0.234723,0.232971,0.282964,0.260409,0.396433,0.224760,0.234185
1.652171,1.134729,0.312960,0.524704,0.674016,0.516864,0.506513,0.800733,0.520108,1.848493,0.580236,1.160531,0.672119,1.640925,0.484451,0.000000,1.243590,1.862767,0.647733,0.444871,0.455335,0.636985,0.515469,1.031775,0.535730,1.811164,0.278438,0.125199,1.816253,0.382714,1.589173,0.484451,0.510613,1.794684,0.436114,0.467684,0.575010,1.618508,0.642350,0.681892,0.290856,1.104964,0.687087,0.472436,0.518050,0.468099,0.228849,0.291853,0.541590,1.580401,1.328749,0.382714,0.228849,1.778010,0.671567,0.731353,1.711052,0.363633,0.643154,0.576498,0.547042,1.908968,0.315187,1.137529,0.468336,0.547734,0.635541,0.429284,1.630897,0.542133,0.278438,0.513081,0.610795,0.443740,0.506203,0.585373,1.753485,0.452366,0.622363,1.890747,0.675499,1.778798,1.918026,0.632821,0.553183,0.581670,0.467984,0.672908,1.420369,0.305975,1.858462,0.659625,0.427342,0.443277,0.443740,0.616519,0.532667,0.359285,0.524999,0.471030
1.447299,1.101014,1.308636,1.221098,1.324446,1.227997,1.212682,1.117620,1.095468,1.532480,1.226110,0.279155,1.520337,1.482462,1.258838,1.243590,0.000000,1.496372,1.201729,1.203158,1.235101,1.274410,1.242584,1.405579,1.253780,1.421843,1.257656,1.267177,1.395222,1.257963,1.645996,1.258838,1.295122,1.597412,1.198070,1.217378,1.149604,1.395152,1.272721,1.284240,1.267699,1.236218,1.345947,1.233954,1.251627,1.249120,1.236367,1.287591,1.189309,1.411925,1.420256,1.257963,1.236367,1.298403,1.206024,1.267477,1.506039,1.122501,1.207648,1.288870,1.213561,1.581836,1.156785,1.344337,1.253897,1.187794,1.272915,1.230766,1.387166,1.255213,1.257656,1.230484,1.212815,1.205653,1.252713,1.268400,1.269991,1.208593,1.254998,1.536138,1.246904,1.388310,1.564413,1.165148,1.248764,1.276406,1.213746,1.037712,1.653500,1.268171,1.509007,1.331468,1.199742,1.210808,1.205653,1.266104,1.252187,1.327331,1.248849,1.213242
0.616363,1.262023,1.837260,1.955547,1.943917,1.953981,1.954905,1.484280,1.703582,0.623864,1.953552,1.597362,1.815510,1.021295,1.948564,1.862767,1.496372,0.000000,1.958137,1.951667,1.954173,1.954196,1.959722,1.890410,1.963995,0.511056,1.907400,1.882164,0.409560,1.941140,1.447569,1.948564,1.957881,0.817767,1.949899,1.847379,1.657093,0.729129,1.961254,1.958983,1.883390,1.394029,1.952895,1.958785,1.959594,1.709109,1.888934,1.907792,1.953302,0.844683,1.249190,1.941140,1.888934,0.501412,1.949667,1.962382,0.604805,1.846623,1.954679,1.725771,1.953934,0.436910,1.852884,1.261552,1.956310,1.955015,1.960205,1.762943,0.763391,1.964077,1.907400,1.954835,1.950341,1.952101,1.682777,1.625235,0.707193,1.950259,1.957943,0.482795,1.960156,0.531978,0.345103,1.942177,1.960506,1.966274,1.955206,1.744004,1.296703,1.805416,0.421734,1.962116,1.947358,1.951955,1.952101,1.961776,1.959039,1.890251,1.963012,1.953436
1.888707,1.479122,0.771511,0.238621,0.350061,0.240944,0.255936,1.267778,0.961617,1.901884,0.306573,1.058361,0.900206,1.703394,0.318519,0.647733,1.201729,1.958137,0.000000,0.282136,0.271129,0.255574,0.238747,0.652939,0.229803,1.950777,0.551617,0.587108,1.932801,0.405341,1.437370,0.318519,0.332753,1.853741,0.290524,0.758240,1.065123,1.847231,0.266416,0.268956,0.639169,1.413822,0.368100,0.275318,0.288320,1.002276,0.598857,0.539622,0.330828,1.808096,1.562975,0.405341,0.598857,1.911780,0.259135,0.265501,1.919718,0.684006,0.140523,1.018562,0.325035,1.974163,0.673441,1.523558,0.299177,0.325579,0.220291,0.915358,1.823058,0.231364,0.551617,0.270385,0.254289,0.295554,1.041561,1.115727,1.859108,0.280218,0.223421,1.945287,0.318313,1.934911,1.974504,0.336835,0.219857,0.224657,0.251838,0.907745,1.567753,0.818942,1.963371,0.335911,0.314806,0.305957,0.295554,0.219166,0.282479,0.631901,0.242142,0.281541
1.829166,1.372613,0.567892,0.219696,0.426950,0.229202,0.200255,1.108933,0.782084,1.918673,0.284114,1.085364,0.771746,1.714181,0.246153,0.444871,1.203158,1.951667,0.282136,0.000000,0.148764,0.334723,0.182836,0.791346,0.159482,1.919373,0.342432,0.406164,1.919579,0.227070,1.507943,0.246153,0.246730,1.872302,0.019498,0.552515,0.872503,1.783047,0.345135,0.375028,0.431678,1.271795,0.418006,0.111866,0.208390,0.808216,0.381273,0.353095,0.279978,1.749189,1.458638,0.227070,0.381273,1.888004,0.326328,0.377085,1.866510,0.480595,0.278731,0.825628,0.262452,1.978779,0.473251,1.396489,0.190680,0.260819,0.277193,0.706384,1.789143,0.183222,0.342432,0.198139,0.287511,0.088148,0.844150,0.943671,1.834835,0.152938,0.299104,1.957073,0.340361,1.899724,1.985372,0.352998,0.181007,0.226120,0.054867,0.746332,1.519280,0.613707,1.949583,0.358119,0.115582,0.106664,0.088148,0.254957,0.227946,0.444939,0.175837,0.139919
1.839837,1.386858,0.567693,0.171479,0.381897,0.170610,0.157617,1.138950,0.821079,1.919122,0.272886,1.113579,0.746945,1.715548,0.205043,0.455335,1.235101,1.954173,0.271129,0.148764,0.000000,0.315627,0.082162,0.770769,0.169381,1.922579,0.339945,0.408072,1.922355,0.210500,1.485620,0.205043,0.191725,1.872557,0.155738,0.604164,0.897554,1.797185,0.279349,0.312078,0.432907,1.322879,0.375877,0.092936,0.161285,0.834677,0.387202,0.342008,0.247755,1.766407,1.476718,0.210500,0.387202,1.897342,0.320120,0.366306,1.881758,0.521966,0.265135,0.841689,0.235045,1.983598,0.494258,1.423249,0.178219,0.249501,0.262986,0.723943,1.789791,0.121110,0.339945,0.188469,0.271496,0.114207,0.855228,0.966906,1.841146,0.127806,0.241968,1.957966,0.342067,1.904336,1.986392,0.357108,0.197868,0.172991,0.130635,0.809656,1.540200,0.617976,1.962188,0.308305,0.112208,0.107390,0.114207,0.242272,0.220263,0.445569,0.100504,0.076096
1.873080,1.511527,0.756252,0.307776,0.312395,0.315189,0.334124,1.274075,0.956827,1.871812,0.365755,1.130817,0.812437,1.642219,0.327900,0.636985,1.274410,1.954196,0.255574,0.334723,0.315627,0.000000,0.279936,0.604646,0.244630,1.944230,0.558305,0.562376,1.946479,0.427110,1.353851,0.327900,0.287760,1.806743,0.346201,0.725546,1.079190,1.837925,0.320124,0.319859,0.639735,1.374328,0.360979,0.314277,0.338129,0.986903,0.609306,0.528058,0.402569,1.766659,1.526860,0.427110,0.609306,1.933444,0.315352,0.360877,1.888499,0.714699,0.303777,0.975840,0.393630,1.966315,0.686042,1.485028,0.265359,0.401461,0.233593,0.919452,1.793214,0.253957,0.558305,0.217354,0.331151,0.351934,1.037336,1.088053,1.883919,0.350933,0.315089,1.925446,0.341825,1.930610,1.964522,0.327333,0.224111,0.225480,0.299759,0.907229,1.468937,0.816228,1.952445,0.250875,0.377915,0.360566,0.351934,0.238913,0.189425,0.624798,0.267717,0.348993
1.862347,1.426297,0.624108,0.180418,0.361845,0.177683,0.175138,1.186995,0.871976,1.917349,0.274598,1.116349,0.765324,1.714575,0.229980,0.515469,1.242584,1.959722,0.238747,0.182836,0.082162,0.279936,0.000000,0.733658,0.151441,1.931458,0.401794,0.464915,1.930599,0.263835,1.458572,0.229980,0.174287,1.869915,0.193303,0.638484,0.951796,1.820800,0.260094,0.284776,0.492246,1.354129,0.343329,0.124125,0.170993,0.890816,0.450593,0.397678,0.261257,1.785732,1.502172,0.263835,0.450593,1.910260,0.295101,0.333018,1.898089,0.579641,0.236813,0.880558,0.241749,1.984353,0.553565,1.453434,0.197034,0.262799,0.214796,0.780062,1.806004,0.074167,0.401794,0.190348,0.259355,0.162054,0.910195,1.016182,1.851574,0.172021,0.225227,1.956854,0.320078,1.916256,1.986531,0.347824,0.170516,0.118393,0.150065,0.851754,1.550067,0.677265,1.967009,0.253777,0.172357,0.161133,0.162054,0.198977,0.211698,0.500036,0.054577,0.123305
1.881776,1.723621,1.122298,0.698357,0.522638,0.715392,0.736095,1.552235,1.311256,1.700688,0.781845,1.241922,1.030159,1.457262,0.710733,1.031775,1.405579,1.890410,0.652939,0.791346,0.770769,0.604646,0.733658,0.000000,0.675982,1.912736,0.969717,0.947931,1.921771,0.847186,1.064574,0.710733,0.707455,1.619939,0.801708,1.112909,1.423253,1.866065,0.632426,0.593675,1.035744,1.584403,0.590433,0.761386,0.748083,1.299546,1.023990,0.924413,0.810661,1.748521,1.634493,0.847186,1.023990,1.937960,0.710569,0.624775,1.858687,1.125251,0.720339,1.333903,0.789501,1.840866,1.064898,1.662576,0.745951,0.803937,0.622027,1.283673,1.787935,0.702762,0.969717,0.729599,0.760771,0.798388,1.373691,1.370253,1.882160,0.783538,0.700296,1.787859,0.699875,1.901895,1.855031,0.629226,0.665110,0.658191,0.758335,1.241948,1.384657,1.187232,1.863659,0.625581,0.830356,0.808740,0.798388,0.633560,0.706345,0.945551,0.718651,0.800793
1.870246,1.458387,0.650801,0.192650,0.317326,0.210432,0.201114,1.211615,0.892283,1.904277,0.300118,1.117256,0.765980,1.685026,0.224865,0.535730,1.253780,1.963995,0.229803,0.159482,0.169381,0.244630,0.151441,0.675982,0.000000,1.944600,0.430587,0.475190,1.943143,0.284403,1.422104,0.224865,0.189712,1.845639,0.176456,0.644731,0.986319,1.829543,0.269265,0.280888,0.521408,1.351364,0.321534,0.127919,0.199898,0.905151,0.484730,0.418475,0.314797,1.774543,1.509637,0.284403,0.484730,1.926573,0.303928,0.315278,1.893529,0.609138,0.256630,0.912017,0.277882,1.978640,0.575871,1.458324,0.198044,0.303979,0.165397,0.812657,1.808983,0.112299,0.430587,0.189882,0.290363,0.164966,0.942443,1.029074,1.872904,0.207711,0.253000,1.952006,0.314939,1.927575,1.984621,0.311318,0.065497,0.117117,0.113849,0.854868,1.510739,0.710517,1.960135,0.257946,0.211716,0.183527,0.164966,0.143512,0.191779,0.503561,0.128070,0.194181
0.552313,1.178985,1.769758,1.940388,1.954947,1.936229,1.933917,1.377244,1.601537,0.703741,1.928871,1.548097,1.772661,1.088936,1.931685,1.811164,1.421843,0.511056,1.950777,1.919373,1.922579,1.944230,1.931458,1.912736,1.944600,0.000000,1.855993,1.839897,0.470688,1.903954,1.512351,1.931685,1.927657,0.867451,1.916626,1.756613,1.558771,0.605522,1.951847,1.957233,1.824975,1.242085,1.957825,1.926002,1.932371,1.622209,1.831718,1.857365,1.915184,0.792005,1.153049,1.903954,1.831718,0.421867,1.938942,1.957937,0.545850,1.781666,1.943021,1.596108,1.919341,0.540899,1.780709,1.154877,1.923446,1.917039,1.955860,1.678345,0.722780,1.938542,1.855993,1.923862,1.931030,1.916136,1.593672,1.535644,0.562869,1.923525,1.945489,0.580377,1.942344,0.342500,0.529795,1.916737,1.944845,1.946395,1.926637,1.636239,1.288849,1.732651,0.476489,1.938589,1.906932,1.913622,1.916136,1.955280,1.930123,1.851186,1.934578,1.916785
1.726614,1.236309,0.262827,0.416938,0.590967,0.415029,0.383917,0.948231,0.674474,1.910443,0.454888,1.175465,0.583197,1.718056,0.371065,0.278438,1.257656,1.907400,0.551617,0.342432,0.339945,0.558305,0.401794,0.969717,0.430587,1.855993,0.000000,0.305633,1.870397,0.182513,1.557820,0.371065,0.389136,1.864463,0.336036,0.484906,0.661870,1.682525,0.515974,0.562708,0.106485,1.162418,0.573497,0.339487,0.349996,0.594093,0.093971,0.164491,0.394783,1.669507,1.335036,0.182513,0.093971,1.834689,0.560534,0.619570,1.778274,0.336398,0.534435,0.637873,0.394224,1.949134,0.315109,1.263571,0.349539,0.405721,0.542733,0.437229,1.715282,0.416129,0.000000,0.402112,0.495809,0.321392,0.592133,0.766435,1.788377,0.326534,0.501530,1.939884,0.549564,1.827212,1.955446,0.532436,0.462857,0.461237,0.369725,0.704088,1.466668,0.323875,1.910500,0.541115,0.301291,0.308364,0.321392,0.519056,0.417519,0.279845,0.397897,0.335410
1.686107,1.202053,0.383902,0.463849,0.586154,0.456337,0.456713,0.877507,0.587329,1.842411,0.545266,1.165833,0.672561,1.618953,0.420989,0.125199,1.267177,1.882164,0.587108,0.406164,0.408072,0.562376,0.464915,0.947931,0.475190,1.839897,0.305633,0.000000,1.843218,0.360150,1.539077,0.420989,0.458167,1.777818,0.399539,0.511253,0.676291,1.652916,0.577832,0.612301,0.343439,1.163345,0.618642,0.429844,0.473803,0.539229,0.287808,0.286834,0.518784,1.602271,1.363411,0.360150,0.287808,1.813348,0.625811,0.666415,1.738977,0.434852,0.595545,0.651958,0.512561,1.919059,0.370315,1.183186,0.414904,0.525809,0.569234,0.534844,1.646845,0.488933,0.305633,0.459632,0.570861,0.409638,0.603197,0.642759,1.788838,0.412461,0.565815,1.894117,0.631857,1.810205,1.928392,0.570120,0.489953,0.521290,0.420597,0.718818,1.408796,0.399137,1.876672,0.599814,0.400178,0.412643,0.409638,0.551649,0.475536,0.349796,0.474572,0.437153
0.625855,1.138923,1.797795,1.931318,1.945943,1.929578,1.924945,1.392856,1.626867,0.751001,1.930180,1.512481,1.820059,1.126595,1.928662,1.816253,1.395222,0.409560,1.932801,1.919579,1.922355,1.946479,1.930599,1.921771,1.943143,0.470688,1.870397,1.843218,0.000000,1.909910,1.527859,1.928662,1.935720,0.879409,1.916691,1.790576,1.578565,0.728232,1.946028,1.947801,1.845870,1.356058,1.941983,1.929017,1.932711,1.652887,1.846131,1.873869,1.918651,0.825086,1.268483,1.909910,1.846131,0.375972,1.932269,1.946140,0.607841,1.788389,1.927345,1.653958,1.919550,0.555115,1.797327,1.222416,1.928626,1.918695,1.945652,1.705764,0.766045,1.938670,1.870397,1.928957,1.925936,1.917200,1.618852,1.560558,0.626930,1.916315,1.934626,0.615579,1.942569,0.469101,0.497610,1.929048,1.942568,1.946342,1.926303,1.675456,1.385483,1.758115,0.540129,1.948592,1.909890,1.916695,1.917200,1.944791,1.935951,1.859767,1.935189,1.918426
1.797289,1.334232,0.416548,0.278909,0.454839,0.280790,0.249755,1.068867,0.781120,1.922689,0.344111,1.151250,0.626051,1.721891,0.246596,0.382714,1.257963,1.941140,0.405341,0.227070,0.210500,0.427110,0.263835,0.847186,0.284403,1.903954,0.182513,0.360150,1.909910,0.000000,1.509073,0.246596,0.264197,1.872192,0.226446,0.552080,0.798873,1.753997,0.372519,0.415052,0.271973,1.260499,0.444313,0.200933,0.183580,0.726554,0.257675,0.210850,0.302206,1.729780,1.412070,0.000000,0.257675,1.883239,0.433868,0.468904,1.839680,0.429290,0.396991,0.763291,0.268707,1.971101,0.412595,1.356963,0.230365,0.314936,0.391897,0.593686,1.764058,0.265635,0.182513,0.277550,0.371756,0.203273,0.738839,0.890889,1.831425,0.202899,0.357343,1.956975,0.436593,1.881499,1.976534,0.422741,0.317874,0.307473,0.241316,0.770642,1.500411,0.482259,1.944803,0.411908,0.196671,0.191213,0.203273,0.368436,0.294323,0.328537,0.252163,0.211708
1.556375,1.828849,1.591086,1.446812,1.282695,1.454503,1.470819,1.781269,1.715752,1.210893,1.500459,1.564777,1.352548,1.025385,1.426258,1.589173,1.645996,1.447569,1.437370,1.507943,1.485620,1.353851,1.458572,1.064574,1.422104,1.512351,1.557820,1.539077,1.527859,1.509073,0.000000,1.426258,1.407282,1.057696,1.515832,1.596731,1.770043,1.583273,1.381743,1.358012,1.578464,1.671866,1.299436,1.481599,1.463873,1.656103,1.593705,1.523972,1.499490,1.423845,1.485893,1.509073,1.593705,1.662563,1.457400,1.390482,1.460825,1.677496,1.474487,1.646849,1.483165,1.364900,1.605960,1.662778,1.451525,1.502982,1.376466,1.688994,1.460026,1.435505,1.557820,1.444304,1.492280,1.509936,1.710902,1.653188,1.673550,1.504233,1.445203,1.317479,1.424792,1.489822,1.360488,1.338273,1.414606,1.402116,1.486582,1.658201,1.150707,1.644140,1.427750,1.331088,1.531610,1.514350,1.509936,1.385113,1.410430,1.505819,1.445870,1.511536
1.832916,1.411528,0.578612,0.136534,0.256969,0.160356,0.163016,1.160223,0.861973,1.899659,0.367575,1.127153,0.700324,1.674428,0.000000,0.484451,1.258838,1.948564,0.318519,0.246153,0.205043,0.327900,0.229980,0.710733,0.224865,1.931685,0.371065,0.420989,1.928662,0.246596,1.426258,0.000000,0.257323,1.841259,0.251816,0.649299,0.931088,1.785316,0.238777,0.260047,0.454998,1.349899,0.299458,0.212225,0.214258,0.830674,0.429172,0.361416,0.315555,1.746930,1.450084,0.246596,0.429172,1.913580,0.402489,0.367545,1.870621,0.563577,0.360505,0.897160,0.283531,1.975320,0.526564,1.443038,0.232822,0.316617,0.310090,0.754297,1.781055,0.229902,0.371065,0.256175,0.375577,0.232971,0.875424,0.970674,1.864528,0.190085,0.303243,1.947515,0.382516,1.906037,1.978963,0.308126,0.251170,0.246916,0.232319,0.848255,1.496824,0.638463,1.956987,0.365064,0.247625,0.234723,0.232971,0.282964,0.260409,0.396433,0.224760,0.234185
1.852972,1.438885,0.587164,0.274053,0.365256,0.288446,0.264883,1.183603,0.867941,1.901193,0.359609,1.164278,0.673429,1.679315,0.257323,0.510613,1.295122,1.957881,0.332753,0.246730,0.191725,0.287760,0.174287,0.707455,0.189712,1.927657,0.389136,0.458167,1.935720,0.264197,1.407282,0.257323,0.000000,1.835747,0.258727,0.600553,0.942827,1.817240,0.336703,0.357104,0.468632,1.327396,0.345193,0.192230,0.232701,0.867535,0.446070,0.375260,0.344290,1.748688,1.484266,0.264197,0.446070,1.924537,0.373701,0.401950,1.870325,0.585510,0.344486,0.836498,0.320545,1.974505,0.545390,1.424127,0.213036,0.339057,0.250309,0.755557,1.785306,0.151939,0.389136,0.222412,0.350095,0.236306,0.885243,0.990134,1.871152,0.249634,0.333738,1.948517,0.365582,1.913155,1.979119,0.372542,0.201767,0.162580,0.223854,0.843450,1.476215,0.653926,1.957510,0.189343,0.257233,0.233457,0.236306,0.239300,0.210696,0.453515,0.141298,0.232582
0.945911,1.501887,1.811174,1.857389,1.772624,1.859911,1.868814,1.577774,1.705849,0.473880,1.889782,1.603461,1.705103,0.642354,1.841259,1.794684,1.597412,0.817767,1.853741,1.872302,1.872557,1.806743,1.869915,1.619939,1.845639,0.867451,1.864463,1.777818,0.879409,1.872192,1.057696,1.841259,1.835747,0.000000,1.873997,1.791517,1.745749,1.028405,1.847897,1.836510,1.855775,1.486034,1.808287,1.874376,1.880205,1.688259,1.861309,1.834593,1.896213,0.783593,1.392071,1.872192,1.861309,1.008932,1.874050,1.848865,0.761201,1.860212,1.880481,1.715441,1.886457,0.641867,1.818372,1.313646,1.847919,1.898464,1.830181,1.808370,0.819341,1.864179,1.864463,1.851981,1.883724,1.878305,1.730011,1.583749,1.149681,1.876932,1.868746,0.610247,1.871533,0.904923,0.665923,1.803391,1.837008,1.851548,1.865493,1.759236,1.039002,1.806199,0.690580,1.819132,1.887286,1.883785,1.878305,1.834300,1.838592,1.808833,1.867274,1.890836
1.824401,1.363440,0.560993,0.225169,0.437404,0.233905,0.204063,1.098587,0.772195,1.919228,0.285781,1.082067,0.774487,1.715936,0.251816,0.436114,1.198070,1.949899,0.290524,0.019498,0.155738,0.346201,0.193303,0.801708,0.176456,1.916626,0.336036,0.399539,1.916691,0.226446,1.515832,0.251816,0.258727,1.873997,0.000000,0.546638,0.861724,1.777622,0.353778,0.384992,0.424462,1.265117,0.426870,0.124932,0.215209,0.797867,0.372429,0.349178,0.279901,1.746225,1.453383,0.226446,0.372429,1.883821,0.332618,0.384059,1.863491,0.468743,0.285987,0.818826,0.265516,1.978215,0.464950,1.390282,0.196787,0.260664,0.291317,0.696813,1.786420,0.197799,0.336036,0.207220,0.291923,0.095816,0.835194,0.935091,1.831091,0.151912,0.306522,1.956861,0.345861,1.896728,1.984883,0.358176,0.197377,0.241463,0.071818,0.737009,1.519667,0.605060,1.948083,0.372002,0.116290,0.112317,0.095816,0.269070,0.237548,0.439554,0.188712,0.144945
1.643687,1.181219,0.474206,0.682058,0.834245,0.687071,0.651268,0.827827,0.493682,1.860419,0.685670,1.166490,0.697685,1.687660,0.649299,0.467684,1.217378,1.847379,0.758240,0.552515,0.604164,0.725546,0.638484,1.112909,0.644731,1.756613,0.484906,0.511253,1.790576,0.552080,1.596731,0.649299,0.600553,1.791517,0.546638,0.000000,0.600525,1.593688,0.789647,0.831662,0.471751,0.941829,0.800053,0.590036,0.649349,0.574729,0.453637,0.496720,0.651143,1.542099,1.244199,0.552080,0.453637,1.746757,0.737942,0.832393,1.660391,0.408639,0.741933,0.451860,0.644428,1.890719,0.452236,1.112533,0.579458,0.626961,0.730045,0.496130,1.645519,0.645956,0.484906,0.608961,0.698745,0.565301,0.583913,0.649740,1.725672,0.598194,0.766774,1.889049,0.721584,1.744812,1.900914,0.710898,0.654749,0.680263,0.582989,0.510651,1.333707,0.481957,1.827607,0.700114,0.558480,0.562851,0.565301,0.717356,0.610998,0.522621,0.630267,0.597137
1.372360,0.761233,0.523492,0.967132,1.127500,0.962553,0.934098,0.383771,0.398815,1.749772,0.969825,1.162793,0.879340,1.629310,0.931088,0.575010,1.149604,1.657093,1.065123,0.872503,0.897554,1.079190,0.951796,1.423253,0.986319,1.558771,0.661870,0.676291,1.578565,0.798873,1.770043,0.931088,0.942827,1.745749,0.861724,0.600525,0.000000,1.340789,1.072422,1.113249,0.600240,0.803846,1.123792,0.904030,0.933266,0.384287,0.589824,0.714241,0.916198,1.347195,1.124280,0.798873,0.589824,1.500178,1.054638,1.138585,1.456467,0.459085,1.041288,0.472531,0.932597,1.748003,0.544326,0.870235,0.910593,0.915405,1.072850,0.291225,1.416473,0.975890,0.661870,0.939740,0.997036,0.867336,0.213101,0.449591,1.492603,0.875723,1.041788,1.753336,1.055678,1.522193,1.752328,1.041843,1.001033,1.020711,0.907340,0.599702,1.400804,0.414456,1.661366,1.078376,0.841017,0.859849,0.867336,1.056593,0.965039,0.704531,0.956680,0.885048
0.357375,0.956424,1.567216,1.807587,1.837739,1.805062,1.796667,1.133500,1.393888,0.946232,1.819429,1.517962,1.613315,1.171786,1.785316,1.618508,1.395152,0.729129,1.847231,1.783047,1.797185,1.837925,1.820800,1.866065,1.829543,0.605522,1.682525,1.652916,0.728232,1.753997,1.583273,1.785316,1.817240,1.028405,1.777622,1.593688,1.340789,0.000000,1.843538,1.856227,1.639682,1.059967,1.844250,1.800364,1.805176,1.344844,1.650675,1.684635,1.798761,0.710437,0.742673,1.753997,1.650675,0.633851,1.850487,1.864225,0.568091,1.589533,1.850007,1.434120,1.787679,0.829783,1.592269,0.916679,1.787958,1.804797,1.866173,1.472854,0.711519,1.831893,1.682525,1.796731,1.830896,1.783728,1.373029,1.281612,0.782023,1.783519,1.846050,0.874689,1.852161,0.590338,0.830803,1.783244,1.833782,1.846714,1.797584,1.449554,1.209968,1.523051,0.715497,1.856252,1.769589,1.780061,1.783728,1.859408,1.804300,1.649152,1.824968,1.789742
1.880696,1.499835,0.729307,0.190343,0.244866,0.166136,0.246194,1.295146,1.015444,1.906593,0.306224,1.136227,0.800057,1.699474,0.238777,0.642350,1.272721,1.961254,0.266416,0.345135,0.279349,0.320124,0.260094,0.632426,0.269265,1.951847,0.515974,0.577832,1.946028,0.372519,1.381743,0.238777,0.336703,1.847897,0.353778,0.789647,1.072422,1.843538,0.000000,0.088421,0.600850,1.444550,0.299639,0.291509,0.261305,0.989701,0.576605,0.511020,0.289101,1.810798,1.529028,0.372519,0.576605,1.933887,0.328652,0.286273,1.917808,0.708579,0.303258,1.030256,0.308743,1.975039,0.684719,1.539500,0.308337,0.325890,0.280686,0.896711,1.824799,0.254772,0.515974,0.303119,0.316346,0.328278,1.022838,1.126835,1.882670,0.298477,0.208911,1.950558,0.344135,1.935526,1.975295,0.321464,0.287793,0.245357,0.316587,0.958888,1.543902,0.791063,1.970326,0.355801,0.344087,0.328812,0.328278,0.265148,0.305182,0.570822,0.263357,0.302224
1.894107,1.525852,0.774230,0.216594,0.206576,0.208472,0.273966,1.327441,1.048627,1.893308,0.354563,1.140947,0.826543,1.682192,0.260047,0.681892,1.284240,1.958983,0.268956,0.375028,0.312078,0.319859,0.284776,0.593675,0.280888,1.957233,0.562708,0.612301,1.947801,0.415052,1.358012,0.260047,0.357104,1.836510,0.384992,0.831662,1.113249,1.856227,0.088421,0.000000,0.648087,1.476051,0.281863,0.321910,0.296005,1.028648,0.624212,0.552263,0.355821,1.818139,1.552471,0.415052,0.624212,1.940222,0.345171,0.273418,1.926052,0.753662,0.312994,1.073694,0.354356,1.969161,0.722858,1.565491,0.341190,0.376190,0.274408,0.943086,1.828255,0.274816,0.562708,0.330404,0.346444,0.359450,1.063053,1.159145,1.886245,0.331549,0.212805,1.940518,0.359524,1.940464,1.969940,0.342044,0.295440,0.254929,0.341267,1.003553,1.552413,0.835068,1.967843,0.358853,0.380067,0.363540,0.359450,0.262605,0.332161,0.605400,0.286930,0.336535
1.686431,1.191304,0.173273,0.507526,0.669819,0.504698,0.473150,0.897882,0.645882,1.901148,0.532901,1.200183,0.548313,1.718966,0.454998,0.290856,1.267699,1.883390,0.639169,0.431678,0.432907,0.639735,0.492246,1.035744,0.521408,1.824975,0.106485,0.343439,1.845870,0.271973,1.578464,0.454998,0.468632,1.855775,0.424462,0.471751,0.600240,1.639682,0.600850,0.648087,0.000000,1.114230,0.647925,0.431365,0.437626,0.537491,0.113908,0.198739,0.476418,1.637084,1.284725,0.271973,0.113908,1.806822,0.639389,0.701761,1.740913,0.326884,0.619659,0.582138,0.470326,1.929654,0.320218,1.212435,0.434519,0.488907,0.633122,0.359835,1.687498,0.505913,0.106485,0.486978,0.574012,0.412395,0.517855,0.717709,1.764394,0.416238,0.589479,1.925869,0.632025,1.796169,1.936776,0.606419,0.553064,0.549641,0.461158,0.684894,1.442730,0.242104,1.885627,0.615646,0.390400,0.398425,0.412395,0.610832,0.499560,0.291258,0.487343,0.425255
1.091838,0.922197,1.048502,1.379708,1.472151,1.375635,1.356421,0.723967,0.826435,1.493241,1.332008,1.313641,1.170531,1.439127,1.349899,1.104964,1.236218,1.394029,1.413822,1.271795,1.322879,1.374328,1.354129,1.584403,1.351364,1.242085,1.162418,1.163345,1.356058,1.260499,1.671866,1.349899,1.327396,1.486034,1.265117,0.941829,0.803846,1.059967,1.444550,1.476051,1.114230,0.000000,1.474048,1.309815,1.346891,0.894334,1.117289,1.176386,1.318350,1.030769,0.911931,1.260499,1.117289,1.261213,1.374339,1.475878,1.107931,1.011572,1.398846,0.806391,1.335781,1.469150,1.058801,0.747496,1.283106,1.315309,1.406718,0.909098,1.205463,1.358069,1.162418,1.296232,1.347249,1.284778,0.860171,0.823906,1.299234,1.312080,1.415029,1.491230,1.383829,1.253229,1.481785,1.332871,1.355271,1.382473,1.298781,0.782486,1.037067,0.997684,1.341767,1.387474,1.274410,1.282790,1.284778,1.400067,1.301399,1.198751,1.349967,1.310605
1.892629,1.539702,0.759104,0.303359,0.250635,0.330170,0.319702,1.336829,1.058966,1.886178,0.482787,1.203683,0.761981,1.663836,0.299458,0.687087,1.345947,1.952895,0.368100,0.418006,0.375877,0.360979,0.343329,0.590433,0.321534,1.957825,0.573497,0.618642,1.941983,0.444313,1.299436,0.299458,0.345193,1.808287,0.426870,0.800053,1.123792,1.844250,0.299639,0.281863,0.647925,1.474048,0.000000,0.378824,0.353570,1.005772,0.634041,0.552635,0.455753,1.795258,1.512787,0.444313,0.634041,1.957183,0.476583,0.352367,1.907894,0.777938,0.426931,1.037161,0.413997,1.961450,0.734717,1.553461,0.390980,0.447631,0.316713,0.938683,1.826863,0.327958,0.573497,0.403064,0.482405,0.414093,1.061598,1.137409,1.912566,0.361986,0.386664,1.938448,0.411289,1.940284,1.963968,0.366419,0.336096,0.302967,0.391179,1.020723,1.497736,0.833011,1.961013,0.340761,0.441977,0.420342,0.414093,0.305788,0.371427,0.549958,0.333259,0.407852
1.844221,1.402124,0.568162,0.187484,0.387715,0.198253,0.167526,1.150792,0.830418,1.922530,0.274489,1.114869,0.735247,1.721081,0.212225,0.472436,1.233954,1.958785,0.275318,0.111866,0.092936,0.314277,0.124125,0.761386,0.127919,1.926002,0.339487,0.429844,1.929017,0.200933,1.481599,0.212225,0.192230,1.874376,0.124932,0.590036,0.904030,1.800364,0.291509,0.321910,0.431365,1.309815,0.378824,0.000000,0.149661,0.841070,0.392398,0.342401,0.258381,1.768759,1.471625,0.200933,0.392398,1.902783,0.321815,0.365529,1.880813,0.522030,0.271304,0.846397,0.225437,1.982997,0.500054,1.425120,0.174752,0.253374,0.259076,0.724706,1.800265,0.113666,0.339487,0.182801,0.280428,0.068071,0.862047,0.977284,1.844029,0.143557,0.260067,1.960453,0.338166,1.906872,1.988557,0.351658,0.169643,0.164402,0.090736,0.797281,1.529734,0.623495,1.959913,0.307317,0.098347,0.067670,0.068071,0.235948,0.208182,0.446547,0.107250,0.085620
