0.000000,1.016060,1.650656,1.876862,1.896984,1.866905,1.869442,1.192651,1.416147,0.870252,1.852735,1.594075,1.720011,1.159119,1.855223,1.686894,1.466610,0.624378,1.895317,1.842736,1.852212,1.885684,1.871298,1.893150,1.883712,0.573686,1.750587,1.719433,0.640723,1.815285,1.606387,1.855223,1.866252,0.982261,1.838440,1.609848,1.404180,0.314101,1.894465,1.907972,1.714839,1.030458,1.918734,1.856659,1.863225,1.417281,1.716644,1.765163,1.831253,0.637950,0.860170,1.815285,1.716644,0.538487,1.884498,1.909373,0.456681,1.651873,1.887783,1.460841,1.855560,0.682383,1.667508,0.897590,1.848106,1.831642,1.904706,1.541383,0.763495,1.881252,1.750587,1.849011,1.866275,1.844524,1.456583,1.348095,0.736768,1.852233,1.889785,0.760663,1.876048,0.563983,0.669835,1.864571,1.883876,1.893458,1.854703,1.501388,1.150085,1.605116,0.609500,1.902840,1.830275,1.840573,1.844524,1.900422,1.861276,1.759378,1.876329,1.847378
1.016060,0.000000,1.131804,1.424604,1.529971,1.410362,1.402330,0.624043,0.871361,1.471422,1.376469,1.220589,1.380550,1.488754,1.403993,1.141381,1.120366,1.319405,1.464606,1.361671,1.369325,1.488676,1.408165,1.726286,1.444886,1.237346,1.217234,1.208753,1.209596,1.310212,1.856365,1.403993,1.419056,1.537580,1.353844,1.146107,0.759072,1.022106,1.475725,1.504504,1.178970,0.885069,1.553454,1.381945,1.397799,0.927647,1.162593,1.277835,1.339092,1.101084,1.110316,1.310212,1.162593,1.064651,1.448466,1.523887,1.161420,1.041894,1.440496,0.997590,1.390836,1.389898,1.113589,0.777478,1.385761,1.338318,1.488603,0.944680,1.121008,1.433009,1.217234,1.380379,1.402568,1.354760,0.869440,0.889727,1.113472,1.363493,1.444123,1.425612,1.434539,1.206475,1.384967,1.480882,1.448555,1.465283,1.385106,1.007507,1.388763,1.046833,1.288069,1.505569,1.331132,1.349050,1.354760,1.476554,1.418260,1.273759,1.420200,1.359366
1.650656,1.131804,0.000000,0.647841,0.770909,0.641849,0.611586,0.822549,0.666393,1.835790,0.672442,1.262907,0.485201,1.631942,0.569350,0.321415,1.322462,1.866398,0.760272,0.560910,0.573000,0.755398,0.624221,1.143192,0.639171,1.803979,0.258941,0.385770,1.832435,0.402378,1.611039,0.569350,0.569415,1.806159,0.555173,0.550777,0.534904,1.616303,0.727771,0.771906,0.175336,1.176515,0.766053,0.561381,0.560061,0.478916,0.244590,0.278918,0.586306,1.576550,1.316045,0.402378,0.244590,1.768077,0.782461,0.848960,1.678344,0.396816,0.766027,0.522075,0.599658,1.886517,0.337947,1.189237,0.573514,0.580662,0.742488,0.300020,1.655393,0.629618,0.258941,0.605979,0.717931,0.550406,0.387747,0.602650,1.705506,0.563329,0.729605,1.871804,0.727347,1.745821,1.895572,0.756842,0.665124,0.665604,0.587162,0.760924,1.372881,0.131801,1.829034,0.701086,0.533247,0.538705,0.550406,0.712865,0.623670,0.359733,0.613529,0.570841
1.876862,1.424604,0.647841,0.000000,0.273332,0.078659,0.087997,1.204915,0.953837,1.897858,0.320250,1.063016,0.758441,1.663879,0.144703,0.532926,1.211676,1.964128,0.217597,0.232097,0.173777,0.288822,0.161153,0.705251,0.184891,1.955687,0.433600,0.471215,1.951000,0.293103,1.444151,0.144703,0.220375,1.855171,0.239750,0.745674,0.982246,1.838353,0.173759,0.196664,0.516092,1.462549,0.296814,0.188394,0.186726,0.926622,0.489939,0.414326,0.300738,1.798235,1.571831,0.293103,0.489939,1.917044,0.329948,0.292086,1.909711,0.616706,0.273581,0.958420,0.237250,1.982727,0.583132,1.526791,0.227629,0.317098,0.221044,0.816715,1.793134,0.162848,0.433600,0.243200,0.305643,0.219748,0.925336,1.040728,1.856846,0.151677,0.219417,1.953314,0.338401,1.925118,1.982987,0.310693,0.195665,0.170169,0.205500,0.928721,1.542605,0.698500,1.964252,0.292681,0.238242,0.225636,0.219748,0.205003,0.249975,0.437603,0.165501,0.206622
1.896984,1.529971,0.770909,0.273332,0.000000,0.295012,0.326456,1.327126,1.092684,1.833863,0.507211,1.144881,0.746801,1.564401,0.261062,0.674073,1.318686,1.946151,0.346925,0.438121,0.396114,0.312826,0.367362,0.536425,0.321937,1.962046,0.598169,0.586886,1.960720,0.466964,1.283789,0.261062,0.336413,1.766042,0.449351,0.889521,1.135462,1.864413,0.248615,0.211997,0.665929,1.544926,0.240326,0.399320,0.379793,1.037990,0.664416,0.549744,0.498604,1.787776,1.611178,0.466964,0.664416,1.956742,0.478060,0.357676,1.904724,0.807234,0.438355,1.094767,0.440106,1.956976,0.738700,1.570924,0.384121,0.512216,0.289809,0.970292,1.775787,0.342276,0.598169,0.401096,0.486971,0.439599,1.055871,1.133115,1.905837,0.383950,0.373077,1.911817,0.457109,1.937910,1.951796,0.349263,0.316559,0.303842,0.401695,1.065241,1.479273,0.836925,1.955338,0.328881,0.470675,0.449959,0.439599,0.295221,0.372072,0.536487,0.355419,0.440157
1.866905,1.410362,0.641849,0.078659,0.295012,0.000000,0.132454,1.189180,0.941913,1.900203,0.305329,1.064436,0.765842,1.671268,0.164642,0.520273,1.208893,1.961720,0.221471,0.237004,0.177261,0.305435,0.165721,0.730219,0.208331,1.951693,0.428812,0.459351,1.947166,0.293396,1.458057,0.164642,0.244131,1.858637,0.242879,0.740470,0.969448,1.830349,0.156272,0.197191,0.510232,1.455012,0.329002,0.202197,0.196236,0.914567,0.481965,0.411598,0.278472,1.799856,1.565425,0.293396,0.481965,1.909542,0.332106,0.306366,1.907927,0.608719,0.271066,0.949977,0.239232,1.981111,0.577906,1.511538,0.236414,0.310340,0.237366,0.807629,1.794854,0.178630,0.428812,0.248621,0.292127,0.228865,0.913633,1.027818,1.853518,0.172365,0.204235,1.954646,0.349761,1.922149,1.980023,0.324763,0.217204,0.190054,0.212907,0.919107,1.541296,0.688449,1.962410,0.313454,0.238591,0.232867,0.228865,0.225078,0.263505,0.446933,0.180395,0.209218
1.869442,1.402330,0.611586,0.087997,0.326456,0.132454,0.000000,1.181000,0.929689,1.904538,0.317771,1.062105,0.737248,1.675737,0.157147,0.509260,1.203075,1.965347,0.235744,0.206700,0.151260,0.314424,0.149624,0.743383,0.186166,1.950069,0.394318,0.458489,1.945313,0.255121,1.470135,0.157147,0.207600,1.864629,0.213490,0.715647,0.946748,1.828788,0.228602,0.255737,0.477179,1.436982,0.315576,0.157529,0.149441,0.900047,0.449848,0.381337,0.282410,1.792628,1.554162,0.255121,0.449848,1.908819,0.343023,0.324637,1.902884,0.576963,0.280298,0.924536,0.195521,1.984385,0.547394,1.514902,0.217612,0.290168,0.246859,0.775400,1.792735,0.152662,0.394318,0.236779,0.310713,0.186095,0.890866,1.017908,1.842751,0.103280,0.245609,1.955733,0.339087,1.917224,1.985869,0.326525,0.204597,0.176093,0.187722,0.900709,1.543089,0.662012,1.961477,0.299226,0.202035,0.188880,0.186095,0.225253,0.246559,0.408687,0.148568,0.174092
1.192651,0.624043,0.822549,1.204915,1.327126,1.189180,1.181000,0.000000,0.450509,1.567688,1.168669,1.174128,1.139906,1.480750,1.165674,0.809954,1.123481,1.525938,1.260202,1.103340,1.134346,1.270578,1.180176,1.576689,1.206936,1.438057,0.939759,0.887191,1.453857,1.055607,1.841633,1.165674,1.177128,1.610358,1.093194,0.796604,0.381416,1.180823,1.289099,1.323597,0.895777,0.795618,1.359777,1.141077,1.171689,0.546203,0.869172,0.985841,1.126825,1.168811,1.128139,1.055607,0.869172,1.306730,1.246934,1.334472,1.293237,0.732327,1.244199,0.614333,1.178082,1.572589,0.790065,0.760938,1.144591,1.115245,1.273858,0.629279,1.304329,1.202360,0.939759,1.150427,1.193165,1.108654,0.506676,0.424469,1.299293,1.128084,1.247445,1.572817,1.231203,1.376110,1.582748,1.268505,1.210417,1.238286,1.132400,0.798111,1.285676,0.718106,1.457588,1.284721,1.084517,1.105835,1.108654,1.258240,1.186298,1.010463,1.188476,1.127963
1.416147,0.871361,0.666393,0.953837,1.092684,0.941913,0.929689,0.450509,0.000000,1.707579,0.925006,1.083739,1.016443,1.558112,0.914592,0.595361,1.082453,1.703400,1.005276,0.832850,0.872044,0.992873,0.918342,1.375683,0.940910,1.625906,0.723355,0.661131,1.643035,0.823335,1.779217,0.914592,0.916350,1.713730,0.823985,0.470790,0.420325,1.379349,1.052075,1.086713,0.696854,0.852082,1.135935,0.875817,0.929403,0.471417,0.656310,0.762845,0.884229,1.351524,1.198919,0.823335,0.656310,1.520606,0.986697,1.093857,1.489219,0.531317,0.987117,0.455627,0.930613,1.737530,0.593891,0.950888,0.868002,0.859952,1.015842,0.540501,1.494365,0.941102,0.723355,0.866408,0.940194,0.840201,0.509136,0.394852,1.488667,0.876627,1.007012,1.732857,0.972957,1.572368,1.755766,0.996921,0.943307,0.977887,0.861998,0.607030,1.303116,0.584314,1.644605,1.023281,0.818396,0.839085,0.840201,0.999866,0.904296,0.804291,0.928056,0.864658
0.870252,1.471422,1.835790,1.897858,1.833863,1.900203,1.904538,1.567688,1.707579,0.000000,1.924856,1.599707,1.772252,0.603063,1.884102,1.840327,1.566946,0.651251,1.893517,1.905418,1.913304,1.866121,1.910914,1.684134,1.891220,0.693867,1.887625,1.834435,0.777195,1.902694,1.184133,1.884102,1.887150,0.485620,1.906184,1.830063,1.738961,0.957542,1.894947,1.882916,1.873247,1.418140,1.867646,1.912351,1.911943,1.718480,1.882781,1.875200,1.921076,0.809410,1.352364,1.902694,1.882781,0.880070,1.906473,1.892441,0.732888,1.867498,1.912402,1.738384,1.917614,0.616480,1.819640,1.280587,1.902129,1.915848,1.878585,1.812580,0.827457,1.905436,1.887625,1.899730,1.920049,1.912843,1.745508,1.636766,0.870646,1.909420,1.908579,0.294740,1.896767,0.675479,0.562084,1.849363,1.883394,1.895980,1.900815,1.752346,1.141659,1.822940,0.657694,1.872772,1.918836,1.918107,1.912843,1.886255,1.895922,1.869591,1.909001,1.923262
1.852735,1.376469,0.672442,0.320250,0.507211,0.305329,0.317771,1.168669,0.925006,1.924856,0.000000,1.039774,0.847824,1.723185,0.374703,0.561375,1.157477,1.962543,0.329129,0.292248,0.272853,0.385657,0.281286,0.838706,0.329609,1.936078,0.452691,0.536797,1.933241,0.347749,1.543987,0.374703,0.366262,1.901195,0.290422,0.720995,0.934343,1.825084,0.336374,0.381019,0.529154,1.403216,0.501434,0.284744,0.292313,0.939572,0.488497,0.483228,0.217743,1.812391,1.568279,0.347749,0.488497,1.869268,0.215688,0.394935,1.906550,0.560790,0.290182,0.938980,0.323407,1.967619,0.621879,1.524863,0.305219,0.256762,0.357149,0.781100,1.806390,0.290263,0.452691,0.290854,0.166378,0.289967,0.914970,1.048621,1.814793,0.283595,0.264485,1.961328,0.281624,1.907007,1.974199,0.439862,0.338378,0.316478,0.298589,0.861058,1.568738,0.707966,1.939164,0.407818,0.281920,0.282809,0.289967,0.347619,0.317775,0.534673,0.287375,0.262317
1.594075,1.220589,1.262907,1.063016,1.144881,1.064436,1.062105,1.174128,1.083739,1.599707,1.039774,0.000000,1.453545,1.476860,1.111438,1.144953,0.294520,1.642712,1.011036,1.054637,1.072792,1.078437,1.072484,1.193833,1.079643,1.609123,1.157437,1.148797,1.571781,1.124993,1.592512,1.111438,1.123109,1.615748,1.052003,1.137817,1.176669,1.561199,1.091519,1.096466,1.189518,1.315703,1.185443,1.077115,1.102473,1.255364,1.146876,1.192680,1.039293,1.508115,1.558005,1.124993,1.146876,1.476769,1.007870,1.072006,1.653237,1.055836,1.016153,1.274708,1.081121,1.670684,1.081654,1.462186,1.083038,1.042901,1.081626,1.220078,1.487356,1.083509,1.157437,1.059956,1.015107,1.054115,1.261201,1.278550,1.462656,1.057750,1.054274,1.640184,1.061483,1.590589,1.664003,0.997115,1.068826,1.096912,1.056557,1.061542,1.589514,1.233218,1.615322,1.144520,1.056030,1.063917,1.054115,1.083872,1.076464,1.222900,1.081676,1.063848
1.720011,1.380550,0.485201,0.758441,0.746801,0.765842,0.737248,1.139906,1.016443,1.772252,0.847824,1.453545,0.000000,1.552052,0.665688,0.665218,1.534633,1.853043,0.868895,0.745555,0.738902,0.804961,0.755368,1.024348,0.731856,1.800891,0.565776,0.660439,1.858798,0.599365,1.366335,0.665688,0.653171,1.701124,0.749266,0.822579,0.903798,1.688119,0.782199,0.805685,0.534214,1.331518,0.724431,0.712451,0.679076,0.807972,0.610049,0.519256,0.771100,1.601800,1.366000,0.599365,0.610049,1.848124,0.915796,0.927966,1.672715,0.772936,0.908160,0.832933,0.727101,1.847512,0.686049,1.314973,0.707199,0.769510,0.802433,0.694470,1.670155,0.732396,0.565776,0.742784,0.885034,0.733560,0.740020,0.884886,1.782689,0.737385,0.851462,1.826013,0.840874,1.759466,1.857902,0.819903,0.757230,0.737090,0.747250,1.028784,1.295060,0.582964,1.818613,0.708015,0.741596,0.725566,0.733560,0.779825,0.723133,0.529275,0.725909,0.749884
1.159119,1.488754,1.631942,1.663879,1.564401,1.671268,1.675737,1.480750,1.558112,0.603063,1.723185,1.476860,1.552052,0.000000,1.635212,1.617191,1.529282,1.086169,1.678071,1.683595,1.695493,1.621050,1.692880,1.430933,1.652657,1.119406,1.667463,1.596970,1.200888,1.675695,1.025357,1.635212,1.643778,0.692361,1.686060,1.646127,1.609806,1.231643,1.664547,1.649018,1.657629,1.390248,1.625002,1.692796,1.689771,1.557923,1.671448,1.655811,1.710798,0.891850,1.415293,1.675695,1.671448,1.273502,1.703846,1.677156,1.030138,1.682448,1.718651,1.595765,1.711281,1.071679,1.600557,1.301754,1.670884,1.702571,1.634743,1.643483,0.975422,1.681675,1.667463,1.669405,1.725903,1.696162,1.590852,1.480525,1.249277,1.683709,1.702738,0.850469,1.671800,1.066483,1.031734,1.589807,1.640948,1.665893,1.675371,1.599055,1.020793,1.631613,1.075894,1.632559,1.712442,1.706566,1.696162,1.644430,1.659833,1.631369,1.687799,1.718581
1.855223,1.403993,0.569350,0.144703,0.261062,0.164642,0.157147,1.165674,0.914592,1.884102,0.374703,1.111438,0.665688,1.635212,0.000000,0.477603,1.254854,1.959066,0.308313,0.252563,0.213529,0.316706,0.223612,0.732910,0.217551,1.947994,0.371501,0.415179,1.950336,0.246532,1.439423,0.000000,0.200845,1.837154,0.259802,0.700686,0.934639,1.816697,0.234471,0.257729,0.445572,1.424998,0.307910,0.211619,0.207698,0.864179,0.434957,0.347161,0.321475,1.767488,1.534303,0.246532,0.434957,1.917114,0.409829,0.381903,1.882309,0.581390,0.365335,0.909525,0.282800,1.978158,0.530395,1.488942,0.224323,0.324675,0.281246,0.756987,1.782641,0.211124,0.371501,0.253059,0.379258,0.243327,0.860964,0.977111,1.856912,0.181324,0.305687,1.944691,0.361065,1.911514,1.977813,0.333061,0.234415,0.219045,0.235599,0.896300,1.484140,0.628499,1.955854,0.304038,0.261269,0.245833,0.243327,0.260590,0.252859,0.349294,0.210609,0.247203
1.686894,1.141381,0.321415,0.532926,0.674073,0.520273,0.509260,0.809954,0.595361,1.840327,0.561375,1.144953,0.665218,1.617191,0.477603,0.000000,1.234693,1.890301,0.632416,0.428157,0.445343,0.625050,0.500052,1.052626,0.519865,1.844643,0.265173,0.125297,1.855773,0.361563,1.617022,0.477603,0.479580,1.805154,0.420246,0.534194,0.580434,1.663663,0.635347,0.676415,0.286969,1.216355,0.699693,0.453946,0.496155,0.524632,0.216787,0.301182,0.509475,1.610386,1.422509,0.361563,0.216787,1.785976,0.659058,0.717044,1.736512,0.356385,0.636993,0.584887,0.541881,1.908742,0.330291,1.220829,0.468004,0.505171,0.612611,0.429910,1.653760,0.519784,0.265173,0.490632,0.593947,0.432012,0.500274,0.609098,1.738546,0.454125,0.611089,1.887789,0.627228,1.796984,1.916317,0.667923,0.532547,0.557071,0.451988,0.756498,1.409416,0.307062,1.852177,0.621514,0.415681,0.430232,0.432012,0.587684,0.521275,0.374553,0.503192,0.459127
1.466610,1.120366,1.322462,1.211676,1.318686,1.208893,1.203075,1.123481,1.082453,1.566946,1.157477,0.294520,1.534633,1.529282,1.254854,1.234693,0.000000,1.542974,1.166550,1.179775,1.202318,1.236739,1.208383,1.374328,1.227480,1.482120,1.246919,1.258056,1.450160,1.239598,1.688131,1.254854,1.265332,1.614999,1.174970,1.176546,1.158474,1.424855,1.243534,1.255731,1.265858,1.203000,1.342132,1.204362,1.230468,1.267361,1.224883,1.288292,1.150574,1.450710,1.457825,1.239598,1.224883,1.315174,1.144628,1.231765,1.551940,1.107157,1.155227,1.275561,1.198751,1.579831,1.159188,1.390905,1.214668,1.151219,1.241340,1.238663,1.441131,1.222528,1.246919,1.193078,1.142051,1.177788,1.269878,1.284911,1.305614,1.191379,1.195080,1.570149,1.190253,1.461695,1.578423,1.151686,1.221064,1.243064,1.189116,1.048803,1.591376,1.280381,1.505446,1.293245,1.169568,1.182046,1.177788,1.239506,1.214121,1.328381,1.218120,1.181839
0.624378,1.319405,1.866398,1.964128,1.946151,1.961720,1.965347,1.525938,1.703400,0.651251,1.962543,1.642712,1.853043,1.086169,1.959066,1.890301,1.542974,0.000000,1.960562,1.962121,1.963021,1.957067,1.967143,1.868934,1.971572,0.499254,1.926733,1.904987,0.396919,1.954370,1.431779,1.959066,1.968592,0.809273,1.960829,1.845167,1.695616,0.713798,1.964963,1.960430,1.907623,1.360348,1.959944,1.968260,1.968671,1.724779,1.910249,1.928765,1.960227,0.823526,1.202416,1.954370,1.910249,0.541378,1.954908,1.955962,0.600826,1.866622,1.954644,1.742440,1.964785,0.391131,1.871002,1.247491,1.964068,1.958151,1.964806,1.797961,0.787731,1.972003,1.926733,1.961073,1.955787,1.962868,1.730331,1.658710,0.755838,1.962615,1.959389,0.468189,1.961256,0.591567,0.299435,1.952117,1.967161,1.972926,1.964354,1.760372,1.308954,1.839039,0.442547,1.972190,1.958007,1.962567,1.962868,1.966656,1.966296,1.922400,1.971426,1.962312
1.895317,1.464606,0.760272,0.217597,0.346925,0.221471,0.235744,1.260202,1.005276,1.893517,0.329129,1.011036,0.868895,1.678071,0.308313,0.632416,1.166550,1.960562,0.000000,0.284432,0.272860,0.265066,0.236581,0.678805,0.234427,1.961226,0.550434,0.573226,1.942924,0.407974,1.447076,0.308313,0.319768,1.850042,0.292231,0.809191,1.058809,1.860007,0.257071,0.257872,0.630134,1.486026,0.360440,0.278684,0.289557,1.018812,0.599848,0.526083,0.365646,1.821180,1.619668,0.407974,0.599848,1.907417,0.269048,0.252947,1.926047,0.695930,0.149234,1.033138,0.314397,1.972780,0.681626,1.567862,0.299629,0.380750,0.223163,0.910640,1.809206,0.231156,0.550434,0.288268,0.261674,0.296818,1.018407,1.114499,1.852198,0.265776,0.220484,1.946156,0.360252,1.935104,1.974340,0.331486,0.223078,0.222969,0.254564,0.955934,1.574295,0.803102,1.957423,0.324361,0.317491,0.309154,0.296818,0.227246,0.292238,0.584143,0.242805,0.287187
1.842736,1.361671,0.560910,0.232097,0.438121,0.237004,0.206700,1.103340,0.832850,1.905418,0.292248,1.054637,0.745555,1.683595,0.252563,0.428157,1.179775,1.962121,0.284432,0.000000,0.158947,0.344381,0.180277,0.822890,0.158729,1.937763,0.344122,0.391358,1.938312,0.233346,1.529777,0.252563,0.224902,1.871732,0.019180,0.621437,0.868638,1.804830,0.348353,0.378452,0.427207,1.367323,0.430690,0.112591,0.208647,0.831999,0.383872,0.345584,0.288821,1.767131,1.530557,0.233346,0.383872,1.884594,0.331631,0.393471,1.876916,0.496232,0.294574,0.838783,0.265119,1.976064,0.489534,1.450110,0.208936,0.275112,0.270147,0.703925,1.791195,0.175194,0.344122,0.210396,0.291181,0.093122,0.822491,0.940128,1.819108,0.167465,0.301161,1.953074,0.335030,1.902256,1.983792,0.389211,0.175080,0.215319,0.053799,0.818092,1.518862,0.601221,1.939510,0.328683,0.124109,0.114107,0.093122,0.242589,0.240553,0.415021,0.169196,0.152479
1.852212,1.369325,0.573000,0.173777,0.396114,0.177261,0.151260,1.134346,0.872044,1.913304,0.272853,1.072792,0.738902,1.695493,0.213529,0.445343,1.202318,1.963021,0.272860,0.158947,0.000000,0.327497,0.077144,0.799255,0.184466,1.940442,0.347878,0.401298,1.938696,0.223907,1.512071,0.213529,0.180667,1.879037,0.164081,0.674868,0.893497,1.814861,0.282987,0.313867,0.436800,1.411185,0.391873,0.097154,0.166365,0.859743,0.392292,0.348377,0.266864,1.789398,1.545640,0.223907,0.392292,1.892031,0.312787,0.363279,1.896364,0.527734,0.270814,0.866133,0.236693,1.977385,0.524314,1.484228,0.192816,0.275038,0.263116,0.723368,1.787267,0.119754,0.347878,0.201159,0.265879,0.116725,0.841065,0.971701,1.827152,0.128235,0.241801,1.958883,0.341657,1.909127,1.984774,0.392886,0.205989,0.170729,0.146100,0.874733,1.554430,0.614492,1.950838,0.295594,0.111917,0.108369,0.116725,0.237204,0.234763,0.408137,0.099122,0.073772
1.885684,1.488676,0.755398,0.288822,0.312826,0.305435,0.314424,1.270578,0.992873,1.866121,0.385657,1.078437,0.804961,1.621050,0.316706,0.625050,1.236739,1.957067,0.265066,0.344381,0.327497,0.000000,0.295046,0.627499,0.260774,1.955095,0.559055,0.554149,1.954897,0.433467,1.381591,0.316706,0.304519,1.807946,0.354963,0.782114,1.077477,1.851521,0.319369,0.314105,0.633222,1.453581,0.360911,0.327681,0.345854,1.005741,0.611676,0.527477,0.430898,1.786540,1.590167,0.433467,0.611676,1.929141,0.332088,0.349039,1.900073,0.721642,0.324924,1.005702,0.388701,1.962657,0.713894,1.539634,0.258005,0.438895,0.250021,0.921899,1.790294,0.273967,0.559055,0.230882,0.352130,0.357271,1.028057,1.088450,1.874825,0.339071,0.332390,1.929254,0.368988,1.934026,1.964725,0.316172,0.244517,0.246287,0.312012,0.961704,1.495049,0.811916,1.947035,0.261142,0.385523,0.368475,0.357271,0.260831,0.192355,0.570927,0.289146,0.359053
1.871298,1.408165,0.624221,0.161153,0.367362,0.165721,0.149624,1.180176,0.918342,1.910914,0.281286,1.072484,0.755368,1.692880,0.223612,0.500052,1.208383,1.967143,0.236581,0.180277,0.077144,0.295046,0.000000,0.760605,0.160027,1.947596,0.403806,0.450818,1.945157,0.269545,1.483214,0.223612,0.171041,1.874688,0.188841,0.708771,0.947041,1.833930,0.255186,0.277333,0.490217,1.440091,0.352718,0.121363,0.170894,0.909027,0.452010,0.393874,0.286256,1.806796,1.565208,0.269545,0.452010,1.904665,0.295046,0.326902,1.910834,0.584110,0.245387,0.908957,0.234734,1.978435,0.573065,1.511449,0.204594,0.297880,0.216811,0.778893,1.801313,0.078769,0.403806,0.205659,0.261913,0.153276,0.894745,1.017693,1.838823,0.157104,0.220149,1.958224,0.334746,1.919178,1.986230,0.367558,0.175710,0.121068,0.152299,0.911504,1.566521,0.670127,1.955544,0.251375,0.163753,0.153341,0.153276,0.195972,0.227117,0.453773,0.062051,0.116452
1.893150,1.726286,1.143192,0.705251,0.536425,0.730219,0.743383,1.576689,1.375683,1.684134,0.838706,1.193833,1.024348,1.430933,0.732910,1.052626,1.374328,1.868934,0.678805,0.822890,0.799255,0.627499,0.760605,0.000000,0.706300,1.894792,0.999383,0.970119,1.913285,0.883094,1.029268,0.732910,0.729243,1.600466,0.833561,1.196255,1.447305,1.881357,0.655125,0.615896,1.058499,1.660535,0.595518,0.793330,0.780742,1.347172,1.054592,0.942850,0.866104,1.773333,1.705824,0.883094,1.054592,1.938587,0.755039,0.628837,1.867569,1.162717,0.749015,1.386696,0.808040,1.845557,1.107520,1.699478,0.779188,0.872727,0.644119,1.312148,1.746266,0.728809,0.999383,0.776457,0.807480,0.828561,1.388118,1.410158,1.879801,0.797580,0.736993,1.781235,0.767777,1.893071,1.844622,0.640334,0.692462,0.683207,0.788471,1.291769,1.441461,1.205748,1.878288,0.645128,0.861380,0.839669,0.828561,0.664247,0.742801,0.934795,0.744564,0.829234
1.883712,1.444886,0.639171,0.184891,0.321937,0.208331,0.186166,1.206936,0.940910,1.891220,0.329609,1.079643,0.731856,1.652657,0.217551,0.519865,1.227480,1.971572,0.234427,0.158729,0.184466,0.260774,0.160027,0.706300,0.000000,1.958485,0.428369,0.460474,1.957910,0.288742,1.439229,0.217551,0.171794,1.843177,0.175425,0.716244,0.981757,1.848412,0.270920,0.281706,0.511232,1.445344,0.323533,0.136796,0.201854,0.927038,0.485196,0.405701,0.335555,1.791356,1.578123,0.288742,0.485196,1.923970,0.324217,0.332364,1.902662,0.620806,0.284441,0.933103,0.272893,1.978461,0.585314,1.510846,0.216933,0.333094,0.164147,0.808790,1.804102,0.115529,0.428369,0.216333,0.314462,0.166870,0.920335,1.027488,1.859043,0.204507,0.270062,1.949378,0.332414,1.927039,1.984462,0.336653,0.066262,0.114534,0.114165,0.917247,1.521738,0.695464,1.953908,0.229242,0.219078,0.189229,0.166870,0.136081,0.211593,0.457339,0.130985,0.207108
0.573686,1.237346,1.803979,1.955687,1.962046,1.951693,1.950069,1.438057,1.625906,0.693867,1.936078,1.609123,1.800891,1.119406,1.947994,1.844643,1.482120,0.499254,1.961226,1.937763,1.940442,1.955095,1.947596,1.894792,1.958485,0.000000,1.878695,1.870421,0.475325,1.921748,1.479528,1.947994,1.944425,0.855056,1.935544,1.765459,1.605598,0.628936,1.960054,1.963734,1.852403,1.199094,1.965551,1.942447,1.946706,1.647611,1.855742,1.887844,1.922139,0.775875,1.115206,1.921748,1.855742,0.461065,1.945678,1.966574,0.533637,1.806409,1.954104,1.629782,1.936191,0.479262,1.808511,1.146973,1.937623,1.920375,1.965998,1.712640,0.784990,1.953197,1.878695,1.937348,1.940702,1.935474,1.648711,1.582500,0.584948,1.942580,1.954830,0.540120,1.943437,0.357324,0.482768,1.929914,1.958529,1.959322,1.943971,1.647880,1.266126,1.772066,0.466265,1.952112,1.927203,1.932723,1.935474,1.965161,1.943002,1.886834,1.949833,1.934734
1.750587,1.217234,0.258941,0.433600,0.598169,0.428812,0.394318,0.939759,0.723355,1.887625,0.452691,1.157437,0.565776,1.667463,0.371501,0.265173,1.246919,1.926733,0.550434,0.344122,0.347878,0.559055,0.403806,0.999383,0.428369,1.878695,0.000000,0.296396,1.893928,0.175514,1.583162,0.371501,0.369038,1.859099,0.338503,0.550579,0.653944,1.716834,0.520690,0.568630,0.102442,1.261333,0.589672,0.338730,0.340980,0.627416,0.098570,0.167902,0.368033,1.681283,1.423137,0.175514,0.098570,1.832062,0.566921,0.643734,1.787834,0.338117,0.552237,0.648294,0.398018,1.945724,0.319865,1.326287,0.363353,0.364653,0.532315,0.432628,1.726889,0.410896,0.000000,0.393901,0.502628,0.327329,0.566978,0.755438,1.765410,0.339871,0.511638,1.929146,0.509745,1.828647,1.952303,0.568012,0.456838,0.452873,0.371247,0.755083,1.451231,0.312193,1.899675,0.509233,0.310443,0.314524,0.327329,0.501593,0.417656,0.259278,0.393756,0.345294
1.719433,1.208753,0.385770,0.471215,0.586886,0.459351,0.458489,0.887191,0.661131,1.834435,0.536797,1.148797,0.660439,1.596970,0.415179,0.125297,1.258056,1.904987,0.573226,0.391358,0.401298,0.554149,0.450818,0.970119,0.460474,1.870421,0.296396,0.000000,1.880660,0.344377,1.566155,0.415179,0.424092,1.788968,0.385791,0.580556,0.681836,1.695736,0.571787,0.608093,0.337442,1.274214,0.631478,0.413962,0.455753,0.590046,0.282135,0.294104,0.495332,1.633454,1.456485,0.344377,0.282135,1.822177,0.619811,0.650694,1.763505,0.435753,0.592086,0.662001,0.509371,1.921073,0.383958,1.258183,0.419418,0.494375,0.545088,0.536364,1.664829,0.467169,0.296396,0.446047,0.561228,0.400819,0.595954,0.667184,1.775501,0.413769,0.558953,1.891891,0.592213,1.827101,1.926239,0.609928,0.469482,0.496307,0.405913,0.805698,1.403808,0.395420,1.874091,0.560263,0.392153,0.402999,0.400819,0.523062,0.470238,0.358494,0.453735,0.428398
0.640723,1.209596,1.832435,1.951000,1.960720,1.947166,1.945313,1.453857,1.643035,0.777195,1.933241,1.571781,1.858798,1.200888,1.950336,1.855773,1.450160,0.396919,1.942924,1.938312,1.938696,1.954897,1.945157,1.913285,1.957910,0.475325,1.893928,1.880660,0.000000,1.927096,1.532568,1.950336,1.954778,0.888618,1.936062,1.795533,1.624876,0.730983,1.957219,1.956777,1.873617,1.313672,1.961536,1.944762,1.946896,1.685417,1.872198,1.904480,1.926488,0.835502,1.230178,1.927096,1.872198,0.411361,1.934082,1.945998,0.621566,1.816065,1.929683,1.677402,1.937170,0.474932,1.830987,1.231616,1.940797,1.924569,1.958967,1.742576,0.833085,1.952893,1.893928,1.938732,1.928319,1.935223,1.673776,1.612344,0.646591,1.937682,1.938841,0.586458,1.944566,0.543707,0.442852,1.950951,1.957145,1.959155,1.943577,1.702743,1.393274,1.797942,0.514273,1.964373,1.928034,1.934397,1.935223,1.958088,1.947163,1.904622,1.950975,1.934389
1.815285,1.310212,0.402378,0.293103,0.466964,0.293396,0.255121,1.055607,0.823335,1.902694,0.347749,1.124993,0.599365,1.675695,0.246532,0.361563,1.239598,1.954370,0.407974,0.233346,0.223907,0.433467,0.269545,0.883094,0.288742,1.921748,0.175514,0.344377,1.927096,0.000000,1.534530,0.246532,0.240038,1.867873,0.232564,0.609578,0.784779,1.780718,0.379803,0.424146,0.256689,1.346271,0.459041,0.206609,0.180978,0.748683,0.253138,0.199575,0.286689,1.740555,1.491112,0.000000,0.253138,1.877627,0.443609,0.502417,1.846954,0.428174,0.419567,0.771390,0.270735,1.967781,0.413016,1.411772,0.245110,0.292767,0.387348,0.581260,1.767550,0.266156,0.175514,0.279279,0.383167,0.213181,0.708041,0.876450,1.810244,0.210276,0.374572,1.949310,0.410264,1.879396,1.974868,0.455898,0.318255,0.304734,0.249014,0.812791,1.492971,0.462468,1.933764,0.380843,0.210624,0.202660,0.213181,0.358096,0.298891,0.276171,0.253438,0.228819
1.606387,1.856365,1.611039,1.444151,1.283789,1.458057,1.470135,1.841633,1.779217,1.184133,1.543987,1.592512,1.366335,1.025357,1.439423,1.617022,1.688131,1.431779,1.447076,1.529777,1.512071,1.381591,1.483214,1.029268,1.439229,1.479528,1.583162,1.566155,1.532568,1.534530,0.000000,1.439423,1.438903,1.031516,1.537984,1.674961,1.819966,1.608749,1.389217,1.360527,1.597482,1.747600,1.292047,1.506269,1.485082,1.703042,1.623822,1.541794,1.534206,1.454319,1.560144,1.534530,1.623822,1.672749,1.495582,1.401691,1.475148,1.725164,1.498591,1.724447,1.496689,1.368186,1.633180,1.699008,1.477156,1.542104,1.397055,1.732730,1.429217,1.460649,1.583162,1.487394,1.534575,1.531727,1.750250,1.714046,1.673258,1.514508,1.470758,1.304681,1.470341,1.480698,1.352206,1.349958,1.435983,1.426780,1.505886,1.727694,1.299259,1.668800,1.458319,1.364507,1.556109,1.538292,1.531727,1.408676,1.446802,1.515688,1.470733,1.535190
1.855223,1.403993,0.569350,0.144703,0.261062,0.164642,0.157147,1.165674,0.914592,1.884102,0.374703,1.111438,0.665688,1.635212,0.000000,0.477603,1.254854,1.959066,0.308313,0.252563,0.213529,0.316706,0.223612,0.732910,0.217551,1.947994,0.371501,0.415179,1.950336,0.246532,1.439423,0.000000,0.200845,1.837154,0.259802,0.700686,0.934639,1.816697,0.234471,0.257729,0.445572,1.424998,0.307910,0.211619,0.207698,0.864179,0.434957,0.347161,0.321475,1.767488,1.534303,0.246532,0.434957,1.917114,0.409829,0.381903,1.882309,0.581390,0.365335,0.909525,0.282800,1.978158,0.530395,1.488942,0.224323,0.324675,0.281246,0.756987,1.782641,0.211124,0.371501,0.253059,0.379258,0.243327,0.860964,0.977111,1.856912,0.181324,0.305687,1.944691,0.361065,1.911514,1.977813,0.333061,0.234415,0.219045,0.235599,0.896300,1.484140,0.628499,1.955854,0.304038,0.261269,0.245833,0.243327,0.260590,0.252859,0.349294,0.210609,0.247203
1.866252,1.419056,0.569415,0.220375,0.336413,0.244131,0.207600,1.177128,0.916350,1.887150,0.366262,1.123109,0.653171,1.643778,0.200845,0.479580,1.265332,1.968592,0.319768,0.224902,0.180667,0.304519,0.171041,0.729243,0.171794,1.944425,0.369038,0.424092,1.954778,0.240038,1.438903,0.200845,0.000000,1.838129,0.235906,0.682607,0.937614,1.832189,0.304036,0.323757,0.444672,1.421699,0.325034,0.171805,0.200551,0.879600,0.431754,0.346983,0.347651,1.772326,1.551714,0.240038,0.431754,1.921857,0.385682,0.388723,1.885001,0.585979,0.359832,0.879394,0.291252,1.971469,0.552539,1.483474,0.214537,0.348462,0.239751,0.750362,1.785351,0.145780,0.369038,0.230568,0.369494,0.212860,0.864878,0.986244,1.853542,0.209307,0.334115,1.946168,0.374538,1.914338,1.980828,0.368062,0.185959,0.153244,0.203694,0.896861,1.501616,0.632432,1.950002,0.189216,0.239620,0.214396,0.212860,0.218743,0.227736,0.380550,0.140245,0.220072
0.982261,1.537580,1.806159,1.855171,1.766042,1.858637,1.864629,1.610358,1.713730,0.485620,1.901195,1.615748,1.701124,0.692361,1.837154,1.805154,1.614999,0.809273,1.850042,1.871732,1.879037,1.807946,1.874688,1.600466,1.843177,0.855056,1.859099,1.788968,0.888618,1.867873,1.031516,1.837154,1.838129,0.000000,1.874029,1.791335,1.759273,1.062303,1.845706,1.834992,1.847129,1.462486,1.801317,1.876488,1.877241,1.702770,1.859264,1.837725,1.893349,0.805821,1.382398,1.867873,1.859264,1.057740,1.882840,1.838265,0.784977,1.863899,1.883352,1.728296,1.882760,0.709110,1.815155,1.291637,1.852534,1.895222,1.828762,1.810427,0.853272,1.865504,1.859099,1.858151,1.894484,1.880783,1.744384,1.614078,1.162202,1.874447,1.877371,0.603404,1.874378,0.919564,0.666833,1.800276,1.835685,1.851566,1.864230,1.752297,1.049743,1.806151,0.793906,1.819564,1.892335,1.887451,1.880783,1.834496,1.842311,1.817230,1.869496,1.895582
1.838440,1.353844,0.555173,0.239750,0.449351,0.242879,0.213490,1.093194,0.823985,1.906184,0.290422,1.052003,0.749266,1.686060,0.259802,0.420246,1.174970,1.960829,0.292231,0.019180,0.164081,0.354963,0.188841,0.833561,0.175425,1.935544,0.338503,0.385791,1.936062,0.232564,1.537984,0.259802,0.235906,1.874029,0.000000,0.615234,0.858201,1.800309,0.357021,0.388504,0.421181,1.360931,0.440445,0.123825,0.214870,0.823226,0.375764,0.343271,0.287173,1.764980,1.526450,0.232564,0.375764,1.880467,0.335195,0.398818,1.874581,0.484777,0.299380,0.831129,0.269387,1.975311,0.482385,1.444835,0.214496,0.272966,0.283174,0.694892,1.789301,0.187959,0.338503,0.217254,0.291882,0.100297,0.814019,0.932443,1.815285,0.168793,0.306165,1.952845,0.337447,1.899790,1.983096,0.396345,0.190737,0.229063,0.070544,0.810341,1.518518,0.593452,1.937690,0.341287,0.123670,0.118600,0.100297,0.255990,0.249114,0.412839,0.180400,0.155664
1.609848,1.146107,0.550777,0.745674,0.889521,0.740470,0.715647,0.796604,0.470790,1.830063,0.720995,1.137817,0.822579,1.646127,0.700686,0.534194,1.176546,1.845167,0.809191,0.621437,0.674868,0.782114,0.708771,1.196255,0.716244,1.765459,0.550579,0.580556,1.795533,0.609578,1.674961,0.700686,0.682607,1.791335,0.615234,0.000000,0.596887,1.563572,0.835512,0.876047,0.533838,0.981173,0.893189,0.657191,0.698886,0.564705,0.517526,0.586023,0.671643,1.532955,1.256862,0.609578,0.517526,1.707686,0.795274,0.880935,1.646532,0.441448,0.801751,0.476390,0.695257,1.846828,0.527906,1.152352,0.648099,0.639800,0.791536,0.531859,1.683125,0.716674,0.550579,0.654429,0.752930,0.634146,0.611150,0.633358,1.671643,0.667961,0.817704,1.863095,0.742275,1.730696,1.873608,0.763842,0.723369,0.748492,0.652459,0.532953,1.298363,0.540208,1.781157,0.776802,0.623432,0.631586,0.634146,0.774058,0.672806,0.600243,0.706699,0.663702
1.404180,0.759072,0.534904,0.982246,1.135462,0.969448,0.946748,0.381416,0.420325,1.738961,0.934343,1.176669,0.903798,1.609806,0.934639,0.580434,1.158474,1.695616,1.058809,0.868638,0.893497,1.077477,0.947041,1.447305,0.981757,1.605598,0.653944,0.681836,1.624876,0.784779,1.819966,0.934639,0.937614,1.759273,0.858201,0.596887,0.000000,1.382769,1.069004,1.111204,0.601192,0.893286,1.144949,0.894457,0.920192,0.416941,0.579931,0.726441,0.876841,1.372798,1.196645,0.784779,0.579931,1.499456,1.037348,1.139018,1.482352,0.443412,1.036416,0.453003,0.935263,1.731723,0.552590,0.958016,0.910468,0.863464,1.066448,0.284870,1.477078,0.967920,0.653944,0.921035,0.974678,0.862652,0.223788,0.438445,1.463012,0.885829,1.030468,1.743697,1.005027,1.547855,1.745522,1.076776,0.995252,1.011567,0.903488,0.659745,1.363718,0.423046,1.635630,1.064016,0.834582,0.853749,0.862652,1.044016,0.959742,0.744368,0.950446,0.879386
0.314101,1.022106,1.616303,1.838353,1.864413,1.830349,1.828788,1.180823,1.379349,0.957542,1.825084,1.561199,1.688119,1.231643,1.816697,1.663663,1.424855,0.713798,1.860007,1.804830,1.814861,1.851521,1.833930,1.881357,1.848412,0.628936,1.716834,1.695736,0.730983,1.780718,1.608749,1.816697,1.832189,1.062303,1.800309,1.563572,1.382769,0.000000,1.862464,1.875056,1.680316,1.008446,1.881019,1.818052,1.825794,1.364074,1.683326,1.727574,1.800227,0.717507,0.681166,1.780718,1.683326,0.619082,1.857086,1.875768,0.574793,1.616462,1.855767,1.420999,1.813592,0.774167,1.628962,0.874808,1.810415,1.798946,1.875710,1.513544,0.832518,1.845401,1.716834,1.811718,1.836026,1.804863,1.436065,1.322656,0.764413,1.813312,1.856861,0.849572,1.844151,0.628870,0.771103,1.817378,1.850038,1.858876,1.817554,1.466971,1.179084,1.573560,0.687984,1.868228,1.789196,1.800198,1.804863,1.869071,1.822220,1.720760,1.839587,1.806596
1.894465,1.475725,0.727771,0.173759,0.248615,0.156272,0.228602,1.289099,1.052075,1.894947,0.336374,1.091519,0.782199,1.664547,0.234471,0.635347,1.243534,1.964963,0.257071,0.348353,0.282987,0.319369,0.255186,0.655125,0.270920,1.960054,0.520690,0.571787,1.957219,0.379803,1.389217,0.234471,0.304036,1.845706,0.357021,0.835512,1.069004,1.862464,0.000000,0.088738,0.597071,1.514220,0.288712,0.295952,0.264242,1.014133,0.583594,0.504111,0.318407,1.828257,1.599949,0.379803,0.583594,1.931033,0.348196,0.300917,1.927440,0.714595,0.313054,1.048620,0.305794,1.978131,0.683344,1.577575,0.311238,0.360046,0.255052,0.899408,1.812727,0.245180,0.520690,0.318071,0.333583,0.333030,1.009124,1.129666,1.876605,0.281733,0.216765,1.952604,0.351278,1.934455,1.974096,0.321947,0.282047,0.230277,0.319649,0.991577,1.547067,0.785328,1.970840,0.313583,0.349425,0.334136,0.333030,0.253559,0.312575,0.518272,0.255136,0.307881
1.907972,1.504504,0.771906,0.196664,0.211997,0.197191,0.255737,1.323597,1.086713,1.882916,0.381019,1.096466,0.805685,1.649018,0.257729,0.676415,1.255731,1.960430,0.257872,0.378452,0.313867,0.314105,0.277333,0.615896,0.281706,1.963734,0.568630,0.608093,1.956777,0.424146,1.360527,0.257729,0.323757,1.834992,0.388504,0.876047,1.111204,1.875056,0.088738,0.000000,0.644879,1.542961,0.267198,0.326039,0.300747,1.052816,0.632245,0.544208,0.384734,1.834899,1.620826,0.424146,0.632245,1.937788,0.358094,0.288860,1.935310,0.761638,0.316894,1.089866,0.350122,1.973532,0.722593,1.602131,0.339657,0.414488,0.247372,0.945829,1.813675,0.264297,0.568630,0.344112,0.358157,0.363156,1.049652,1.164061,1.881951,0.314010,0.219151,1.943521,0.375367,1.938291,1.969835,0.335613,0.289751,0.238907,0.344247,1.034275,1.560436,0.829253,1.969929,0.315288,0.384942,0.368109,0.363156,0.251759,0.334891,0.555848,0.277869,0.341135
1.714839,1.178970,0.175336,0.516092,0.665929,0.510232,0.477179,0.895777,0.696854,1.873247,0.529154,1.189518,0.534214,1.657629,0.445572,0.286969,1.265858,1.907623,0.630134,0.427207,0.436800,0.633222,0.490217,1.058499,0.511232,1.852403,0.102442,0.337442,1.873617,0.256689,1.597482,0.445572,0.444672,1.847129,0.421181,0.533838,0.601192,1.680316,0.597071,0.644879,0.000000,1.219671,0.656072,0.425177,0.420549,0.575869,0.125801,0.198300,0.441541,1.646884,1.377770,0.256689,0.125801,1.808085,0.644176,0.722727,1.750574,0.334589,0.633006,0.597765,0.468071,1.928175,0.309083,1.279336,0.440867,0.437238,0.614573,0.366625,1.706856,0.495471,0.102442,0.470559,0.580135,0.413799,0.499995,0.707586,1.741923,0.423744,0.593644,1.912547,0.585390,1.797956,1.934785,0.630698,0.539223,0.535258,0.455598,0.730118,1.419153,0.238757,1.877696,0.579128,0.395821,0.400485,0.413799,0.585102,0.492196,0.282449,0.478996,0.431527
1.030458,0.885069,1.176515,1.462549,1.544926,1.455012,1.436982,0.795618,0.852082,1.418140,1.403216,1.315703,1.331518,1.390248,1.424998,1.216355,1.203000,1.360348,1.486026,1.367323,1.411185,1.453581,1.440091,1.660535,1.445344,1.199094,1.261333,1.274214,1.313672,1.346271,1.747600,1.424998,1.421699,1.462486,1.360931,0.981173,0.893286,1.008446,1.514220,1.542961,1.219671,0.000000,1.558517,1.398705,1.420441,0.980315,1.216925,1.295692,1.370662,1.031020,0.935085,1.346271,1.216925,1.154811,1.454656,1.542553,1.074856,1.093031,1.474924,0.911075,1.408215,1.365325,1.181916,0.798630,1.375349,1.352023,1.486219,1.022403,1.264601,1.442837,1.261333,1.371708,1.429264,1.380264,0.992039,0.902646,1.175998,1.400485,1.494739,1.415827,1.418475,1.186820,1.395971,1.415837,1.444068,1.465349,1.393114,0.795832,0.994665,1.123171,1.256458,1.473760,1.363830,1.374914,1.380264,1.478683,1.389436,1.307012,1.436894,1.394645
1.918734,1.553454,0.766053,0.296814,0.240326,0.329002,0.315576,1.359777,1.135935,1.867646,0.501434,1.185443,0.724431,1.625002,0.307910,0.699693,1.342132,1.959944,0.360440,0.430690,0.391873,0.360911,0.352718,0.595518,0.323533,1.965551,0.589672,0.631478,1.961536,0.459041,1.292047,0.307910,0.325034,1.801317,0.440445,0.893189,1.144949,1.881019,0.288712,0.267198,0.656072,1.558517,0.000000,0.388670,0.360389,1.062571,0.657538,0.553646,0.486337,1.826255,1.610257,0.459041,0.657538,1.964426,0.484859,0.346084,1.924635,0.811166,0.431338,1.082689,0.418700,1.964675,0.752587,1.614146,0.401145,0.491483,0.302675,0.959546,1.815823,0.325370,0.589672,0.423727,0.493937,0.428740,1.064600,1.172819,1.904802,0.364122,0.387953,1.931747,0.432840,1.941692,1.963438,0.384709,0.331755,0.289715,0.401606,1.079097,1.517327,0.839494,1.964043,0.288853,0.459196,0.435432,0.428740,0.304934,0.385843,0.527428,0.335261,0.423441
1.856659,1.381945,0.561381,0.188394,0.399320,0.202197,0.157529,1.141077,0.875817,1.912351,0.284744,1.077115,0.712451,1.692796,0.211619,0.453946,1.204362,1.968260,0.278684,0.112591,0.097154,0.327681,0.121363,0.793330,0.136796,1.942447,0.338730,0.413962,1.944762,0.206609,1.506269,0.211619,0.171805,1.876488,0.123825,0.657191,0.894457,1.818052,0.295952,0.326039,0.425177,1.398705,0.388670,0.000000,0.148193,0.860171,0.390494,0.334301,0.270383,1.785953,1.539373,0.206609,0.390494,1.896695,0.325750,0.381332,1.891056,0.525304,0.289255,0.863192,0.221070,1.979097,0.514178,1.479670,0.190592,0.269586,0.257402,0.717603,1.797378,0.108471,0.338730,0.196225,0.286943,0.063120,0.838160,0.972526,1.828222,0.141641,0.269086,1.959278,0.336617,1.907731,1.987767,0.383177,0.173041,0.160115,0.097501,0.856553,1.536840,0.609709,1.949328,0.286491,0.095973,0.063335,0.063120,0.226672,0.221793,0.400591,0.099194,0.089506
