0.000000,1.104092,1.648150,1.906045,1.936172,1.900069,1.897641,1.223339,1.524807,0.826291,1.882354,1.735777,1.651956,1.087095,1.891261,1.717658,1.653737,0.617134,1.932748,1.875454,1.883776,1.934449,1.903228,1.917217,1.912538,0.455267,1.778193,1.756030,0.596195,1.837808,1.587065,1.891261,1.908824,0.965785,1.870752,1.710922,1.423165,0.311551,1.921065,1.933185,1.727345,1.097238,1.932538,1.886368,1.885076,1.441132,1.753265,1.774890,1.871147,0.722400,0.854056,1.837808,1.753265,0.493312,1.909646,1.919787,0.474274,1.680051,1.924609,1.527975,1.878785,0.670468,1.686388,1.022992,1.901475,1.876034,1.936938,1.564179,0.621993,1.912548,1.778193,1.904430,1.895431,1.875718,1.435917,1.422944,0.727768,1.883586,1.914474,0.751600,1.908411,0.452399,0.668275,1.914707,1.916245,1.923834,1.888225,1.547950,1.250282,1.602882,0.595987,1.947684,1.862133,1.871307,1.875718,1.926139,1.914631,1.728918,1.908002,1.877398
1.104092,0.000000,1.053925,1.425121,1.531386,1.418876,1.407309,0.653599,0.878826,1.456008,1.361711,1.330141,1.264873,1.446217,1.396216,1.100635,1.249425,1.346898,1.489462,1.354528,1.362625,1.489985,1.415135,1.714649,1.436301,1.268950,1.187919,1.178705,1.288573,1.292939,1.825701,1.396216,1.429302,1.537229,1.345070,1.129100,0.732620,1.099804,1.487162,1.512308,1.128517,0.758751,1.546436,1.379071,1.393077,0.823791,1.135985,1.230095,1.361800,1.113223,1.115304,1.292939,1.135985,1.123858,1.424168,1.473611,1.155166,1.027470,1.479172,0.965249,1.402500,1.414078,1.112869,0.826623,1.409104,1.359979,1.486202,0.893436,1.080534,1.439784,1.187919,1.401954,1.399786,1.347916,0.791305,0.886838,1.160924,1.366147,1.451871,1.460941,1.445148,1.152027,1.449660,1.524158,1.437219,1.467112,1.380454,0.975076,1.430435,0.970708,1.327149,1.547679,1.327605,1.345155,1.347916,1.464407,1.422961,1.149575,1.433856,1.359684
1.648150,1.053925,0.000000,0.688644,0.822592,0.677114,0.660471,0.739850,0.528356,1.865173,0.646891,1.066456,0.492156,1.731546,0.618819,0.320267,1.033292,1.850069,0.819470,0.578571,0.609624,0.851311,0.681735,1.185431,0.685230,1.795202,0.283147,0.395962,1.822765,0.434567,1.604184,0.618819,0.664376,1.835172,0.568174,0.372927,0.480659,1.674957,0.771226,0.812802,0.178973,1.017297,0.842830,0.604944,0.600583,0.484013,0.258691,0.317309,0.618758,1.513578,1.298294,0.434567,0.258691,1.729857,0.740733,0.835957,1.621168,0.288900,0.828993,0.406376,0.635658,1.887017,0.406198,1.103433,0.640441,0.630615,0.780515,0.263992,1.629515,0.699044,0.283147,0.663545,0.684792,0.577867,0.411197,0.534648,1.695996,0.602601,0.739590,1.895553,0.762872,1.688450,1.902357,0.789126,0.695801,0.734332,0.616651,0.541685,1.453960,0.139538,1.818857,0.854865,0.556193,0.569491,0.577867,0.744894,0.685865,0.307422,0.689825,0.603906
1.906045,1.425121,0.688644,0.000000,0.242934,0.086865,0.069095,1.234491,0.891589,1.925896,0.273262,0.856618,0.797969,1.767851,0.131792,0.570561,0.934706,1.973102,0.219627,0.211959,0.194027,0.343401,0.175574,0.727436,0.180176,1.971226,0.446780,0.503693,1.939264,0.309821,1.401251,0.131792,0.186833,1.865581,0.220704,0.606722,1.012508,1.902234,0.199254,0.216577,0.557637,1.414593,0.269939,0.188361,0.197321,0.997408,0.495986,0.427770,0.246462,1.768108,1.583786,0.309821,0.495986,1.921059,0.287118,0.321388,1.877122,0.628583,0.266789,0.877941,0.212682,1.974657,0.617244,1.517422,0.213326,0.256313,0.215041,0.833331,1.862102,0.168088,0.446780,0.237952,0.257185,0.212500,0.992349,1.017240,1.854350,0.127960,0.202596,1.959591,0.311033,1.912254,1.986347,0.343220,0.187515,0.177319,0.191179,0.903354,1.598905,0.752579,1.963154,0.315468,0.244566,0.224705,0.212500,0.200180,0.238536,0.558622,0.169037,0.215616
1.936172,1.531386,0.822592,0.242934,0.000000,0.257513,0.289238,1.358821,1.045094,1.893595,0.396795,0.903237,0.823055,1.722200,0.257600,0.706894,1.013776,1.965752,0.258494,0.387516,0.372726,0.361578,0.331276,0.556295,0.280450,1.979756,0.598494,0.622049,1.956548,0.464612,1.272224,0.257600,0.280003,1.805046,0.398797,0.744192,1.156699,1.934316,0.212916,0.190948,0.703540,1.530486,0.184025,0.359838,0.357911,1.111382,0.652697,0.577113,0.380228,1.780765,1.640911,0.464612,0.652697,1.960272,0.366720,0.355164,1.889761,0.796691,0.348349,1.019149,0.391393,1.958126,0.774561,1.564286,0.324130,0.392275,0.248611,0.975554,1.877606,0.294075,0.598494,0.361825,0.366497,0.396436,1.126641,1.127710,1.908392,0.339281,0.278223,1.936457,0.353332,1.947985,1.960884,0.289375,0.281442,0.255111,0.356679,1.043950,1.527260,0.896461,1.958860,0.258107,0.434701,0.408694,0.396436,0.267797,0.337265,0.673044,0.306883,0.403642
1.900069,1.418876,0.677114,0.086865,0.257513,0.000000,0.125372,1.220696,0.883162,1.930879,0.262032,0.859707,0.789810,1.776286,0.136041,0.560044,0.930761,1.972246,0.250082,0.218116,0.184627,0.372103,0.165925,0.750686,0.201058,1.967801,0.438090,0.497398,1.938550,0.308849,1.412809,0.136041,0.200800,1.870755,0.224863,0.585389,0.998840,1.898510,0.163501,0.196036,0.548667,1.396888,0.296632,0.193924,0.207007,0.983530,0.484204,0.424822,0.195060,1.767334,1.571407,0.308849,0.484204,1.915877,0.304268,0.332560,1.873926,0.616956,0.290022,0.852730,0.223166,1.975339,0.611005,1.500656,0.219199,0.217404,0.227655,0.819500,1.863620,0.176446,0.438090,0.255681,0.261514,0.214601,0.979513,1.001631,1.853736,0.153290,0.191432,1.962444,0.291907,1.910365,1.986741,0.353064,0.208838,0.191278,0.200553,0.897210,1.600794,0.740783,1.961404,0.336081,0.240129,0.224206,0.214601,0.206616,0.259419,0.561516,0.172528,0.211026
1.897641,1.407309,0.660471,0.069095,0.289238,0.125372,0.000000,1.210727,0.860496,1.927799,0.282023,0.865336,0.790357,1.771539,0.145343,0.546692,0.936664,1.971001,0.234266,0.186588,0.179347,0.350495,0.173140,0.750548,0.181227,1.966595,0.418553,0.483446,1.934539,0.282119,1.419376,0.145343,0.187134,1.871269,0.194546,0.585617,0.986477,1.892842,0.246913,0.265937,0.528460,1.393682,0.296886,0.168243,0.172498,0.971295,0.468633,0.395962,0.259048,1.760542,1.569037,0.282119,0.468633,1.913921,0.294343,0.339330,1.868108,0.600110,0.276586,0.850414,0.177463,1.975240,0.585233,1.501193,0.201778,0.259744,0.235250,0.806700,1.853927,0.172969,0.418553,0.219272,0.262445,0.187895,0.966598,0.991412,1.843468,0.089035,0.234242,1.960609,0.329720,1.902472,1.987774,0.360548,0.189758,0.192371,0.171330,0.879542,1.605179,0.724148,1.960479,0.336396,0.217013,0.199302,0.187895,0.215454,0.226988,0.530791,0.168580,0.193609
1.223339,0.653599,0.739850,1.234491,1.358821,1.220696,1.210727,0.000000,0.528866,1.583189,1.192653,1.222011,1.001904,1.524538,1.193512,0.784091,1.122252,1.527775,1.327602,1.140146,1.149997,1.341017,1.210488,1.621788,1.242613,1.422552,0.931531,0.874551,1.430535,1.059125,1.780321,1.193512,1.228955,1.623994,1.128367,0.832935,0.360201,1.271686,1.317755,1.349998,0.856738,0.623776,1.379388,1.172300,1.178087,0.458944,0.864808,0.955109,1.172835,1.155407,1.133903,1.059125,0.864808,1.294684,1.273320,1.303565,1.249271,0.751418,1.320303,0.628709,1.183712,1.580465,0.802664,0.782122,1.214258,1.177440,1.311673,0.582971,1.221904,1.246355,0.931531,1.214519,1.224495,1.140772,0.383829,0.448977,1.316435,1.159786,1.274594,1.605432,1.289199,1.281045,1.605177,1.331160,1.241584,1.280519,1.171195,0.731901,1.408337,0.627001,1.473637,1.392504,1.112893,1.136333,1.140772,1.280461,1.244784,0.900065,1.233897,1.152758
1.524807,0.878826,0.528356,0.891589,1.045094,0.883162,0.860496,0.528866,0.000000,1.751205,0.868230,0.984671,0.899396,1.633831,0.860960,0.482426,0.925825,1.743805,0.985302,0.789442,0.796645,1.011419,0.860403,1.366004,0.903186,1.681790,0.628206,0.560995,1.663894,0.727309,1.725932,0.860960,0.882635,1.770236,0.775786,0.496463,0.435812,1.538348,1.002629,1.032100,0.588175,0.813489,1.063917,0.827427,0.830076,0.447861,0.567687,0.632901,0.855671,1.417989,1.334670,0.727309,0.567687,1.554445,0.946647,0.957279,1.538347,0.521343,0.982040,0.473580,0.839859,1.773153,0.495158,1.061305,0.885495,0.848379,0.965571,0.475823,1.485513,0.900443,0.628206,0.876856,0.895048,0.795679,0.428281,0.372669,1.523082,0.803286,0.951324,1.782836,0.962970,1.550820,1.802037,1.013842,0.890673,0.936450,0.820270,0.583276,1.521822,0.429177,1.712110,1.059035,0.766607,0.793799,0.795679,0.933187,0.915322,0.634659,0.889245,0.805006
0.826291,1.456008,1.865173,1.925896,1.893595,1.930879,1.927799,1.583189,1.751205,0.000000,1.932982,1.697246,1.811831,0.498203,1.933600,1.853326,1.706240,0.579392,1.899266,1.934994,1.933490,1.876773,1.930815,1.723983,1.920292,0.629251,1.916474,1.855674,0.694970,1.933103,1.258974,1.933600,1.921014,0.456645,1.934974,1.868364,1.743091,0.798843,1.927755,1.924230,1.904566,1.523589,1.892419,1.939025,1.939980,1.709156,1.903004,1.912509,1.942620,0.876971,1.383809,1.933103,1.903004,0.805076,1.911479,1.892110,0.793353,1.893057,1.906812,1.804713,1.941240,0.480498,1.880127,1.357727,1.925373,1.941832,1.916076,1.821961,0.767754,1.930326,1.916474,1.920457,1.919970,1.939241,1.741005,1.680800,0.871634,1.930101,1.927737,0.248544,1.921670,0.739311,0.443296,1.880567,1.918093,1.922841,1.930583,1.823209,1.102844,1.838037,0.561143,1.897662,1.942960,1.943409,1.939241,1.923445,1.918750,1.876846,1.931261,1.945051
1.882354,1.361711,0.646891,0.273262,0.396795,0.262032,0.282023,1.192653,0.868230,1.932982,0.000000,0.827118,0.792522,1.784884,0.272723,0.571447,0.884966,1.957767,0.338286,0.273645,0.248565,0.428898,0.269353,0.829453,0.289762,1.954610,0.414072,0.531626,1.927109,0.296248,1.472656,0.272723,0.273042,1.889332,0.275891,0.596281,0.954520,1.882464,0.297869,0.320518,0.510621,1.369721,0.458859,0.251160,0.253219,0.969516,0.464268,0.423037,0.214538,1.774008,1.556717,0.296248,0.464268,1.888824,0.217393,0.402538,1.874690,0.568116,0.338362,0.843180,0.310250,1.971511,0.611640,1.477282,0.273100,0.239125,0.311960,0.777634,1.841893,0.268561,0.414072,0.304320,0.168118,0.253898,0.942739,1.011346,1.823796,0.258927,0.200271,1.958634,0.311888,1.894485,1.983334,0.422197,0.289425,0.285756,0.271936,0.868176,1.603777,0.709106,1.952414,0.394950,0.267549,0.257574,0.253898,0.294231,0.297862,0.568998,0.275385,0.254502
1.735777,1.330141,1.066456,0.856618,0.903237,0.859707,0.865336,1.222011,0.984671,1.697246,0.827118,0.000000,1.265570,1.562921,0.874271,0.931084,0.266752,1.770491,0.852047,0.879229,0.843400,0.881051,0.844449,1.150291,0.892655,1.763988,0.936048,0.910975,1.683195,0.890572,1.517234,0.874271,0.887298,1.732276,0.875575,0.941859,1.139728,1.742036,0.896190,0.894160,0.987451,1.317220,0.958163,0.886956,0.860861,1.160322,0.934562,0.953930,0.875397,1.641398,1.656344,0.890572,0.934562,1.658530,0.836803,0.835362,1.782601,0.978680,0.812035,1.137517,0.879823,1.746927,0.899301,1.546674,0.918136,0.892356,0.845140,1.087925,1.649888,0.866298,0.936048,0.888814,0.832069,0.881253,1.155473,1.167201,1.596534,0.854271,0.846362,1.734447,0.925403,1.716237,1.778962,0.858802,0.867391,0.872085,0.878087,1.033771,1.606317,1.053608,1.753204,0.917970,0.879743,0.888806,0.881253,0.842872,0.910886,1.053458,0.864452,0.868601
1.651956,1.264873,0.492156,0.797969,0.823055,0.789810,0.790357,1.001904,0.899396,1.811831,0.792522,1.265570,0.000000,1.667792,0.723217,0.651294,1.265187,1.841123,0.911705,0.756473,0.791436,0.933236,0.829553,1.072689,0.784001,1.787786,0.577435,0.659695,1.859778,0.639341,1.390205,0.723217,0.755926,1.720592,0.755442,0.651024,0.797827,1.701597,0.818814,0.853903,0.542131,1.225866,0.822669,0.758290,0.751029,0.772391,0.599315,0.581673,0.755642,1.480427,1.284190,0.639341,0.599315,1.799618,0.847026,0.948617,1.576015,0.655521,0.941998,0.698706,0.796346,1.851921,0.758009,1.159419,0.737151,0.778448,0.862702,0.623119,1.649898,0.813499,0.577435,0.793126,0.807830,0.758197,0.705072,0.780810,1.782870,0.766690,0.829860,1.850653,0.841841,1.716616,1.847146,0.814423,0.804670,0.822958,0.774380,0.833122,1.261629,0.574476,1.793224,0.871780,0.761705,0.752488,0.758197,0.845724,0.784926,0.499293,0.813372,0.790407
1.087095,1.446217,1.731546,1.767851,1.722200,1.776286,1.771539,1.524538,1.633831,0.498203,1.784884,1.562921,1.667792,0.000000,1.777818,1.692034,1.620895,0.931845,1.742200,1.784338,1.783790,1.719804,1.781975,1.545135,1.755641,1.002300,1.768844,1.682332,1.030157,1.779347,1.084111,1.777818,1.752972,0.540225,1.785366,1.715888,1.659334,1.075489,1.774623,1.772841,1.768320,1.560674,1.726805,1.788867,1.793374,1.590726,1.755905,1.765870,1.797697,0.856500,1.490974,1.779347,1.755905,1.130261,1.757207,1.738911,0.958110,1.773093,1.762163,1.687969,1.806910,0.860137,1.755884,1.312979,1.772574,1.801048,1.755798,1.705213,0.922570,1.776308,1.768844,1.768753,1.764812,1.790832,1.640183,1.549242,1.187369,1.773148,1.778154,0.712937,1.779700,1.008913,0.838653,1.711907,1.753171,1.764356,1.777427,1.744288,0.991496,1.711731,0.874894,1.733951,1.802839,1.799328,1.790832,1.766766,1.765754,1.714709,1.779135,1.807532
1.891261,1.396216,0.618819,0.131792,0.257600,0.136041,0.145343,1.193512,0.860960,1.933600,0.272723,0.874271,0.723217,1.777818,0.000000,0.517985,0.937929,1.970835,0.295311,0.200048,0.203296,0.394661,0.213449,0.763044,0.202756,1.964729,0.379770,0.456930,1.942736,0.247475,1.422212,0.000000,0.198583,1.872888,0.205469,0.552366,0.960230,1.894932,0.232227,0.254919,0.486814,1.381682,0.303700,0.188474,0.174968,0.939887,0.434679,0.369952,0.227291,1.750595,1.561879,0.247475,0.434679,1.917817,0.317234,0.364325,1.858838,0.572795,0.341539,0.829271,0.222209,1.976822,0.571131,1.474510,0.209628,0.240161,0.254990,0.770480,1.850768,0.204975,0.379770,0.248010,0.281784,0.204151,0.935315,0.968126,1.856018,0.151688,0.243385,1.966016,0.322413,1.905339,1.987494,0.353154,0.214856,0.219186,0.196748,0.856763,1.569281,0.690181,1.957146,0.351222,0.230560,0.212026,0.204151,0.229123,0.251699,0.490575,0.204849,0.219307
1.717658,1.100635,0.320267,0.570561,0.706894,0.560044,0.546692,0.784091,0.482426,1.853326,0.571447,0.931084,0.651294,1.692034,0.517985,0.000000,0.939022,1.884298,0.684985,0.462976,0.478919,0.713709,0.551293,1.086725,0.567037,1.835561,0.282499,0.127692,1.833252,0.387152,1.579116,0.517985,0.558450,1.815909,0.451601,0.346091,0.576696,1.732778,0.682853,0.718665,0.302697,1.097819,0.741316,0.503354,0.517496,0.519374,0.216441,0.308939,0.551221,1.559055,1.441482,0.387152,0.216441,1.766356,0.652722,0.681650,1.693941,0.341564,0.709136,0.521915,0.553284,1.908198,0.343143,1.185537,0.550883,0.555718,0.654755,0.416144,1.648528,0.582499,0.282499,0.553738,0.594996,0.474342,0.532267,0.547492,1.728828,0.485437,0.639533,1.898816,0.675139,1.746328,1.920519,0.685514,0.566199,0.615167,0.493741,0.647607,1.485389,0.311918,1.852345,0.753335,0.455874,0.476139,0.474342,0.622273,0.586784,0.336092,0.573508,0.500608
1.653737,1.249425,1.033292,0.934706,1.013776,0.930761,0.936664,1.122252,0.925825,1.706240,0.884966,0.266752,1.265187,1.620895,0.937929,0.939022,0.000000,1.736858,0.955933,0.934206,0.902279,0.995856,0.915140,1.296586,0.979580,1.700267,0.943351,0.944396,1.629778,0.922888,1.618775,0.937929,0.973545,1.772913,0.927382,0.937460,1.049367,1.671148,0.977899,0.981427,0.971044,1.187317,1.060450,0.946174,0.913403,1.105744,0.933691,0.963583,0.923399,1.623522,1.565850,0.922888,0.933691,1.569992,0.919370,0.933921,1.736411,0.938258,0.902852,1.074490,0.922951,1.722146,0.863250,1.488332,0.984448,0.940920,0.945795,1.030000,1.610167,0.945012,0.943351,0.959211,0.900277,0.933898,1.076991,1.113664,1.498579,0.917671,0.921988,1.720565,1.002930,1.634300,1.755009,0.959431,0.958624,0.961987,0.943267,0.946265,1.637887,1.007435,1.716514,1.032350,0.919656,0.935419,0.933898,0.932524,0.987261,1.066629,0.939243,0.914371
0.617134,1.346898,1.850069,1.973102,1.965752,1.972246,1.971001,1.527775,1.743805,0.579392,1.957767,1.770491,1.841123,0.931845,1.970835,1.884298,1.736858,0.000000,1.965379,1.966258,1.966184,1.947931,1.971011,1.855256,1.974419,0.430692,1.923858,1.904459,0.443478,1.953965,1.467984,1.970835,1.973079,0.777397,1.965001,1.877092,1.685620,0.571731,1.970137,1.969346,1.896192,1.378786,1.967534,1.970025,1.970023,1.690719,1.908968,1.926249,1.959423,0.902051,1.213569,1.953965,1.908968,0.542164,1.959277,1.957377,0.654870,1.866334,1.960501,1.780661,1.964693,0.423441,1.870016,1.265699,1.967518,1.957248,1.972548,1.785440,0.712749,1.973972,1.923858,1.962257,1.961530,1.965722,1.702254,1.687595,0.748612,1.967356,1.969397,0.476424,1.957165,0.592938,0.364114,1.957371,1.971714,1.975192,1.968795,1.742496,1.242729,1.819774,0.443321,1.965224,1.960624,1.964564,1.965722,1.971549,1.965650,1.897107,1.972922,1.965065
1.932748,1.489462,0.819470,0.219627,0.258494,0.250082,0.234266,1.327602,0.985302,1.899266,0.338286,0.852047,0.911705,1.742200,0.295311,0.684985,0.955933,1.965379,0.000000,0.312979,0.287463,0.268399,0.233462,0.631496,0.230519,1.974512,0.581414,0.606867,1.934122,0.443427,1.356717,0.295311,0.249187,1.836188,0.322524,0.728025,1.133585,1.918486,0.280668,0.264391,0.690054,1.502446,0.300907,0.288970,0.305618,1.096150,0.629241,0.550576,0.377395,1.807933,1.634956,0.443427,0.629241,1.932576,0.258752,0.290018,1.910904,0.765324,0.156644,0.994874,0.304262,1.962171,0.718245,1.569672,0.270161,0.363758,0.190720,0.966353,1.874737,0.214918,0.581414,0.282031,0.264873,0.321557,1.113729,1.113565,1.862858,0.276058,0.222504,1.936350,0.340311,1.934998,1.973427,0.307761,0.217831,0.188007,0.277543,1.022582,1.612448,0.879699,1.965112,0.264322,0.352256,0.335620,0.321557,0.205101,0.258453,0.697915,0.223984,0.312927
1.875454,1.354528,0.578571,0.211959,0.387516,0.218116,0.186588,1.140146,0.789442,1.934994,0.273645,0.879229,0.756473,1.784338,0.200048,0.462976,0.934206,1.966258,0.312979,0.000000,0.122577,0.383092,0.159275,0.831441,0.156671,1.954019,0.333001,0.412456,1.925472,0.209986,1.477817,0.200048,0.196025,1.887554,0.021791,0.497388,0.912786,1.881067,0.340035,0.363383,0.439889,1.339050,0.407716,0.082805,0.156450,0.897286,0.378763,0.319011,0.270152,1.752589,1.556143,0.209986,0.378763,1.896247,0.308044,0.361079,1.861108,0.522023,0.332306,0.773115,0.188412,1.978635,0.511220,1.450159,0.214836,0.255093,0.262108,0.726834,1.834835,0.170884,0.333001,0.211141,0.268899,0.063100,0.891302,0.919431,1.827702,0.138222,0.284403,1.964325,0.352713,1.890389,1.991176,0.410931,0.169866,0.212009,0.056769,0.822981,1.605151,0.641363,1.955959,0.384108,0.095196,0.084240,0.063100,0.228935,0.231616,0.471051,0.164211,0.112684
1.883776,1.362625,0.609624,0.194027,0.372726,0.184627,0.179347,1.149997,0.796645,1.933490,0.248565,0.843400,0.791436,1.783790,0.203296,0.478919,0.902279,1.966184,0.287463,0.122577,0.000000,0.374078,0.090291,0.831439,0.179094,1.953620,0.363973,0.423986,1.922446,0.238851,1.480225,0.203296,0.178581,1.885454,0.126653,0.515547,0.928715,1.885862,0.309743,0.331481,0.475338,1.344619,0.412804,0.099818,0.156350,0.911997,0.405093,0.350194,0.247596,1.761478,1.573488,0.238851,0.405093,1.891289,0.304208,0.341255,1.870175,0.539180,0.307979,0.789616,0.192199,1.975624,0.519336,1.459967,0.216325,0.253678,0.241673,0.752891,1.835733,0.143955,0.363973,0.210338,0.253309,0.107001,0.910931,0.937239,1.826271,0.137812,0.246287,1.963829,0.353744,1.893905,1.990425,0.399009,0.174802,0.189759,0.114284,0.835551,1.612901,0.666032,1.956467,0.373484,0.109535,0.111461,0.107001,0.205327,0.236016,0.512540,0.128869,0.081566
1.934449,1.489985,0.851311,0.343401,0.361578,0.372103,0.350495,1.341017,1.011419,1.876773,0.428898,0.881051,0.933236,1.719804,0.394661,0.713709,0.995856,1.947931,0.268399,0.383092,0.374078,0.000000,0.330209,0.655752,0.309908,1.960115,0.621589,0.640608,1.920970,0.494069,1.365314,0.394661,0.330806,1.825077,0.392932,0.753360,1.150411,1.918055,0.403030,0.384471,0.724367,1.504846,0.396526,0.372804,0.375974,1.129620,0.666292,0.597896,0.475062,1.809737,1.666580,0.494069,0.666292,1.923658,0.337494,0.309500,1.911847,0.805657,0.304052,1.025882,0.391292,1.946353,0.778698,1.585605,0.316363,0.457228,0.277558,0.988498,1.855562,0.312766,0.621589,0.266277,0.377625,0.396611,1.132301,1.146080,1.843970,0.372934,0.351413,1.912719,0.422283,1.929071,1.958154,0.382587,0.295573,0.287577,0.349068,1.047761,1.596718,0.906470,1.957353,0.293030,0.426131,0.412501,0.396611,0.302041,0.245624,0.745807,0.323243,0.395171
1.903228,1.415135,0.681735,0.175574,0.331276,0.165925,0.173140,1.210488,0.860403,1.930815,0.269353,0.844449,0.829553,1.781975,0.213449,0.551293,0.915140,1.971011,0.233462,0.159275,0.090291,0.330209,0.000000,0.783536,0.148965,1.963206,0.437748,0.489965,1.927677,0.302034,1.449958,0.213449,0.162648,1.879273,0.168994,0.572343,0.997679,1.904030,0.272944,0.285772,0.547828,1.390453,0.364002,0.123645,0.172598,0.979113,0.481402,0.418407,0.263867,1.782307,1.595959,0.302034,0.481402,1.907080,0.287197,0.303613,1.888892,0.614347,0.253710,0.850683,0.190270,1.975493,0.585514,1.503259,0.212875,0.266743,0.182082,0.824738,1.858839,0.093372,0.437748,0.203135,0.250500,0.151182,0.979927,0.996204,1.838993,0.164886,0.217204,1.960343,0.334138,1.911973,1.988706,0.370315,0.142831,0.133098,0.127046,0.896150,1.622132,0.739957,1.962420,0.322271,0.169415,0.159762,0.151182,0.152543,0.219716,0.578993,0.072193,0.123067
1.917217,1.714649,1.185431,0.727436,0.556295,0.750686,0.750548,1.621788,1.366004,1.723983,0.829453,1.150291,1.072689,1.545135,0.763044,1.086725,1.296586,1.855256,0.631496,0.831441,0.831439,0.655752,0.783536,0.000000,0.713028,1.909583,1.015738,0.994539,1.901866,0.904345,0.967088,0.763044,0.719063,1.591284,0.843076,1.136251,1.487775,1.895939,0.682846,0.653626,1.100237,1.749225,0.557294,0.812339,0.810350,1.392656,1.066128,0.975223,0.839475,1.755541,1.700781,0.904345,1.066128,1.957590,0.749178,0.713239,1.836481,1.205714,0.720584,1.361891,0.827715,1.834725,1.160828,1.644259,0.751148,0.829059,0.671909,1.335258,1.829624,0.741888,1.015738,0.774511,0.779196,0.848475,1.448239,1.395848,1.922256,0.797941,0.727818,1.787383,0.716184,1.925314,1.816067,0.609634,0.712972,0.692636,0.796612,1.384760,1.405814,1.258285,1.872073,0.571388,0.886470,0.861550,0.848475,0.706434,0.737248,1.031770,0.757829,0.858270
1.912538,1.436301,0.685230,0.180176,0.280450,0.201058,0.181227,1.242613,0.903186,1.920292,0.289762,0.892655,0.784001,1.755641,0.202756,0.567037,0.979580,1.974419,0.230519,0.156671,0.179094,0.309908,0.148965,0.713028,0.000000,1.972913,0.441227,0.497389,1.945346,0.300385,1.393394,0.202756,0.119566,1.855141,0.174565,0.595117,1.026079,1.916678,0.273359,0.284611,0.551108,1.431524,0.303531,0.130777,0.192121,0.996110,0.494054,0.424436,0.301531,1.769749,1.606536,0.300385,0.494054,1.932780,0.269881,0.317147,1.882690,0.641971,0.280664,0.877173,0.234843,1.976630,0.628905,1.506953,0.199486,0.295727,0.163225,0.838444,1.857604,0.112623,0.441227,0.202878,0.255722,0.163907,0.999679,1.015141,1.867015,0.184077,0.238420,1.956693,0.321793,1.923721,1.986517,0.340375,0.077767,0.114417,0.113199,0.929145,1.582126,0.755715,1.962672,0.262308,0.214504,0.183666,0.163907,0.155749,0.195413,0.547244,0.120965,0.195178
0.455267,1.268950,1.795202,1.971226,1.979756,1.967801,1.966595,1.422552,1.681790,0.629251,1.954610,1.763988,1.787786,1.002300,1.964729,1.835561,1.700267,0.430692,1.974512,1.954019,1.953620,1.960115,1.963206,1.909583,1.972913,0.000000,1.889192,1.864301,0.443145,1.932209,1.523747,1.964729,1.971844,0.821665,1.951633,1.840545,1.599364,0.470356,1.975616,1.979274,1.852466,1.264668,1.977076,1.958874,1.959751,1.613955,1.867848,1.893720,1.953038,0.862409,1.102012,1.932209,1.867848,0.409873,1.966676,1.960645,0.613030,1.815524,1.967439,1.690132,1.955306,0.421442,1.812852,1.201555,1.963282,1.954657,1.980217,1.717354,0.602609,1.970067,1.889192,1.957784,1.961952,1.952943,1.615908,1.609908,0.622695,1.957594,1.970220,0.512719,1.961403,0.430746,0.415793,1.956467,1.972965,1.975415,1.959537,1.686595,1.241292,1.756321,0.405933,1.980011,1.943163,1.949947,1.952943,1.977701,1.963997,1.859442,1.967448,1.950401
1.778193,1.187919,0.283147,0.446780,0.598494,0.438090,0.418553,0.931531,0.628206,1.916474,0.414072,0.936048,0.577435,1.768844,0.379770,0.282499,0.943351,1.923858,0.581414,0.333001,0.363973,0.621589,0.437748,1.015738,0.441227,1.889192,0.000000,0.304034,1.890596,0.176631,1.551057,0.379770,0.427631,1.880638,0.323657,0.350886,0.668259,1.792856,0.538909,0.578887,0.129563,1.167329,0.627487,0.358582,0.350778,0.670368,0.099334,0.165564,0.391757,1.647320,1.435443,0.176631,0.099334,1.822246,0.511411,0.612282,1.756826,0.291964,0.593478,0.558656,0.402829,1.946521,0.373502,1.280249,0.406303,0.403035,0.537138,0.448480,1.738886,0.455340,0.000000,0.422148,0.455804,0.329129,0.634203,0.721688,1.768744,0.357332,0.500332,1.948371,0.538940,1.798599,1.963781,0.577593,0.453007,0.492129,0.371126,0.633370,1.530716,0.360423,1.899853,0.624110,0.314676,0.324176,0.329129,0.501895,0.445723,0.279909,0.446654,0.360287
1.756030,1.178705,0.395962,0.503693,0.622049,0.497398,0.483446,0.874551,0.560995,1.855674,0.531626,0.910975,0.659695,1.682332,0.456930,0.127692,0.944396,1.904459,0.606867,0.412456,0.423986,0.640608,0.489965,0.994539,0.497389,1.864301,0.304034,0.000000,1.859585,0.359066,1.522160,0.456930,0.487377,1.802696,0.403157,0.390477,0.688169,1.767978,0.620160,0.652448,0.356014,1.178888,0.663366,0.450948,0.465958,0.601316,0.270557,0.292831,0.516386,1.583952,1.482122,0.359066,0.270557,1.806789,0.598361,0.608950,1.724922,0.425025,0.645210,0.607016,0.506228,1.922542,0.382780,1.237983,0.494725,0.521192,0.581844,0.528761,1.677593,0.517214,0.304034,0.500503,0.541457,0.431261,0.638685,0.617785,1.773499,0.428073,0.577950,1.907051,0.623806,1.787764,1.931155,0.602091,0.492994,0.542764,0.435251,0.712749,1.473905,0.412292,1.875270,0.674658,0.419683,0.436170,0.431261,0.552768,0.531193,0.351538,0.510300,0.457528
0.596195,1.288573,1.822765,1.939264,1.956548,1.938550,1.934539,1.430535,1.663894,0.694970,1.927109,1.683195,1.859778,1.030157,1.942736,1.833252,1.629778,0.443478,1.934122,1.925472,1.922446,1.920970,1.927677,1.901866,1.945346,0.443145,1.890596,1.859585,0.000000,1.921708,1.565110,1.942736,1.947780,0.888383,1.922746,1.833714,1.609187,0.561774,1.951809,1.951917,1.864637,1.302302,1.952847,1.931920,1.932928,1.651117,1.866105,1.895212,1.928947,0.923791,1.185058,1.921708,1.866105,0.406764,1.929885,1.918784,0.742626,1.806687,1.914521,1.716244,1.921345,0.517357,1.792135,1.316098,1.945232,1.926936,1.944612,1.734430,0.712083,1.938139,1.890596,1.932325,1.930594,1.924274,1.639578,1.636425,0.608622,1.927605,1.940822,0.576751,1.935842,0.564498,0.509994,1.956734,1.941733,1.944947,1.930204,1.688596,1.408999,1.775044,0.539961,1.954253,1.914889,1.923024,1.924274,1.941364,1.939663,1.878336,1.935048,1.919711
1.837808,1.292939,0.434567,0.309821,0.464612,0.308849,0.282119,1.059125,0.727309,1.933103,0.296248,0.890572,0.639341,1.779347,0.247475,0.387152,0.922888,1.953965,0.443427,0.209986,0.238851,0.494069,0.302034,0.904345,0.300385,1.932209,0.176631,0.359066,1.921708,0.000000,1.497187,0.247475,0.284753,1.889951,0.205278,0.421564,0.809199,1.847967,0.407557,0.441184,0.283677,1.266948,0.496137,0.222524,0.190095,0.804414,0.253510,0.194500,0.288701,1.704294,1.494633,0.000000,0.253510,1.871362,0.377709,0.482081,1.814560,0.410598,0.457628,0.678439,0.270379,1.966775,0.442171,1.379508,0.283101,0.305281,0.389120,0.603898,1.797562,0.311363,0.176631,0.293697,0.327788,0.205145,0.779816,0.841018,1.811030,0.226337,0.364632,1.964624,0.428200,1.852517,1.983447,0.460713,0.311500,0.345594,0.240124,0.723067,1.555519,0.514249,1.933396,0.478277,0.204483,0.202665,0.205145,0.354697,0.318967,0.364233,0.304325,0.235801
1.587065,1.825701,1.604184,1.401251,1.272224,1.412809,1.419376,1.780321,1.725932,1.258974,1.472656,1.517234,1.390205,1.084111,1.422212,1.579116,1.618775,1.467984,1.356717,1.477817,1.480225,1.365314,1.449958,0.967088,1.393394,1.523747,1.551057,1.522160,1.565110,1.497187,0.000000,1.422212,1.394152,1.038858,1.486246,1.589010,1.762843,1.597747,1.344972,1.333485,1.587323,1.819449,1.259020,1.458319,1.458744,1.685993,1.579972,1.526956,1.468503,1.400261,1.573590,1.497187,1.579972,1.672937,1.417101,1.424255,1.457649,1.656280,1.396181,1.653534,1.472319,1.386955,1.610857,1.627849,1.421091,1.483390,1.374471,1.683768,1.484167,1.413218,1.551057,1.444898,1.434461,1.485453,1.719410,1.658366,1.728918,1.452662,1.396681,1.353004,1.412684,1.544376,1.346194,1.277210,1.400130,1.382305,1.458543,1.672408,1.130357,1.653000,1.450110,1.291969,1.511660,1.491220,1.485453,1.398157,1.418952,1.510474,1.422764,1.497361
1.891261,1.396216,0.618819,0.131792,0.257600,0.136041,0.145343,1.193512,0.860960,1.933600,0.272723,0.874271,0.723217,1.777818,0.000000,0.517985,0.937929,1.970835,0.295311,0.200048,0.203296,0.394661,0.213449,0.763044,0.202756,1.964729,0.379770,0.456930,1.942736,0.247475,1.422212,0.000000,0.198583,1.872888,0.205469,0.552366,0.960230,1.894932,0.232227,0.254919,0.486814,1.381682,0.303700,0.188474,0.174968,0.939887,0.434679,0.369952,0.227291,1.750595,1.561879,0.247475,0.434679,1.917817,0.317234,0.364325,1.858838,0.572795,0.341539,0.829271,0.222209,1.976822,0.571131,1.474510,0.209628,0.240161,0.254990,0.770480,1.850768,0.204975,0.379770,0.248010,0.281784,0.204151,0.935315,0.968126,1.856018,0.151688,0.243385,1.966016,0.322413,1.905339,1.987494,0.353154,0.214856,0.219186,0.196748,0.856763,1.569281,0.690181,1.957146,0.351222,0.230560,0.212026,0.204151,0.229123,0.251699,0.490575,0.204849,0.219307
1.908824,1.429302,0.664376,0.186833,0.280003,0.200800,0.187134,1.228955,0.882635,1.921014,0.273042,0.887298,0.755926,1.752972,0.198583,0.558450,0.973545,1.973079,0.249187,0.196025,0.178581,0.330806,0.162648,0.719063,0.119566,1.971844,0.427631,0.487377,1.947780,0.284753,1.394152,0.198583,0.000000,1.851625,0.208967,0.572375,1.010073,1.912841,0.269256,0.283092,0.535941,1.414658,0.317555,0.153951,0.188928,0.977123,0.484404,0.406866,0.281549,1.757998,1.598627,0.284753,0.484404,1.931645,0.277339,0.333597,1.872876,0.626024,0.301446,0.855380,0.248597,1.973151,0.620116,1.486660,0.184681,0.285383,0.175200,0.822688,1.850452,0.129167,0.427631,0.212953,0.253339,0.193521,0.980974,0.997784,1.871954,0.181420,0.231676,1.959902,0.318400,1.922401,1.986389,0.326991,0.114418,0.125302,0.165311,0.911719,1.558170,0.736623,1.959566,0.243093,0.232800,0.205284,0.193521,0.165414,0.199766,0.532047,0.139974,0.211309
0.965785,1.537229,1.835172,1.865581,1.805046,1.870755,1.871269,1.623994,1.770236,0.456645,1.889332,1.732276,1.720592,0.540225,1.872888,1.815909,1.772913,0.777397,1.836188,1.887554,1.885454,1.825077,1.879273,1.591284,1.855141,0.821665,1.880638,1.802696,0.888383,1.889951,1.038858,1.872888,1.851625,0.000000,1.889439,1.838329,1.764666,0.961943,1.857421,1.855438,1.877537,1.611848,1.802778,1.886174,1.894399,1.700014,1.871621,1.872035,1.893672,0.837823,1.405008,1.889951,1.871621,1.042792,1.860326,1.843565,0.824842,1.881134,1.859310,1.791940,1.901233,0.679464,1.860053,1.357755,1.869715,1.898023,1.851133,1.815299,0.820626,1.870317,1.880638,1.877186,1.869026,1.893200,1.743528,1.661762,1.191786,1.878667,1.872160,0.590383,1.866055,0.974858,0.593201,1.807829,1.853498,1.856908,1.879464,1.833415,0.971949,1.821435,0.745158,1.818775,1.902435,1.898057,1.893200,1.862247,1.868627,1.818896,1.873552,1.903118
1.870752,1.345070,0.568174,0.220704,0.398797,0.224863,0.194546,1.128367,0.775786,1.934974,0.275891,0.875575,0.755442,1.785366,0.205469,0.451601,0.927382,1.965001,0.322524,0.021791,0.126653,0.392932,0.168994,0.843076,0.174565,1.951633,0.323657,0.403157,1.922746,0.205278,1.486246,0.205469,0.208967,1.889439,0.000000,0.486453,0.900675,1.876375,0.349626,0.373794,0.429773,1.329717,0.420646,0.096312,0.162513,0.885892,0.367597,0.310034,0.270905,1.750000,1.551206,0.205278,0.367597,1.891845,0.313982,0.365640,1.858630,0.510608,0.338781,0.762315,0.192348,1.978036,0.499364,1.443048,0.223115,0.254659,0.274894,0.715549,1.831190,0.184012,0.323657,0.220639,0.272746,0.071961,0.879656,0.907942,1.823195,0.142564,0.291919,1.963966,0.359105,1.886526,1.990803,0.418472,0.184568,0.225850,0.075058,0.813425,1.606509,0.629362,1.954923,0.399152,0.093719,0.089771,0.071961,0.239835,0.242528,0.465738,0.176808,0.116679
1.710922,1.129100,0.372927,0.606722,0.744192,0.585389,0.585617,0.832935,0.496463,1.868364,0.596281,0.941859,0.651024,1.715888,0.552366,0.346091,0.937460,1.877092,0.728025,0.497388,0.515547,0.753360,0.572343,1.136251,0.595117,1.840545,0.350886,0.390477,1.833714,0.421564,1.589010,0.552366,0.572375,1.838329,0.486453,0.000000,0.616546,1.734870,0.688412,0.726161,0.351170,1.063376,0.767519,0.525337,0.531813,0.607601,0.324080,0.387064,0.543722,1.556286,1.411197,0.421564,0.324080,1.761700,0.677366,0.707987,1.688405,0.391116,0.730827,0.452775,0.568903,1.896866,0.412778,1.214675,0.576961,0.547667,0.666393,0.454177,1.667657,0.597648,0.350886,0.584804,0.622299,0.499399,0.571305,0.595266,1.723942,0.527167,0.665989,1.904500,0.674942,1.741068,1.919156,0.719265,0.591459,0.632565,0.527523,0.612693,1.521026,0.380078,1.844152,0.760151,0.483295,0.497853,0.499399,0.633974,0.616289,0.418024,0.589520,0.523038
1.423165,0.732620,0.480659,1.012508,1.156699,0.998840,0.986477,0.360201,0.435812,1.743091,0.954520,1.139728,0.797827,1.659334,0.960230,0.576696,1.049367,1.685620,1.133585,0.912786,0.928715,1.150411,0.997679,1.487775,1.026079,1.599364,0.668259,0.688169,1.609187,0.809199,1.762843,0.960230,1.010073,1.764666,0.900675,0.616546,0.000000,1.456476,1.096316,1.133009,0.586066,0.714631,1.173728,0.941756,0.946415,0.381460,0.601041,0.720546,0.933191,1.338061,1.183758,0.809199,0.601041,1.484548,1.051504,1.120279,1.429451,0.459676,1.123177,0.437524,0.960346,1.733895,0.603732,0.917426,0.983670,0.940589,1.104971,0.268819,1.419349,1.028363,0.668259,0.988645,1.000940,0.906405,0.155926,0.451347,1.459942,0.930888,1.056030,1.759225,1.069926,1.459425,1.759029,1.141499,1.031227,1.067651,0.949882,0.554391,1.468503,0.369315,1.639279,1.188807,0.878055,0.899383,0.906405,1.070666,1.017189,0.652919,1.016853,0.922476
0.311551,1.099804,1.674957,1.902234,1.934316,1.898510,1.892842,1.271686,1.538348,0.798843,1.882464,1.742036,1.701597,1.075489,1.894932,1.732778,1.671148,0.571731,1.918486,1.881067,1.885862,1.918055,1.904030,1.895939,1.916678,0.470356,1.792856,1.767978,0.561774,1.847967,1.597747,1.894932,1.912841,0.961943,1.876375,1.734870,1.456476,0.000000,1.920381,1.929353,1.747560,1.142583,1.932454,1.891565,1.889313,1.470207,1.768175,1.787648,1.874586,0.791094,0.841475,1.847967,1.768175,0.488005,1.900709,1.908566,0.539066,1.704868,1.911027,1.561790,1.881066,0.660242,1.705812,1.064763,1.897732,1.872809,1.937139,1.593464,0.644295,1.914887,1.792856,1.899091,1.890268,1.881286,1.473455,1.461221,0.676653,1.881070,1.911208,0.722077,1.896531,0.464114,0.669584,1.918273,1.919144,1.924993,1.891940,1.580339,1.306402,1.627173,0.606273,1.943513,1.868072,1.877851,1.881286,1.928253,1.909314,1.754646,1.910828,1.880943
1.921065,1.487162,0.771226,0.199254,0.212916,0.163501,0.246913,1.317755,1.002629,1.927755,0.297869,0.896190,0.818814,1.774623,0.232227,0.682853,0.977899,1.970137,0.280668,0.340035,0.309743,0.403030,0.272944,0.682846,0.273359,1.975616,0.538909,0.620160,1.951809,0.407557,1.344972,0.232227,0.269256,1.857421,0.349626,0.688412,1.096316,1.920381,0.000000,0.078948,0.643360,1.464535,0.266287,0.300334,0.304262,1.082321,0.593441,0.535262,0.239943,1.793169,1.589475,0.407557,0.593441,1.936250,0.328621,0.375655,1.890588,0.719367,0.323870,0.938692,0.330721,1.967428,0.726125,1.549950,0.288382,0.278735,0.253243,0.912954,1.886388,0.251653,0.538909,0.334221,0.307492,0.329852,1.077368,1.106282,1.878712,0.287845,0.196381,1.957605,0.283590,1.928779,1.976624,0.341833,0.285614,0.239681,0.317519,0.980334,1.586486,0.845570,1.962009,0.305483,0.360265,0.335923,0.329852,0.254577,0.318820,0.650094,0.259194,0.325212
1.933185,1.512308,0.812802,0.216577,0.190948,0.196036,0.265937,1.349998,1.032100,1.924230,0.320518,0.894160,0.853903,1.772841,0.254919,0.718665,0.981427,1.969346,0.264391,0.363383,0.331481,0.384471,0.285772,0.653626,0.284611,1.979274,0.578887,0.652448,1.951917,0.441184,1.333485,0.254919,0.283092,1.855438,0.373794,0.726161,1.133009,1.929353,0.078948,0.000000,0.682884,1.491009,0.255167,0.323905,0.321662,1.117191,0.633282,0.570139,0.289729,1.811879,1.613954,0.441184,0.633282,1.941134,0.328047,0.351913,1.905134,0.759158,0.308985,0.980675,0.346299,1.965777,0.753512,1.573073,0.310054,0.311333,0.241191,0.954058,1.897534,0.263119,0.578887,0.345855,0.317900,0.355940,1.115382,1.140651,1.881927,0.311569,0.192541,1.953895,0.287074,1.936953,1.973552,0.338374,0.291336,0.242705,0.336499,1.009786,1.592624,0.885269,1.963804,0.282211,0.386814,0.362961,0.355940,0.249770,0.327016,0.688214,0.271731,0.347030
1.727345,1.128517,0.178973,0.557637,0.703540,0.548667,0.528460,0.856738,0.588175,1.904566,0.510621,0.987451,0.542131,1.768320,0.486814,0.302697,0.971044,1.896192,0.690054,0.439889,0.475338,0.724367,0.547828,1.100237,0.551108,1.852466,0.129563,0.356014,1.864637,0.283677,1.587323,0.486814,0.535941,1.877537,0.429773,0.351170,0.586066,1.747560,0.643360,0.682884,0.000000,1.097280,0.726845,0.466816,0.456021,0.602731,0.143688,0.215039,0.489004,1.605019,1.376863,0.283677,0.143688,1.782535,0.607143,0.712277,1.709016,0.253533,0.695112,0.493363,0.499433,1.925427,0.370671,1.217004,0.510475,0.498789,0.646800,0.359626,1.703187,0.565136,0.129563,0.526377,0.554161,0.436404,0.545450,0.660455,1.732819,0.468162,0.605956,1.932194,0.634157,1.753472,1.942973,0.673957,0.563624,0.602217,0.479852,0.572925,1.508698,0.268448,1.868472,0.727092,0.416989,0.428627,0.436404,0.611439,0.549749,0.277765,0.555810,0.464436
1.097238,0.758751,1.017297,1.414593,1.530486,1.396888,1.393682,0.623776,0.813489,1.523589,1.369721,1.317220,1.225866,1.560674,1.381682,1.097819,1.187317,1.378786,1.502446,1.339050,1.344619,1.504846,1.390453,1.749225,1.431524,1.264668,1.167329,1.178888,1.302302,1.266948,1.819449,1.381682,1.414658,1.611848,1.329717,1.063376,0.714631,1.142583,1.464535,1.491009,1.097280,0.000000,1.529424,1.359401,1.359199,0.844779,1.122487,1.196831,1.341937,1.162161,1.052396,1.266948,1.122487,1.126585,1.446528,1.474096,1.167128,1.024115,1.483398,0.851416,1.359979,1.426169,1.039375,0.948609,1.397663,1.348578,1.473360,0.877030,1.197521,1.416406,1.167329,1.392826,1.412094,1.333288,0.762552,0.815760,1.135163,1.349485,1.449526,1.498537,1.440243,1.126253,1.466549,1.485808,1.429378,1.447969,1.366305,0.773856,1.400460,0.941946,1.325641,1.529731,1.304998,1.324732,1.333288,1.451611,1.419855,1.159447,1.407060,1.333421
1.932538,1.546436,0.842830,0.269939,0.184025,0.296632,0.296886,1.379388,1.063917,1.892419,0.458859,0.958163,0.822669,1.726805,0.303700,0.741316,1.060450,1.967534,0.300907,0.407716,0.412804,0.396526,0.364002,0.557294,0.303531,1.977076,0.627487,0.663366,1.952847,0.496137,1.259020,0.303700,0.317555,1.802778,0.420646,0.767519,1.173728,1.932454,0.266287,0.255167,0.726845,1.529424,0.000000,0.381070,0.384766,1.134441,0.681612,0.602900,0.426519,1.770829,1.618867,0.496137,0.681612,1.964182,0.408695,0.414985,1.877072,0.820174,0.369375,1.023637,0.398039,1.957516,0.792805,1.591526,0.353036,0.432435,0.289243,0.990860,1.889599,0.319102,0.627487,0.380766,0.417653,0.416444,1.142015,1.138767,1.898164,0.352590,0.350033,1.930061,0.401835,1.941262,1.956103,0.345008,0.319094,0.286305,0.377675,1.056670,1.546259,0.918048,1.956710,0.281318,0.456136,0.427543,0.416444,0.314222,0.356143,0.678311,0.331048,0.427518
1.886368,1.379071,0.604944,0.188361,0.359838,0.193924,0.168243,1.172300,0.827427,1.939025,0.251160,0.886956,0.758290,1.788867,0.188474,0.503354,0.946174,1.970025,0.288970,0.082805,0.099818,0.372804,0.123645,0.812339,0.130777,1.958874,0.358582,0.450948,1.931920,0.222524,1.458319,0.188474,0.153951,1.886174,0.096312,0.525337,0.941756,1.891565,0.300334,0.323905,0.466816,1.359401,0.381070,0.000000,0.139783,0.927670,0.410404,0.346677,0.253846,1.761396,1.560152,0.222524,0.410404,1.905641,0.287332,0.359467,1.867908,0.545240,0.308348,0.792128,0.182072,1.979432,0.538633,1.469004,0.193547,0.256261,0.234220,0.754525,1.843792,0.119122,0.358582,0.199564,0.248571,0.057825,0.920635,0.956003,1.837497,0.132056,0.246399,1.968075,0.344635,1.898506,1.993345,0.389661,0.150888,0.167153,0.075587,0.841465,1.605489,0.672389,1.958893,0.347298,0.093965,0.061781,0.057825,0.202736,0.211376,0.490208,0.111065,0.081254
