0.000000,1.159536,1.687038,1.908068,1.930684,1.897127,1.901864,1.242985,1.461342,0.820148,1.882816,1.651157,1.734548,1.084827,1.892579,1.736759,1.536756,0.582005,1.925438,1.876053,1.885557,1.931650,1.903729,1.906092,1.913670,0.489884,1.792423,1.767709,0.575173,1.851795,1.532111,1.892579,1.910150,0.964882,1.871255,1.659257,1.455661,0.268150,1.915144,1.926666,1.753411,0.966961,1.946541,1.889032,1.893866,1.480696,1.763494,1.798553,1.864195,0.608447,0.701642,1.851795,1.763494,0.470896,1.911267,1.926421,0.429876,1.700647,1.919613,1.482881,1.888158,0.638602,1.715199,0.999677,1.896253,1.862999,1.932781,1.589026,0.727075,1.912760,1.792423,1.901413,1.894989,1.877138,1.499171,1.399950,0.654778,1.888075,1.907448,0.714761,1.902856,0.489052,0.633404,1.892049,1.917339,1.923243,1.888370,1.488682,1.127310,1.645408,0.565288,1.940933,1.864759,1.874043,1.877138,1.925984,1.910196,1.784802,1.909757,1.880421
1.159536,0.000000,1.033756,1.369262,1.475074,1.356039,1.346136,0.570197,0.770116,1.503485,1.312129,1.320218,1.273746,1.461791,1.343169,1.062034,1.248644,1.411723,1.432031,1.297117,1.310015,1.473876,1.360650,1.690663,1.385399,1.331627,1.147800,1.126803,1.294655,1.243524,1.803018,1.343169,1.375131,1.557151,1.287870,1.050000,0.682637,1.165625,1.420612,1.448540,1.097069,0.840923,1.495954,1.320189,1.344241,0.818431,1.094168,1.185777,1.292945,1.140770,1.121552,1.243524,1.094168,1.150691,1.392766,1.443350,1.199357,0.972409,1.412259,0.873663,1.350738,1.446830,1.065385,0.706298,1.363204,1.287179,1.433569,0.858666,1.132470,1.381801,1.147800,1.366457,1.354411,1.292102,0.767632,0.801505,1.190148,1.304593,1.389570,1.497308,1.380260,1.244368,1.471594,1.485840,1.386599,1.410430,1.325857,0.885308,1.415023,0.951553,1.358943,1.488746,1.271682,1.288350,1.292102,1.419973,1.394629,1.112797,1.377453,1.305623
1.687038,1.033756,0.000000,0.669922,0.779770,0.653553,0.632113,0.806908,0.671004,1.836218,0.645492,1.227373,0.481920,1.661703,0.590919,0.334472,1.259118,1.878772,0.772988,0.571958,0.601998,0.834892,0.661441,1.188709,0.660956,1.825864,0.275217,0.392731,1.835327,0.418060,1.627371,0.590919,0.634865,1.805055,0.563599,0.534346,0.522056,1.699138,0.722674,0.765560,0.178863,1.229677,0.785204,0.589352,0.579965,0.468721,0.265463,0.290796,0.575488,1.599819,1.429778,0.418060,0.265463,1.750434,0.766364,0.867334,1.671551,0.391583,0.793769,0.528474,0.618458,1.886257,0.350611,1.111548,0.630463,0.576722,0.745372,0.288380,1.670975,0.666507,0.275217,0.660151,0.704257,0.570458,0.383217,0.599014,1.713684,0.583703,0.714163,1.879864,0.702553,1.725234,1.900146,0.818110,0.682797,0.697517,0.605807,0.763730,1.434849,0.130863,1.825501,0.791739,0.556556,0.563678,0.570458,0.718949,0.684078,0.327101,0.660435,0.600539
1.908068,1.369262,0.669922,0.000000,0.240832,0.084590,0.089767,1.215411,0.959898,1.904312,0.272131,0.972454,0.784007,1.722755,0.135743,0.542208,1.097841,1.974402,0.199286,0.221802,0.187371,0.319207,0.173576,0.757104,0.185658,1.975111,0.440593,0.478604,1.947341,0.302689,1.486393,0.135743,0.204345,1.854282,0.229315,0.694339,0.986452,1.905737,0.174238,0.190589,0.534610,1.540837,0.295732,0.194537,0.196040,0.939654,0.491079,0.422051,0.266479,1.833300,1.705805,0.302689,0.491079,1.913797,0.276795,0.305193,1.914081,0.605399,0.261299,0.963385,0.218307,1.981036,0.591313,1.498514,0.223594,0.285263,0.191819,0.821325,1.839307,0.164638,0.440593,0.240356,0.259996,0.223258,0.940293,1.058230,1.870794,0.138360,0.189200,1.959881,0.306942,1.920223,1.983331,0.390419,0.180270,0.166322,0.200807,1.015853,1.595225,0.716769,1.970129,0.331468,0.248408,0.235539,0.223258,0.181773,0.258516,0.502818,0.173862,0.220665
1.930684,1.475074,0.779770,0.240832,0.000000,0.266635,0.293529,1.331803,1.083556,1.853670,0.429765,1.013074,0.771612,1.657103,0.247735,0.674201,1.163223,1.962944,0.281603,0.412514,0.378859,0.310502,0.343357,0.592832,0.303343,1.977480,0.581539,0.593060,1.962387,0.451492,1.363020,0.247735,0.286356,1.783271,0.424161,0.811850,1.126745,1.928651,0.221806,0.197662,0.664144,1.612972,0.223035,0.378976,0.352493,1.043610,0.641735,0.545152,0.418546,1.834360,1.747792,0.451492,0.641735,1.953559,0.395204,0.359397,1.913067,0.777160,0.386979,1.085445,0.386727,1.966711,0.729380,1.550068,0.341731,0.434352,0.252329,0.957079,1.850078,0.311290,0.581539,0.357238,0.409180,0.418412,1.062135,1.148311,1.912108,0.345624,0.321233,1.924237,0.385148,1.936520,1.958213,0.327491,0.290629,0.269589,0.377322,1.122193,1.516420,0.841860,1.969291,0.286484,0.452200,0.430995,0.418412,0.266034,0.338321,0.608108,0.325316,0.420012
1.897127,1.356039,0.653553,0.084590,0.266635,0.000000,0.133303,1.191999,0.938046,1.909114,0.258857,0.964787,0.781134,1.731341,0.141196,0.527482,1.082144,1.972372,0.230626,0.215238,0.181265,0.355341,0.168981,0.791088,0.201457,1.969467,0.427040,0.469353,1.944875,0.294171,1.504425,0.141196,0.226753,1.864286,0.221376,0.669342,0.963945,1.898185,0.147651,0.179623,0.518876,1.520419,0.335055,0.191685,0.194982,0.920381,0.475652,0.409478,0.231007,1.831929,1.693094,0.294171,0.475652,1.903194,0.295595,0.332742,1.910040,0.584655,0.278285,0.938587,0.211260,1.979252,0.574236,1.477334,0.244322,0.263025,0.207575,0.801829,1.841825,0.172783,0.427040,0.257960,0.259672,0.214967,0.920212,1.039424,1.863480,0.156912,0.176399,1.962505,0.309921,1.914196,1.982466,0.394814,0.200640,0.183423,0.198210,1.000629,1.592012,0.697971,1.964931,0.359163,0.233739,0.225858,0.214967,0.194631,0.285886,0.505490,0.180195,0.209895
1.901864,1.346136,0.632113,0.089767,0.293529,0.133303,0.000000,1.192459,0.936401,1.908546,0.269942,0.986329,0.764202,1.729081,0.141939,0.510814,1.104049,1.975758,0.213166,0.187090,0.162977,0.331140,0.162860,0.783905,0.179226,1.970373,0.397947,0.453990,1.941450,0.258604,1.510320,0.141939,0.194923,1.860467,0.193280,0.673356,0.953663,1.897874,0.226154,0.249560,0.492838,1.517440,0.312860,0.161389,0.154020,0.910413,0.449051,0.384430,0.253106,1.828244,1.688835,0.258604,0.449051,1.907198,0.285068,0.330686,1.906838,0.569000,0.266683,0.931658,0.169346,1.982049,0.554307,1.481697,0.196701,0.260886,0.218379,0.782293,1.831679,0.158789,0.397947,0.212763,0.264543,0.185979,0.906967,1.032748,1.856654,0.084538,0.219371,1.961177,0.299722,1.913048,1.987112,0.412599,0.183655,0.175226,0.174239,0.989819,1.596265,0.680117,1.967231,0.342813,0.210535,0.197362,0.185979,0.203469,0.236836,0.462153,0.160620,0.188731
1.242985,0.570197,0.806908,1.215411,1.331803,1.191999,1.192459,0.000000,0.458372,1.586512,1.158785,1.220665,1.120579,1.499193,1.173279,0.817437,1.154528,1.549000,1.289994,1.122881,1.148747,1.340822,1.204344,1.619484,1.231191,1.469065,0.947154,0.890807,1.451493,1.064901,1.811422,1.173279,1.227674,1.633991,1.109971,0.801018,0.381333,1.270444,1.275620,1.310361,0.890876,0.822762,1.366624,1.161493,1.183375,0.542623,0.880687,0.982744,1.122623,1.201021,1.151846,1.064901,0.880687,1.288661,1.257261,1.312215,1.297563,0.751115,1.283302,0.591494,1.190233,1.573223,0.821659,0.735055,1.201979,1.114231,1.289702,0.623014,1.283788,1.231439,0.947154,1.214894,1.202469,1.128266,0.487022,0.423117,1.318024,1.140977,1.238710,1.601103,1.225730,1.363327,1.594390,1.329722,1.236010,1.264369,1.157812,0.771950,1.356043,0.702521,1.465081,1.359445,1.103436,1.126125,1.128266,1.270212,1.248704,0.950790,1.224174,1.147438
1.461342,0.770116,0.671004,0.959898,1.083556,0.938046,0.936401,0.458372,0.000000,1.717754,0.917462,1.057392,1.031801,1.587079,0.913960,0.614053,1.032431,1.716456,1.027990,0.861439,0.888782,1.075647,0.943466,1.427927,0.973945,1.660209,0.735925,0.673716,1.618720,0.829224,1.789797,0.913960,0.970294,1.732879,0.848728,0.484112,0.421278,1.463600,1.032848,1.062458,0.702364,0.958206,1.138496,0.905158,0.933233,0.470066,0.673293,0.770508,0.873600,1.407213,1.284656,0.829224,0.673293,1.497181,1.003081,1.051034,1.515026,0.563359,1.026372,0.484853,0.940922,1.732484,0.631942,0.945525,0.933036,0.846490,1.030588,0.544049,1.481641,0.975002,0.735925,0.941542,0.955135,0.870002,0.496929,0.396766,1.493681,0.882849,0.992205,1.747781,0.949116,1.567452,1.754729,1.077119,0.973219,1.007276,0.895245,0.688417,1.421883,0.578271,1.654865,1.103993,0.847444,0.871368,0.870002,1.013087,0.979730,0.753489,0.969582,0.891294
0.820148,1.503485,1.836218,1.904312,1.853670,1.909114,1.908546,1.586512,1.717754,0.000000,1.926354,1.653007,1.757710,0.500920,1.895922,1.846338,1.641854,0.635001,1.895225,1.921488,1.925139,1.864591,1.923085,1.663376,1.904357,0.661054,1.891122,1.842707,0.777223,1.910309,1.105584,1.895922,1.896277,0.465506,1.921902,1.830696,1.750770,0.842279,1.903095,1.899284,1.874677,1.388927,1.859921,1.926826,1.919072,1.722846,1.885149,1.885910,1.917986,0.758757,1.210679,1.910309,1.885149,0.915590,1.909667,1.889330,0.705927,1.881982,1.916284,1.745150,1.920853,0.663734,1.830831,1.340278,1.909334,1.912693,1.898977,1.813061,0.812037,1.918247,1.891122,1.909082,1.921830,1.928248,1.747392,1.641110,0.899806,1.913452,1.919090,0.295599,1.901590,0.706302,0.553544,1.832505,1.902375,1.908219,1.916987,1.719511,0.983311,1.824005,0.714796,1.863249,1.934234,1.933043,1.928248,1.906157,1.900410,1.857255,1.921057,1.937258
1.882816,1.312129,0.645492,0.272131,0.429765,0.258857,0.269942,1.158785,0.917462,1.926354,0.000000,0.940087,0.796769,1.762406,0.298887,0.543744,1.033480,1.964779,0.325631,0.256694,0.238313,0.433765,0.255475,0.873144,0.292288,1.952187,0.421525,0.516045,1.930957,0.305259,1.554025,0.298887,0.314139,1.893462,0.258375,0.654971,0.909008,1.879683,0.299091,0.326151,0.508321,1.472997,0.458889,0.234693,0.257774,0.906967,0.459237,0.432750,0.204881,1.836272,1.661912,0.305259,0.459237,1.872365,0.228659,0.427191,1.905360,0.519135,0.317018,0.919414,0.284807,1.967276,0.584300,1.459594,0.281591,0.245865,0.315363,0.751707,1.837029,0.250633,0.421525,0.292618,0.166566,0.242975,0.887794,1.038901,1.829493,0.240017,0.210438,1.967177,0.297386,1.895098,1.979028,0.463592,0.294124,0.274172,0.262732,0.949487,1.615612,0.682544,1.941684,0.419950,0.243098,0.239441,0.242975,0.307526,0.321188,0.514010,0.258333,0.230631
1.651157,1.320218,1.227373,0.972454,1.013074,0.964787,0.986329,1.220665,1.057392,1.653007,0.940087,0.000000,1.395679,1.532482,0.999713,1.104475,0.284374,1.698013,0.952331,0.996627,0.996215,1.004925,0.992724,1.166035,1.016945,1.714163,1.108271,1.091322,1.628564,1.061585,1.549316,0.999713,1.038538,1.666125,0.993066,0.994408,1.196114,1.641017,0.984274,0.986892,1.149055,1.379031,1.083165,1.014957,1.023754,1.245461,1.104890,1.130560,0.948054,1.605730,1.589180,1.061585,1.104890,1.564244,0.950996,0.916361,1.717636,1.028912,0.955678,1.265466,1.004170,1.692729,1.072841,1.483316,1.028540,0.958685,0.986353,1.213282,1.609671,1.004944,1.108271,1.011406,0.951413,1.006497,1.259908,1.276714,1.583592,0.985277,0.973441,1.700576,0.992464,1.678385,1.703223,0.932172,0.997058,1.008478,1.000837,1.073162,1.538688,1.207317,1.687662,1.057726,1.006262,1.014481,1.006497,0.988763,1.028246,1.157696,1.008621,1.004704
1.734548,1.273746,0.481920,0.784007,0.771612,0.781134,0.764202,1.120579,1.031801,1.757710,0.796769,1.395679,0.000000,1.562871,0.700357,0.664326,1.453535,1.865446,0.866471,0.761410,0.774219,0.867641,0.801048,1.048416,0.757871,1.813713,0.566953,0.658289,1.875647,0.612871,1.389272,0.700357,0.709641,1.679127,0.763198,0.830121,0.889873,1.748299,0.780662,0.810174,0.531234,1.394214,0.743187,0.746830,0.710504,0.792916,0.610575,0.534698,0.743522,1.604605,1.484751,0.612871,0.610575,1.834868,0.873363,0.966458,1.654533,0.765610,0.915850,0.846081,0.766554,1.858959,0.705151,1.231285,0.735660,0.755929,0.811190,0.679590,1.688274,0.773192,0.566953,0.770492,0.838567,0.759090,0.734034,0.881425,1.793363,0.750241,0.821235,1.818668,0.797117,1.736391,1.854316,0.826157,0.781255,0.774611,0.769068,1.007623,1.291699,0.577303,1.821137,0.778772,0.767598,0.753718,0.759090,0.796493,0.758257,0.523729,0.774655,0.783515
1.084827,1.461791,1.661703,1.722755,1.657103,1.731341,1.729081,1.499193,1.587079,0.500920,1.762406,1.532482,1.562871,0.000000,1.707378,1.659201,1.578319,1.021841,1.722414,1.750627,1.756303,1.675735,1.755649,1.489534,1.721762,1.024469,1.707758,1.646977,1.111560,1.726340,0.959608,1.707378,1.704967,0.607582,1.752073,1.656398,1.629828,1.115816,1.726069,1.724704,1.695043,1.397197,1.666479,1.756804,1.744226,1.571361,1.705657,1.705551,1.746297,0.832361,1.318467,1.726340,1.705657,1.219179,1.745902,1.734521,0.931423,1.725869,1.762364,1.604106,1.758430,1.032073,1.644410,1.318981,1.728856,1.744049,1.718466,1.658086,0.955033,1.743204,1.707758,1.728109,1.761114,1.760867,1.601843,1.496208,1.190304,1.733210,1.754850,0.758353,1.730777,0.963885,0.948962,1.636241,1.719250,1.728539,1.744272,1.583887,0.880205,1.655743,1.054472,1.668249,1.774048,1.769391,1.760867,1.728509,1.714491,1.660935,1.749405,1.779322
1.892579,1.343169,0.590919,0.135743,0.247735,0.141196,0.141939,1.173279,0.913960,1.895922,0.298887,0.999713,0.700357,1.707378,0.000000,0.488200,1.115666,1.973554,0.278132,0.236530,0.210468,0.365970,0.220039,0.786630,0.222444,1.965846,0.371472,0.427076,1.948962,0.242355,1.496186,0.000000,0.203991,1.847419,0.242036,0.641815,0.935585,1.892098,0.207622,0.234635,0.457779,1.496165,0.317315,0.211833,0.184610,0.878452,0.429682,0.350045,0.243704,1.809565,1.677677,0.242355,0.429682,1.909171,0.341217,0.385161,1.889846,0.561607,0.344205,0.909059,0.228933,1.979211,0.534981,1.455687,0.224916,0.256096,0.250853,0.758881,1.834709,0.209151,0.371472,0.249072,0.314120,0.236198,0.877565,0.994853,1.862212,0.159279,0.255583,1.954727,0.302143,1.905439,1.982425,0.390748,0.224304,0.214592,0.226146,0.961474,1.541163,0.646473,1.961522,0.347696,0.257016,0.243860,0.236198,0.234513,0.268249,0.431152,0.213570,0.243309
1.736759,1.062034,0.334472,0.542208,0.674201,0.527482,0.510814,0.817437,0.614053,1.846338,0.543744,1.104475,0.664326,1.659201,0.488200,0.000000,1.169177,1.906223,0.644611,0.445619,0.464263,0.699098,0.527627,1.100561,0.542398,1.869305,0.268378,0.118080,1.855334,0.365364,1.625516,0.488200,0.534923,1.812274,0.435092,0.509067,0.579041,1.747623,0.631300,0.669984,0.295095,1.294214,0.692414,0.481237,0.494878,0.516287,0.209103,0.300718,0.508726,1.647185,1.540504,0.365364,0.209103,1.778707,0.647174,0.707691,1.742626,0.355014,0.669539,0.588225,0.534744,1.913664,0.334710,1.190327,0.532056,0.506248,0.620605,0.421335,1.677856,0.552170,0.268378,0.550689,0.584068,0.454337,0.505132,0.619566,1.751053,0.456570,0.598475,1.899152,0.611652,1.783120,1.921858,0.738465,0.551472,0.583728,0.475042,0.829983,1.488469,0.312915,1.860885,0.699121,0.442240,0.458719,0.454337,0.597351,0.584144,0.334441,0.544396,0.485819
1.536756,1.248644,1.259118,1.097841,1.163223,1.082144,1.104049,1.154528,1.032431,1.641854,1.033480,0.284374,1.453535,1.578319,1.115666,1.169177,0.000000,1.627370,1.089209,1.094061,1.099363,1.155331,1.104307,1.329974,1.140537,1.618763,1.172624,1.175447,1.544039,1.147760,1.643616,1.115666,1.163857,1.684222,1.087825,1.015188,1.155959,1.527435,1.106261,1.115076,1.197379,1.248464,1.225984,1.115260,1.124317,1.234632,1.160453,1.197751,1.035448,1.556466,1.464395,1.147760,1.160453,1.433380,1.065896,1.053648,1.639752,1.048303,1.078170,1.244696,1.096593,1.621841,1.125518,1.405001,1.137410,1.044182,1.120852,1.212009,1.566265,1.120759,1.172624,1.125000,1.053714,1.101555,1.246357,1.260020,1.459953,1.095952,1.086022,1.658624,1.099503,1.582005,1.643090,1.061623,1.125404,1.133038,1.106783,1.022855,1.540628,1.228844,1.600255,1.201610,1.090456,1.103785,1.101555,1.117299,1.148681,1.230538,1.121477,1.094473
0.582005,1.411723,1.878772,1.974402,1.962944,1.972372,1.975758,1.549000,1.716456,0.635001,1.964779,1.698013,1.865446,1.021841,1.973554,1.906223,1.627370,0.000000,1.966993,1.970820,1.973796,1.958886,1.976496,1.835698,1.978415,0.422632,1.940655,1.919396,0.381748,1.966446,1.388083,1.973554,1.979261,0.797907,1.969645,1.855555,1.718565,0.579503,1.971118,1.969020,1.919244,1.283183,1.971324,1.975681,1.978579,1.746423,1.926310,1.941968,1.966991,0.798015,1.065366,1.966446,1.926310,0.560949,1.961626,1.955654,0.596170,1.884593,1.957212,1.757780,1.973383,0.390092,1.892804,1.297570,1.972161,1.963424,1.976482,1.815861,0.761223,1.979176,1.940655,1.971158,1.961811,1.971317,1.751252,1.675496,0.723217,1.973974,1.965773,0.448045,1.965884,0.619322,0.303183,1.946333,1.976539,1.979709,1.972790,1.699468,1.226055,1.854859,0.428642,1.969801,1.967052,1.970574,1.971317,1.977839,1.972510,1.925777,1.979023,1.971186
1.925438,1.432031,0.772988,0.199286,0.281603,0.230626,0.213166,1.289994,1.027990,1.895225,0.325631,0.952331,0.866471,1.722414,0.278132,0.644611,1.089209,1.966993,0.000000,0.286899,0.275928,0.263118,0.229379,0.690033,0.213935,1.978395,0.553677,0.581124,1.944126,0.413001,1.461229,0.278132,0.259281,1.838297,0.297225,0.764312,1.077932,1.917158,0.267430,0.260220,0.643362,1.580549,0.305369,0.271288,0.284102,1.022790,0.602138,0.526748,0.365602,1.853089,1.725604,0.413001,0.602138,1.925504,0.234799,0.264963,1.930562,0.707248,0.169861,1.037544,0.280845,1.969283,0.687088,1.546056,0.251155,0.368243,0.190772,0.919137,1.851171,0.213954,0.553677,0.258443,0.256649,0.301109,1.037241,1.134265,1.882303,0.247572,0.238640,1.949337,0.335366,1.938311,1.975545,0.355425,0.193745,0.192618,0.253404,1.081749,1.607298,0.819760,1.962719,0.309390,0.330811,0.316287,0.301109,0.204215,0.255914,0.614672,0.224963,0.299606
1.876053,1.297117,0.571958,0.221802,0.412514,0.215238,0.187090,1.122881,0.861439,1.921488,0.256694,0.996627,0.761410,1.750627,0.236530,0.445619,1.094061,1.970820,0.286899,0.000000,0.144913,0.414837,0.167308,0.876630,0.163460,1.957826,0.344277,0.409082,1.931554,0.233632,1.562600,0.236530,0.229442,1.878385,0.022152,0.591783,0.877202,1.873658,0.321445,0.351761,0.434511,1.466839,0.413538,0.102566,0.190781,0.840624,0.380510,0.340700,0.245456,1.808851,1.648568,0.233632,0.380510,1.882009,0.311703,0.399683,1.887966,0.494355,0.314688,0.848350,0.210786,1.977848,0.500980,1.424719,0.240250,0.237588,0.262483,0.705662,1.824180,0.178673,0.344277,0.247714,0.267164,0.079531,0.836063,0.964159,1.837094,0.139498,0.275784,1.966735,0.307574,1.898571,1.986805,0.482332,0.177405,0.217696,0.057807,0.939278,1.610356,0.612049,1.947907,0.393321,0.114046,0.106801,0.079531,0.239041,0.283747,0.435349,0.175997,0.140355
1.885557,1.310015,0.601998,0.187371,0.378859,0.181265,0.162977,1.148747,0.888782,1.925139,0.238313,0.996215,0.774219,1.756303,0.210468,0.464263,1.099363,1.973796,0.275928,0.144913,0.000000,0.390880,0.087608,0.862548,0.183193,1.960302,0.361445,0.420087,1.931683,0.234443,1.548601,0.210468,0.196934,1.882878,0.151619,0.637436,0.903701,1.885683,0.277385,0.303523,0.461577,1.489038,0.399615,0.093305,0.160093,0.874702,0.400471,0.361553,0.240524,1.824968,1.671773,0.234443,0.400471,1.885931,0.291709,0.375650,1.903169,0.519925,0.281583,0.871304,0.199273,1.974006,0.517990,1.456057,0.223652,0.258752,0.242430,0.735180,1.828530,0.132518,0.361445,0.225981,0.246879,0.105711,0.863142,0.994833,1.840746,0.137729,0.226279,1.970577,0.318460,1.902194,1.988933,0.479585,0.190489,0.179732,0.137006,0.962990,1.623462,0.641258,1.953338,0.366929,0.111265,0.107870,0.105711,0.218235,0.272186,0.456849,0.121599,0.077374
1.931650,1.473876,0.834892,0.319207,0.310502,0.355341,0.331140,1.340822,1.075647,1.864591,0.433765,1.004925,0.867641,1.675735,0.365970,0.699098,1.155331,1.958886,0.263118,0.414837,0.390880,0.000000,0.345392,0.645320,0.322376,1.969936,0.620509,0.628682,1.938084,0.491815,1.395906,0.365970,0.336063,1.796450,0.425047,0.819177,1.137700,1.916670,0.361943,0.342594,0.707766,1.589134,0.302304,0.397667,0.380968,1.074404,0.667390,0.598641,0.473684,1.842629,1.729270,0.491815,0.667390,1.940733,0.348598,0.357111,1.923374,0.783255,0.318578,1.076520,0.397843,1.959985,0.760545,1.574704,0.294202,0.471212,0.283165,0.978785,1.843961,0.330367,0.620509,0.261294,0.389106,0.425368,1.096327,1.166334,1.894257,0.365521,0.356557,1.925347,0.379444,1.938413,1.955420,0.399833,0.307111,0.297706,0.381191,1.125646,1.574719,0.886535,1.960705,0.291742,0.457924,0.441012,0.425368,0.308340,0.225285,0.668393,0.340919,0.424928
1.903729,1.360650,0.661441,0.173576,0.343357,0.168981,0.162860,1.204344,0.943466,1.923085,0.255475,0.992724,0.801048,1.755649,0.220039,0.527627,1.104307,1.976496,0.229379,0.167308,0.087608,0.345392,0.000000,0.817768,0.146856,1.968860,0.424661,0.478069,1.937744,0.286431,1.521774,0.220039,0.175551,1.878651,0.178977,0.679827,0.968269,1.903153,0.247574,0.264043,0.522320,1.525754,0.354495,0.115814,0.164414,0.933686,0.468848,0.414948,0.262687,1.843697,1.693531,0.286431,0.468848,1.901451,0.270628,0.339113,1.919287,0.588646,0.239288,0.926027,0.190088,1.975043,0.576257,1.494625,0.219760,0.279085,0.182504,0.800503,1.847863,0.082887,0.424661,0.211398,0.243126,0.145169,0.927406,1.048396,1.855272,0.166681,0.205042,1.968726,0.305299,1.916907,1.988441,0.448611,0.150032,0.123390,0.137271,1.012219,1.633715,0.705900,1.958934,0.318689,0.166563,0.154117,0.145169,0.161784,0.251102,0.517263,0.069728,0.120085
1.906092,1.690663,1.188709,0.757104,0.592832,0.791088,0.783905,1.619484,1.427927,1.663376,0.873144,1.166035,1.048416,1.489534,0.786630,1.100561,1.329974,1.835698,0.690033,0.876630,0.862548,0.645320,0.817768,0.000000,0.755187,1.888699,1.037654,1.021918,1.882199,0.933668,1.076234,0.786630,0.752150,1.551841,0.888961,1.217789,1.490264,1.900114,0.730956,0.700494,1.104660,1.774270,0.585815,0.853395,0.833795,1.380130,1.089456,0.994943,0.895181,1.806685,1.804104,0.933668,1.089456,1.946187,0.773731,0.712304,1.856583,1.207989,0.780950,1.447407,0.844466,1.843091,1.162686,1.695321,0.797714,0.891096,0.704772,1.348932,1.793345,0.781974,1.037654,0.799561,0.829514,0.888217,1.429891,1.457584,1.898330,0.830722,0.789047,1.752693,0.780148,1.892553,1.809334,0.638840,0.745727,0.732922,0.837764,1.436891,1.420530,1.250406,1.885528,0.622144,0.923869,0.901574,0.888217,0.733191,0.756887,1.016144,0.795724,0.892028
1.913670,1.385399,0.660956,0.185658,0.303343,0.201457,0.179226,1.231191,0.973945,1.904357,0.292288,1.016945,0.757871,1.721762,0.222444,0.542398,1.140537,1.978415,0.213935,0.163460,0.183193,0.322376,0.146856,0.755187,0.000000,1.975670,0.435361,0.484686,1.952384,0.300441,1.477041,0.222444,0.144763,1.844649,0.182589,0.688950,0.996821,1.911850,0.257145,0.272379,0.528354,1.548506,0.295136,0.139435,0.199440,0.938465,0.486705,0.418977,0.296808,1.830156,1.698513,0.300441,0.486705,1.924858,0.288182,0.354806,1.910055,0.623456,0.283511,0.949931,0.237856,1.981158,0.601171,1.490847,0.222322,0.302266,0.156051,0.816144,1.844156,0.111133,0.435361,0.222558,0.275627,0.171583,0.942372,1.058321,1.878965,0.185961,0.247066,1.958783,0.299411,1.925550,1.985233,0.413615,0.070331,0.108551,0.115468,1.036480,1.596983,0.716017,1.962600,0.267028,0.222931,0.194105,0.171583,0.145124,0.228970,0.496625,0.124255,0.206089
0.489884,1.331627,1.825864,1.975111,1.977480,1.969467,1.970373,1.469065,1.660209,0.661054,1.952187,1.714163,1.813713,1.024469,1.965846,1.869305,1.618763,0.422632,1.978395,1.957826,1.960302,1.969936,1.968860,1.888699,1.975670,0.000000,1.902620,1.892717,0.480457,1.941466,1.420034,1.965846,1.972180,0.844069,1.955692,1.816613,1.639501,0.510745,1.970860,1.974252,1.873523,1.126548,1.978549,1.962240,1.964581,1.681744,1.884295,1.912862,1.945691,0.733783,0.944536,1.941466,1.884295,0.452927,1.966270,1.967705,0.520181,1.834177,1.971952,1.666107,1.959316,0.422207,1.835604,1.206939,1.962862,1.942287,1.979561,1.746136,0.697468,1.972574,1.902620,1.961533,1.961829,1.956478,1.676716,1.611319,0.571947,1.963422,1.968324,0.506171,1.953181,0.403900,0.412748,1.942066,1.976700,1.977087,1.963947,1.611735,1.198522,1.798069,0.417622,1.971719,1.948233,1.953313,1.956478,1.979558,1.965701,1.884392,1.970976,1.954945
1.792423,1.147800,0.275217,0.440593,0.581539,0.427040,0.397947,0.947154,0.735925,1.891122,0.421525,1.108271,0.566953,1.707758,0.371472,0.268378,1.172624,1.940655,0.553677,0.344277,0.361445,0.620509,0.424661,1.037654,0.435361,1.902620,0.000000,0.291535,1.896306,0.172747,1.596246,0.371472,0.414333,1.858063,0.337046,0.519375,0.658405,1.798076,0.502523,0.545911,0.117551,1.333960,0.588138,0.353568,0.343051,0.628398,0.098556,0.157705,0.355480,1.717357,1.545535,0.172747,0.098556,1.825997,0.544887,0.657056,1.793677,0.333564,0.571408,0.654300,0.395721,1.943386,0.318842,1.274026,0.408674,0.363666,0.520105,0.435752,1.755475,0.432295,0.000000,0.429881,0.482764,0.334223,0.581186,0.765141,1.778941,0.346761,0.483908,1.939889,0.485967,1.813898,1.959166,0.633389,0.457765,0.467225,0.377941,0.806146,1.519327,0.329733,1.900212,0.581087,0.323716,0.328557,0.334223,0.494489,0.461096,0.248222,0.425638,0.363112
1.767709,1.126803,0.392731,0.478604,0.593060,0.469353,0.453990,0.890807,0.673716,1.842707,0.516045,1.091322,0.658289,1.646977,0.427076,0.118080,1.175447,1.919396,0.581124,0.409082,0.420087,0.628682,0.478069,1.021918,0.484686,1.892717,0.291535,0.000000,1.878334,0.345184,1.583538,0.427076,0.477103,1.797969,0.400926,0.544457,0.674047,1.775615,0.573909,0.609157,0.340444,1.355207,0.620691,0.441510,0.451944,0.580223,0.263568,0.289511,0.487679,1.667594,1.577057,0.345184,0.263568,1.814484,0.602090,0.643556,1.767189,0.424470,0.622039,0.666975,0.496107,1.929723,0.369813,1.236984,0.482196,0.486860,0.557072,0.520289,1.694985,0.500445,0.291535,0.503094,0.544933,0.421976,0.593475,0.678923,1.787828,0.408180,0.547598,1.902479,0.574760,1.814922,1.930537,0.677028,0.491026,0.524978,0.429313,0.884624,1.480246,0.391971,1.885944,0.636978,0.417432,0.430561,0.421976,0.535896,0.532604,0.338392,0.494592,0.453946
0.575173,1.294655,1.835327,1.947341,1.962387,1.944875,1.941450,1.451493,1.618720,0.777223,1.930957,1.628564,1.875647,1.111560,1.948962,1.855334,1.544039,0.381748,1.944126,1.931554,1.931683,1.938084,1.937744,1.882199,1.952384,0.480457,1.896306,1.878334,0.000000,1.926586,1.500731,1.948962,1.951932,0.923340,1.928840,1.796836,1.628672,0.573191,1.956423,1.956134,1.873447,1.199626,1.967240,1.938208,1.942764,1.694991,1.875573,1.904392,1.927791,0.801921,1.050901,1.926586,1.875573,0.418942,1.931994,1.925089,0.640916,1.816073,1.923688,1.678030,1.933259,0.463340,1.829902,1.282057,1.942487,1.920278,1.954033,1.747863,0.753954,1.947372,1.896306,1.937173,1.931358,1.929366,1.680642,1.610456,0.612781,1.935953,1.942763,0.596278,1.937284,0.600530,0.484014,1.951860,1.951201,1.954086,1.937536,1.639867,1.361288,1.800960,0.510454,1.956862,1.921757,1.928152,1.929366,1.951531,1.944571,1.890103,1.944923,1.927468
1.851795,1.243524,0.418060,0.302689,0.451492,0.294171,0.258604,1.064901,0.829224,1.910309,0.305259,1.061585,0.612871,1.726340,0.242355,0.365364,1.147760,1.966446,0.413001,0.233632,0.234443,0.491815,0.286431,0.933668,0.300441,1.941466,0.172747,0.345184,1.926586,0.000000,1.558970,0.242355,0.280890,1.870549,0.231112,0.568044,0.789550,1.852724,0.367311,0.405943,0.267417,1.419871,0.454708,0.224241,0.184568,0.753770,0.247275,0.193946,0.252408,1.776189,1.611422,0.000000,0.247275,1.870733,0.412637,0.524477,1.852140,0.423489,0.434659,0.774672,0.260697,1.964797,0.404409,1.371690,0.285725,0.274371,0.374705,0.584354,1.800451,0.289523,0.172747,0.301403,0.356561,0.218601,0.722473,0.886774,1.822722,0.215614,0.346992,1.959120,0.377068,1.865295,1.979096,0.531084,0.322483,0.321807,0.256894,0.879986,1.556112,0.478005,1.934838,0.450923,0.220459,0.215611,0.218601,0.350439,0.337625,0.311668,0.285084,0.242256
1.532111,1.803018,1.627371,1.486393,1.363020,1.504425,1.510320,1.811422,1.789797,1.105584,1.554025,1.549316,1.389272,0.959608,1.496186,1.625516,1.643616,1.388083,1.461229,1.562600,1.548601,1.395906,1.521774,1.076234,1.477041,1.420034,1.596246,1.583538,1.500731,1.558970,0.000000,1.496186,1.458344,0.953051,1.570571,1.676407,1.795724,1.543776,1.444176,1.429783,1.617304,1.744584,1.342740,1.540154,1.521879,1.687964,1.626885,1.572029,1.554995,1.375379,1.568411,1.558970,1.626885,1.637269,1.498991,1.489989,1.407567,1.715476,1.508803,1.708925,1.542926,1.342024,1.623772,1.684329,1.493491,1.572755,1.447134,1.716667,1.402695,1.489565,1.596246,1.499471,1.533880,1.565655,1.733445,1.713976,1.640957,1.539093,1.498629,1.237963,1.505827,1.397011,1.297548,1.349988,1.478040,1.459690,1.541030,1.712947,1.191508,1.672226,1.433743,1.364625,1.588136,1.570887,1.565655,1.461043,1.462654,1.563098,1.497346,1.569768
1.892579,1.343169,0.590919,0.135743,0.247735,0.141196,0.141939,1.173279,0.913960,1.895922,0.298887,0.999713,0.700357,1.707378,0.000000,0.488200,1.115666,1.973554,0.278132,0.236530,0.210468,0.365970,0.220039,0.786630,0.222444,1.965846,0.371472,0.427076,1.948962,0.242355,1.496186,0.000000,0.203991,1.847419,0.242036,0.641815,0.935585,1.892098,0.207622,0.234635,0.457779,1.496165,0.317315,0.211833,0.184610,0.878452,0.429682,0.350045,0.243704,1.809565,1.677677,0.242355,0.429682,1.909171,0.341217,0.385161,1.889846,0.561607,0.344205,0.909059,0.228933,1.979211,0.534981,1.455687,0.224916,0.256096,0.250853,0.758881,1.834709,0.209151,0.371472,0.249072,0.314120,0.236198,0.877565,0.994853,1.862212,0.159279,0.255583,1.954727,0.302143,1.905439,1.982425,0.390748,0.224304,0.214592,0.226146,0.961474,1.541163,0.646473,1.961522,0.347696,0.257016,0.243860,0.236198,0.234513,0.268249,0.431152,0.213570,0.243309
1.910150,1.375131,0.634865,0.204345,0.286356,0.226753,0.194923,1.227674,0.970294,1.896277,0.314139,1.038538,0.709641,1.704967,0.203991,0.534923,1.163857,1.979261,0.259281,0.229442,0.196934,0.336063,0.175551,0.752150,0.144763,1.972180,0.414333,0.477103,1.951932,0.280890,1.458344,0.203991,0.000000,1.836518,0.242895,0.684752,0.986693,1.909524,0.261535,0.274637,0.505127,1.540889,0.278211,0.179638,0.204565,0.927357,0.471622,0.400571,0.302332,1.819896,1.692108,0.280890,0.471622,1.929365,0.316699,0.381338,1.902435,0.620560,0.318258,0.929253,0.267138,1.972374,0.589541,1.483548,0.213853,0.309426,0.189662,0.796470,1.837877,0.137312,0.414333,0.225884,0.312590,0.220004,0.924178,1.045864,1.880433,0.200200,0.273353,1.956472,0.301917,1.917628,1.985022,0.407658,0.148220,0.125289,0.201754,1.024606,1.573222,0.694919,1.958925,0.218642,0.258625,0.230452,0.220004,0.183342,0.230105,0.466283,0.147053,0.235240
0.964882,1.557151,1.805055,1.854282,1.783271,1.864286,1.860467,1.633991,1.732879,0.465506,1.893462,1.666125,1.679127,0.607582,1.847419,1.812274,1.684222,0.797907,1.838297,1.878385,1.882878,1.796450,1.878651,1.551841,1.844649,0.844069,1.858063,1.797969,0.923340,1.870549,0.953051,1.847419,1.836518,0.000000,1.880959,1.801338,1.770639,0.978050,1.851812,1.847676,1.847286,1.477669,1.784754,1.879624,1.878830,1.707463,1.857263,1.845898,1.887672,0.766153,1.282505,1.870549,1.857263,1.101908,1.869177,1.833386,0.764793,1.873196,1.877506,1.749486,1.888527,0.779518,1.827008,1.386120,1.855032,1.886294,1.840705,1.806516,0.806646,1.866448,1.858063,1.859729,1.884232,1.885712,1.745159,1.638797,1.188123,1.868116,1.878991,0.576650,1.862818,0.947606,0.656282,1.773605,1.843939,1.851906,1.869984,1.755279,0.931737,1.803434,0.861915,1.796737,1.897325,1.891647,1.885712,1.847341,1.840880,1.800514,1.870782,1.899186
1.871255,1.287870,0.563599,0.229315,0.424161,0.221376,0.193280,1.109971,0.848728,1.921902,0.258375,0.993066,0.763198,1.752073,0.242036,0.435092,1.087825,1.969645,0.297225,0.022152,0.151619,0.425047,0.178977,0.888961,0.182589,1.955692,0.337046,0.400926,1.928840,0.231112,1.570571,0.242036,0.242895,1.880959,0.000000,0.582555,0.864033,1.868576,0.331590,0.362742,0.426424,1.458266,0.425671,0.116150,0.196644,0.829727,0.370639,0.334679,0.245117,1.805778,1.643079,0.231112,0.370639,1.876916,0.317584,0.404210,1.885167,0.480774,0.321235,0.837458,0.213591,1.976605,0.491117,1.417685,0.247809,0.235654,0.276954,0.694427,1.821178,0.193887,0.337046,0.257024,0.271255,0.088188,0.824594,0.953129,1.832074,0.141555,0.283493,1.966442,0.312743,1.894940,1.986208,0.491233,0.194366,0.233661,0.077294,0.930051,1.610668,0.601260,1.945771,0.408360,0.114021,0.112735,0.088188,0.252831,0.294304,0.431763,0.190105,0.145539
1.659257,1.050000,0.534346,0.694339,0.811850,0.669342,0.673356,0.801018,0.484112,1.830696,0.654971,0.994408,0.830121,1.656398,0.641815,0.509067,1.015188,1.855555,0.764312,0.591783,0.637436,0.819177,0.679827,1.217789,0.688950,1.816613,0.519375,0.544457,1.796836,0.568044,1.676407,0.641815,0.684752,1.801338,0.582555,0.000000,0.602726,1.658782,0.747385,0.780918,0.507429,1.144139,0.859842,0.631276,0.658278,0.557174,0.491880,0.551230,0.591726,1.572156,1.395322,0.568044,0.491880,1.703274,0.747445,0.821926,1.677600,0.434628,0.779616,0.554005,0.670636,1.856611,0.538395,1.128652,0.651280,0.573831,0.744978,0.525340,1.656977,0.696597,0.519375,0.664500,0.696458,0.603766,0.602241,0.642214,1.697994,0.622194,0.731116,1.873425,0.670324,1.738045,1.877586,0.779725,0.692098,0.725339,0.625002,0.680871,1.449932,0.511686,1.790818,0.823804,0.592655,0.605654,0.603766,0.725840,0.693346,0.542564,0.695460,0.635636
1.455661,0.682637,0.522056,0.986452,1.126745,0.963945,0.953663,0.381333,0.421278,1.750770,0.909008,1.196114,0.889873,1.629828,0.935585,0.579041,1.155959,1.718565,1.077932,0.877202,0.903701,1.137700,0.968269,1.490264,0.996821,1.639501,0.658405,0.674047,1.628672,0.789550,1.795724,0.935585,0.986693,1.770639,0.864033,0.602726,0.000000,1.471143,1.046497,1.085343,0.594878,0.933372,1.149040,0.908257,0.929516,0.411021,0.588757,0.717655,0.870856,1.411110,1.255354,0.789550,0.588757,1.486846,1.027484,1.122036,1.491519,0.455261,1.063493,0.422288,0.946731,1.731358,0.584786,0.889346,0.956107,0.864774,1.067379,0.282587,1.467752,0.990085,0.658405,0.971153,0.965386,0.874475,0.219205,0.434123,1.477008,0.895622,1.005076,1.766669,0.990490,1.530940,1.758098,1.137845,1.007661,1.029488,0.918687,0.634913,1.442417,0.414339,1.639579,1.136026,0.846624,0.867218,0.874475,1.043335,1.008191,0.677658,0.982047,0.893795
0.268150,1.165625,1.699138,1.905737,1.928651,1.898185,1.897874,1.270444,1.463600,0.842279,1.879683,1.641017,1.748299,1.115816,1.892098,1.747623,1.527435,0.579503,1.917158,1.873658,1.885683,1.916670,1.903153,1.900114,1.911850,0.510745,1.798076,1.775615,0.573191,1.852724,1.543776,1.892098,1.909524,0.978050,1.868576,1.658782,1.471143,0.000000,1.916491,1.926158,1.760455,0.968371,1.941581,1.887366,1.892297,1.491779,1.770457,1.804633,1.866379,0.675397,0.633441,1.852724,1.770457,0.477210,1.902767,1.915346,0.503222,1.705274,1.910950,1.504041,1.886748,0.652354,1.717402,1.023493,1.889903,1.860557,1.929636,1.602373,0.719555,1.911333,1.798076,1.893788,1.891882,1.875507,1.518528,1.421408,0.645793,1.884664,1.907111,0.725527,1.890575,0.535018,0.632604,1.889351,1.914375,1.921369,1.886451,1.486028,1.162234,1.657935,0.590386,1.936137,1.863246,1.872414,1.875507,1.923372,1.900627,1.785854,1.908580,1.878436
1.915144,1.420612,0.722674,0.174238,0.221806,0.147651,0.226154,1.275620,1.032848,1.903095,0.299091,0.984274,0.780662,1.726069,0.207622,0.631300,1.106261,1.971118,0.267430,0.321445,0.277385,0.361943,0.247574,0.730956,0.257145,1.970860,0.502523,0.573909,1.956423,0.367311,1.444176,0.207622,0.261535,1.851812,0.331590,0.747385,1.046497,1.916491,0.000000,0.074347,0.589772,1.556280,0.306258,0.273819,0.260560,1.000211,0.561455,0.488899,0.270057,1.853568,1.708606,0.367311,0.561455,1.923192,0.323054,0.372062,1.922914,0.672682,0.317371,1.012074,0.282438,1.974036,0.660944,1.525421,0.293582,0.319097,0.226277,0.876558,1.863316,0.221691,0.502523,0.303619,0.306231,0.309155,1.000119,1.125689,1.880856,0.266188,0.193439,1.959135,0.324381,1.919830,1.976703,0.351378,0.261086,0.208390,0.298067,1.050560,1.576470,0.779848,1.967935,0.324933,0.331325,0.313108,0.309155,0.226394,0.311789,0.569863,0.234744,0.295437
1.926666,1.448540,0.765560,0.190589,0.197662,0.179623,0.249560,1.310361,1.062458,1.899284,0.326151,0.986892,0.810174,1.724704,0.234635,0.669984,1.115076,1.969020,0.260220,0.351761,0.303523,0.342594,0.264043,0.700494,0.272379,1.974252,0.545911,0.609157,1.956134,0.405943,1.429783,0.234635,0.274637,1.847676,0.362742,0.780918,1.085343,1.926158,0.074347,0.000000,0.633004,1.579936,0.294320,0.303602,0.286517,1.039356,0.604686,0.528629,0.317959,1.864826,1.728611,0.405943,0.604686,1.929761,0.320541,0.342234,1.932687,0.716204,0.309354,1.050862,0.310419,1.971872,0.700216,1.551761,0.307560,0.354289,0.214817,0.919248,1.871554,0.237298,0.545911,0.314255,0.318106,0.341297,1.039969,1.159321,1.886668,0.295139,0.196505,1.954902,0.330501,1.928460,1.973095,0.353498,0.268156,0.213876,0.323033,1.079831,1.586187,0.822050,1.971073,0.308350,0.365374,0.346761,0.341297,0.222936,0.318049,0.609983,0.252457,0.324204
1.753411,1.097069,0.178863,0.534610,0.664144,0.518876,0.492838,0.890876,0.702364,1.874677,0.508321,1.149055,0.531234,1.695043,0.457779,0.295095,1.197379,1.919244,0.643362,0.434511,0.461577,0.707766,0.522320,1.104660,0.528354,1.873523,0.117551,0.340444,1.873447,0.267417,1.617304,0.457779,0.505127,1.847286,0.426424,0.507429,0.594878,1.760455,0.589772,0.633004,0.000000,1.278509,0.668220,0.448533,0.435537,0.570041,0.141740,0.194998,0.435496,1.676939,1.495228,0.267417,0.141740,1.794590,0.632366,0.744790,1.750166,0.328952,0.659924,0.599572,0.478873,1.924141,0.307189,1.213696,0.496455,0.439134,0.613348,0.360152,1.730764,0.528096,0.117551,0.519231,0.571551,0.427785,0.502114,0.706540,1.747555,0.442636,0.577664,1.920699,0.567454,1.777904,1.939977,0.704173,0.551333,0.561998,0.470106,0.756685,1.488427,0.245233,1.873407,0.666730,0.414798,0.420733,0.427785,0.588333,0.547539,0.259972,0.522035,0.457265
0.966961,0.840923,1.229677,1.540837,1.612972,1.520419,1.517440,0.822762,0.958206,1.388927,1.472997,1.379031,1.394214,1.397197,1.496165,1.294214,1.248464,1.283183,1.580549,1.466839,1.489038,1.589134,1.525754,1.774270,1.548506,1.126548,1.333960,1.355207,1.199626,1.419871,1.744584,1.496165,1.540889,1.477669,1.458266,1.144139,0.933372,0.968371,1.556280,1.579936,1.278509,0.000000,1.629954,1.490724,1.498002,1.030520,1.292885,1.371008,1.439796,1.046551,0.824657,1.419871,1.292885,1.005020,1.541526,1.604372,1.049008,1.178632,1.569691,0.975321,1.493870,1.291074,1.239731,0.856324,1.491343,1.428470,1.584253,1.075210,1.166570,1.539210,1.333960,1.491071,1.515638,1.469234,1.028811,0.977574,1.031322,1.481486,1.548044,1.373974,1.485883,1.041872,1.329533,1.535284,1.550179,1.562483,1.495525,0.799001,1.160889,1.176514,1.175800,1.608198,1.447063,1.461554,1.469234,1.576152,1.511077,1.328543,1.534731,1.474125
1.946541,1.495954,0.785204,0.295732,0.223035,0.335055,0.312860,1.366624,1.138496,1.859921,0.458889,1.083165,0.743187,1.666479,0.317315,0.692414,1.225984,1.971324,0.305369,0.413538,0.399615,0.302304,0.354495,0.585815,0.295136,1.978549,0.588138,0.620691,1.967240,0.454708,1.342740,0.317315,0.278211,1.784754,0.425671,0.859842,1.149040,1.941581,0.306258,0.294320,0.668220,1.629954,0.000000,0.382962,0.349679,1.073036,0.651484,0.555922,0.463829,1.845581,1.751509,0.454708,0.651484,1.965842,0.403300,0.391843,1.918324,0.802311,0.392878,1.098169,0.386008,1.965232,0.754360,1.578237,0.349930,0.476077,0.269136,0.963474,1.855498,0.313034,0.588138,0.355149,0.431945,0.421256,1.078185,1.179010,1.916436,0.359123,0.375381,1.926394,0.411335,1.936802,1.960461,0.396967,0.294050,0.270647,0.379431,1.149745,1.542451,0.854988,1.966888,0.247844,0.459633,0.433629,0.421256,0.285780,0.322056,0.605560,0.324186,0.428800
1.889032,1.320189,0.589352,0.194537,0.378976,0.191685,0.161389,1.161493,0.905158,1.926826,0.234693,1.014957,0.746830,1.756804,0.211833,0.481237,1.115260,1.975681,0.271288,0.102566,0.093305,0.397667,0.115814,0.853395,0.139435,1.962240,0.353568,0.441510,1.938208,0.224241,1.540154,0.211833,0.179638,1.879624,0.116150,0.631276,0.908257,1.887366,0.273819,0.303602,0.448533,1.490724,0.382962,0.000000,0.152675,0.874642,0.400042,0.354365,0.228431,1.824300,1.660188,0.224241,0.400042,1.893709,0.289692,0.396584,1.899233,0.521729,0.292487,0.874881,0.190517,1.978606,0.525358,1.450788,0.211367,0.241377,0.236181,0.728875,1.834153,0.112199,0.353568,0.222794,0.248862,0.057143,0.863157,1.004487,1.846568,0.133212,0.233018,1.972160,0.301655,1.903774,1.990913,0.465697,0.166070,0.162362,0.094150,0.962538,1.615322,0.637055,1.954231,0.351430,0.094010,0.062657,0.057143,0.210823,0.256312,0.439666,0.107990,0.082969
