0.000000,1.004186,1.651772,1.878468,1.900002,1.874165,1.870628,1.211211,1.455860,0.831071,1.868940,1.603681,1.707238,1.109553,1.858734,1.693980,1.490419,0.598715,1.903343,1.853363,1.863087,1.894651,1.882750,1.897389,1.893914,0.531288,1.760855,1.726029,0.605140,1.823990,1.587131,1.858734,1.876250,0.950010,1.848820,1.660450,1.422872,0.348440,1.904780,1.916072,1.723417,1.120397,1.916223,1.868451,1.871228,1.430423,1.729792,1.765257,1.852391,0.605686,0.911572,1.823990,1.729792,0.528320,1.894373,1.920690,0.411061,1.671327,1.898299,1.501519,1.861444,0.656354,1.674587,0.966398,1.853122,1.852553,1.915609,1.555794,0.682056,1.893894,1.760855,1.857624,1.878758,1.855400,1.462179,1.352068,0.710726,1.857172,1.901957,0.725395,1.893667,0.509157,0.672097,1.868004,1.894013,1.905701,1.865864,1.538831,1.244420,1.610317,0.574910,1.911930,1.842343,1.851834,1.855400,1.910936,1.869075,1.750866,1.888290,1.859406
1.004186,0.000000,1.113903,1.406382,1.518807,1.398088,1.386720,0.594943,0.876298,1.458996,1.399082,1.234691,1.358983,1.467008,1.392041,1.123609,1.148871,1.309195,1.459500,1.357157,1.367908,1.499164,1.409662,1.713947,1.442798,1.220191,1.220150,1.187563,1.192743,1.314556,1.852682,1.392041,1.428169,1.514050,1.348357,1.184693,0.761428,0.980532,1.473576,1.499308,1.177708,0.931337,1.535256,1.383250,1.398120,0.895783,1.165681,1.256964,1.362513,1.043739,1.072842,1.314556,1.165681,1.047099,1.457075,1.527879,1.130264,1.060868,1.446177,1.018560,1.382462,1.388517,1.096223,0.792460,1.385524,1.366387,1.495880,0.950708,1.048912,1.438722,1.220150,1.390946,1.415181,1.349730,0.847202,0.863419,1.125233,1.355407,1.450883,1.421884,1.472256,1.184001,1.398642,1.464926,1.451622,1.473418,1.381390,1.041254,1.436516,1.029291,1.285191,1.523578,1.327198,1.345786,1.349730,1.479740,1.425306,1.256610,1.423603,1.358550
1.651772,1.113903,0.000000,0.642705,0.775088,0.638859,0.608560,0.807295,0.627676,1.837820,0.681853,1.292920,0.477901,1.642602,0.575951,0.321732,1.349796,1.857725,0.760505,0.570867,0.570857,0.761775,0.624381,1.128986,0.649420,1.785972,0.273560,0.385805,1.822945,0.415659,1.620864,0.575951,0.572005,1.804716,0.564852,0.507881,0.513877,1.597159,0.729758,0.772904,0.186231,1.094333,0.760928,0.569659,0.567631,0.460207,0.254687,0.272402,0.608481,1.555592,1.277583,0.415659,0.254687,1.760394,0.783583,0.847150,1.668740,0.392551,0.761615,0.491075,0.598845,1.882665,0.344493,1.136509,0.570581,0.608713,0.750866,0.285440,1.617996,0.638515,0.273560,0.615544,0.719358,0.555640,0.381649,0.604620,1.717010,0.560100,0.732987,1.874508,0.751055,1.743629,1.897192,0.745247,0.676569,0.676623,0.597399,0.713631,1.345383,0.127366,1.830030,0.715368,0.536178,0.543545,0.555640,0.723385,0.629995,0.352656,0.620021,0.572541
1.878468,1.406382,0.642705,0.000000,0.280461,0.075857,0.086497,1.176166,0.908461,1.895902,0.342251,1.067255,0.765994,1.671731,0.138904,0.515687,1.205161,1.959869,0.229850,0.224362,0.187018,0.319528,0.190028,0.705062,0.196034,1.947311,0.413949,0.456487,1.940582,0.281428,1.466932,0.138904,0.265925,1.856014,0.230167,0.708746,0.950632,1.826778,0.183945,0.208511,0.501242,1.411014,0.295786,0.197865,0.187766,0.911299,0.467095,0.419430,0.286300,1.782149,1.545516,0.281428,0.467095,1.906697,0.358482,0.303917,1.901180,0.578343,0.300320,0.943173,0.235690,1.979765,0.571633,1.491245,0.252090,0.297734,0.255745,0.793726,1.783721,0.197693,0.413949,0.259639,0.340137,0.217704,0.911061,1.022789,1.854674,0.153805,0.251294,1.952018,0.355122,1.917490,1.982041,0.311643,0.216383,0.214171,0.201625,0.884540,1.510038,0.688973,1.960674,0.350964,0.234368,0.225177,0.217704,0.229475,0.275610,0.434785,0.194459,0.211924
1.900002,1.518807,0.775088,0.280461,0.000000,0.297989,0.333615,1.308540,1.059026,1.832716,0.517198,1.144732,0.762845,1.574488,0.260394,0.667907,1.309249,1.943552,0.356187,0.437732,0.404772,0.333295,0.381730,0.531821,0.328989,1.956259,0.588675,0.582195,1.953280,0.461999,1.300743,0.260394,0.367510,1.768182,0.448341,0.859278,1.115628,1.856550,0.251520,0.216252,0.660370,1.502538,0.243351,0.405117,0.381598,1.031335,0.652774,0.562969,0.486498,1.777965,1.590921,0.461999,0.652774,1.948812,0.497072,0.358021,1.899720,0.782711,0.454514,1.083777,0.444651,1.953553,0.737506,1.541518,0.402504,0.496437,0.312015,0.957430,1.773148,0.357815,0.588675,0.408448,0.507617,0.442676,1.051235,1.123703,1.904163,0.390564,0.388755,1.910471,0.459612,1.932531,1.948734,0.356812,0.327622,0.325508,0.402435,1.031904,1.441865,0.836797,1.952260,0.375894,0.472347,0.453321,0.442676,0.309068,0.388995,0.543791,0.369356,0.444793
1.874165,1.398088,0.638859,0.075857,0.297989,0.000000,0.130819,1.169739,0.905731,1.898470,0.323509,1.077074,0.768067,1.679106,0.163792,0.509579,1.211389,1.958711,0.227266,0.231832,0.187489,0.324258,0.186829,0.724460,0.212899,1.943202,0.412754,0.451396,1.938741,0.281976,1.474844,0.163792,0.276061,1.859298,0.236723,0.709070,0.945381,1.824740,0.162891,0.202047,0.498574,1.407311,0.321819,0.208748,0.193544,0.907009,0.464551,0.416028,0.266890,1.786186,1.545625,0.281976,0.464551,1.902637,0.352934,0.311826,1.901455,0.579149,0.288506,0.936655,0.237439,1.979244,0.572415,1.479041,0.251700,0.295084,0.261739,0.789972,1.784578,0.203130,0.412754,0.257363,0.320791,0.228310,0.904770,1.017828,1.854016,0.174153,0.228526,1.953512,0.361132,1.916289,1.980220,0.324622,0.229341,0.220602,0.209456,0.881269,1.513257,0.683145,1.960407,0.355807,0.237451,0.233541,0.228310,0.241291,0.279749,0.446957,0.200368,0.214102
1.870628,1.386720,0.608560,0.086497,0.333615,0.130819,0.000000,1.153542,0.884697,1.903729,0.340520,1.070535,0.747120,1.685124,0.155117,0.492905,1.200605,1.961047,0.245757,0.199817,0.164982,0.342114,0.178595,0.740412,0.198376,1.941865,0.376869,0.444582,1.935666,0.247713,1.491370,0.155117,0.253707,1.865841,0.204452,0.677006,0.916224,1.816127,0.237110,0.264688,0.464374,1.382359,0.314715,0.169760,0.157135,0.883986,0.428028,0.389111,0.273201,1.775419,1.525624,0.247713,0.428028,1.898628,0.368563,0.333375,1.894030,0.538838,0.304342,0.908060,0.196478,1.981316,0.536308,1.479599,0.240228,0.276824,0.277605,0.753184,1.781946,0.189109,0.376869,0.254993,0.342756,0.184181,0.878321,1.002500,1.842551,0.106263,0.273965,1.955303,0.360897,1.910457,1.985039,0.326117,0.226158,0.218801,0.185553,0.857522,1.510277,0.654197,1.958402,0.356933,0.197679,0.188747,0.184181,0.247678,0.271472,0.408745,0.180000,0.179898
1.211211,0.594943,0.807295,1.176166,1.308540,1.169739,1.153542,0.000000,0.471464,1.561796,1.184356,1.193202,1.117706,1.464101,1.148265,0.797954,1.157876,1.520272,1.241589,1.096509,1.126052,1.271684,1.174307,1.550016,1.200945,1.424634,0.939921,0.872518,1.437625,1.052401,1.833547,1.148265,1.176283,1.599498,1.085796,0.840382,0.393019,1.180369,1.279598,1.309514,0.892837,0.807946,1.329810,1.137755,1.162830,0.535162,0.872633,0.962196,1.148025,1.137183,1.126473,1.052401,0.872633,1.305920,1.240839,1.326084,1.284390,0.747365,1.232167,0.672739,1.160315,1.577072,0.773261,0.772450,1.132126,1.139343,1.271522,0.640741,1.230647,1.202399,0.939921,1.150967,1.193665,1.100813,0.498643,0.420256,1.316154,1.108181,1.243767,1.575418,1.258157,1.364871,1.601945,1.241456,1.206746,1.239994,1.125801,0.795568,1.342923,0.706046,1.469905,1.294019,1.078043,1.099468,1.100813,1.254304,1.184249,0.978817,1.186110,1.122123
1.455860,0.876298,0.627676,0.908461,1.059026,0.905731,0.884697,0.471464,0.000000,1.711039,0.919047,1.115518,0.970225,1.554227,0.880664,0.563137,1.127384,1.711337,0.966735,0.802676,0.842232,0.971225,0.890322,1.336520,0.910573,1.624567,0.698824,0.628304,1.643131,0.796210,1.767501,0.880664,0.892331,1.712221,0.793726,0.499421,0.419995,1.403207,1.025901,1.056221,0.669507,0.847705,1.090163,0.849322,0.899016,0.469274,0.636342,0.713723,0.883527,1.343474,1.208049,0.796210,0.636342,1.537344,0.959698,1.070649,1.495723,0.530233,0.953431,0.495759,0.893822,1.754655,0.557134,0.951275,0.831229,0.861403,0.992537,0.532107,1.454104,0.918328,0.698824,0.842280,0.919323,0.809570,0.491418,0.394120,1.514687,0.837754,0.982519,1.743014,0.977169,1.576290,1.782095,0.953439,0.915757,0.956942,0.831234,0.586973,1.339042,0.552636,1.666330,1.008707,0.790144,0.810240,0.809570,0.974747,0.878016,0.759438,0.902768,0.837570
0.831071,1.458996,1.837820,1.895902,1.832716,1.898470,1.903729,1.561796,1.711039,0.000000,1.927602,1.570463,1.780583,0.584713,1.882498,1.838569,1.540433,0.641595,1.896116,1.907896,1.914406,1.868703,1.912542,1.694192,1.895111,0.693782,1.891734,1.831496,0.768477,1.905750,1.180886,1.882498,1.890685,0.478955,1.908335,1.839321,1.742946,0.934203,1.895330,1.883310,1.877625,1.463772,1.868971,1.914928,1.913788,1.714085,1.886439,1.875355,1.925423,0.832185,1.360836,1.905750,1.886439,0.861505,1.910297,1.891861,0.738572,1.872428,1.915201,1.746245,1.918129,0.600708,1.822531,1.304202,1.905779,1.920712,1.881613,1.818782,0.835501,1.907946,1.891734,1.902558,1.922538,1.914885,1.744236,1.628056,0.849894,1.910065,1.909913,0.292535,1.901271,0.665043,0.544334,1.850468,1.886519,1.898638,1.903570,1.762758,1.184289,1.823041,0.639828,1.876015,1.919863,1.919991,1.914885,1.889105,1.899831,1.868481,1.911471,1.924298
1.868940,1.399082,0.681853,0.342251,0.517198,0.323509,0.340520,1.184356,0.919047,1.927602,0.000000,1.091502,0.843114,1.739187,0.400359,0.581432,1.196981,1.961972,0.319846,0.297646,0.275917,0.377784,0.276174,0.816232,0.320497,1.931447,0.457885,0.559430,1.933715,0.354155,1.539251,0.400359,0.357346,1.902121,0.298890,0.688850,0.939501,1.834064,0.341346,0.382455,0.534198,1.352472,0.505677,0.282515,0.298856,0.955738,0.494604,0.495634,0.214577,1.807529,1.558584,0.354155,0.494604,1.875402,0.197380,0.394639,1.905305,0.568860,0.267993,0.918956,0.337157,1.970747,0.632861,1.497452,0.299403,0.256117,0.349443,0.783112,1.801595,0.281675,0.457885,0.289076,0.151724,0.294441,0.928267,1.071779,1.828177,0.301150,0.253937,1.962064,0.280234,1.910453,1.975125,0.447682,0.332106,0.307264,0.297570,0.842477,1.533399,0.720547,1.945272,0.400768,0.289876,0.287488,0.294441,0.342454,0.310666,0.566466,0.280077,0.266816
1.603681,1.234691,1.292920,1.067255,1.144732,1.077074,1.070535,1.193202,1.115518,1.570463,1.091502,0.000000,1.478373,1.447410,1.120470,1.167985,0.283245,1.628086,1.026486,1.078890,1.103245,1.107211,1.104704,1.188209,1.102723,1.593938,1.186872,1.167977,1.546609,1.150987,1.574669,1.120470,1.163928,1.591527,1.075695,1.199301,1.207413,1.561652,1.107803,1.105439,1.221078,1.371568,1.180948,1.106497,1.123585,1.280472,1.178540,1.217917,1.080298,1.491200,1.574038,1.150987,1.178540,1.458826,1.046581,1.084211,1.641352,1.090047,1.048167,1.332717,1.099711,1.651738,1.112207,1.493016,1.113992,1.081336,1.109922,1.257149,1.458315,1.115857,1.186872,1.090256,1.063607,1.081466,1.290938,1.297702,1.451559,1.077948,1.084451,1.618158,1.109356,1.562724,1.652774,1.011321,1.093957,1.128892,1.080194,1.101835,1.639044,1.263786,1.600700,1.188909,1.085019,1.092761,1.081466,1.107032,1.109858,1.239296,1.113606,1.093525
1.707238,1.358983,0.477901,0.765994,0.762845,0.768067,0.747120,1.117706,0.970225,1.780583,0.843114,1.478373,0.000000,1.574855,0.680392,0.659542,1.553778,1.842535,0.876487,0.755101,0.733242,0.808910,0.751073,1.020100,0.744057,1.781825,0.568486,0.656007,1.852160,0.608938,1.383878,0.680392,0.645685,1.704512,0.758697,0.747521,0.879479,1.656024,0.786933,0.813434,0.531668,1.226464,0.739370,0.716816,0.689421,0.776106,0.605675,0.516808,0.779007,1.583476,1.307645,0.608938,0.605675,1.837481,0.915433,0.928758,1.661524,0.761425,0.903825,0.762424,0.732484,1.842404,0.686714,1.239060,0.705130,0.783819,0.809614,0.673238,1.642347,0.735655,0.568486,0.749234,0.878091,0.737174,0.722986,0.874297,1.793164,0.740410,0.851780,1.831874,0.852072,1.760585,1.853634,0.817371,0.768913,0.742999,0.757372,0.976265,1.224406,0.570009,1.817779,0.713188,0.740503,0.727367,0.737174,0.791484,0.726763,0.538591,0.727623,0.747588
1.109553,1.467008,1.642602,1.671731,1.574488,1.679106,1.685124,1.464101,1.554227,0.584713,1.739187,1.447410,1.574855,0.000000,1.643568,1.621344,1.497800,1.059568,1.692083,1.696146,1.707754,1.639170,1.706732,1.452767,1.668888,1.098202,1.680447,1.600490,1.170833,1.689550,1.034612,1.643568,1.663510,0.674872,1.697964,1.658081,1.610939,1.187082,1.676033,1.660679,1.670747,1.416035,1.637332,1.706797,1.702958,1.552893,1.682439,1.666721,1.725503,0.892155,1.401880,1.689550,1.682439,1.236052,1.721445,1.687616,1.011802,1.690827,1.733993,1.607495,1.721845,1.042236,1.610509,1.305923,1.688256,1.717828,1.652460,1.653177,0.966125,1.697259,1.680447,1.685581,1.741823,1.708425,1.591593,1.468814,1.219429,1.695065,1.716669,0.830681,1.691654,1.036849,1.002366,1.602101,1.657343,1.682730,1.688707,1.606892,1.043900,1.638003,1.045305,1.655137,1.722954,1.718656,1.708425,1.660608,1.678222,1.640661,1.702903,1.729847
1.858734,1.392041,0.575951,0.138904,0.260394,0.163792,0.155117,1.148265,0.880664,1.882498,0.400359,1.120470,0.680392,1.643568,0.000000,0.474177,1.255041,1.954686,0.312544,0.257392,0.231238,0.344781,0.249409,0.720925,0.233829,1.939683,0.365235,0.413484,1.940746,0.248532,1.453448,0.000000,0.253823,1.837365,0.263204,0.673927,0.914718,1.806802,0.239190,0.259136,0.442559,1.376461,0.298183,0.229642,0.216180,0.857456,0.425796,0.364384,0.324712,1.752333,1.509611,0.248532,0.425796,1.908670,0.430574,0.382909,1.875113,0.556407,0.380836,0.905291,0.285267,1.974504,0.528655,1.459137,0.251390,0.324939,0.309018,0.745223,1.769136,0.244130,0.365235,0.275283,0.407658,0.252043,0.858349,0.971784,1.858052,0.187340,0.328044,1.943608,0.387520,1.905262,1.976752,0.328709,0.257288,0.257886,0.243112,0.857791,1.454910,0.630655,1.954296,0.364173,0.268337,0.255845,0.252043,0.281900,0.282817,0.353812,0.239986,0.259163
1.693980,1.123609,0.321732,0.515687,0.667907,0.509579,0.492905,0.797954,0.563137,1.838569,0.581432,1.167985,0.659542,1.621344,0.474177,0.000000,1.255267,1.882699,0.622660,0.432640,0.444268,0.636283,0.502392,1.029908,0.524920,1.831161,0.271334,0.123898,1.842649,0.367299,1.622942,0.474177,0.490409,1.801871,0.424368,0.515444,0.565383,1.654651,0.632316,0.670697,0.289388,1.158894,0.680424,0.460946,0.495831,0.519311,0.223729,0.292322,0.531098,1.591580,1.399178,0.367299,0.223729,1.780050,0.660770,0.713742,1.728998,0.350470,0.630832,0.590337,0.532001,1.907087,0.328730,1.184708,0.466310,0.529634,0.620187,0.425958,1.619371,0.530574,0.271334,0.502748,0.601827,0.434097,0.500134,0.610479,1.746769,0.442548,0.615369,1.888473,0.655130,1.790989,1.920590,0.647998,0.540559,0.570204,0.456386,0.710376,1.395301,0.308359,1.855540,0.644481,0.417897,0.433380,0.434097,0.594572,0.530709,0.354436,0.510894,0.461134
1.490419,1.148871,1.349796,1.205161,1.309249,1.211389,1.200605,1.157876,1.127384,1.540433,1.196981,0.283245,1.553778,1.497800,1.255041,1.255267,0.000000,1.535990,1.168699,1.194370,1.221969,1.251201,1.228632,1.358947,1.239173,1.472955,1.271686,1.273635,1.433045,1.257619,1.663384,1.255041,1.293046,1.592946,1.189230,1.245660,1.198537,1.440204,1.249032,1.253441,1.293609,1.284579,1.328101,1.223160,1.241451,1.298498,1.253661,1.305985,1.183823,1.440071,1.490059,1.257619,1.253661,1.307426,1.167523,1.231633,1.548742,1.142614,1.172041,1.342760,1.207226,1.567132,1.185293,1.441094,1.232733,1.182723,1.256398,1.279324,1.410257,1.242743,1.271686,1.210947,1.175571,1.195046,1.304293,1.313057,1.302668,1.200679,1.211714,1.552282,1.226843,1.440268,1.575209,1.153298,1.234095,1.262326,1.202580,1.099532,1.660656,1.310375,1.498610,1.322757,1.189202,1.201029,1.195046,1.250611,1.234431,1.338451,1.238202,1.201292
0.598715,1.309195,1.857725,1.959869,1.943552,1.958711,1.961047,1.520272,1.711337,0.641595,1.961972,1.628086,1.842535,1.059568,1.954686,1.882699,1.535990,0.000000,1.959898,1.959769,1.960592,1.956095,1.965023,1.875492,1.969934,0.513035,1.924727,1.897143,0.398301,1.952597,1.427775,1.954686,1.965686,0.798197,1.958262,1.856906,1.695927,0.712981,1.964491,1.960210,1.904548,1.412274,1.956766,1.966515,1.967031,1.716722,1.908397,1.920292,1.962137,0.829859,1.222224,1.952597,1.908397,0.541166,1.954224,1.958532,0.600203,1.869279,1.955001,1.743574,1.961869,0.402130,1.865426,1.275985,1.961101,1.960278,1.963464,1.797003,0.791139,1.970475,1.924727,1.959824,1.954298,1.960292,1.720476,1.644488,0.739492,1.959204,1.958951,0.465434,1.962276,0.581186,0.321857,1.949571,1.965376,1.971439,1.962364,1.776104,1.352827,1.830763,0.429309,1.967897,1.955544,1.960145,1.960292,1.965184,1.964042,1.913314,1.969584,1.960383
1.903343,1.459500,0.760505,0.229850,0.356187,0.227266,0.245757,1.241589,0.966735,1.896116,0.319846,1.026486,0.876487,1.692083,0.312544,0.622660,1.168699,1.959898,0.000000,0.271894,0.269496,0.264722,0.236378,0.674914,0.226393,1.957739,0.533998,0.567484,1.938726,0.395320,1.465966,0.312544,0.326486,1.855714,0.279786,0.762647,1.034491,1.858639,0.258306,0.262855,0.619136,1.430814,0.365226,0.271302,0.285341,1.013304,0.580611,0.535663,0.334532,1.813947,1.604107,0.395320,0.580611,1.903692,0.275436,0.251126,1.923520,0.661002,0.158252,1.009972,0.317099,1.972767,0.678419,1.536109,0.299009,0.343469,0.225491,0.891531,1.810873,0.230622,0.533998,0.277870,0.270779,0.289239,1.012391,1.106436,1.854845,0.266224,0.227211,1.948008,0.337444,1.933888,1.974283,0.338788,0.217834,0.226544,0.242177,0.914668,1.535362,0.800738,1.956669,0.340390,0.309459,0.301704,0.289239,0.224614,0.287158,0.590710,0.241310,0.281076
1.853363,1.357157,0.570867,0.224362,0.437732,0.231832,0.199817,1.096509,0.802676,1.907896,0.297646,1.078890,0.755101,1.696146,0.257392,0.432640,1.194370,1.959769,0.271894,0.000000,0.154228,0.346358,0.179977,0.802723,0.160557,1.930868,0.339620,0.398873,1.932994,0.230515,1.539943,0.257392,0.234211,1.875122,0.020198,0.579676,0.855128,1.802718,0.343348,0.371879,0.426566,1.307015,0.419664,0.116189,0.206110,0.833551,0.377186,0.361210,0.284847,1.757291,1.512693,0.230515,0.377186,1.882276,0.329373,0.380113,1.874600,0.471686,0.283158,0.826735,0.260901,1.975229,0.495520,1.419042,0.203210,0.268603,0.273318,0.695466,1.778250,0.184317,0.339620,0.209973,0.296291,0.093841,0.827880,0.946772,1.827094,0.156663,0.301865,1.955578,0.339304,1.902044,1.985430,0.377130,0.180645,0.226549,0.055040,0.772184,1.489096,0.609338,1.942183,0.350944,0.123068,0.114638,0.093841,0.245253,0.241929,0.420185,0.175309,0.149318
1.863087,1.367908,0.570857,0.187018,0.404772,0.187489,0.164982,1.126052,0.842232,1.914406,0.275917,1.103245,0.733242,1.707754,0.231238,0.444268,1.221969,1.960592,0.269496,0.154228,0.000000,0.332047,0.080529,0.786709,0.178705,1.932594,0.334380,0.405002,1.933501,0.214432,1.522208,0.231238,0.190248,1.880539,0.160747,0.633849,0.876324,1.814342,0.287055,0.317490,0.426694,1.354681,0.389846,0.093772,0.165173,0.859734,0.378181,0.352248,0.255744,1.778817,1.527913,0.214432,0.378181,1.890260,0.314942,0.366800,1.891750,0.506998,0.266444,0.844752,0.238778,1.978030,0.523151,1.449150,0.190527,0.262637,0.269768,0.708295,1.777626,0.127549,0.334380,0.201882,0.272190,0.111966,0.837692,0.972827,1.833530,0.135428,0.246172,1.959462,0.343818,1.907543,1.986183,0.392892,0.207354,0.181471,0.138646,0.837975,1.521232,0.612836,1.952341,0.313789,0.108792,0.104112,0.111966,0.242158,0.235623,0.419419,0.103087,0.073261
1.894651,1.499164,0.761775,0.319528,0.333295,0.324258,0.342114,1.271684,0.971225,1.868703,0.377784,1.107211,0.808910,1.639170,0.344781,0.636283,1.251201,1.956095,0.264722,0.346358,0.332047,0.000000,0.295368,0.616102,0.254399,1.950621,0.555145,0.570305,1.953182,0.431465,1.385890,0.344781,0.306564,1.811577,0.358835,0.741441,1.070200,1.854812,0.324958,0.321014,0.631501,1.402216,0.380166,0.325410,0.347956,1.015859,0.607401,0.541259,0.412151,1.786855,1.577149,0.431465,0.607401,1.930309,0.329503,0.350828,1.899714,0.713457,0.315489,0.986777,0.399960,1.964427,0.720039,1.507477,0.268504,0.418973,0.248226,0.915531,1.793753,0.268361,0.555145,0.229575,0.349203,0.360395,1.032624,1.098592,1.880195,0.356854,0.326143,1.929134,0.351552,1.934871,1.962607,0.337830,0.239324,0.240137,0.309372,0.930956,1.449196,0.817849,1.950192,0.265411,0.388671,0.371017,0.360395,0.259913,0.196707,0.600899,0.285633,0.361177
1.882750,1.409662,0.624381,0.190028,0.381730,0.186829,0.178595,1.174307,0.890322,1.912542,0.276174,1.104704,0.751073,1.706732,0.249409,0.502392,1.228632,1.965023,0.236378,0.179977,0.080529,0.295368,0.000000,0.749692,0.153677,1.940375,0.393184,0.458436,1.941026,0.262686,1.492651,0.249409,0.173857,1.876978,0.190395,0.664003,0.932008,1.835372,0.262793,0.285433,0.482575,1.382780,0.358191,0.118089,0.173208,0.911797,0.440612,0.401538,0.269609,1.798902,1.549689,0.262686,0.440612,1.903957,0.294383,0.331952,1.907401,0.566124,0.238320,0.884338,0.243687,1.979412,0.575401,1.475771,0.202654,0.279442,0.220851,0.765395,1.795439,0.080535,0.393184,0.202319,0.262733,0.154042,0.893278,1.020778,1.845281,0.172711,0.221445,1.958796,0.326193,1.918620,1.986778,0.374448,0.174769,0.126903,0.148036,0.875787,1.529484,0.670697,1.957140,0.262226,0.165269,0.153680,0.154042,0.200140,0.224278,0.471059,0.060019,0.118617
1.897389,1.713947,1.128986,0.705062,0.531821,0.724460,0.740412,1.550016,1.336520,1.694192,0.816232,1.188209,1.020100,1.452767,0.720925,1.029908,1.358947,1.875492,0.674914,0.802723,0.786709,0.616102,0.749692,0.000000,0.688018,1.901477,0.972760,0.949775,1.915545,0.861495,1.060642,0.720925,0.720036,1.614487,0.813371,1.149807,1.417183,1.881029,0.645543,0.612235,1.035335,1.614071,0.596961,0.775879,0.766938,1.328176,1.025629,0.937085,0.828964,1.770371,1.689596,0.861495,1.025629,1.937469,0.749654,0.626017,1.866732,1.123593,0.748938,1.351500,0.800327,1.850384,1.089579,1.670645,0.769605,0.831089,0.632200,1.283023,1.768781,0.714376,0.972760,0.758763,0.799430,0.811457,1.369355,1.386928,1.878432,0.788579,0.731381,1.787821,0.731334,1.896120,1.846949,0.639290,0.675726,0.669735,0.769183,1.256922,1.377507,1.189467,1.877458,0.638288,0.844626,0.822604,0.811457,0.648999,0.727088,0.926169,0.730409,0.814630
1.893914,1.442798,0.649420,0.196034,0.328989,0.212899,0.198376,1.200945,0.910573,1.895111,0.320497,1.102723,0.744057,1.668888,0.233829,0.524920,1.239173,1.969934,0.226393,0.160557,0.178705,0.254399,0.153677,0.688018,0.000000,1.952726,0.422749,0.469509,1.954435,0.284304,1.449990,0.233829,0.171844,1.848519,0.178239,0.666416,0.968710,1.847710,0.266770,0.277977,0.509972,1.383638,0.323304,0.133928,0.200790,0.929592,0.477436,0.423961,0.318902,1.785829,1.561750,0.284304,0.477436,1.922559,0.318427,0.316883,1.902066,0.598286,0.270609,0.912510,0.276310,1.977986,0.593228,1.477074,0.212076,0.313185,0.160494,0.799471,1.798257,0.114373,0.422749,0.207535,0.311105,0.168551,0.925315,1.033690,1.866382,0.206159,0.265411,1.952224,0.316687,1.928466,1.984423,0.334152,0.066170,0.117294,0.114734,0.873286,1.482495,0.703269,1.956287,0.243642,0.218056,0.189165,0.168551,0.135124,0.206228,0.471520,0.128875,0.202782
0.531288,1.220191,1.785972,1.947311,1.956259,1.943202,1.941865,1.424634,1.624567,0.693782,1.931447,1.593938,1.781825,1.098202,1.939683,1.831161,1.472955,0.513035,1.957739,1.930868,1.932594,1.950621,1.940375,1.901477,1.952726,0.000000,1.871232,1.856152,0.498839,1.914822,1.482781,1.939683,1.937037,0.844379,1.928408,1.772856,1.599048,0.596764,1.954770,1.959184,1.842580,1.247406,1.961172,1.935804,1.939922,1.630303,1.848580,1.869976,1.920580,0.779440,1.114036,1.914822,1.848580,0.463280,1.942380,1.964742,0.530471,1.806991,1.950208,1.624297,1.927896,0.501469,1.795727,1.156162,1.931601,1.920990,1.962307,1.705293,0.771905,1.946959,1.871232,1.932588,1.935003,1.927662,1.628484,1.561493,0.574381,1.935283,1.948955,0.547741,1.944214,0.365055,0.507241,1.922903,1.953198,1.953620,1.937297,1.658598,1.306946,1.753902,0.467020,1.944491,1.918943,1.924971,1.927662,1.961247,1.938209,1.874405,1.943106,1.927295
1.760855,1.220150,0.273560,0.413949,0.588675,0.412754,0.376869,0.939921,0.698824,1.891734,0.457885,1.186872,0.568486,1.680447,0.365235,0.271334,1.271686,1.924727,0.533998,0.339620,0.334380,0.555145,0.393184,0.972760,0.422749,1.871232,0.000000,0.299913,1.890366,0.173431,1.585177,0.365235,0.364975,1.861267,0.334190,0.514526,0.646650,1.712509,0.509079,0.554310,0.106167,1.201368,0.570137,0.332864,0.333319,0.629116,0.095704,0.169821,0.378302,1.669750,1.400401,0.173431,0.095704,1.831767,0.557474,0.627846,1.785737,0.326643,0.534833,0.641263,0.385557,1.946604,0.323719,1.295800,0.347850,0.379382,0.528056,0.429633,1.705049,0.407448,0.000000,0.391431,0.497346,0.319139,0.578395,0.771205,1.779826,0.322426,0.503199,1.933779,0.525744,1.830416,1.956463,0.547612,0.454308,0.451878,0.365942,0.715609,1.428527,0.325462,1.906299,0.520391,0.301074,0.306308,0.319139,0.497513,0.413069,0.260002,0.388179,0.334557
1.726029,1.187563,0.385805,0.456487,0.582195,0.451396,0.444582,0.872518,0.628304,1.831496,0.559430,1.167977,0.656007,1.600490,0.413484,0.123898,1.273635,1.897143,0.567484,0.398873,0.405002,0.570305,0.458436,0.949775,0.469509,1.856152,0.299913,0.000000,1.866642,0.350135,1.574364,0.413484,0.442401,1.785411,0.392767,0.562860,0.665395,1.686233,0.571356,0.605063,0.338105,1.219873,0.613649,0.425049,0.457210,0.584441,0.285139,0.289174,0.515942,1.614592,1.433670,0.350135,0.285139,1.814773,0.626640,0.650280,1.755191,0.426230,0.591165,0.665567,0.501735,1.918269,0.383668,1.221296,0.423861,0.516771,0.557963,0.530230,1.632397,0.483153,0.299913,0.461698,0.574480,0.406569,0.592947,0.663852,1.780558,0.405706,0.567688,1.891177,0.620719,1.819574,1.929176,0.592621,0.481830,0.514937,0.413755,0.761076,1.387390,0.395108,1.875396,0.589753,0.397876,0.409769,0.406569,0.534507,0.484863,0.338705,0.466430,0.434283
0.605140,1.192743,1.822945,1.940582,1.953280,1.938741,1.935666,1.437625,1.643131,0.768477,1.933715,1.546609,1.852160,1.170833,1.940746,1.842649,1.433045,0.398301,1.938726,1.932994,1.933501,1.953182,1.941026,1.915545,1.954435,0.498839,1.890366,1.866642,0.000000,1.923936,1.533306,1.940746,1.951619,0.878586,1.930260,1.804937,1.620691,0.712262,1.952960,1.952517,1.869487,1.365853,1.953024,1.941081,1.943113,1.669449,1.867977,1.894072,1.928025,0.833240,1.239961,1.923936,1.867977,0.397850,1.932872,1.944662,0.621741,1.814554,1.928916,1.681291,1.930512,0.485132,1.822544,1.260271,1.936149,1.926234,1.955982,1.740413,0.828713,1.950251,1.890366,1.936771,1.927184,1.929768,1.661339,1.590197,0.634766,1.930066,1.937399,0.594141,1.947389,0.529747,0.469138,1.942683,1.953786,1.956939,1.938966,1.713039,1.438829,1.787648,0.507190,1.962008,1.922446,1.929271,1.929768,1.954471,1.944080,1.890785,1.947728,1.929734
1.823990,1.314556,0.415659,0.281428,0.461999,0.281976,0.247713,1.052401,0.796210,1.905750,0.354155,1.150987,0.608938,1.689550,0.248532,0.367299,1.257619,1.952597,0.395320,0.230515,0.214432,0.431465,0.262686,0.861495,0.284304,1.914822,0.173431,0.350135,1.923936,0.000000,1.539545,0.248532,0.245579,1.870163,0.230237,0.570587,0.774909,1.776281,0.370519,0.412346,0.259107,1.290224,0.447216,0.202629,0.175936,0.750863,0.248721,0.217428,0.289670,1.730938,1.469390,0.000000,0.248721,1.875961,0.439710,0.487383,1.844615,0.413647,0.406439,0.760160,0.265434,1.967725,0.419240,1.380454,0.238308,0.298833,0.386680,0.576265,1.753244,0.265308,0.173431,0.278883,0.383632,0.207936,0.715981,0.887428,1.821146,0.201959,0.368416,1.952210,0.423658,1.880121,1.976280,0.444315,0.317888,0.306820,0.244272,0.776522,1.464328,0.472870,1.937925,0.399278,0.203636,0.197417,0.207936,0.356706,0.299398,0.297032,0.250947,0.220522
1.587131,1.852682,1.620864,1.466932,1.300743,1.474844,1.491370,1.833547,1.767501,1.180886,1.539251,1.574669,1.383878,1.034612,1.453448,1.622942,1.663384,1.427775,1.465966,1.539943,1.522208,1.385890,1.492651,1.060642,1.449990,1.482781,1.585177,1.574364,1.533306,1.539545,0.000000,1.453448,1.444723,1.036357,1.548341,1.652754,1.814219,1.601077,1.400614,1.376424,1.601294,1.728081,1.318394,1.514527,1.495339,1.706723,1.624041,1.559260,1.524813,1.474669,1.555820,1.539545,1.624041,1.667898,1.505950,1.412936,1.477587,1.717780,1.512674,1.710459,1.512335,1.355429,1.643521,1.684188,1.489970,1.529727,1.403807,1.729270,1.476483,1.467142,1.585177,1.491825,1.540312,1.542638,1.752744,1.707453,1.657976,1.530241,1.479939,1.295780,1.452876,1.482334,1.326208,1.371126,1.444096,1.432009,1.516336,1.717089,1.225173,1.675947,1.441166,1.363166,1.565787,1.548231,1.542638,1.417069,1.453205,1.530761,1.478571,1.544589
1.858734,1.392041,0.575951,0.138904,0.260394,0.163792,0.155117,1.148265,0.880664,1.882498,0.400359,1.120470,0.680392,1.643568,0.000000,0.474177,1.255041,1.954686,0.312544,0.257392,0.231238,0.344781,0.249409,0.720925,0.233829,1.939683,0.365235,0.413484,1.940746,0.248532,1.453448,0.000000,0.253823,1.837365,0.263204,0.673927,0.914718,1.806802,0.239190,0.259136,0.442559,1.376461,0.298183,0.229642,0.216180,0.857456,0.425796,0.364384,0.324712,1.752333,1.509611,0.248532,0.425796,1.908670,0.430574,0.382909,1.875113,0.556407,0.380836,0.905291,0.285267,1.974504,0.528655,1.459137,0.251390,0.324939,0.309018,0.745223,1.769136,0.244130,0.365235,0.275283,0.407658,0.252043,0.858349,0.971784,1.858052,0.187340,0.328044,1.943608,0.387520,1.905262,1.976752,0.328709,0.257288,0.257886,0.243112,0.857791,1.454910,0.630655,1.954296,0.364173,0.268337,0.255845,0.252043,0.281900,0.282817,0.353812,0.239986,0.259163
1.876250,1.428169,0.572005,0.265925,0.367510,0.276061,0.253707,1.176283,0.892331,1.890685,0.357346,1.163928,0.645685,1.663510,0.253823,0.490409,1.293046,1.965686,0.326486,0.234211,0.190248,0.306564,0.173857,0.720036,0.171844,1.937037,0.364975,0.442401,1.951619,0.245579,1.444723,0.253823,0.000000,1.841078,0.247346,0.632066,0.926566,1.834116,0.321216,0.342205,0.441077,1.358675,0.349300,0.175887,0.218423,0.887089,0.426044,0.361627,0.336679,1.766772,1.534552,0.245579,0.426044,1.922196,0.381773,0.402641,1.881150,0.577401,0.353369,0.847978,0.311978,1.973011,0.558324,1.444458,0.216936,0.337973,0.245115,0.738655,1.782462,0.146563,0.364975,0.234347,0.362865,0.221606,0.866072,0.995079,1.861301,0.239426,0.334427,1.946618,0.366644,1.915129,1.979960,0.387504,0.190730,0.156385,0.208774,0.865516,1.453288,0.636214,1.951958,0.194133,0.248209,0.222229,0.221606,0.227773,0.226688,0.419897,0.141311,0.228188
0.950010,1.514050,1.804716,1.856014,1.768182,1.859298,1.865841,1.599498,1.712221,0.478955,1.902121,1.591527,1.704512,0.674872,1.837365,1.801871,1.592946,0.798197,1.855714,1.875122,1.880539,1.811577,1.876978,1.614487,1.848519,0.844379,1.861267,1.785411,0.878586,1.870163,1.036357,1.837365,1.841078,0.000000,1.877064,1.795862,1.757908,1.039107,1.848438,1.838593,1.848848,1.489341,1.805454,1.879769,1.879841,1.694789,1.860739,1.836545,1.896821,0.821747,1.386037,1.870163,1.860739,1.039043,1.887327,1.841086,0.782604,1.865229,1.887787,1.726780,1.884368,0.692371,1.816325,1.299881,1.856303,1.899095,1.833469,1.811318,0.855033,1.868965,1.861267,1.860989,1.896689,1.883527,1.737926,1.600371,1.139730,1.875962,1.880212,0.595759,1.876679,0.906124,0.650495,1.802917,1.840165,1.855360,1.868259,1.756827,1.076463,1.802754,0.771587,1.822085,1.893882,1.889853,1.883527,1.839355,1.846343,1.814013,1.872738,1.897240
1.848820,1.348357,0.564852,0.230167,0.448341,0.236723,0.204452,1.085796,0.793726,1.908335,0.298890,1.075695,0.758697,1.697964,0.263204,0.424368,1.189230,1.958262,0.279786,0.020198,0.160747,0.358835,0.190395,0.813371,0.178239,1.928408,0.334190,0.392767,1.930260,0.230237,1.548341,0.263204,0.247346,1.877064,0.000000,0.575327,0.844368,1.797664,0.352170,0.381912,0.420516,1.301149,0.428410,0.129042,0.212496,0.824167,0.369216,0.358247,0.285392,1.754308,1.508084,0.230237,0.369216,1.877754,0.334352,0.386114,1.871837,0.459847,0.289393,0.820513,0.264219,1.974311,0.487638,1.414065,0.210226,0.268914,0.287873,0.686425,1.775282,0.198881,0.334190,0.219117,0.299201,0.101489,0.819090,0.938660,1.823042,0.156713,0.308300,1.955182,0.345084,1.899108,1.984860,0.383257,0.197561,0.242002,0.072703,0.764143,1.490027,0.601268,1.940267,0.365620,0.123288,0.119953,0.101489,0.259765,0.252492,0.416340,0.188245,0.153706
1.660450,1.184693,0.507881,0.708746,0.859278,0.709070,0.677006,0.840382,0.499421,1.839321,0.688850,1.199301,0.747521,1.658081,0.673927,0.515444,1.245660,1.856906,0.762647,0.579676,0.633849,0.741441,0.664003,1.149807,0.666416,1.772856,0.514526,0.562860,1.804937,0.570587,1.652754,0.673927,0.632066,1.795862,0.575327,0.000000,0.612993,1.607609,0.805286,0.843290,0.495925,0.958055,0.845644,0.614055,0.659616,0.599346,0.489954,0.531244,0.649707,1.542716,1.279090,0.570587,0.489954,1.736252,0.747888,0.857942,1.661213,0.450266,0.752369,0.474448,0.656652,1.869999,0.501077,1.148269,0.591078,0.618943,0.748496,0.521981,1.673841,0.672936,0.514526,0.612708,0.708104,0.591966,0.612022,0.665226,1.703159,0.628424,0.778079,1.874254,0.717079,1.745446,1.897879,0.724584,0.676833,0.705170,0.607575,0.531501,1.294381,0.518169,1.805645,0.728943,0.586797,0.590801,0.591966,0.731513,0.622194,0.571731,0.661476,0.626337
1.422872,0.761428,0.513877,0.950632,1.115628,0.945381,0.916224,0.393019,0.419995,1.742946,0.939501,1.207413,0.879479,1.610939,0.914718,0.565383,1.198537,1.695927,1.034491,0.855128,0.876324,1.070200,0.932008,1.417183,0.968710,1.599048,0.646650,0.665395,1.620691,0.774909,1.814219,0.914718,0.926566,1.757908,0.844368,0.612993,0.000000,1.384704,1.053426,1.091676,0.590245,0.862022,1.113945,0.882549,0.905285,0.405919,0.575094,0.697960,0.889703,1.354364,1.184320,0.774909,0.575094,1.505168,1.021846,1.123055,1.480796,0.450454,1.014811,0.490039,0.912699,1.739496,0.529417,0.949516,0.888826,0.880402,1.056352,0.286491,1.428855,0.958854,0.646650,0.913426,0.964425,0.846890,0.217694,0.455777,1.487079,0.859923,1.017922,1.752358,1.023618,1.548908,1.762640,1.047072,0.984887,1.004455,0.890056,0.638836,1.388830,0.404830,1.651602,1.064617,0.819545,0.838935,0.846890,1.033155,0.948956,0.712912,0.939132,0.864565
0.348440,0.980532,1.597159,1.826778,1.856550,1.824740,1.816127,1.180369,1.403207,0.934203,1.834064,1.561652,1.656024,1.187082,1.806802,1.654651,1.440204,0.712981,1.858639,1.802718,1.814342,1.854812,1.835372,1.881029,1.847710,0.596764,1.712509,1.686233,0.712262,1.776281,1.601077,1.806802,1.834116,1.039107,1.797664,1.607609,1.384704,0.000000,1.862295,1.873208,1.672513,1.095294,1.866276,1.818617,1.821275,1.355201,1.681933,1.708795,1.811949,0.673236,0.707780,1.776281,1.681933,0.617798,1.860598,1.880188,0.541001,1.623311,1.859056,1.448656,1.805231,0.775154,1.617600,0.925750,1.806243,1.811543,1.880043,1.511440,0.744735,1.848950,1.712509,1.812021,1.841472,1.802796,1.419465,1.305714,0.745740,1.805608,1.860756,0.835793,1.857797,0.590721,0.803110,1.807242,1.850884,1.863212,1.816535,1.493031,1.277053,1.558177,0.676291,1.872228,1.788269,1.798755,1.802796,1.871520,1.822236,1.694729,1.841623,1.806842
1.904780,1.473576,0.729758,0.183945,0.251520,0.162891,0.237110,1.279598,1.025901,1.895330,0.341346,1.107803,0.786933,1.676033,0.239190,0.632316,1.249032,1.964491,0.258306,0.343348,0.287055,0.324958,0.262793,0.645543,0.266770,1.954770,0.509079,0.571356,1.952960,0.370519,1.400614,0.239190,0.321216,1.848438,0.352170,0.805286,1.053426,1.862295,0.000000,0.085552,0.589641,1.471299,0.285852,0.294857,0.260515,1.013104,0.571386,0.513063,0.297837,1.819354,1.585279,0.370519,0.571386,1.927801,0.359421,0.298246,1.924010,0.693302,0.320427,1.033720,0.308814,1.977650,0.682950,1.550203,0.318700,0.337422,0.265591,0.887074,1.809349,0.251842,0.509079,0.316391,0.349221,0.331267,1.007010,1.128502,1.879351,0.287000,0.226991,1.952452,0.347345,1.931914,1.973920,0.328668,0.282785,0.241226,0.314041,0.962610,1.515956,0.785720,1.970581,0.341443,0.347766,0.332775,0.331267,0.257459,0.317622,0.528737,0.260592,0.308320
1.916072,1.499308,0.772904,0.208511,0.216252,0.202047,0.264688,1.309514,1.056221,1.883310,0.382455,1.105439,0.813434,1.660679,0.259136,0.670697,1.253441,1.960210,0.262855,0.371879,0.317490,0.321014,0.285433,0.612235,0.277977,1.959184,0.554310,0.605063,1.952517,0.412346,1.376424,0.259136,0.342205,1.838593,0.381912,0.843290,1.091676,1.873208,0.085552,0.000000,0.635280,1.499984,0.270256,0.323821,0.295347,1.049516,0.616983,0.553386,0.359427,1.827103,1.605206,0.412346,0.616983,1.933424,0.371972,0.286149,1.932143,0.735438,0.328285,1.074542,0.352440,1.972643,0.720320,1.573936,0.349612,0.385748,0.259586,0.930698,1.813763,0.270454,0.554310,0.341296,0.374498,0.360342,1.045040,1.158841,1.882498,0.318905,0.230593,1.943278,0.364346,1.935555,1.968743,0.345008,0.290293,0.249809,0.337525,1.002509,1.526767,0.827738,1.968699,0.344820,0.381713,0.365539,0.360342,0.256046,0.340807,0.564539,0.283105,0.340370
1.723417,1.177708,0.186231,0.501242,0.660370,0.498574,0.464374,0.892837,0.669507,1.877625,0.534198,1.221078,0.531668,1.670747,0.442559,0.289388,1.293609,1.904548,0.619136,0.426566,0.426694,0.631501,0.482575,1.035335,0.509972,1.842580,0.106167,0.338105,1.869487,0.259107,1.601294,0.442559,0.441077,1.848848,0.420516,0.495925,0.590245,1.672513,0.589641,0.635280,0.000000,1.152684,0.640607,0.423191,0.417671,0.572195,0.124844,0.192936,0.455241,1.632429,1.350410,0.259107,0.124844,1.806548,0.637250,0.711161,1.746522,0.323383,0.619747,0.584489,0.459053,1.928150,0.311153,1.244115,0.427914,0.456079,0.613695,0.358783,1.680605,0.495164,0.106167,0.470659,0.575929,0.409282,0.507600,0.721178,1.756591,0.410713,0.588707,1.917292,0.603124,1.799531,1.938912,0.612497,0.540521,0.537187,0.454807,0.688679,1.395241,0.248319,1.883206,0.589682,0.389925,0.395780,0.409282,0.585052,0.489444,0.276949,0.476539,0.424397
1.120397,0.931337,1.094333,1.411014,1.502538,1.407311,1.382359,0.807946,0.847705,1.463772,1.352472,1.371568,1.226464,1.416035,1.376461,1.158894,1.284579,1.412274,1.430814,1.307015,1.354681,1.402216,1.382780,1.614071,1.383638,1.247406,1.201368,1.219873,1.365853,1.290224,1.728081,1.376461,1.358675,1.489341,1.301149,0.958055,0.862022,1.095294,1.471299,1.499984,1.152684,0.000000,1.504695,1.339919,1.367084,0.941982,1.159768,1.216751,1.329041,1.048914,0.962224,1.290224,1.159768,1.231887,1.395290,1.511234,1.109719,1.059745,1.418969,0.854829,1.353029,1.434764,1.110239,0.820247,1.306498,1.313038,1.432760,0.963353,1.267582,1.385879,1.201368,1.315823,1.369691,1.319785,0.930390,0.874464,1.246135,1.343956,1.444473,1.463525,1.380402,1.239802,1.469587,1.360285,1.386313,1.409825,1.332815,0.789967,1.014789,1.051814,1.321694,1.413771,1.306647,1.315281,1.319785,1.424436,1.325987,1.246368,1.378479,1.339394
1.916223,1.535256,0.760928,0.295786,0.243351,0.321819,0.314715,1.329810,1.090163,1.868971,0.505677,1.180948,0.739370,1.637332,0.298183,0.680424,1.328101,1.956766,0.365226,0.419664,0.389846,0.380166,0.358191,0.596961,0.323304,1.961172,0.570137,0.613649,1.953024,0.447216,1.318394,0.298183,0.349300,1.805454,0.428410,0.845644,1.113945,1.866276,0.285852,0.270256,0.640607,1.504695,0.000000,0.385221,0.357114,1.041506,0.633797,0.558554,0.463967,1.812267,1.578741,0.447216,0.633797,1.953920,0.500746,0.348448,1.917558,0.774243,0.445608,1.058004,0.416015,1.962400,0.739945,1.577315,0.412301,0.465267,0.319208,0.935359,1.814500,0.334003,0.570137,0.428287,0.509134,0.420721,1.049347,1.152031,1.903046,0.360494,0.400802,1.933055,0.432608,1.936197,1.961379,0.383786,0.337285,0.306869,0.392730,1.035045,1.470735,0.828734,1.961033,0.341185,0.449303,0.427846,0.420721,0.312557,0.397114,0.525555,0.341298,0.417877
1.868451,1.383250,0.569659,0.197865,0.405117,0.208748,0.169760,1.137755,0.849322,1.914928,0.282515,1.106497,0.716816,1.706797,0.229642,0.460946,1.223160,1.966515,0.271302,0.116189,0.093772,0.325410,0.118089,0.775879,0.133928,1.935804,0.332864,0.425049,1.941081,0.202629,1.514527,0.229642,0.175887,1.879769,0.129042,0.614055,0.882549,1.818617,0.294857,0.323821,0.423191,1.339919,0.385221,0.000000,0.148292,0.865242,0.383498,0.350309,0.259772,1.778393,1.523513,0.202629,0.383498,1.896102,0.321573,0.373157,1.889189,0.506203,0.277236,0.846071,0.224923,1.979208,0.521479,1.447507,0.184774,0.256862,0.258017,0.708577,1.788544,0.112351,0.332864,0.191816,0.286928,0.069134,0.843263,0.980950,1.836533,0.146169,0.266961,1.961159,0.332327,1.908511,1.988751,0.380840,0.174233,0.165853,0.097667,0.817364,1.503219,0.617306,1.952019,0.300398,0.099527,0.067887,0.069134,0.228093,0.218869,0.416234,0.100583,0.088097
