0.000000,1.013535,1.630221,1.862299,1.882625,1.856369,1.855438,1.180602,1.458415,0.823516,1.852603,1.590651,1.678474,1.082832,1.841315,1.672934,1.478394,0.626650,1.890246,1.838651,1.851403,1.881231,1.872693,1.881734,1.878896,0.573126,1.738695,1.705905,0.637119,1.804386,1.584235,1.841315,1.865438,0.947371,1.833954,1.650828,1.397870,0.364084,1.885900,1.897643,1.698183,1.101885,1.904317,1.854251,1.855799,1.428203,1.709948,1.747678,1.838557,0.634580,0.947620,1.804386,1.709948,0.557377,1.882663,1.907156,0.431266,1.653169,1.887604,1.502917,1.846722,0.681506,1.652267,0.963725,1.836516,1.842680,1.904414,1.534234,0.688015,1.881723,1.738695,1.843286,1.866431,1.841355,1.433235,1.342227,0.746769,1.841476,1.885415,0.746681,1.886395,0.525619,0.704815,1.849095,1.880316,1.893129,1.851237,1.515062,1.176454,1.587058,0.585690,1.901129,1.829018,1.838364,1.841355,1.900538,1.854618,1.724476,1.877434,1.847736
1.013535,0.000000,1.138428,1.422497,1.538499,1.418182,1.399046,0.615532,0.902534,1.448537,1.426170,1.227234,1.389776,1.461539,1.411198,1.151908,1.149661,1.294102,1.473270,1.374397,1.391089,1.516082,1.430555,1.725358,1.459558,1.203091,1.236491,1.218761,1.176816,1.328366,1.853703,1.411198,1.444178,1.518183,1.365400,1.198648,0.773344,0.971496,1.494643,1.518317,1.191585,0.939348,1.547461,1.403377,1.413883,0.937840,1.186139,1.282385,1.382504,1.068896,1.101049,1.328366,1.186139,1.038672,1.485983,1.543301,1.132757,1.071113,1.463593,1.038731,1.397378,1.379686,1.108923,0.771326,1.405246,1.383104,1.507617,0.971751,1.048188,1.456757,1.236491,1.414691,1.443273,1.370985,0.869444,0.900695,1.119759,1.368465,1.468720,1.421713,1.485344,1.171961,1.385976,1.483778,1.466763,1.490249,1.399122,1.052154,1.438455,1.055720,1.282474,1.539780,1.348555,1.366817,1.370985,1.495379,1.446493,1.257802,1.443397,1.379688
1.630221,1.138428,0.000000,0.644217,0.781817,0.636911,0.613019,0.817787,0.610065,1.855126,0.661464,1.299995,0.507654,1.677333,0.579326,0.334167,1.351996,1.853314,0.766531,0.573364,0.578658,0.767231,0.634125,1.140500,0.655575,1.783860,0.262159,0.406053,1.818618,0.408079,1.615522,0.579326,0.595684,1.818444,0.566576,0.484834,0.518522,1.570337,0.726544,0.767465,0.169113,1.051929,0.772155,0.573205,0.568473,0.439709,0.246264,0.283646,0.606604,1.580165,1.213433,0.408079,0.246264,1.762016,0.772779,0.841129,1.675481,0.387333,0.753695,0.493411,0.598770,1.881036,0.359799,1.118937,0.563901,0.613984,0.764763,0.278792,1.662152,0.645986,0.262159,0.616844,0.705926,0.556780,0.388654,0.601008,1.714455,0.562037,0.718426,1.882950,0.754407,1.745408,1.898922,0.737456,0.686282,0.684120,0.601146,0.693000,1.390437,0.124300,1.827967,0.733726,0.535477,0.544335,0.556780,0.742387,0.630697,0.359119,0.632341,0.573661
1.862299,1.422497,0.644217,0.000000,0.280630,0.079567,0.086268,1.189963,0.888507,1.906661,0.311610,1.091551,0.785478,1.688249,0.136615,0.511575,1.227488,1.959222,0.234955,0.218843,0.169291,0.310694,0.179851,0.712243,0.193059,1.945325,0.420218,0.451030,1.939726,0.287692,1.449043,0.136615,0.272853,1.856557,0.224347,0.695781,0.961917,1.809753,0.187723,0.210423,0.514840,1.384201,0.308454,0.187091,0.189165,0.880491,0.465293,0.411991,0.274002,1.781525,1.491689,0.287692,0.465293,1.912678,0.337795,0.313387,1.899341,0.582096,0.285189,0.930541,0.231769,1.981570,0.579376,1.476197,0.237141,0.284949,0.261452,0.796286,1.806078,0.192238,0.420218,0.246096,0.314529,0.206538,0.921927,1.010131,1.854024,0.154950,0.232271,1.953259,0.343364,1.920815,1.984175,0.290950,0.215862,0.212310,0.197114,0.867830,1.543954,0.692744,1.963457,0.361295,0.221249,0.212070,0.206538,0.233621,0.257773,0.457840,0.189054,0.194949
1.882625,1.538499,0.781817,0.280630,0.000000,0.296564,0.338267,1.319417,1.042796,1.848119,0.475601,1.168637,0.781113,1.597871,0.262030,0.662681,1.328990,1.945566,0.351150,0.427937,0.378975,0.312041,0.359425,0.533411,0.316987,1.957838,0.595806,0.573290,1.952198,0.465001,1.282011,0.262030,0.362960,1.769510,0.438458,0.848628,1.126823,1.840329,0.245520,0.204745,0.678163,1.479165,0.245505,0.387808,0.376776,1.005610,0.652042,0.557366,0.478352,1.774251,1.535944,0.465001,0.652042,1.952556,0.451057,0.347479,1.899163,0.785215,0.426667,1.071088,0.443202,1.951829,0.749478,1.538571,0.381392,0.489367,0.307649,0.961146,1.790050,0.340755,0.595806,0.382227,0.463100,0.425412,1.062340,1.112387,1.906108,0.390962,0.353484,1.913151,0.443788,1.938955,1.951680,0.338711,0.317841,0.310258,0.392390,1.024761,1.479755,0.843696,1.949145,0.373586,0.454044,0.434799,0.425412,0.298182,0.361475,0.569171,0.351445,0.423111
1.856369,1.418182,0.636911,0.079567,0.296564,0.000000,0.135369,1.182786,0.888099,1.909398,0.288007,1.103460,0.782565,1.697084,0.159102,0.502227,1.234247,1.957484,0.237416,0.227552,0.168608,0.318884,0.177563,0.730856,0.211285,1.941083,0.416886,0.442312,1.937649,0.288049,1.457702,0.159102,0.287356,1.859303,0.232169,0.697941,0.955607,1.806533,0.164614,0.203508,0.510406,1.378631,0.336266,0.197691,0.196305,0.875291,0.459956,0.406002,0.254077,1.785996,1.489946,0.288049,0.459956,1.908656,0.329345,0.318345,1.899111,0.583468,0.274852,0.923755,0.234654,1.980580,0.582539,1.464911,0.237838,0.284261,0.272205,0.790217,1.807292,0.199613,0.416886,0.244270,0.292276,0.216581,0.912852,1.004048,1.852463,0.178116,0.212810,1.953613,0.353488,1.919928,1.981891,0.306792,0.231226,0.220809,0.206025,0.866147,1.547859,0.683436,1.962304,0.369777,0.223876,0.220239,0.216581,0.247746,0.263459,0.471903,0.196945,0.196807
1.855438,1.399046,0.613019,0.086268,0.338267,0.135369,0.000000,1.166621,0.862157,1.914806,0.318954,1.090175,0.773452,1.702823,0.161547,0.493725,1.219897,1.958910,0.250877,0.198983,0.157996,0.337970,0.176817,0.751367,0.202786,1.939520,0.387030,0.445150,1.933753,0.257954,1.474997,0.161547,0.265330,1.868563,0.202722,0.663673,0.927780,1.798566,0.244326,0.268960,0.480381,1.359702,0.328398,0.168249,0.164877,0.853643,0.430470,0.386133,0.265383,1.775268,1.472639,0.257954,0.430470,1.903913,0.356184,0.343522,1.892793,0.542949,0.290572,0.895927,0.196128,1.982936,0.541530,1.462121,0.231152,0.268623,0.286451,0.757966,1.804467,0.192110,0.387030,0.250508,0.323911,0.179764,0.890900,0.990053,1.842142,0.109643,0.257141,1.957750,0.353901,1.913141,1.986785,0.312276,0.231664,0.224133,0.186843,0.843997,1.547632,0.660562,1.961437,0.371720,0.189771,0.182090,0.179764,0.259006,0.261962,0.432420,0.183894,0.169629
1.180602,0.615532,0.817787,1.189963,1.319417,1.182786,1.166621,0.000000,0.466934,1.551933,1.198463,1.210141,1.132858,1.454624,1.159469,0.812438,1.175382,1.511053,1.256682,1.109274,1.144063,1.278750,1.191445,1.557816,1.212726,1.404556,0.948541,0.890054,1.425617,1.062618,1.821352,1.159469,1.190821,1.589969,1.098837,0.830330,0.395677,1.141426,1.290969,1.320008,0.897931,0.731333,1.347589,1.152554,1.176134,0.535218,0.884093,0.975223,1.157288,1.147148,1.090250,1.062618,0.884093,1.304442,1.263593,1.345807,1.267571,0.755204,1.248689,0.667810,1.171395,1.574825,0.780978,0.701195,1.140734,1.146877,1.282296,0.650694,1.259675,1.216901,0.948541,1.162373,1.215322,1.116085,0.505529,0.421503,1.307306,1.121120,1.256694,1.567882,1.264956,1.350054,1.597289,1.240476,1.218186,1.253134,1.138459,0.757387,1.339463,0.719033,1.466714,1.305225,1.094024,1.114930,1.116085,1.268531,1.192444,0.980479,1.203079,1.138479
1.458415,0.902534,0.610065,0.888507,1.042796,0.888099,0.862157,0.466934,0.000000,1.717644,0.913353,1.117719,0.971176,1.555999,0.858276,0.539965,1.139534,1.722735,0.949704,0.782362,0.829887,0.963194,0.879296,1.328655,0.895146,1.624968,0.675605,0.609159,1.652818,0.773509,1.750868,0.858276,0.876618,1.718136,0.772397,0.491151,0.399186,1.399541,1.011048,1.040860,0.646975,0.820638,1.075751,0.833711,0.880602,0.455650,0.614967,0.695383,0.868797,1.366778,1.196039,0.773509,0.614967,1.551590,0.959975,1.060119,1.507201,0.490378,0.942426,0.489579,0.874343,1.770572,0.504525,0.929386,0.819632,0.843453,0.976435,0.518572,1.474325,0.903069,0.675605,0.836283,0.915456,0.794538,0.472895,0.393977,1.522434,0.815184,0.965624,1.753330,0.961288,1.580646,1.791810,0.938671,0.899359,0.941739,0.813328,0.523956,1.367039,0.533543,1.683657,0.996779,0.772815,0.793777,0.794538,0.961526,0.870492,0.729114,0.888791,0.821612
0.823516,1.448537,1.855126,1.906661,1.848119,1.909398,1.914806,1.551933,1.717644,0.000000,1.926435,1.559265,1.799352,0.590513,1.897128,1.846869,1.522758,0.612688,1.902963,1.916679,1.917764,1.871710,1.916429,1.705153,1.903252,0.684494,1.904393,1.841133,0.726054,1.917513,1.216785,1.897128,1.899059,0.488993,1.917138,1.847202,1.741292,0.930588,1.906682,1.894251,1.892470,1.476235,1.885596,1.920653,1.924031,1.726363,1.896861,1.888299,1.932137,0.801534,1.394605,1.917513,1.896861,0.815269,1.907666,1.902604,0.715820,1.877364,1.916871,1.753328,1.928857,0.514095,1.839095,1.332115,1.909720,1.927783,1.889886,1.826353,0.775260,1.914274,1.904393,1.905357,1.920505,1.920470,1.750978,1.634289,0.853956,1.919958,1.913384,0.275239,1.906531,0.655194,0.518813,1.863331,1.894841,1.906275,1.911906,1.781840,1.182494,1.837901,0.544786,1.886629,1.924501,1.924964,1.920470,1.895618,1.903065,1.878579,1.916721,1.928293
1.852603,1.426170,0.661464,0.311610,0.475601,0.288007,0.318954,1.198463,0.913353,1.926435,0.000000,1.122543,0.827592,1.736291,0.366588,0.564625,1.232654,1.957112,0.311647,0.282943,0.270033,0.372374,0.274828,0.798632,0.300655,1.931428,0.449998,0.531382,1.937337,0.344713,1.499435,0.366588,0.355188,1.889243,0.284478,0.694024,0.957032,1.818924,0.307271,0.354025,0.530691,1.333584,0.483809,0.271855,0.285427,0.924056,0.486286,0.463981,0.211888,1.802142,1.506171,0.344713,0.486286,1.891600,0.208984,0.378608,1.898985,0.585595,0.267002,0.914452,0.326314,1.978989,0.613839,1.470876,0.291506,0.263482,0.340867,0.785693,1.819782,0.276635,0.449998,0.284393,0.161120,0.284662,0.930175,1.054205,1.832471,0.283693,0.248176,1.954935,0.300716,1.914711,1.975264,0.410798,0.314502,0.297910,0.280927,0.833746,1.547215,0.706227,1.955397,0.402397,0.286634,0.282361,0.284662,0.333766,0.303446,0.574623,0.278003,0.266777
1.590651,1.227234,1.299995,1.091551,1.168637,1.103460,1.090175,1.210141,1.117719,1.559265,1.122543,0.000000,1.496358,1.439636,1.141810,1.188261,0.283767,1.606171,1.050007,1.098533,1.125485,1.132399,1.124900,1.215341,1.124518,1.565533,1.205837,1.189288,1.530724,1.173227,1.573184,1.141810,1.180396,1.594814,1.095735,1.209969,1.219742,1.542406,1.136995,1.137459,1.236503,1.360161,1.209428,1.127704,1.143565,1.274019,1.195097,1.228016,1.096924,1.491021,1.551693,1.173227,1.195097,1.454370,1.078897,1.118851,1.627578,1.106184,1.073720,1.330973,1.116504,1.651667,1.123720,1.455520,1.141245,1.091673,1.127022,1.266818,1.454919,1.136427,1.205837,1.114428,1.095642,1.103027,1.304624,1.304052,1.423314,1.099060,1.122136,1.597465,1.123362,1.543907,1.640959,1.031581,1.113363,1.149795,1.100269,1.094228,1.661874,1.273614,1.601242,1.207580,1.106419,1.113765,1.103027,1.123249,1.134433,1.267255,1.132408,1.113838
1.678474,1.389776,0.507654,0.785478,0.781113,0.782565,0.773452,1.132858,0.971176,1.799352,0.827592,1.496358,0.000000,1.616479,0.704017,0.687319,1.563507,1.833061,0.896732,0.776920,0.750194,0.816512,0.768370,1.027981,0.765361,1.784011,0.590010,0.685790,1.842618,0.626416,1.364309,0.704017,0.675513,1.708660,0.780148,0.735625,0.897085,1.624969,0.792887,0.815539,0.558931,1.197558,0.758766,0.736239,0.707504,0.777759,0.626089,0.551984,0.794819,1.590041,1.225708,0.626416,0.626089,1.835646,0.895799,0.924752,1.659791,0.780075,0.902442,0.758676,0.751624,1.828809,0.730338,1.236467,0.707654,0.809112,0.837763,0.683720,1.676275,0.754978,0.590010,0.754136,0.860415,0.754353,0.736755,0.877926,1.796053,0.764536,0.842094,1.837301,0.867134,1.764443,1.848739,0.825347,0.794608,0.761587,0.779532,0.989557,1.252346,0.592707,1.802016,0.731572,0.757569,0.744777,0.754353,0.822378,0.729767,0.571104,0.750139,0.763956
1.082832,1.461539,1.677333,1.688249,1.597871,1.697084,1.702823,1.454624,1.555999,0.590513,1.736291,1.439636,1.616479,0.000000,1.667850,1.636143,1.487629,1.033220,1.700273,1.708503,1.710709,1.640370,1.710404,1.466919,1.680241,1.089910,1.706393,1.614787,1.129270,1.710855,1.054674,1.667850,1.673350,0.672950,1.710161,1.670767,1.617350,1.164642,1.695046,1.678119,1.703992,1.422996,1.660267,1.715028,1.719457,1.562259,1.703726,1.687749,1.738633,0.829796,1.410013,1.710855,1.703726,1.198010,1.713776,1.705285,0.982644,1.700408,1.732211,1.612335,1.740290,0.975949,1.633478,1.328880,1.693364,1.730462,1.661762,1.672452,0.891626,1.705423,1.706393,1.687636,1.734751,1.716297,1.610842,1.472450,1.230877,1.710570,1.717494,0.822013,1.698394,1.031472,0.985255,1.620036,1.667732,1.692808,1.700569,1.633121,1.069327,1.668898,0.965982,1.669454,1.729031,1.725409,1.716297,1.667681,1.681029,1.662014,1.709092,1.734700
1.841315,1.411198,0.579326,0.136615,0.262030,0.159102,0.161547,1.159469,0.858276,1.897128,0.366588,1.141810,0.704017,1.667850,0.000000,0.471422,1.273901,1.954236,0.311622,0.246117,0.206780,0.334383,0.232419,0.728303,0.226458,1.938503,0.372314,0.408800,1.938893,0.251375,1.436923,0.000000,0.259129,1.841645,0.251567,0.657587,0.925660,1.786886,0.236292,0.252604,0.459330,1.353124,0.308054,0.213022,0.213087,0.826467,0.424869,0.356445,0.316386,1.753836,1.451011,0.251375,0.424869,1.913878,0.401131,0.376149,1.875312,0.558670,0.357006,0.889135,0.284072,1.975039,0.536161,1.447145,0.229985,0.317149,0.313137,0.748499,1.791095,0.234323,0.372314,0.255054,0.374086,0.232291,0.868856,0.958329,1.858451,0.187268,0.299271,1.946836,0.376094,1.910062,1.979170,0.313314,0.253930,0.251632,0.232706,0.848752,1.500168,0.635228,1.954211,0.371381,0.246750,0.234667,0.232291,0.285066,0.261540,0.384513,0.230291,0.235357
1.672934,1.151908,0.334167,0.511575,0.662681,0.502227,0.493725,0.812438,0.539965,1.846869,0.564625,1.188261,0.687319,1.636143,0.471422,0.000000,1.275253,1.879364,0.626941,0.434131,0.448892,0.630037,0.508514,1.031472,0.524914,1.829400,0.278229,0.126892,1.840107,0.370172,1.603954,0.471422,0.506168,1.801065,0.425641,0.498231,0.584951,1.631146,0.625123,0.661352,0.303258,1.121134,0.687831,0.462673,0.499663,0.482581,0.231448,0.293164,0.526189,1.599397,1.344112,0.370172,0.231448,1.786903,0.658349,0.717471,1.726659,0.364059,0.626921,0.589027,0.533454,1.907713,0.341992,1.157651,0.453525,0.529413,0.624630,0.443742,1.657909,0.534481,0.278229,0.499214,0.595634,0.435384,0.520901,0.592837,1.750073,0.443949,0.600652,1.891432,0.654458,1.793639,1.922969,0.627326,0.542515,0.572831,0.457155,0.690061,1.427443,0.326327,1.857757,0.656436,0.418793,0.434974,0.435384,0.603779,0.522355,0.363316,0.519883,0.463259
1.478394,1.149661,1.351996,1.227488,1.328990,1.234247,1.219897,1.175382,1.139534,1.522758,1.232654,0.283767,1.563507,1.487629,1.273901,1.275253,0.000000,1.508105,1.193618,1.216593,1.248426,1.278256,1.252664,1.383356,1.262215,1.441681,1.288123,1.294780,1.416333,1.278839,1.661647,1.273901,1.313122,1.592023,1.211937,1.260436,1.210559,1.421515,1.274164,1.281531,1.303892,1.285374,1.355016,1.247412,1.262363,1.298959,1.269461,1.317166,1.201674,1.444297,1.476400,1.278839,1.269461,1.305471,1.204905,1.260632,1.534082,1.163055,1.201804,1.344723,1.224821,1.567238,1.198162,1.404820,1.263045,1.197249,1.277557,1.287116,1.410109,1.266716,1.288123,1.240084,1.213163,1.219483,1.313111,1.321837,1.267785,1.222276,1.252133,1.525198,1.247441,1.418388,1.558087,1.176457,1.256242,1.285748,1.224741,1.102863,1.679384,1.315109,1.501148,1.343328,1.214762,1.225908,1.219483,1.271263,1.262888,1.365162,1.261184,1.226319
0.626650,1.294102,1.853314,1.959222,1.945566,1.957484,1.958910,1.511053,1.722735,0.612688,1.957112,1.606171,1.833061,1.033220,1.954236,1.879364,1.508105,0.000000,1.957930,1.957641,1.960419,1.956050,1.964698,1.877867,1.968122,0.523645,1.918267,1.896729,0.409859,1.947729,1.452693,1.954236,1.965137,0.812312,1.956060,1.858484,1.684433,0.750790,1.962957,1.959713,1.895308,1.411812,1.956918,1.964710,1.963637,1.730381,1.902601,1.920021,1.957895,0.858071,1.278348,1.947729,1.902601,0.516060,1.951626,1.959576,0.622213,1.863384,1.954978,1.752298,1.958260,0.395282,1.864246,1.290340,1.960607,1.958190,1.962619,1.787270,0.774939,1.969064,1.918267,1.959185,1.952339,1.958662,1.710540,1.654878,0.720939,1.956744,1.958352,0.460302,1.962038,0.561230,0.326435,1.946918,1.964135,1.970249,1.960416,1.766335,1.302397,1.824566,0.410300,1.966518,1.954280,1.958764,1.958662,1.964440,1.963706,1.907421,1.968463,1.959595
1.890246,1.473270,0.766531,0.234955,0.351150,0.237416,0.250877,1.256682,0.949704,1.902963,0.311647,1.050007,0.896732,1.700273,0.311622,0.626941,1.193618,1.957930,0.000000,0.272326,0.262545,0.255661,0.231809,0.676600,0.227133,1.952990,0.547101,0.567413,1.936291,0.406845,1.437974,0.311622,0.325785,1.852826,0.280463,0.757976,1.050363,1.845498,0.268757,0.272129,0.637845,1.409618,0.373687,0.269317,0.288597,0.989543,0.587934,0.529869,0.334261,1.809290,1.557867,0.406845,0.587934,1.910478,0.262888,0.268168,1.920181,0.667914,0.139767,1.001777,0.320288,1.976701,0.677880,1.520412,0.296087,0.336023,0.220613,0.901934,1.825392,0.226229,0.547101,0.266965,0.253845,0.287992,1.028120,1.097838,1.855480,0.270748,0.222464,1.946635,0.324266,1.935370,1.974714,0.321841,0.214911,0.223190,0.243054,0.895821,1.566458,0.809755,1.962465,0.342615,0.306249,0.298332,0.287992,0.219056,0.275932,0.613964,0.235136,0.274102
1.838651,1.374397,0.573364,0.218843,0.427937,0.227552,0.198983,1.109274,0.782362,1.916679,0.282943,1.098533,0.776920,1.708503,0.246117,0.434131,1.216593,1.957641,0.272326,0.000000,0.151711,0.338916,0.185500,0.803487,0.160583,1.926822,0.347654,0.396954,1.930641,0.235108,1.514533,0.246117,0.249344,1.872635,0.019571,0.569318,0.869102,1.786187,0.341458,0.367880,0.440897,1.278173,0.424211,0.114053,0.206658,0.807328,0.380269,0.352467,0.281622,1.757467,1.462045,0.235108,0.380269,1.889362,0.323590,0.379707,1.872394,0.476603,0.272692,0.820193,0.262402,1.978411,0.490140,1.402231,0.188495,0.263504,0.278168,0.704036,1.800077,0.187240,0.347654,0.196905,0.284065,0.089452,0.841262,0.935237,1.829694,0.152140,0.291764,1.956540,0.332802,1.904905,1.985691,0.355163,0.182392,0.229402,0.055232,0.750076,1.523046,0.615005,1.947258,0.364584,0.116128,0.108637,0.089452,0.254688,0.228307,0.438118,0.181591,0.142315
1.851403,1.391089,0.578658,0.169291,0.378975,0.168608,0.157996,1.144063,0.829887,1.917764,0.270033,1.125485,0.750194,1.710709,0.206780,0.448892,1.248426,1.960419,0.262545,0.151711,0.000000,0.316449,0.081980,0.776768,0.167243,1.929630,0.349870,0.401654,1.934181,0.224498,1.486896,0.206780,0.192203,1.872131,0.159325,0.630482,0.899224,1.802642,0.271257,0.300228,0.447839,1.333738,0.377740,0.093727,0.161407,0.840161,0.390433,0.346173,0.251932,1.776671,1.483579,0.224498,0.390433,1.900317,0.314580,0.363793,1.889307,0.522543,0.260416,0.843061,0.238443,1.983722,0.518053,1.433640,0.179994,0.257018,0.259843,0.726172,1.799252,0.119787,0.349870,0.189788,0.267048,0.115739,0.857072,0.965506,1.837587,0.131298,0.230621,1.957753,0.334397,1.910321,1.986387,0.359181,0.196314,0.170904,0.132054,0.820077,1.546139,0.624503,1.961190,0.310397,0.114742,0.109240,0.115739,0.237740,0.220191,0.440636,0.100991,0.076315
1.881231,1.516082,0.767231,0.310694,0.312041,0.318884,0.337970,1.278750,0.963194,1.871710,0.372374,1.132399,0.816512,1.640370,0.334383,0.630037,1.278256,1.956050,0.255661,0.338916,0.316449,0.000000,0.280676,0.610967,0.247794,1.948222,0.568358,0.554431,1.953825,0.441875,1.351895,0.334383,0.290401,1.803539,0.350527,0.748734,1.082228,1.842141,0.320778,0.318131,0.654004,1.384896,0.362236,0.318385,0.347722,0.991350,0.613195,0.532880,0.414426,1.774082,1.533936,0.441875,0.613195,1.935316,0.315829,0.358280,1.894081,0.716668,0.304377,0.976733,0.401078,1.967259,0.707674,1.493017,0.273205,0.418238,0.234489,0.923073,1.795977,0.255997,0.568358,0.227351,0.332694,0.355012,1.040483,1.086062,1.882268,0.354757,0.314065,1.925489,0.347817,1.935610,1.963100,0.326785,0.226045,0.227989,0.303149,0.917829,1.475166,0.823108,1.952113,0.258624,0.381120,0.363907,0.355012,0.240454,0.194000,0.620972,0.268118,0.351048
1.872693,1.430555,0.634125,0.179851,0.359425,0.177563,0.176817,1.191445,0.879296,1.916429,0.274828,1.124900,0.768370,1.710404,0.232419,0.508514,1.252664,1.964698,0.231809,0.185500,0.081980,0.280676,0.000000,0.740678,0.150802,1.937623,0.410723,0.457923,1.941101,0.277281,1.458997,0.232419,0.175043,1.868924,0.196370,0.662768,0.952911,1.825670,0.253938,0.274939,0.505914,1.363770,0.345972,0.126281,0.174951,0.895171,0.453145,0.401277,0.268222,1.795042,1.508377,0.277281,0.453145,1.912830,0.291177,0.329937,1.904893,0.579482,0.233417,0.880937,0.246199,1.984755,0.575355,1.463199,0.200569,0.274303,0.212136,0.781745,1.813906,0.073261,0.410723,0.193629,0.256454,0.163904,0.911576,1.014429,1.848414,0.175204,0.215679,1.956781,0.315854,1.921729,1.986255,0.348165,0.169405,0.117022,0.151798,0.860814,1.555422,0.683009,1.966154,0.258155,0.174506,0.163103,0.163904,0.195173,0.212089,0.494755,0.054325,0.124041
1.881734,1.725358,1.140500,0.712243,0.533411,0.730856,0.751367,1.557816,1.328655,1.705153,0.798632,1.215341,1.027981,1.466919,0.728303,1.031472,1.383356,1.877867,0.676600,0.803487,0.776768,0.610967,0.740678,0.000000,0.688047,1.901475,0.986395,0.946273,1.914627,0.870912,1.024715,0.728303,0.715652,1.607043,0.814036,1.148081,1.430404,1.868423,0.648390,0.613429,1.057062,1.600147,0.593382,0.772454,0.770240,1.311184,1.033750,0.937898,0.833702,1.749916,1.644522,0.870912,1.033750,1.936857,0.722930,0.626437,1.858780,1.131881,0.738323,1.343963,0.808397,1.842797,1.095524,1.670772,0.765307,0.835752,0.632362,1.291843,1.765588,0.709773,0.986395,0.748703,0.774201,0.808393,1.381730,1.378865,1.885192,0.796698,0.715685,1.787526,0.726840,1.899508,1.845997,0.635846,0.675726,0.666604,0.769952,1.260626,1.397411,1.200563,1.866286,0.634619,0.840126,0.818253,0.808393,0.645290,0.718688,0.946089,0.722522,0.808144
1.878896,1.459558,0.655575,0.193059,0.316987,0.211285,0.202786,1.212726,0.895146,1.903252,0.300655,1.124518,0.765361,1.680241,0.226458,0.524914,1.262215,1.968122,0.227133,0.160583,0.167243,0.247794,0.150802,0.688047,0.000000,1.949495,0.434989,0.464360,1.952233,0.294174,1.423246,0.226458,0.187518,1.844645,0.177739,0.663797,0.983400,1.832597,0.266165,0.274661,0.529864,1.358415,0.323895,0.127692,0.203624,0.905368,0.482971,0.417486,0.319817,1.781864,1.512627,0.294174,0.482971,1.927982,0.301913,0.318028,1.898664,0.605388,0.256686,0.907811,0.281798,1.979423,0.591924,1.463989,0.200989,0.313270,0.165287,0.809473,1.815220,0.111521,0.434989,0.192931,0.289653,0.163907,0.939082,1.022572,1.868986,0.207896,0.249056,1.952016,0.312388,1.931314,1.984223,0.312235,0.066440,0.117402,0.114825,0.859084,1.515369,0.711146,1.959107,0.261638,0.210943,0.182553,0.163907,0.141973,0.192218,0.493656,0.126988,0.192950
0.573126,1.203091,1.783860,1.945325,1.957838,1.941083,1.939520,1.404556,1.624968,0.684494,1.931428,1.565533,1.784011,1.089910,1.938503,1.829400,1.441681,0.523645,1.952990,1.926822,1.929630,1.948222,1.937623,1.901475,1.949495,0.000000,1.865969,1.856017,0.480835,1.909896,1.512892,1.938503,1.935026,0.863692,1.924317,1.771906,1.585062,0.627559,1.954001,1.958263,1.835351,1.265947,1.961189,1.932394,1.936621,1.645746,1.844982,1.869310,1.919153,0.807679,1.179471,1.909896,1.844982,0.434312,1.941184,1.959183,0.562887,1.798859,1.946023,1.623681,1.925371,0.503815,1.790608,1.180997,1.928946,1.919165,1.959445,1.700318,0.732677,1.944183,1.865969,1.929254,1.934380,1.923267,1.618727,1.566203,0.566064,1.931172,1.947660,0.555926,1.943269,0.361616,0.513397,1.925480,1.949963,1.950959,1.933332,1.659661,1.298405,1.749940,0.462038,1.941649,1.914544,1.920872,1.923267,1.958849,1.936244,1.868072,1.940897,1.923566
1.738695,1.236491,0.262159,0.420218,0.595806,0.416886,0.387030,0.948541,0.675605,1.904393,0.449998,1.205837,0.590010,1.706393,0.372314,0.278229,1.288123,1.918267,0.547101,0.347654,0.349870,0.568358,0.410723,0.986395,0.434989,1.865969,0.000000,0.310918,1.885881,0.176295,1.573536,0.372314,0.396106,1.868011,0.341325,0.497292,0.653953,1.684624,0.513793,0.556641,0.111247,1.166617,0.584040,0.344210,0.343644,0.592635,0.091079,0.163243,0.387748,1.679077,1.334494,0.176295,0.091079,1.835141,0.560033,0.629733,1.784209,0.332455,0.534092,0.629870,0.393999,1.945759,0.322041,1.268171,0.349192,0.393520,0.547360,0.427349,1.734706,0.423962,0.000000,0.401765,0.495869,0.327030,0.582325,0.755307,1.777789,0.331031,0.498482,1.937124,0.537485,1.830936,1.956279,0.543621,0.468887,0.467685,0.375452,0.703943,1.469499,0.318430,1.905065,0.547461,0.307035,0.314169,0.327030,0.521998,0.422567,0.278209,0.409170,0.343079
1.705905,1.218761,0.406053,0.451030,0.573290,0.442312,0.445150,0.890054,0.609159,1.841133,0.531382,1.189288,0.685790,1.614787,0.408800,0.126892,1.294780,1.896729,0.567413,0.396954,0.401654,0.554431,0.457923,0.946273,0.464360,1.856017,0.310918,0.000000,1.865062,0.352871,1.549855,0.408800,0.453610,1.782543,0.390810,0.545601,0.687510,1.665415,0.560442,0.591503,0.359945,1.180699,0.618275,0.420937,0.457710,0.555211,0.293971,0.292190,0.506788,1.620379,1.378990,0.352871,0.293971,1.822026,0.613045,0.651342,1.753858,0.438083,0.580704,0.665743,0.501394,1.918304,0.400614,1.203059,0.401996,0.512314,0.557722,0.549072,1.669824,0.480935,0.310918,0.447316,0.556856,0.402495,0.617992,0.651833,1.786464,0.405668,0.544516,1.894790,0.612865,1.824018,1.932322,0.564022,0.478997,0.511915,0.410680,0.737601,1.416584,0.418871,1.876620,0.596081,0.393221,0.405571,0.402495,0.538438,0.465562,0.353318,0.468870,0.430046
0.637119,1.176816,1.818618,1.939726,1.952198,1.937649,1.933753,1.425617,1.652818,0.726054,1.937337,1.530724,1.842618,1.129270,1.938893,1.840107,1.416333,0.409859,1.936291,1.930641,1.934181,1.953825,1.941101,1.914627,1.952233,0.480835,1.885881,1.865062,0.000000,1.920253,1.539136,1.938893,1.948468,0.872731,1.927969,1.807605,1.611538,0.745876,1.951572,1.951886,1.862108,1.375814,1.951952,1.939958,1.940349,1.680477,1.865277,1.891620,1.926554,0.839687,1.298443,1.920253,1.865277,0.378053,1.938417,1.947875,0.620779,1.810504,1.931950,1.687551,1.928053,0.497450,1.812683,1.259206,1.937522,1.924490,1.952829,1.735713,0.788002,1.948897,1.885881,1.937733,1.932165,1.928992,1.652318,1.597792,0.622498,1.928060,1.938624,0.579845,1.947127,0.490768,0.469401,1.939524,1.951265,1.955350,1.936648,1.703134,1.391234,1.782523,0.508881,1.958064,1.922012,1.928677,1.928992,1.951969,1.945662,1.883598,1.946285,1.929862
1.804386,1.328366,0.408079,0.287692,0.465001,0.288049,0.257954,1.062618,0.773509,1.917513,0.344713,1.173227,0.626416,1.710855,0.251375,0.370172,1.278839,1.947729,0.406845,0.235108,0.224498,0.441875,0.277281,0.870912,0.294174,1.909896,0.176295,0.352871,1.920253,0.000000,1.521954,0.251375,0.272838,1.873847,0.234010,0.555378,0.784469,1.752462,0.376844,0.415481,0.267917,1.259239,0.457843,0.210389,0.183811,0.717013,0.246637,0.199647,0.300454,1.734756,1.406521,0.000000,0.246637,1.881198,0.438268,0.487640,1.841835,0.418247,0.402150,0.747195,0.273127,1.968961,0.413394,1.354939,0.234374,0.309745,0.402060,0.577155,1.776679,0.279151,0.176295,0.281393,0.377103,0.211453,0.722257,0.872462,1.821067,0.209118,0.361708,1.954598,0.430528,1.881867,1.976288,0.435405,0.329165,0.319940,0.251046,0.762863,1.501276,0.469556,1.939524,0.422275,0.204066,0.199770,0.211453,0.377185,0.303243,0.314573,0.268944,0.223313
1.584235,1.853703,1.615522,1.449043,1.282011,1.457702,1.474997,1.821352,1.750868,1.216785,1.499435,1.573184,1.364309,1.054674,1.436923,1.603954,1.661647,1.452693,1.437974,1.514533,1.486896,1.351895,1.458997,1.024715,1.423246,1.512892,1.573536,1.549855,1.539136,1.521954,0.000000,1.436923,1.412333,1.049375,1.522882,1.636605,1.805226,1.607926,1.380305,1.355238,1.598697,1.714344,1.291869,1.485132,1.471538,1.692340,1.609002,1.539365,1.507530,1.454539,1.535215,1.521954,1.609002,1.672231,1.452136,1.383543,1.486482,1.698784,1.473811,1.686702,1.493431,1.363815,1.631026,1.705797,1.458363,1.511959,1.375203,1.717314,1.447788,1.436041,1.573536,1.451572,1.490852,1.513398,1.743102,1.693416,1.680431,1.510346,1.443924,1.317241,1.426375,1.509606,1.351891,1.351490,1.416278,1.401606,1.491130,1.702070,1.201070,1.668418,1.437174,1.327827,1.536065,1.518184,1.513398,1.384709,1.416175,1.522200,1.445632,1.513127
1.841315,1.411198,0.579326,0.136615,0.262030,0.159102,0.161547,1.159469,0.858276,1.897128,0.366588,1.141810,0.704017,1.667850,0.000000,0.471422,1.273901,1.954236,0.311622,0.246117,0.206780,0.334383,0.232419,0.728303,0.226458,1.938503,0.372314,0.408800,1.938893,0.251375,1.436923,0.000000,0.259129,1.841645,0.251567,0.657587,0.925660,1.786886,0.236292,0.252604,0.459330,1.353124,0.308054,0.213022,0.213087,0.826467,0.424869,0.356445,0.316386,1.753836,1.451011,0.251375,0.424869,1.913878,0.401131,0.376149,1.875312,0.558670,0.357006,0.889135,0.284072,1.975039,0.536161,1.447145,0.229985,0.317149,0.313137,0.748499,1.791095,0.234323,0.372314,0.255054,0.374086,0.232291,0.868856,0.958329,1.858451,0.187268,0.299271,1.946836,0.376094,1.910062,1.979170,0.313314,0.253930,0.251632,0.232706,0.848752,1.500168,0.635228,1.954211,0.371381,0.246750,0.234667,0.232291,0.285066,0.261540,0.384513,0.230291,0.235357
1.865438,1.444178,0.595684,0.272853,0.362960,0.287356,0.265330,1.190821,0.876618,1.899059,0.355188,1.180396,0.675513,1.673350,0.259129,0.506168,1.313122,1.965137,0.325785,0.249344,0.192203,0.290401,0.175043,0.715652,0.187518,1.935026,0.396106,0.453610,1.948468,0.272838,1.412333,0.259129,0.000000,1.835794,0.261711,0.626273,0.945353,1.822652,0.329443,0.345748,0.480026,1.338418,0.346171,0.192119,0.231210,0.873563,0.448217,0.377722,0.345183,1.759332,1.490698,0.272838,0.448217,1.927420,0.368012,0.403070,1.878062,0.587137,0.341228,0.837879,0.323592,1.974378,0.563755,1.434691,0.213573,0.340960,0.247648,0.757055,1.795562,0.151571,0.396106,0.222950,0.346589,0.236620,0.886521,0.989180,1.866688,0.251287,0.326196,1.948032,0.355624,1.918982,1.979164,0.378258,0.201425,0.160723,0.225506,0.853755,1.483168,0.658606,1.956228,0.190435,0.258250,0.233972,0.236620,0.235036,0.211542,0.448746,0.143167,0.232763
0.947371,1.518183,1.818444,1.856557,1.769510,1.859303,1.868563,1.589969,1.718136,0.488993,1.889243,1.594814,1.708660,0.672950,1.841645,1.801065,1.592023,0.812312,1.852826,1.872635,1.872131,1.803539,1.868924,1.607043,1.844645,0.863692,1.868011,1.782543,0.872731,1.873847,1.049375,1.841645,1.835794,0.000000,1.874506,1.799244,1.759158,1.041095,1.846124,1.834926,1.860381,1.496951,1.805822,1.874307,1.880405,1.699338,1.866145,1.839202,1.896748,0.786577,1.407132,1.873847,1.866145,1.018915,1.872386,1.842526,0.769381,1.866511,1.879288,1.730022,1.886655,0.643028,1.823971,1.324930,1.848545,1.899375,1.827830,1.819395,0.803953,1.862791,1.868011,1.852261,1.882458,1.878700,1.743608,1.600856,1.163805,1.877830,1.866835,0.614488,1.871691,0.913467,0.665958,1.801431,1.835504,1.849680,1.865315,1.770188,1.046487,1.815003,0.704934,1.817226,1.887902,1.884146,1.878700,1.832266,1.838010,1.814499,1.865790,1.890534
1.833954,1.365400,0.566576,0.224347,0.438458,0.232169,0.202722,1.098837,0.772397,1.917138,0.284478,1.095735,0.780148,1.710161,0.251567,0.425641,1.211937,1.956060,0.280463,0.019571,0.159325,0.350527,0.196370,0.814036,0.177739,1.924317,0.341325,0.390810,1.927969,0.234010,1.522882,0.251567,0.261711,1.874506,0.000000,0.563249,0.858243,1.780779,0.350068,0.377812,0.433745,1.271334,0.433608,0.127288,0.212913,0.796904,0.371595,0.348766,0.281050,1.754596,1.456772,0.234010,0.371595,1.885193,0.329984,0.386504,1.869437,0.464622,0.279780,0.813411,0.264979,1.977706,0.481907,1.396145,0.194420,0.262507,0.292386,0.694558,1.797885,0.202008,0.341325,0.205753,0.288379,0.097743,0.832386,0.926656,1.825800,0.151340,0.298958,1.956262,0.337946,1.902009,1.985278,0.360277,0.198849,0.244877,0.072381,0.740603,1.523277,0.606492,1.945625,0.378685,0.117314,0.114778,0.097743,0.268879,0.237964,0.433153,0.194813,0.147856
1.650828,1.198648,0.484834,0.695781,0.848628,0.697941,0.663673,0.830330,0.491151,1.847202,0.694024,1.209969,0.735625,1.670767,0.657587,0.498231,1.260436,1.858484,0.757976,0.569318,0.630482,0.748734,0.662768,1.148081,0.663797,1.771906,0.497292,0.545601,1.807605,0.555378,1.636605,0.657587,0.626273,1.799244,0.563249,0.000000,0.598362,1.590806,0.797192,0.834720,0.480492,0.930363,0.832416,0.609760,0.650640,0.574486,0.473447,0.515340,0.651120,1.549184,1.237360,0.555378,0.473447,1.742331,0.751168,0.846184,1.662582,0.419145,0.747512,0.448496,0.647143,1.877778,0.455344,1.121897,0.589921,0.619316,0.747008,0.504322,1.683010,0.669316,0.497292,0.618000,0.708529,0.587416,0.587529,0.646754,1.705382,0.615209,0.769573,1.879734,0.717921,1.747157,1.900646,0.725069,0.673421,0.701609,0.601063,0.499566,1.325944,0.493013,1.812203,0.728816,0.579288,0.584725,0.587416,0.732186,0.627950,0.550237,0.658501,0.620427
1.397870,0.773344,0.518522,0.961917,1.126823,0.955607,0.927780,0.395677,0.399186,1.741292,0.957032,1.219742,0.897085,1.617350,0.925660,0.584951,1.210559,1.684433,1.050363,0.869102,0.899224,1.082228,0.952911,1.430404,0.983400,1.585062,0.653953,0.687510,1.611538,0.784469,1.805226,0.925660,0.945353,1.759158,0.858243,0.598362,0.000000,1.350119,1.063342,1.100518,0.590232,0.811972,1.130379,0.901090,0.919390,0.389596,0.587916,0.711864,0.900668,1.368747,1.135215,0.784469,0.587916,1.505730,1.046782,1.138964,1.472886,0.459266,1.030379,0.478226,0.923507,1.740224,0.530795,0.887330,0.900735,0.891835,1.071108,0.295588,1.462995,0.976977,0.653953,0.931024,0.987866,0.864973,0.217260,0.446785,1.477385,0.872270,1.029548,1.750190,1.035628,1.538041,1.759309,1.049148,0.999677,1.020687,0.904440,0.607993,1.406573,0.411863,1.653100,1.080150,0.838411,0.857727,0.864973,1.053062,0.962764,0.715321,0.960704,0.884439
0.364084,0.971496,1.570337,1.809753,1.840329,1.806533,1.798566,1.141426,1.399541,0.930588,1.818924,1.542406,1.624969,1.164642,1.786886,1.631146,1.421515,0.750790,1.845498,1.786187,1.802642,1.842141,1.825670,1.868423,1.832597,0.627559,1.684624,1.665415,0.745876,1.752462,1.607926,1.786886,1.822652,1.041095,1.780779,1.590806,1.350119,0.000000,1.843818,1.855289,1.640106,1.057734,1.850923,1.803827,1.803728,1.351636,1.656648,1.689880,1.796433,0.715192,0.745995,1.752462,1.656648,0.633580,1.851780,1.865957,0.571626,1.596456,1.849844,1.445144,1.787428,0.806822,1.589281,0.921599,1.788794,1.799226,1.868930,1.482056,0.757142,1.836355,1.684624,1.797439,1.831661,1.787860,1.383282,1.293947,0.767515,1.787101,1.845293,0.861845,1.848580,0.596414,0.833824,1.787951,1.837050,1.850458,1.800861,1.453102,1.205355,1.529035,0.696572,1.860418,1.773667,1.784191,1.787860,1.861601,1.807316,1.660678,1.830705,1.794309
1.885900,1.494643,0.726544,0.187723,0.245520,0.164614,0.244326,1.290969,1.011048,1.906682,0.307271,1.136995,0.792887,1.695046,0.236292,0.625123,1.274164,1.962957,0.268757,0.341458,0.271257,0.320778,0.253938,0.648390,0.266165,1.954001,0.513793,0.560442,1.951572,0.376844,1.380305,0.236292,0.329443,1.846124,0.350068,0.797192,1.063342,1.843818,0.000000,0.086015,0.602088,1.446585,0.296238,0.286601,0.264483,0.983229,0.568146,0.502838,0.294507,1.814756,1.527375,0.376844,0.568146,1.933679,0.327558,0.294889,1.920270,0.699346,0.305074,1.019615,0.310858,1.977498,0.691794,1.540144,0.307587,0.336220,0.280169,0.886386,1.826240,0.249699,0.513793,0.302931,0.316345,0.322260,1.012429,1.113919,1.879087,0.292456,0.210514,1.951508,0.345818,1.936682,1.974805,0.318473,0.285636,0.242379,0.312941,0.955867,1.546964,0.784235,1.969971,0.354821,0.338158,0.322808,0.322260,0.264373,0.302248,0.553091,0.256619,0.295902
1.897643,1.518317,0.767465,0.210423,0.204745,0.203508,0.268960,1.320008,1.040860,1.894251,0.354025,1.137459,0.815539,1.678119,0.252604,0.661352,1.281531,1.959713,0.272129,0.367880,0.300228,0.318131,0.274939,0.613429,0.274661,1.958263,0.556641,0.591503,1.951886,0.415481,1.355238,0.252604,0.345748,1.834926,0.377812,0.834720,1.100518,1.855289,0.086015,0.000000,0.645199,1.475216,0.275201,0.313430,0.296168,1.018582,0.612138,0.540422,0.357679,1.820401,1.548062,0.415481,0.612138,1.939513,0.343504,0.281937,1.927258,0.740622,0.314705,1.059605,0.353139,1.972669,0.725737,1.563506,0.337977,0.383847,0.271553,0.928876,1.827882,0.265673,0.556641,0.327428,0.345370,0.350045,1.048884,1.143067,1.882919,0.321896,0.214302,1.942209,0.361575,1.940322,1.969798,0.334155,0.290144,0.248219,0.334251,0.996056,1.554209,0.824381,1.968084,0.355321,0.370742,0.354044,0.350045,0.259408,0.326032,0.583413,0.275918,0.326739
1.698183,1.191585,0.169113,0.514840,0.678163,0.510406,0.480381,0.897931,0.646975,1.892470,0.530691,1.236503,0.558931,1.703992,0.459330,0.303258,1.303892,1.895308,0.637845,0.440897,0.447839,0.654004,0.505914,1.057062,0.529864,1.835351,0.111247,0.359945,1.862108,0.267917,1.598697,0.459330,0.480026,1.860381,0.433745,0.480492,0.590232,1.640106,0.602088,0.645199,0.000000,1.115296,0.663269,0.440376,0.434049,0.536103,0.124162,0.205376,0.470477,1.645944,1.280728,0.267917,0.124162,1.805728,0.642400,0.715964,1.745560,0.325874,0.622986,0.573329,0.472529,1.923988,0.320124,1.216088,0.438260,0.476499,0.641252,0.346818,1.710861,0.517992,0.111247,0.489807,0.577809,0.422736,0.505043,0.706415,1.750325,0.425231,0.590119,1.921232,0.621444,1.798000,1.937163,0.621165,0.563007,0.560063,0.471036,0.681089,1.443696,0.234105,1.877700,0.625501,0.400884,0.408878,0.422736,0.617168,0.508598,0.299027,0.503361,0.437726
1.101885,0.939348,1.051929,1.384201,1.479165,1.378631,1.359702,0.731333,0.820638,1.476235,1.333584,1.360161,1.197558,1.422996,1.353124,1.121134,1.285374,1.411812,1.409618,1.278173,1.333738,1.384896,1.363770,1.600147,1.358415,1.265947,1.166617,1.180699,1.375814,1.259239,1.714344,1.353124,1.338418,1.496951,1.271334,0.930363,0.811972,1.057734,1.446585,1.475216,1.115296,0.000000,1.487278,1.317380,1.345458,0.897157,1.126547,1.183367,1.315863,1.039979,0.910825,1.259239,1.126547,1.256451,1.378442,1.483667,1.112654,1.022455,1.397465,0.808980,1.335654,1.452087,1.053705,0.747019,1.284613,1.306619,1.413850,0.920415,1.255888,1.368241,1.166617,1.298196,1.349702,1.293020,0.869800,0.822603,1.277793,1.317713,1.414783,1.479901,1.378090,1.260415,1.483647,1.342947,1.362863,1.391648,1.305508,0.782485,1.032623,1.004228,1.322749,1.399016,1.282406,1.291360,1.293020,1.406210,1.308331,1.215278,1.362403,1.320132
1.904317,1.547461,0.772155,0.308454,0.245505,0.336266,0.328398,1.347589,1.075751,1.885596,0.483809,1.209428,0.758766,1.660267,0.308054,0.687831,1.355016,1.956918,0.373687,0.424211,0.377740,0.362236,0.345972,0.593382,0.323895,1.961189,0.584040,0.618275,1.951952,0.457843,1.291869,0.308054,0.346171,1.805822,0.433608,0.832416,1.130379,1.850923,0.296238,0.275201,0.663269,1.487278,0.000000,0.382222,0.361248,1.017446,0.640019,0.560762,0.463752,1.805637,1.521611,0.457843,0.640019,1.960771,0.475181,0.348112,1.915267,0.781925,0.433336,1.046380,0.423563,1.962061,0.757244,1.569348,0.400438,0.461032,0.315492,0.943872,1.830530,0.327718,0.584040,0.410642,0.484371,0.418142,1.067286,1.145595,1.910265,0.370338,0.385548,1.938169,0.412535,1.944446,1.962236,0.370695,0.338249,0.301783,0.396584,1.034934,1.506256,0.842275,1.961564,0.339328,0.446365,0.423800,0.418142,0.304042,0.375684,0.547356,0.332798,0.410016
1.854251,1.403377,0.573205,0.187091,0.387808,0.197691,0.168249,1.152554,0.833711,1.920653,0.271855,1.127704,0.736239,1.715028,0.213022,0.462673,1.247412,1.964710,0.269317,0.114053,0.093727,0.318385,0.126281,0.772454,0.127692,1.932394,0.344210,0.420937,1.939958,0.210389,1.485132,0.213022,0.192119,1.874307,0.127288,0.609760,0.901090,1.803827,0.286601,0.313430,0.440376,1.317380,0.382222,0.000000,0.148687,0.841890,0.390776,0.341318,0.260363,1.777292,1.474963,0.210389,0.390776,1.904424,0.318378,0.369372,1.886763,0.518594,0.268920,0.842354,0.228165,1.983073,0.516611,1.431711,0.175111,0.257568,0.259205,0.721535,1.809557,0.115818,0.344210,0.183364,0.278041,0.067082,0.858631,0.970840,1.839141,0.143855,0.253532,1.960062,0.330717,1.911274,1.988573,0.355491,0.170929,0.165836,0.092903,0.802139,1.534406,0.624254,1.958212,0.310708,0.097934,0.066991,0.067082,0.234617,0.208993,0.437785,0.111516,0.085879
