0.000000,1.100006,1.666599,1.904810,1.926028,1.894513,1.899319,1.225763,1.454463,0.824921,1.880606,1.687461,1.692369,1.095649,1.888016,1.720105,1.596708,0.609950,1.926401,1.870682,1.880396,1.932880,1.899332,1.904935,1.906980,0.494189,1.786536,1.751510,0.586475,1.844650,1.555697,1.888016,1.908115,0.964258,1.865966,1.649986,1.432646,0.265951,1.912029,1.924213,1.743234,1.021458,1.937946,1.882359,1.890975,1.418299,1.755852,1.786027,1.863950,0.650697,0.715460,1.844650,1.755852,0.500140,1.909625,1.909777,0.476590,1.692460,1.919030,1.477235,1.887368,0.648927,1.703315,0.948725,1.905428,1.865141,1.930082,1.576128,0.668623,1.907765,1.786536,1.904445,1.894075,1.870826,1.460839,1.386271,0.718259,1.883649,1.912325,0.729441,1.902172,0.508486,0.635206,1.893214,1.912028,1.918795,1.883085,1.551693,1.186469,1.620451,0.566162,1.944325,1.858135,1.867309,1.870826,1.920206,1.916212,1.753988,1.904190,1.874278
1.100006,0.000000,1.080856,1.426227,1.530126,1.418198,1.404264,0.621055,0.807812,1.411289,1.376160,1.319044,1.286558,1.380087,1.400505,1.115594,1.237600,1.361242,1.486857,1.362711,1.372951,1.507237,1.422832,1.709676,1.444502,1.248291,1.205141,1.185502,1.265314,1.305936,1.812031,1.400505,1.438688,1.504066,1.353317,1.087648,0.730441,1.073306,1.482837,1.512219,1.153472,0.719869,1.538687,1.385611,1.408124,0.837699,1.149068,1.243267,1.355302,1.107837,1.043045,1.305936,1.149068,1.087068,1.448140,1.483280,1.166227,1.034319,1.475525,0.934007,1.411514,1.383657,1.134151,0.770987,1.422022,1.347201,1.499297,0.910187,1.084684,1.446340,1.205141,1.412765,1.413924,1.356127,0.813899,0.843560,1.088154,1.364664,1.460048,1.424228,1.433793,1.127299,1.423658,1.510504,1.447609,1.473421,1.389535,0.937647,1.378348,0.998281,1.294630,1.551213,1.337790,1.353574,1.356127,1.481195,1.438332,1.157263,1.440657,1.369697
1.666599,1.080856,0.000000,0.692081,0.817036,0.677838,0.653341,0.770116,0.632010,1.833841,0.663851,1.113124,0.486664,1.669152,0.615745,0.332351,1.108351,1.863473,0.802406,0.574538,0.614678,0.861230,0.679522,1.185916,0.675671,1.792647,0.286529,0.392136,1.837314,0.434791,1.644777,0.615745,0.660306,1.815043,0.564479,0.454323,0.508404,1.669643,0.760773,0.805474,0.187597,1.139184,0.821067,0.598623,0.602333,0.521983,0.269789,0.305896,0.602062,1.581019,1.348521,0.434791,0.269789,1.727397,0.776295,0.853165,1.668015,0.353877,0.827095,0.510113,0.636367,1.886034,0.342050,1.125390,0.662153,0.601492,0.774465,0.283893,1.634726,0.687488,0.286529,0.674446,0.714358,0.576507,0.401905,0.584002,1.669996,0.598064,0.745275,1.876316,0.740522,1.692408,1.895835,0.794124,0.692722,0.721248,0.611610,0.597871,1.413313,0.135588,1.810845,0.833033,0.559602,0.568989,0.576507,0.739392,0.706140,0.331284,0.679462,0.607305
1.904810,1.426227,0.692081,0.000000,0.246465,0.085083,0.087033,1.237349,0.981663,1.920439,0.285931,0.878603,0.816423,1.748322,0.139567,0.570460,0.973476,1.969823,0.202389,0.224231,0.203180,0.341408,0.188678,0.726026,0.194439,1.970500,0.448520,0.508215,1.947900,0.313410,1.459030,0.139567,0.198972,1.859175,0.231224,0.704372,1.018793,1.901078,0.185441,0.206046,0.550560,1.509909,0.264301,0.203582,0.195884,1.019837,0.503780,0.437835,0.269266,1.824386,1.664874,0.313410,0.503780,1.914175,0.287959,0.316082,1.910556,0.625572,0.274416,0.971502,0.213256,1.977420,0.610073,1.547208,0.224210,0.294025,0.211198,0.836456,1.841939,0.177082,0.448520,0.249976,0.272730,0.228994,0.985986,1.078091,1.859312,0.144844,0.203033,1.964111,0.337352,1.919902,1.983372,0.368757,0.189691,0.180741,0.206457,0.929229,1.596625,0.749496,1.968119,0.329042,0.256259,0.240731,0.228994,0.193364,0.253570,0.549300,0.184369,0.228569
1.926028,1.530126,0.817036,0.246465,0.000000,0.265938,0.299205,1.360494,1.121505,1.879824,0.428632,0.923703,0.821614,1.693139,0.257561,0.713888,1.045970,1.959095,0.280228,0.406709,0.398800,0.361616,0.361360,0.551832,0.301701,1.974852,0.600071,0.633720,1.961364,0.470479,1.325203,0.257561,0.294190,1.790265,0.418695,0.829943,1.162132,1.927410,0.216229,0.193223,0.691868,1.598781,0.199844,0.382101,0.357464,1.131260,0.664344,0.575571,0.409712,1.819756,1.707130,0.470479,0.664344,1.954701,0.398186,0.378504,1.905109,0.796790,0.390297,1.105798,0.384795,1.962027,0.761516,1.596303,0.339063,0.431555,0.256467,0.979872,1.857078,0.318538,0.600071,0.380358,0.411803,0.419051,1.115986,1.182722,1.912592,0.357299,0.310645,1.934240,0.399725,1.947724,1.957613,0.316354,0.295386,0.276570,0.375274,1.052410,1.517102,0.888080,1.964575,0.276394,0.456501,0.432226,0.419051,0.276072,0.350359,0.658084,0.335727,0.428510
1.894513,1.418198,0.677838,0.085083,0.265938,0.000000,0.131949,1.215394,0.959996,1.924041,0.272084,0.869166,0.812516,1.754932,0.144542,0.556324,0.956654,1.968383,0.231880,0.219773,0.192552,0.368929,0.178725,0.753203,0.206269,1.966119,0.436514,0.497127,1.944147,0.307684,1.473859,0.144542,0.211494,1.864046,0.225443,0.677213,0.999735,1.892961,0.155359,0.191965,0.537867,1.490373,0.304432,0.200008,0.196829,1.002245,0.489232,0.428117,0.227710,1.819876,1.648525,0.307684,0.489232,1.904830,0.306501,0.333014,1.904965,0.607861,0.294691,0.946955,0.210396,1.976303,0.596972,1.526091,0.236074,0.265374,0.222642,0.820711,1.842672,0.180453,0.436514,0.266355,0.275940,0.221073,0.969135,1.057810,1.854728,0.164353,0.191570,1.965972,0.328861,1.915362,1.982579,0.372337,0.204371,0.191186,0.204210,0.915707,1.593730,0.733868,1.963601,0.349590,0.243316,0.231915,0.221073,0.199382,0.274127,0.553127,0.185378,0.218483
1.899319,1.404264,0.653341,0.087033,0.299205,0.131949,0.000000,1.210871,0.953113,1.922181,0.284552,0.892202,0.797765,1.752068,0.144218,0.536832,0.979486,1.970338,0.216460,0.190761,0.173752,0.353851,0.174338,0.753962,0.190698,1.965030,0.405271,0.481029,1.943844,0.269443,1.487352,0.144218,0.189316,1.866673,0.196194,0.683894,0.985066,1.894428,0.237712,0.263563,0.507991,1.484384,0.287010,0.172152,0.155670,0.990389,0.461412,0.398188,0.262641,1.822608,1.653508,0.269443,0.461412,1.906736,0.291877,0.338039,1.905862,0.586446,0.278160,0.939120,0.166994,1.979140,0.569326,1.531337,0.209094,0.275229,0.234118,0.797399,1.834465,0.172216,0.405271,0.223900,0.272806,0.193564,0.951938,1.049838,1.841639,0.088814,0.234102,1.964163,0.335746,1.910432,1.986804,0.390189,0.190319,0.189939,0.180661,0.899951,1.598027,0.711196,1.965706,0.342303,0.217558,0.203098,0.193564,0.210139,0.238851,0.508264,0.170312,0.193279
1.225763,0.621055,0.770116,1.237349,1.360494,1.215394,1.210871,0.000000,0.473054,1.578886,1.184033,1.193692,1.055307,1.501109,1.194336,0.799701,1.104775,1.537563,1.316686,1.137605,1.154664,1.352234,1.213370,1.620540,1.242900,1.432719,0.937826,0.879313,1.452808,1.063177,1.820096,1.194336,1.238714,1.628942,1.124573,0.776876,0.365957,1.229079,1.302368,1.340195,0.874648,0.743105,1.376033,1.169855,1.189306,0.468461,0.868000,0.972206,1.146856,1.210793,1.067729,1.063177,0.868000,1.272209,1.281849,1.303036,1.305126,0.760551,1.312873,0.590595,1.198592,1.566530,0.822087,0.725832,1.229028,1.141875,1.313948,0.598045,1.239778,1.243755,0.937826,1.225229,1.223883,1.137782,0.430191,0.411007,1.290670,1.157036,1.271274,1.600132,1.262728,1.309678,1.585738,1.317900,1.248998,1.278242,1.171888,0.768325,1.378280,0.661628,1.448272,1.385904,1.110715,1.133322,1.137782,1.283831,1.260955,0.925405,1.233813,1.152857
1.454463,0.807812,0.632010,0.981663,1.121505,0.959996,0.953113,0.473054,0.000000,1.718684,0.927699,0.977139,0.999529,1.600596,0.945432,0.597043,0.915121,1.705654,1.054846,0.871270,0.887192,1.098777,0.945691,1.429943,0.982738,1.639396,0.720437,0.668208,1.623045,0.820317,1.803303,0.945432,0.975207,1.745472,0.857743,0.493568,0.437224,1.449922,1.059297,1.094757,0.682398,0.883069,1.144063,0.907744,0.930494,0.476414,0.655618,0.750844,0.892041,1.432922,1.249928,0.820317,0.655618,1.479065,1.020326,1.029659,1.535436,0.587500,1.050624,0.495391,0.943512,1.722712,0.635543,0.997730,0.976907,0.873774,1.047445,0.517767,1.460952,0.981026,0.720437,0.962788,0.966756,0.873586,0.473800,0.398388,1.455009,0.892368,1.024470,1.745377,0.994289,1.531517,1.747492,1.065275,0.979881,1.016274,0.904500,0.679757,1.475964,0.535108,1.644495,1.126819,0.848052,0.872511,0.873586,1.018286,1.006481,0.745593,0.972719,0.889104
0.824921,1.411289,1.833841,1.920439,1.879824,1.924041,1.922181,1.578886,1.718684,0.000000,1.931446,1.705910,1.755904,0.508999,1.919221,1.847576,1.711095,0.586159,1.902107,1.927317,1.933228,1.872631,1.932098,1.711229,1.912222,0.648606,1.897228,1.848207,0.742644,1.917116,1.200043,1.919221,1.911570,0.471875,1.927691,1.834938,1.731489,0.819792,1.919796,1.916404,1.879331,1.433390,1.884602,1.933841,1.929397,1.683411,1.889408,1.892390,1.932573,0.784398,1.283176,1.917116,1.889408,0.852192,1.916000,1.891143,0.697404,1.885691,1.918588,1.761985,1.933187,0.582606,1.860398,1.265528,1.919034,1.927684,1.908196,1.805306,0.748571,1.929024,1.897228,1.916773,1.925184,1.932993,1.721916,1.646183,0.912849,1.924616,1.926416,0.265476,1.914772,0.744926,0.488742,1.865705,1.912624,1.920117,1.923394,1.793803,1.057738,1.814439,0.680493,1.884650,1.938970,1.938081,1.932993,1.915622,1.912188,1.852951,1.931391,1.943603
1.880606,1.376160,0.663851,0.285931,0.428632,0.272084,0.284552,1.184033,0.927699,1.931446,0.000000,0.848049,0.818602,1.770771,0.305854,0.575059,0.914726,1.962890,0.330448,0.282104,0.249034,0.438571,0.261832,0.835218,0.300840,1.952549,0.424536,0.544253,1.930691,0.308045,1.527599,0.305854,0.284556,1.887616,0.283964,0.659104,0.950353,1.877526,0.300388,0.330780,0.516869,1.442890,0.456750,0.253396,0.261352,1.001760,0.471660,0.446164,0.197217,1.828738,1.623446,0.308045,0.471660,1.874547,0.230731,0.417788,1.906676,0.549275,0.330495,0.924386,0.302446,1.962916,0.623334,1.512915,0.269519,0.236971,0.328507,0.774550,1.840402,0.262453,0.424536,0.296850,0.169768,0.260034,0.937806,1.052891,1.818844,0.263477,0.204263,1.964317,0.290047,1.896030,1.977532,0.443776,0.297907,0.281974,0.281629,0.869688,1.596425,0.716188,1.939791,0.401263,0.269862,0.260622,0.260034,0.315095,0.305602,0.567673,0.269724,0.252972
1.687461,1.319044,1.113124,0.878603,0.923703,0.869166,0.892202,1.193692,0.977139,1.705910,0.848049,0.000000,1.297909,1.559586,0.904476,0.978834,0.261393,1.756575,0.879352,0.909922,0.885526,0.906316,0.884338,1.123230,0.924509,1.759390,0.980407,0.960382,1.680229,0.934676,1.544570,0.904476,0.930972,1.708814,0.907068,0.931134,1.142794,1.700341,0.895304,0.898919,1.026030,1.339515,0.986748,0.917523,0.907814,1.206332,0.979110,1.010288,0.875705,1.662522,1.642006,0.934676,0.979110,1.629462,0.860013,0.840194,1.777590,0.974347,0.856703,1.199434,0.914325,1.728321,0.994972,1.524746,0.941498,0.896185,0.883230,1.114109,1.642337,0.900795,0.980407,0.916712,0.851764,0.911212,1.177891,1.187924,1.628366,0.886304,0.867276,1.746234,0.928691,1.733487,1.739670,0.843849,0.906142,0.905936,0.910732,1.016433,1.530179,1.095609,1.740258,0.960955,0.910175,0.918599,0.911212,0.888780,0.939984,1.067213,0.902663,0.902656
1.692369,1.286558,0.486664,0.816423,0.821614,0.812516,0.797765,1.055307,0.999529,1.755904,0.818602,1.297909,0.000000,1.570234,0.727713,0.670066,1.321568,1.846558,0.904969,0.765790,0.809821,0.936225,0.841344,1.071079,0.784408,1.773407,0.583430,0.669665,1.869515,0.643402,1.421942,0.727713,0.759206,1.687082,0.765188,0.754715,0.843507,1.712567,0.830995,0.861633,0.540721,1.317219,0.818239,0.767800,0.752326,0.813324,0.618571,0.566466,0.771152,1.550671,1.390079,0.643402,0.618571,1.801461,0.889257,0.981203,1.622789,0.717394,0.953314,0.823550,0.798506,1.857502,0.691135,1.187243,0.772620,0.778213,0.853476,0.657210,1.644326,0.811805,0.583430,0.810672,0.850089,0.774997,0.716935,0.850474,1.754162,0.777892,0.850374,1.814692,0.840461,1.707012,1.843269,0.821982,0.804920,0.816993,0.781384,0.862356,1.227103,0.577093,1.792941,0.849743,0.782231,0.770326,0.774997,0.835102,0.806834,0.526234,0.813882,0.808929
1.095649,1.380087,1.669152,1.748322,1.693139,1.754932,1.752068,1.501109,1.600596,0.508999,1.770771,1.559586,1.570234,0.000000,1.743570,1.671431,1.613191,0.970526,1.736485,1.762548,1.772194,1.703805,1.772654,1.539705,1.734298,1.017375,1.724255,1.662027,1.078707,1.741660,1.071086,1.743570,1.727927,0.581349,1.764064,1.665337,1.621868,1.109896,1.751776,1.751044,1.711907,1.470246,1.704935,1.769469,1.763722,1.552497,1.721233,1.722731,1.769147,0.832530,1.412288,1.741660,1.721233,1.162116,1.757600,1.732826,0.918690,1.740738,1.771082,1.642646,1.780653,0.966954,1.703209,1.237311,1.752188,1.767927,1.732967,1.661454,0.874082,1.761925,1.724255,1.752191,1.766012,1.770820,1.586967,1.511239,1.212911,1.753211,1.765984,0.736235,1.759192,1.027497,0.888413,1.683248,1.735295,1.748426,1.756647,1.680273,0.961488,1.657132,1.017541,1.705115,1.785177,1.780101,1.770820,1.743201,1.744421,1.662844,1.767638,1.793312
1.888016,1.400505,0.615745,0.139567,0.257561,0.144542,0.144218,1.194336,0.945432,1.919221,0.305854,0.904476,0.727713,1.743570,0.000000,0.520016,0.985571,1.969952,0.289699,0.220895,0.230601,0.404445,0.238912,0.756021,0.219601,1.960577,0.381232,0.461635,1.950326,0.254126,1.475733,0.000000,0.212716,1.858270,0.226071,0.651747,0.965044,1.888583,0.223382,0.251890,0.475997,1.467096,0.292677,0.209291,0.182571,0.963858,0.444356,0.370423,0.245091,1.801377,1.630933,0.254126,0.444356,1.910447,0.351648,0.382534,1.886379,0.572778,0.360236,0.922649,0.217137,1.977481,0.556080,1.500325,0.234072,0.264883,0.263968,0.772240,1.836224,0.219017,0.381232,0.269037,0.323205,0.229903,0.924287,1.021654,1.854302,0.166297,0.266618,1.963436,0.340519,1.907822,1.982854,0.371989,0.225807,0.226983,0.218112,0.872454,1.546835,0.682738,1.957330,0.356333,0.254713,0.237487,0.229903,0.240238,0.276928,0.474097,0.224337,0.245851
1.720105,1.115594,0.332351,0.570460,0.713888,0.556324,0.536832,0.799701,0.597043,1.847576,0.575059,0.978834,0.670066,1.671431,0.520016,0.000000,1.007344,1.892112,0.671638,0.455803,0.481204,0.722490,0.550431,1.092358,0.562380,1.840871,0.277693,0.120797,1.853589,0.386582,1.629838,0.520016,0.561810,1.812394,0.443664,0.448714,0.583963,1.719659,0.671072,0.713695,0.307670,1.219938,0.723299,0.496869,0.520707,0.557039,0.210666,0.311782,0.533554,1.625292,1.474328,0.386582,0.210666,1.760214,0.668228,0.691751,1.735071,0.354670,0.703661,0.586197,0.553971,1.908117,0.348181,1.212024,0.563501,0.531026,0.657711,0.417903,1.647362,0.576850,0.277693,0.567410,0.605116,0.468057,0.525393,0.609889,1.718616,0.477137,0.638811,1.897865,0.657626,1.757799,1.916710,0.703652,0.569175,0.610365,0.489063,0.704094,1.480610,0.317727,1.845613,0.740702,0.451896,0.470241,0.468057,0.623524,0.603587,0.349821,0.567447,0.498293
1.596708,1.237600,1.108351,0.973476,1.045970,0.956654,0.979486,1.104775,0.915121,1.711095,0.914726,0.261393,1.321568,1.613191,0.985571,1.007344,0.000000,1.714228,0.991307,0.978080,0.957100,1.035187,0.965558,1.271269,1.021538,1.689330,1.011302,1.010984,1.618573,0.987745,1.644564,0.985571,1.028270,1.744110,0.972342,0.920103,1.069399,1.614265,0.989730,0.998541,1.037460,1.208080,1.101708,0.988382,0.978724,1.161344,0.999431,1.043954,0.934726,1.636491,1.534773,0.987745,0.999431,1.532985,0.950065,0.947310,1.726327,0.954691,0.953418,1.149142,0.976527,1.686472,0.999303,1.445807,1.023429,0.952852,0.992129,1.077091,1.609370,0.988299,1.011302,0.999478,0.928250,0.976566,1.125793,1.142041,1.527370,0.965327,0.955717,1.726564,1.009109,1.653450,1.702953,0.951358,1.007274,1.003858,0.988388,0.948121,1.542420,1.078251,1.681469,1.082162,0.963434,0.977789,0.976566,0.988604,1.031667,1.103119,0.986564,0.961101
0.609950,1.361242,1.863473,1.969823,1.959095,1.968383,1.970338,1.537563,1.705654,0.586159,1.962890,1.756575,1.846558,0.970526,1.969952,1.892112,1.714228,0.000000,1.965775,1.968406,1.967535,1.949040,1.971269,1.843976,1.974942,0.454425,1.933691,1.906867,0.399462,1.961015,1.392817,1.969952,1.974336,0.782243,1.967283,1.852165,1.700225,0.576407,1.965824,1.964459,1.910843,1.311935,1.963160,1.971541,1.974191,1.687862,1.917671,1.931702,1.961173,0.795794,1.108536,1.961015,1.917671,0.570153,1.963021,1.952410,0.574778,1.877780,1.958583,1.742012,1.969322,0.402683,1.878270,1.245637,1.968515,1.958485,1.972527,1.803767,0.748108,1.974672,1.933691,1.964708,1.963996,1.967564,1.723800,1.661320,0.753107,1.967973,1.968208,0.443394,1.958648,0.587699,0.348704,1.949787,1.972755,1.975498,1.969949,1.747439,1.263393,1.835861,0.457794,1.964625,1.962655,1.966434,1.967564,1.972747,1.967011,1.905401,1.973702,1.966385
1.926401,1.486857,0.802406,0.202389,0.280228,0.231880,0.216460,1.316686,1.054846,1.902107,0.330448,0.879352,0.904969,1.736485,0.289699,0.671638,0.991307,1.965775,0.000000,0.304559,0.272919,0.264893,0.221270,0.647042,0.224308,1.976752,0.561212,0.605078,1.942958,0.422113,1.423037,0.289699,0.239317,1.837476,0.314697,0.798477,1.118604,1.918043,0.265575,0.258427,0.662145,1.571967,0.286746,0.279683,0.275425,1.109888,0.614714,0.543771,0.366143,1.854565,1.705060,0.422113,0.614714,1.926350,0.227971,0.287293,1.934124,0.737676,0.169342,1.058681,0.274016,1.965871,0.709794,1.601878,0.238820,0.371603,0.199059,0.945309,1.860512,0.211272,0.561212,0.262678,0.259498,0.309004,1.088122,1.157972,1.864872,0.262629,0.217057,1.945685,0.347632,1.938716,1.975222,0.354934,0.210979,0.188692,0.268206,1.030024,1.614121,0.857779,1.968452,0.279309,0.339613,0.323937,0.309004,0.209280,0.241249,0.669302,0.218618,0.300701
1.870682,1.362711,0.574538,0.224231,0.406709,0.219773,0.190761,1.137605,0.871270,1.927317,0.282104,0.909922,0.765790,1.762548,0.220895,0.455803,0.978080,1.968406,0.304559,0.000000,0.131526,0.399170,0.159568,0.841607,0.158455,1.953143,0.327132,0.411875,1.935207,0.209658,1.536951,0.220895,0.206484,1.880513,0.021945,0.590417,0.910961,1.871747,0.332520,0.364872,0.427420,1.431816,0.400888,0.085530,0.163468,0.916234,0.375985,0.320951,0.255197,1.806415,1.612868,0.209658,0.375985,1.888549,0.321486,0.380893,1.891193,0.515532,0.335054,0.848907,0.190070,1.978423,0.508645,1.479446,0.229966,0.248983,0.271801,0.718693,1.830035,0.168682,0.327132,0.226900,0.284009,0.065492,0.876427,0.965860,1.819979,0.146403,0.287195,1.964105,0.346093,1.894543,1.988179,0.439168,0.174871,0.210524,0.057234,0.851907,1.593969,0.631238,1.950408,0.384786,0.101493,0.090033,0.065492,0.237920,0.256230,0.468132,0.162990,0.122760
1.880396,1.372951,0.614678,0.203180,0.398800,0.192552,0.173752,1.154664,0.887192,1.933228,0.249034,0.885526,0.809821,1.772194,0.230601,0.481204,0.957100,1.967535,0.272919,0.131526,0.000000,0.386145,0.088413,0.837446,0.189176,1.955698,0.363970,0.435701,1.932230,0.239466,1.536722,0.230601,0.190648,1.884735,0.134680,0.619021,0.931417,1.878209,0.305256,0.335482,0.471388,1.442051,0.403320,0.102759,0.156679,0.939865,0.406981,0.361088,0.242894,1.816744,1.630804,0.239466,0.406981,1.884048,0.293280,0.352149,1.901506,0.531427,0.292482,0.866401,0.183558,1.973811,0.533340,1.494577,0.215928,0.259240,0.259494,0.749118,1.830362,0.146122,0.363970,0.215302,0.247009,0.109893,0.904332,0.993406,1.823201,0.136284,0.245031,1.969426,0.348423,1.899403,1.989300,0.436932,0.185309,0.193283,0.128210,0.865305,1.614763,0.665501,1.950938,0.376242,0.111818,0.112461,0.109893,0.222593,0.250366,0.508356,0.130285,0.080580
1.932880,1.507237,0.861230,0.341408,0.361616,0.368929,0.353851,1.352234,1.098777,1.872631,0.438571,0.906316,0.936225,1.703805,0.404445,0.722490,1.035187,1.949040,0.264893,0.399170,0.386145,0.000000,0.337177,0.631888,0.317056,1.962349,0.630388,0.655828,1.928582,0.502800,1.402041,0.404445,0.335027,1.811466,0.409674,0.843056,1.165950,1.921698,0.393268,0.377628,0.726855,1.591450,0.370898,0.387983,0.384410,1.163147,0.681189,0.612873,0.472279,1.850216,1.731032,0.502800,0.681189,1.927281,0.342472,0.305498,1.931222,0.808521,0.317562,1.105804,0.394376,1.950127,0.795663,1.620379,0.299128,0.467371,0.279895,0.998457,1.853796,0.321266,0.630388,0.268846,0.387546,0.412959,1.137337,1.199680,1.858443,0.382397,0.352294,1.917655,0.419450,1.940692,1.957901,0.406140,0.297722,0.291423,0.363987,1.086416,1.606099,0.916064,1.960691,0.290689,0.444951,0.429795,0.412959,0.304829,0.238508,0.737678,0.332502,0.412702
1.899332,1.422832,0.679522,0.188678,0.361360,0.178725,0.174338,1.213370,0.945691,1.932098,0.261832,0.884338,0.841344,1.772654,0.238912,0.550431,0.965558,1.971269,0.221270,0.159568,0.088413,0.337177,0.000000,0.791300,0.154887,1.965159,0.431088,0.498586,1.938116,0.294137,1.507377,0.238912,0.170328,1.879895,0.169066,0.669456,0.998591,1.897638,0.272092,0.292835,0.535927,1.484165,0.361205,0.122238,0.160740,1.002885,0.479138,0.420903,0.263416,1.836131,1.656324,0.294137,0.479138,1.900506,0.265480,0.318128,1.918036,0.603304,0.241937,0.926069,0.174622,1.975570,0.593379,1.535100,0.206602,0.278451,0.198592,0.818077,1.852346,0.096755,0.431088,0.201149,0.237473,0.148637,0.970794,1.050474,1.838940,0.168817,0.211833,1.967855,0.333559,1.916982,1.988692,0.407811,0.146536,0.137183,0.131941,0.921143,1.624269,0.734208,1.958792,0.324988,0.166866,0.156741,0.148637,0.165790,0.225861,0.570522,0.077732,0.120072
1.904935,1.709676,1.185916,0.726026,0.551832,0.753203,0.753962,1.620540,1.429943,1.711229,0.835218,1.123230,1.071079,1.539705,0.756021,1.092358,1.271269,1.843976,0.647042,0.841607,0.837446,0.631888,0.791300,0.000000,0.721001,1.899815,1.015081,1.009116,1.885870,0.907394,1.054414,0.756021,0.720979,1.578399,0.854640,1.203714,1.489626,1.905726,0.686601,0.653663,1.089861,1.777427,0.571368,0.822048,0.800670,1.416976,1.071312,0.979686,0.855850,1.794557,1.780213,0.907394,1.071312,1.949807,0.737394,0.707631,1.851808,1.193853,0.733643,1.436116,0.813670,1.847357,1.160055,1.709313,0.747591,0.854853,0.668654,1.338147,1.804060,0.751285,1.015081,0.770692,0.789648,0.855480,1.440051,1.460068,1.916042,0.804866,0.730001,1.781039,0.739874,1.926139,1.821637,0.627895,0.716404,0.700520,0.803269,1.381986,1.419421,1.253004,1.893856,0.577187,0.893613,0.870092,0.855480,0.707097,0.723436,1.020186,0.768442,0.864475
1.906980,1.444502,0.675671,0.194439,0.301701,0.206269,0.190698,1.242900,0.982738,1.912222,0.300840,0.924509,0.784408,1.734298,0.219601,0.562380,1.021538,1.974942,0.224308,0.158455,0.189176,0.317056,0.154887,0.721001,0.000000,1.971997,0.433203,0.499975,1.954457,0.297359,1.451185,0.219601,0.129764,1.846524,0.177076,0.685688,1.027084,1.910153,0.269326,0.287737,0.534192,1.517811,0.299134,0.138160,0.190355,1.014866,0.492654,0.418749,0.295819,1.821807,1.666188,0.297359,0.492654,1.928109,0.284216,0.345156,1.909305,0.638813,0.293086,0.952865,0.227964,1.980432,0.619094,1.539837,0.205255,0.300761,0.169536,0.832130,1.851787,0.112733,0.433203,0.214628,0.275430,0.169814,0.984944,1.061983,1.864896,0.197325,0.242967,1.956908,0.327186,1.927337,1.985581,0.372629,0.075819,0.110749,0.113110,0.953385,1.576020,0.743183,1.962925,0.260870,0.222093,0.191791,0.169814,0.155918,0.207366,0.540852,0.124973,0.206193
0.494189,1.248291,1.792647,1.970500,1.974852,1.966119,1.965030,1.432719,1.639396,0.648606,1.952549,1.759390,1.773407,1.017375,1.960577,1.840871,1.689330,0.454425,1.976752,1.953143,1.955698,1.962349,1.965159,1.899815,1.971997,0.000000,1.887214,1.867000,0.473497,1.929049,1.459020,1.960577,1.971020,0.842790,1.950903,1.799895,1.600652,0.484159,1.971307,1.974722,1.851787,1.147807,1.974759,1.957882,1.958775,1.600698,1.866597,1.891529,1.947120,0.757140,0.979543,1.929049,1.866597,0.446531,1.969029,1.960774,0.518415,1.818277,1.971157,1.647852,1.955291,0.423761,1.816492,1.118196,1.963387,1.944347,1.979439,1.717750,0.644644,1.970071,1.887214,1.957510,1.962987,1.952341,1.624991,1.580494,0.632226,1.956075,1.970552,0.520210,1.952557,0.397864,0.422077,1.941560,1.974292,1.975235,1.959311,1.661224,1.217600,1.759455,0.408226,1.975850,1.943257,1.949056,1.952341,1.977879,1.964211,1.855315,1.967755,1.950859
1.786536,1.205141,0.286529,0.448520,0.600071,0.436514,0.405271,0.937826,0.720437,1.897228,0.424536,0.980407,0.583430,1.724255,0.381232,0.277693,1.011302,1.933691,0.561212,0.327132,0.363970,0.630388,0.431088,1.015081,0.433203,1.887214,0.000000,0.295645,1.902898,0.175069,1.603641,0.381232,0.423421,1.865535,0.317441,0.457117,0.673158,1.786515,0.527731,0.573321,0.127073,1.274821,0.605895,0.349226,0.353021,0.701972,0.106183,0.159556,0.368089,1.710410,1.495664,0.175069,0.106183,1.817027,0.539368,0.625343,1.798075,0.308730,0.587456,0.655267,0.398169,1.944859,0.339222,1.305491,0.424685,0.372512,0.534655,0.447256,1.738826,0.441503,0.000000,0.431760,0.475769,0.325208,0.620215,0.766124,1.753501,0.346545,0.500150,1.939862,0.513476,1.804711,1.958510,0.590601,0.449994,0.478064,0.365801,0.668538,1.501255,0.353965,1.891987,0.607621,0.314214,0.320306,0.325208,0.500087,0.466079,0.276491,0.432946,0.359361
1.751510,1.185502,0.392136,0.508215,0.633720,0.497127,0.481029,0.879313,0.668208,1.848207,0.544253,0.960382,0.669665,1.662027,0.461635,0.120797,1.010984,1.906867,0.605078,0.411875,0.435701,0.655828,0.498586,1.009116,0.499975,1.867000,0.295645,0.000000,1.876694,0.362535,1.578004,0.461635,0.498592,1.798089,0.401967,0.491922,0.685211,1.751641,0.612046,0.651871,0.349191,1.291504,0.650743,0.452949,0.474236,0.625509,0.263666,0.294941,0.505903,1.643248,1.513209,0.362535,0.263666,1.798830,0.620724,0.626571,1.758337,0.429844,0.652558,0.667325,0.512819,1.923612,0.384783,1.262526,0.512498,0.506236,0.590799,0.520181,1.669789,0.520667,0.295645,0.521759,0.563426,0.431901,0.618423,0.674576,1.763616,0.428131,0.585806,1.904509,0.618054,1.795508,1.926272,0.631566,0.503893,0.546833,0.437312,0.765679,1.472259,0.401080,1.870403,0.671077,0.423184,0.438039,0.431901,0.559645,0.553671,0.360654,0.513716,0.463956
0.586475,1.265314,1.837314,1.947900,1.961364,1.944147,1.943844,1.452808,1.623045,0.742644,1.930691,1.680229,1.869515,1.078707,1.950326,1.853589,1.618573,0.399462,1.942958,1.935207,1.932230,1.928582,1.938116,1.885870,1.954457,0.473497,1.902898,1.876694,0.000000,1.931486,1.505953,1.950326,1.957396,0.905640,1.932523,1.802690,1.625386,0.548339,1.953435,1.953846,1.879703,1.211465,1.962650,1.940956,1.945284,1.652126,1.878961,1.908142,1.926917,0.827783,1.058846,1.931486,1.878961,0.451045,1.932308,1.922394,0.656778,1.820834,1.921791,1.674630,1.935670,0.490016,1.822164,1.240951,1.948839,1.921681,1.953775,1.750950,0.759176,1.948008,1.902898,1.938544,1.932043,1.933317,1.668422,1.611636,0.663705,1.936526,1.947614,0.593532,1.932497,0.580572,0.484385,1.950509,1.952178,1.954328,1.940457,1.686334,1.392417,1.797542,0.524963,1.959071,1.924532,1.931615,1.933317,1.950400,1.944422,1.887614,1.945734,1.929163
1.844650,1.305936,0.434791,0.313410,0.470479,0.307684,0.269443,1.063177,0.820317,1.917116,0.308045,0.934676,0.643402,1.741660,0.254126,0.386582,0.987745,1.961015,0.422113,0.209658,0.239466,0.502800,0.294137,0.907394,0.297359,1.929049,0.175069,0.362535,1.931486,0.000000,1.554373,0.254126,0.283593,1.878133,0.204232,0.528311,0.812400,1.844625,0.396078,0.435686,0.273893,1.366671,0.471888,0.216881,0.191475,0.835633,0.258091,0.198751,0.265393,1.767796,1.564039,0.000000,0.258091,1.864933,0.403740,0.495971,1.854529,0.416091,0.450793,0.774024,0.261703,1.966195,0.415731,1.412636,0.300559,0.282391,0.389206,0.599810,1.794204,0.297708,0.175069,0.303593,0.348571,0.206531,0.766052,0.890793,1.798636,0.216018,0.362013,1.959231,0.406504,1.856905,1.979623,0.482248,0.311437,0.331786,0.240025,0.749727,1.537468,0.506297,1.929114,0.467104,0.208089,0.203860,0.206531,0.356594,0.340700,0.357076,0.290884,0.236842
1.555697,1.812031,1.644777,1.459030,1.325203,1.473859,1.487352,1.820096,1.803303,1.200043,1.527599,1.544570,1.421942,1.071086,1.475733,1.629838,1.644564,1.392817,1.423037,1.536951,1.536722,1.402041,1.507377,1.054414,1.451185,1.459020,1.603641,1.578004,1.505953,1.554373,0.000000,1.475733,1.448540,0.981154,1.545780,1.666028,1.803730,1.584580,1.411311,1.392147,1.630777,1.832425,1.334589,1.518491,1.508499,1.702179,1.637429,1.574652,1.540903,1.362842,1.622379,1.554373,1.637429,1.651768,1.468916,1.470928,1.404124,1.711325,1.468166,1.729193,1.527171,1.363831,1.638309,1.655160,1.477812,1.561770,1.415637,1.732865,1.397045,1.469978,1.603641,1.500466,1.498489,1.545630,1.747830,1.729328,1.722507,1.519255,1.452546,1.293035,1.492257,1.509013,1.304565,1.348236,1.453638,1.438037,1.515183,1.732164,1.221038,1.688726,1.448289,1.353597,1.569413,1.551611,1.545630,1.437588,1.467717,1.560411,1.480793,1.554369
1.888016,1.400505,0.615745,0.139567,0.257561,0.144542,0.144218,1.194336,0.945432,1.919221,0.305854,0.904476,0.727713,1.743570,0.000000,0.520016,0.985571,1.969952,0.289699,0.220895,0.230601,0.404445,0.238912,0.756021,0.219601,1.960577,0.381232,0.461635,1.950326,0.254126,1.475733,0.000000,0.212716,1.858270,0.226071,0.651747,0.965044,1.888583,0.223382,0.251890,0.475997,1.467096,0.292677,0.209291,0.182571,0.963858,0.444356,0.370423,0.245091,1.801377,1.630933,0.254126,0.444356,1.910447,0.351648,0.382534,1.886379,0.572778,0.360236,0.922649,0.217137,1.977481,0.556080,1.500325,0.234072,0.264883,0.263968,0.772240,1.836224,0.219017,0.381232,0.269037,0.323205,0.229903,0.924287,1.021654,1.854302,0.166297,0.266618,1.963436,0.340519,1.907822,1.982854,0.371989,0.225807,0.226983,0.218112,0.872454,1.546835,0.682738,1.957330,0.356333,0.254713,0.237487,0.229903,0.240238,0.276928,0.474097,0.224337,0.245851
1.908115,1.438688,0.660306,0.198972,0.294190,0.211494,0.189316,1.238714,0.975207,1.911570,0.284556,0.930972,0.759206,1.727927,0.212716,0.561810,1.028270,1.974336,0.239317,0.206484,0.190648,0.335027,0.170328,0.720979,0.129764,1.971020,0.423421,0.498592,1.957396,0.283593,1.448540,0.212716,0.000000,1.844360,0.219273,0.670791,1.017980,1.908441,0.260769,0.280433,0.523917,1.506614,0.299046,0.165283,0.187618,1.003527,0.486484,0.408844,0.281998,1.813713,1.660290,0.283593,0.486484,1.928963,0.285242,0.352000,1.903478,0.627534,0.303282,0.935784,0.243416,1.975739,0.616902,1.523919,0.187304,0.290447,0.178283,0.819246,1.843689,0.132188,0.423421,0.217788,0.272403,0.206322,0.973236,1.054434,1.869809,0.189289,0.238002,1.959725,0.311833,1.926613,1.986140,0.357242,0.118044,0.120874,0.178864,0.936919,1.556180,0.730298,1.959576,0.231602,0.246950,0.218571,0.206322,0.167751,0.209698,0.524018,0.146307,0.225150
0.964258,1.504066,1.815043,1.859175,1.790265,1.864046,1.866673,1.628942,1.745472,0.471875,1.887616,1.708814,1.687082,0.581349,1.858270,1.812394,1.744110,0.782243,1.837476,1.880513,1.884735,1.811466,1.879895,1.578399,1.846524,0.842790,1.865535,1.798089,0.905640,1.878133,0.981154,1.858270,1.844360,0.000000,1.882964,1.810488,1.760460,0.989926,1.849614,1.846451,1.858494,1.539641,1.800466,1.881206,1.883960,1.684735,1.861665,1.857794,1.886470,0.757882,1.347661,1.878133,1.861665,1.076869,1.864425,1.839870,0.759111,1.877182,1.869878,1.763113,1.892983,0.759629,1.842258,1.331346,1.863695,1.888003,1.839750,1.808456,0.787207,1.867205,1.865535,1.872793,1.875715,1.887452,1.733769,1.646320,1.226753,1.874427,1.871672,0.589675,1.864509,0.994694,0.625397,1.791596,1.847143,1.852549,1.871958,1.811147,0.979484,1.806537,0.850802,1.806306,1.898726,1.893436,1.887452,1.850023,1.857591,1.804046,1.872292,1.901115
1.865966,1.353317,0.564479,0.231224,0.418695,0.225443,0.196194,1.124573,0.857743,1.927691,0.283964,0.907068,0.765188,1.764064,0.226071,0.443664,0.972342,1.967283,0.314697,0.021945,0.134680,0.409674,0.169066,0.854640,0.177076,1.950903,0.317441,0.401967,1.932523,0.204232,1.545780,0.226071,0.219273,1.882964,0.000000,0.580310,0.897343,1.866573,0.342166,0.375563,0.417518,1.422720,0.413001,0.097879,0.168755,0.905031,0.363983,0.312846,0.255560,1.803685,1.607335,0.204232,0.363983,1.883502,0.326920,0.384405,1.888747,0.502033,0.340878,0.837313,0.193387,1.977217,0.498030,1.472624,0.238283,0.248018,0.285897,0.706422,1.826232,0.182754,0.317441,0.235850,0.287202,0.071581,0.863779,0.954095,1.814745,0.147428,0.294662,1.963944,0.351738,1.890506,1.987581,0.448683,0.191155,0.225649,0.076022,0.842260,1.595310,0.618893,1.948519,0.400223,0.097887,0.093123,0.071581,0.250849,0.267726,0.462356,0.175954,0.124932
1.649986,1.087648,0.454323,0.704372,0.829943,0.677213,0.683894,0.776876,0.493568,1.834938,0.659104,0.931134,0.754715,1.665337,0.651747,0.448714,0.920103,1.852165,0.798477,0.590417,0.619021,0.843056,0.669456,1.203714,0.685688,1.799895,0.457117,0.491922,1.802690,0.528311,1.666028,0.651747,0.670791,1.810488,0.580310,0.000000,0.587740,1.660895,0.762501,0.802640,0.441173,1.103746,0.865892,0.614975,0.640327,0.601350,0.425832,0.498065,0.599146,1.572481,1.366872,0.528311,0.425832,1.701475,0.760109,0.797317,1.684700,0.424987,0.806305,0.527159,0.666458,1.858166,0.505542,1.161468,0.685092,0.592079,0.753915,0.463702,1.637372,0.685419,0.457117,0.683163,0.700984,0.591505,0.560503,0.613426,1.676183,0.626291,0.746538,1.876311,0.723607,1.715484,1.877251,0.765504,0.687761,0.718679,0.622962,0.615450,1.468076,0.435712,1.790288,0.834777,0.576380,0.589392,0.591505,0.723506,0.719492,0.518262,0.681572,0.617905
1.432646,0.730441,0.508404,1.018793,1.162132,0.999735,0.985066,0.365957,0.437224,1.731489,0.950353,1.142794,0.843507,1.621868,0.965044,0.583963,1.069399,1.700225,1.118604,0.910961,0.931417,1.165950,0.998591,1.489626,1.027084,1.600652,0.673158,0.685211,1.625386,0.812400,1.803730,0.965044,1.017980,1.760460,0.897343,0.587740,0.000000,1.429436,1.087480,1.129359,0.604428,0.837888,1.168404,0.937961,0.958202,0.398933,0.599350,0.731802,0.909631,1.402224,1.168941,0.812400,0.599350,1.465236,1.066916,1.127201,1.485325,0.474083,1.112308,0.431048,0.972862,1.721029,0.598429,0.895019,1.001230,0.904670,1.109583,0.273363,1.427861,1.023472,0.673158,1.000242,1.002757,0.904925,0.197102,0.432364,1.431646,0.926583,1.055470,1.751868,1.041609,1.474233,1.744623,1.134297,1.037834,1.063621,0.951680,0.579730,1.435754,0.400188,1.615544,1.181779,0.876386,0.896532,0.904925,1.074881,1.037019,0.673986,1.013257,0.921665
0.265951,1.073306,1.669643,1.901078,1.927410,1.892961,1.894428,1.229079,1.449922,0.819792,1.877526,1.700341,1.712567,1.109896,1.888583,1.719659,1.614265,0.576407,1.918043,1.871747,1.878209,1.921698,1.897638,1.905726,1.910153,0.484159,1.786515,1.751641,0.548339,1.844625,1.584580,1.888583,1.908441,0.989926,1.866573,1.660895,1.429436,0.000000,1.914225,1.924367,1.744630,1.033334,1.939183,1.883476,1.889483,1.421411,1.755231,1.786486,1.864654,0.720004,0.706746,1.844625,1.755231,0.447804,1.902788,1.904675,0.522726,1.693628,1.910672,1.490958,1.885219,0.645760,1.699011,0.958483,1.898564,1.860160,1.932098,1.575900,0.651448,1.908883,1.786515,1.897057,1.889475,1.871748,1.462064,1.396251,0.648611,1.879049,1.908932,0.723296,1.891720,0.477901,0.646244,1.901156,1.913946,1.920110,1.883741,1.560724,1.250930,1.619188,0.581477,1.942615,1.857747,1.868237,1.871748,1.922508,1.909681,1.761099,1.904886,1.872683
1.912029,1.482837,0.760773,0.185441,0.216229,0.155359,0.237712,1.302368,1.059297,1.919796,0.300388,0.895304,0.830995,1.751776,0.223382,0.671072,0.989730,1.965824,0.265575,0.332520,0.305256,0.393268,0.272092,0.686601,0.269326,1.971307,0.527731,0.612046,1.953435,0.396078,1.411311,0.223382,0.260769,1.849614,0.342166,0.762501,1.087480,1.914225,0.000000,0.078484,0.622311,1.535566,0.285266,0.294771,0.280293,1.092457,0.589497,0.522715,0.265748,1.838662,1.666941,0.396078,0.589497,1.924435,0.329769,0.381612,1.915079,0.698581,0.329858,1.027001,0.297718,1.969219,0.699447,1.571827,0.291444,0.318997,0.238755,0.906043,1.865856,0.244621,0.527731,0.332985,0.316958,0.325781,1.058170,1.149990,1.878665,0.284738,0.192995,1.961212,0.326514,1.929564,1.974526,0.352811,0.269558,0.229528,0.309899,0.976880,1.572451,0.828415,1.963687,0.315325,0.353726,0.332697,0.325781,0.238678,0.318630,0.631170,0.257897,0.321206
1.924213,1.512219,0.805474,0.206046,0.193223,0.191965,0.263563,1.340195,1.094757,1.916404,0.330780,0.898919,0.861633,1.751044,0.251890,0.713695,0.998541,1.964459,0.258427,0.364872,0.335482,0.377628,0.292835,0.653663,0.287737,1.974722,0.573321,0.651871,1.953846,0.435686,1.392147,0.251890,0.280433,1.846451,0.375563,0.802640,1.129359,1.924367,0.078484,0.000000,0.666423,1.562786,0.269528,0.327211,0.305071,1.131371,0.635454,0.562717,0.315886,1.853030,1.688235,0.435686,0.635454,1.931439,0.332393,0.360868,1.925824,0.744622,0.323422,1.069468,0.321885,1.967213,0.737154,1.597899,0.309026,0.356041,0.232116,0.951147,1.878067,0.264715,0.573321,0.345674,0.333347,0.360698,1.100367,1.188171,1.884578,0.315927,0.198916,1.957367,0.334929,1.937435,1.971015,0.354576,0.282092,0.240383,0.337507,1.011428,1.581692,0.872680,1.966552,0.298953,0.389574,0.368459,0.360698,0.240836,0.326099,0.671999,0.279407,0.352081
1.743234,1.153472,0.187597,0.550560,0.691868,0.537867,0.507991,0.874648,0.682398,1.879331,0.516869,1.026030,0.540721,1.711907,0.475997,0.307670,1.037460,1.910843,0.662145,0.427420,0.471388,0.726855,0.535927,1.089861,0.534192,1.851787,0.127073,0.349191,1.879703,0.273893,1.630777,0.475997,0.523917,1.858494,0.417518,0.441173,0.604428,1.744630,0.622311,0.666423,0.000000,1.210905,0.695539,0.451033,0.449633,0.644724,0.155969,0.197825,0.457939,1.671310,1.436583,0.273893,0.155969,1.780848,0.632811,0.719902,1.754994,0.294604,0.683343,0.602544,0.487534,1.925413,0.320651,1.242629,0.522761,0.458384,0.634644,0.372177,1.709791,0.544101,0.127073,0.528813,0.571197,0.426324,0.539328,0.708416,1.714971,0.450867,0.599336,1.919898,0.600728,1.760828,1.938122,0.670161,0.552643,0.579950,0.466929,0.607864,1.468779,0.268472,1.862967,0.700577,0.411876,0.419304,0.426324,0.601217,0.562831,0.278694,0.536127,0.459064
1.021458,0.719869,1.139184,1.509909,1.598781,1.490373,1.484384,0.743105,0.883069,1.433390,1.442890,1.339515,1.317219,1.470246,1.467096,1.219938,1.208080,1.311935,1.571967,1.431816,1.442051,1.591450,1.484165,1.777427,1.517811,1.147807,1.274821,1.291504,1.211465,1.366671,1.832425,1.467096,1.506614,1.539641,1.422720,1.103746,0.837888,1.033334,1.535566,1.562786,1.210905,0.000000,1.606967,1.447180,1.458921,0.944782,1.228973,1.309098,1.413636,1.140738,0.935359,1.366671,1.228973,1.007788,1.522200,1.548016,1.132670,1.133867,1.551282,0.939841,1.459643,1.321062,1.178262,0.848203,1.494181,1.407797,1.554675,0.986406,1.135956,1.500389,1.274821,1.480595,1.488810,1.426387,0.904796,0.916925,1.002877,1.442409,1.532270,1.401847,1.488423,1.062432,1.361449,1.522171,1.517640,1.529119,1.460930,0.847990,1.293018,1.074141,1.217938,1.603037,1.400438,1.416492,1.426387,1.537807,1.512038,1.259949,1.494269,1.426495
1.937946,1.538687,0.821067,0.264301,0.199844,0.304432,0.287010,1.376033,1.144063,1.884602,0.456750,0.986748,0.818239,1.704935,0.292677,0.723299,1.101708,1.963160,0.286746,0.400888,0.403320,0.370898,0.361205,0.571368,0.299134,1.974759,0.605895,0.650743,1.962650,0.471888,1.334589,0.292677,0.299046,1.800466,0.413001,0.865892,1.168404,1.939183,0.285266,0.269528,0.695539,1.606967,0.000000,0.377530,0.350725,1.145343,0.670468,0.582163,0.455864,1.829736,1.721732,0.471888,0.670468,1.960404,0.393619,0.413596,1.910505,0.804803,0.372098,1.105791,0.369083,1.966673,0.755571,1.620950,0.351732,0.471271,0.269630,0.979933,1.860424,0.315908,0.605895,0.374147,0.418715,0.413517,1.119543,1.192472,1.901616,0.344726,0.345865,1.934623,0.437872,1.943980,1.960908,0.392635,0.301275,0.279570,0.371460,1.064186,1.547900,0.892917,1.967811,0.276401,0.449907,0.424665,0.413517,0.290782,0.348926,0.646356,0.329673,0.421803
1.882359,1.385611,0.598623,0.203582,0.382101,0.200008,0.172152,1.169855,0.907744,1.933841,0.253396,0.917523,0.767800,1.769469,0.209291,0.496869,0.988382,1.971541,0.279683,0.085530,0.102759,0.387983,0.122238,0.822048,0.138160,1.957882,0.349226,0.452949,1.940956,0.216881,1.518491,0.209291,0.165283,1.881206,0.097879,0.614975,0.937961,1.883476,0.294771,0.327211,0.451033,1.447180,0.377530,0.000000,0.141147,0.946445,0.404233,0.347130,0.237193,1.815716,1.619478,0.216881,0.404233,1.897844,0.290772,0.379638,1.898269,0.534301,0.307350,0.869036,0.176682,1.979270,0.535126,1.497974,0.200729,0.248953,0.247016,0.742817,1.838897,0.115006,0.349226,0.207886,0.254889,0.059326,0.904874,1.002537,1.831939,0.137662,0.249220,1.970293,0.336127,1.902072,1.991476,0.419175,0.157974,0.165889,0.083327,0.863117,1.595754,0.660694,1.953519,0.350785,0.095451,0.063046,0.059326,0.213200,0.230322,0.483280,0.106781,0.086148
