0.000000,1.069111,1.670606,1.887259,1.909760,1.877067,1.878995,1.193389,1.418583,0.851244,1.857869,1.638536,1.735117,1.109225,1.867280,1.705028,1.525255,0.614751,1.903460,1.851466,1.862342,1.894606,1.879876,1.888450,1.892165,0.539279,1.769054,1.735801,0.627135,1.829361,1.591446,1.867280,1.877105,0.975929,1.846913,1.603565,1.419937,0.268264,1.901200,1.915471,1.733879,1.030067,1.927835,1.864645,1.870888,1.435181,1.735388,1.782505,1.836854,0.623371,0.778328,1.829361,1.735388,0.526036,1.893824,1.911092,0.450735,1.662028,1.898360,1.482321,1.859946,0.666223,1.685190,0.941954,1.859381,1.833892,1.913472,1.561961,0.763722,1.889456,1.769054,1.860162,1.876034,1.853912,1.477248,1.362946,0.699914,1.863247,1.898880,0.744479,1.880068,0.533182,0.674459,1.866753,1.892950,1.901028,1.863583,1.468786,1.154661,1.626355,0.588934,1.910288,1.839504,1.849437,1.853912,1.909664,1.871546,1.766728,1.885068,1.856557
1.069111,0.000000,1.133824,1.418044,1.531196,1.404967,1.393360,0.556508,0.793733,1.492022,1.349487,1.233659,1.400614,1.486240,1.403279,1.128755,1.150281,1.334911,1.450150,1.338309,1.350122,1.478172,1.389609,1.722189,1.427050,1.238106,1.220453,1.195799,1.204760,1.311831,1.870639,1.403279,1.402958,1.542888,1.329749,1.080394,0.730807,1.066575,1.474955,1.503368,1.182408,0.825613,1.560789,1.361471,1.392347,0.906165,1.158734,1.282977,1.327390,1.112960,1.119518,1.311831,1.158734,1.064422,1.429571,1.483748,1.185953,1.015057,1.426269,0.951378,1.381336,1.391419,1.092177,0.719847,1.376822,1.314065,1.470358,0.936332,1.056674,1.415097,1.220453,1.375529,1.391366,1.335136,0.856741,0.870073,1.134339,1.353478,1.438554,1.453688,1.404967,1.226286,1.425901,1.478555,1.425839,1.447361,1.363764,0.952521,1.455567,1.042974,1.285171,1.493356,1.311138,1.329615,1.335136,1.461460,1.407123,1.252103,1.404656,1.341410
1.670606,1.133824,0.000000,0.627540,0.754468,0.624409,0.589257,0.846986,0.680972,1.849222,0.635853,1.210365,0.486127,1.659576,0.553534,0.315026,1.263401,1.874895,0.742888,0.534194,0.558216,0.757956,0.608815,1.121842,0.616536,1.817590,0.256522,0.375369,1.841943,0.395321,1.608667,0.553534,0.565732,1.815488,0.528325,0.503496,0.546584,1.657896,0.706660,0.754412,0.173415,1.185730,0.762163,0.540980,0.539880,0.481131,0.240778,0.285966,0.545889,1.610724,1.362730,0.395321,0.240778,1.776866,0.758954,0.826654,1.697919,0.390704,0.755392,0.512436,0.566339,1.895903,0.331805,1.171452,0.566997,0.534655,0.718120,0.304104,1.659573,0.612584,0.256522,0.594768,0.703215,0.529345,0.389811,0.610018,1.726405,0.548231,0.718863,1.885590,0.664766,1.753102,1.909912,0.758935,0.640141,0.648255,0.563425,0.741116,1.384835,0.136053,1.832293,0.703718,0.515214,0.519180,0.529345,0.690182,0.617394,0.329486,0.599515,0.554918
1.887259,1.418044,0.627540,0.000000,0.264042,0.084681,0.090580,1.214600,0.957290,1.903982,0.307367,1.000582,0.731061,1.707519,0.146027,0.517170,1.136491,1.974389,0.217052,0.226692,0.184167,0.302478,0.167529,0.714025,0.177484,1.957031,0.416557,0.456828,1.953352,0.282194,1.459929,0.146027,0.198188,1.852492,0.235059,0.726394,0.972364,1.868681,0.181329,0.204078,0.498130,1.452593,0.302758,0.192830,0.189097,0.917372,0.473843,0.391964,0.292919,1.824056,1.634692,0.282194,0.473843,1.918498,0.310944,0.301031,1.916057,0.613358,0.272140,0.917875,0.227150,1.983197,0.571445,1.494039,0.226534,0.316149,0.206661,0.798283,1.811291,0.156862,0.416557,0.244088,0.295483,0.221574,0.905851,1.025102,1.866097,0.145511,0.219304,1.956821,0.314426,1.930101,1.983576,0.367915,0.184989,0.159388,0.201485,0.949214,1.516544,0.677272,1.965389,0.281522,0.247751,0.233336,0.221574,0.193761,0.251792,0.453196,0.162510,0.219103
1.909760,1.531196,0.754468,0.264042,0.000000,0.282311,0.320716,1.340706,1.097405,1.843468,0.484756,1.065984,0.720576,1.621980,0.255350,0.663695,1.225827,1.962624,0.323980,0.431874,0.398574,0.318988,0.366048,0.537372,0.314365,1.964200,0.579515,0.581393,1.966594,0.451371,1.313623,0.255350,0.316703,1.769312,0.443928,0.867361,1.127537,1.899784,0.228834,0.199984,0.648647,1.535636,0.243844,0.397011,0.368636,1.032993,0.646936,0.527011,0.473429,1.823571,1.681119,0.451371,0.646936,1.958469,0.444667,0.367928,1.912815,0.800002,0.419962,1.055956,0.417974,1.962318,0.726678,1.542640,0.369909,0.496943,0.279067,0.952598,1.825041,0.331245,0.579515,0.383092,0.457228,0.435045,1.042329,1.123291,1.909460,0.372881,0.352291,1.917527,0.433157,1.942851,1.954361,0.368810,0.310634,0.289267,0.396381,1.075822,1.435200,0.821674,1.963222,0.292495,0.471041,0.448621,0.435045,0.286670,0.359077,0.567570,0.345932,0.441005
1.877067,1.404967,0.624409,0.084681,0.282311,0.000000,0.137183,1.198966,0.943069,1.905824,0.291980,0.998399,0.742569,1.713516,0.162621,0.506880,1.130024,1.972294,0.223047,0.225296,0.187975,0.324449,0.170654,0.736903,0.195098,1.953880,0.413730,0.448582,1.950069,0.286106,1.473718,0.162621,0.223672,1.857513,0.231948,0.716416,0.960087,1.861200,0.152958,0.193151,0.494877,1.440556,0.337306,0.200331,0.201393,0.905350,0.467707,0.395165,0.262833,1.826213,1.627391,0.286106,0.467707,1.910774,0.318802,0.318550,1.914434,0.604290,0.272283,0.907357,0.233408,1.980782,0.568728,1.476956,0.238193,0.296866,0.218075,0.789684,1.812642,0.171430,0.413730,0.252541,0.289918,0.223840,0.896045,1.012107,1.861760,0.168575,0.203923,1.958268,0.307622,1.925892,1.981761,0.371666,0.203075,0.178929,0.203008,0.940815,1.513668,0.669975,1.961774,0.305389,0.243935,0.234877,0.223840,0.207757,0.268777,0.463132,0.175728,0.219270
1.878995,1.393360,0.589257,0.090580,0.320716,0.137183,0.000000,1.189764,0.933441,1.911625,0.304350,1.009359,0.710215,1.720016,0.157709,0.492528,1.136371,1.974270,0.242269,0.196636,0.157698,0.327464,0.151840,0.753074,0.179387,1.950992,0.376233,0.443025,1.946925,0.243360,1.487111,0.157709,0.185508,1.863723,0.203717,0.696154,0.936373,1.857767,0.236143,0.264273,0.457091,1.425774,0.321828,0.160513,0.152128,0.889669,0.432689,0.357033,0.273005,1.818778,1.612510,0.243360,0.432689,1.910103,0.326862,0.330041,1.909479,0.572273,0.280664,0.881302,0.181580,1.984829,0.534232,1.480934,0.216358,0.286207,0.234329,0.756341,1.807437,0.146645,0.376233,0.236420,0.304015,0.186597,0.870418,1.002978,1.851506,0.094323,0.249908,1.959692,0.306988,1.921966,1.988059,0.391252,0.192653,0.166829,0.180080,0.919497,1.520413,0.639129,1.961978,0.291869,0.209683,0.195107,0.186597,0.216292,0.248163,0.415967,0.144570,0.184060
1.193389,0.556508,0.846986,1.214600,1.340706,1.198966,1.189764,0.000000,0.450059,1.588032,1.161202,1.178933,1.166189,1.504320,1.181291,0.836221,1.120413,1.516435,1.271135,1.117440,1.146898,1.292254,1.192954,1.585804,1.224680,1.428709,0.967401,0.911875,1.437380,1.083896,1.840486,1.181291,1.199956,1.624890,1.106097,0.782143,0.391168,1.194649,1.292050,1.329711,0.921754,0.781033,1.380353,1.153203,1.188496,0.573387,0.894427,1.020076,1.117194,1.186725,1.108134,1.083896,0.894427,1.290785,1.255505,1.324813,1.298583,0.741637,1.260791,0.631573,1.180300,1.565181,0.817043,0.725711,1.162152,1.101422,1.287193,0.648354,1.237624,1.216883,0.967401,1.172508,1.207561,1.124635,0.522582,0.458190,1.308936,1.142408,1.261107,1.586420,1.214059,1.373469,1.587491,1.286996,1.225889,1.252937,1.148782,0.772629,1.339831,0.739623,1.441478,1.313189,1.097348,1.119379,1.124635,1.272427,1.205099,1.013336,1.204760,1.139836
1.418583,0.793733,0.680972,0.957290,1.097405,0.943069,0.933441,0.450059,0.000000,1.723795,0.920470,1.039080,1.038192,1.591886,0.922426,0.613689,1.020615,1.701745,1.013868,0.849118,0.881479,1.022103,0.927760,1.396605,0.959260,1.618811,0.745621,0.681336,1.624253,0.847324,1.785404,0.922426,0.938624,1.724107,0.838856,0.463426,0.407411,1.398404,1.045805,1.082405,0.715973,0.844163,1.155315,0.886260,0.942712,0.476996,0.675853,0.794964,0.869589,1.376104,1.210732,0.847324,0.675853,1.504480,1.000583,1.080357,1.502529,0.544744,1.003398,0.452398,0.926898,1.729284,0.617013,0.915697,0.883818,0.847418,1.029696,0.542768,1.440277,0.953640,0.745621,0.892149,0.957008,0.855388,0.494004,0.394268,1.491482,0.888431,1.015223,1.742255,0.964564,1.567136,1.756772,1.024421,0.959393,0.991052,0.879626,0.622322,1.360961,0.588841,1.627077,1.056094,0.829419,0.851536,0.855388,1.013893,0.925575,0.807500,0.942411,0.874107
0.851244,1.492022,1.849222,1.903982,1.843468,1.905824,1.911625,1.588032,1.723795,0.000000,1.928649,1.649368,1.777077,0.545043,1.891477,1.857526,1.621895,0.640082,1.896392,1.918307,1.924232,1.866703,1.921113,1.679133,1.903890,0.680915,1.898893,1.851329,0.782948,1.913700,1.149242,1.891477,1.896856,0.489652,1.918806,1.840244,1.760469,0.920922,1.896938,1.888796,1.884634,1.432609,1.867821,1.923881,1.919042,1.737561,1.894696,1.884859,1.920809,0.784972,1.286785,1.913700,1.894696,0.889898,1.909533,1.895078,0.701732,1.881003,1.917402,1.762409,1.918991,0.623237,1.834256,1.312735,1.905587,1.917985,1.890783,1.829922,0.871698,1.915190,1.898893,1.903812,1.921905,1.926655,1.769017,1.660096,0.868166,1.917953,1.913612,0.285314,1.906957,0.678179,0.543255,1.841152,1.897101,1.905100,1.913959,1.744350,1.105358,1.840125,0.690246,1.875096,1.931062,1.930415,1.926655,1.898309,1.898519,1.882208,1.918766,1.934086
1.857869,1.349487,0.635853,0.307367,0.484756,0.291980,0.304350,1.161202,0.920470,1.928649,0.000000,0.957475,0.814114,1.765359,0.355617,0.529625,1.061754,1.965242,0.312043,0.278366,0.268255,0.413291,0.283023,0.846270,0.323946,1.932983,0.421493,0.506348,1.927498,0.323833,1.556941,0.355617,0.354660,1.896066,0.276227,0.713167,0.911093,1.840842,0.335054,0.375037,0.496951,1.385072,0.498581,0.280412,0.288501,0.904139,0.458490,0.444509,0.220541,1.830950,1.610926,0.323833,0.458490,1.866759,0.220923,0.408964,1.909608,0.544959,0.289187,0.898698,0.315559,1.965728,0.587620,1.471706,0.283535,0.265424,0.346972,0.750835,1.809299,0.287580,0.421493,0.288449,0.161836,0.282479,0.879353,1.018006,1.819697,0.264965,0.248923,1.963280,0.270842,1.908362,1.974030,0.442087,0.326120,0.310793,0.287349,0.875935,1.541441,0.668693,1.933795,0.413848,0.277801,0.280064,0.282479,0.338953,0.313112,0.522742,0.287698,0.263648
1.638536,1.233659,1.210365,1.000582,1.065984,0.998399,1.009359,1.178933,1.039080,1.649368,0.957475,0.000000,1.387769,1.525863,1.049777,1.090621,0.275998,1.690222,0.945517,0.997760,1.017439,1.013689,1.015454,1.148378,1.022321,1.646341,1.101598,1.090622,1.630771,1.076863,1.561627,1.049777,1.051520,1.629528,0.994708,1.057911,1.155509,1.618828,1.018559,1.023545,1.135551,1.275220,1.125571,1.021771,1.055614,1.218185,1.092382,1.139097,0.972329,1.548025,1.587271,1.076863,1.092382,1.536960,0.934923,0.998218,1.677527,1.014093,0.969357,1.215131,1.035068,1.699044,1.048181,1.397524,1.010205,0.976622,1.010661,1.179045,1.494619,1.021222,1.101598,0.999448,0.950372,1.007392,1.230917,1.245400,1.554263,1.002077,0.989932,1.692964,0.987748,1.657220,1.702414,0.894512,1.006816,1.029595,1.001689,1.049325,1.518415,1.185849,1.653655,1.069280,1.009542,1.016438,1.007392,1.015576,1.005731,1.178547,1.022070,1.015546
1.735117,1.400614,0.486127,0.731061,0.720576,0.742569,0.710215,1.166189,1.038192,1.777077,0.814114,1.387769,0.000000,1.567680,0.639795,0.661783,1.465296,1.859028,0.841815,0.721928,0.730081,0.791183,0.744722,0.969917,0.707584,1.821466,0.554210,0.653289,1.876732,0.581749,1.356661,0.639795,0.650885,1.713494,0.726451,0.805774,0.919453,1.725805,0.752768,0.780054,0.526841,1.364016,0.703116,0.697294,0.654229,0.815315,0.601811,0.508882,0.732664,1.634403,1.417052,0.581749,0.601811,1.861308,0.882720,0.915702,1.688885,0.769553,0.884150,0.849608,0.698922,1.869231,0.681040,1.324089,0.694366,0.727000,0.774857,0.699051,1.704858,0.716361,0.554210,0.717008,0.857576,0.714871,0.752057,0.901208,1.796272,0.715328,0.827165,1.832757,0.772619,1.762587,1.869543,0.796133,0.732632,0.719456,0.724727,1.015624,1.286749,0.588650,1.836789,0.705098,0.728698,0.710412,0.714871,0.753709,0.708066,0.517551,0.712683,0.738390
1.109225,1.486240,1.659576,1.707519,1.621980,1.713516,1.720016,1.504320,1.591886,0.545043,1.765359,1.525863,1.567680,0.000000,1.682284,1.660835,1.561472,1.035963,1.717086,1.734959,1.746197,1.663041,1.743414,1.476821,1.707785,1.035422,1.704396,1.644685,1.141403,1.718772,1.004992,1.682284,1.694529,0.618852,1.736751,1.673475,1.637623,1.174779,1.705912,1.697690,1.690415,1.394954,1.662790,1.743363,1.731095,1.584231,1.706339,1.687051,1.744670,0.851703,1.369782,1.718772,1.706339,1.226422,1.745384,1.722399,0.948910,1.721861,1.760455,1.619498,1.740197,1.036077,1.637659,1.284496,1.711130,1.744065,1.692453,1.669697,1.008076,1.730463,1.704396,1.709893,1.761879,1.748553,1.616246,1.506597,1.202656,1.727984,1.744716,0.782690,1.732977,1.007894,0.954577,1.628512,1.699496,1.715393,1.728456,1.590943,0.946191,1.660156,1.069033,1.674016,1.761573,1.756798,1.748553,1.701181,1.699690,1.678456,1.737007,1.767224
1.867280,1.403279,0.553534,0.146027,0.255350,0.162621,0.157709,1.181291,0.922426,1.891477,0.355617,1.049777,0.639795,1.682284,0.000000,0.468403,1.178834,1.970811,0.304962,0.248905,0.220961,0.339775,0.225057,0.736860,0.212868,1.950201,0.358470,0.408812,1.954638,0.237879,1.457642,0.000000,0.184844,1.838496,0.256649,0.677733,0.930602,1.851696,0.226902,0.255612,0.431349,1.415791,0.317587,0.214961,0.199326,0.859551,0.423034,0.329850,0.298384,1.800132,1.598766,0.237879,0.423034,1.919546,0.388149,0.385398,1.892090,0.581534,0.363746,0.868516,0.256454,1.979707,0.524182,1.458709,0.224324,0.310102,0.273266,0.743601,1.810350,0.205399,0.358470,0.252953,0.366419,0.244303,0.847283,0.965175,1.864374,0.180530,0.303632,1.949581,0.323756,1.915120,1.981234,0.383574,0.227634,0.209666,0.233322,0.910994,1.453000,0.613620,1.956915,0.290806,0.268538,0.251052,0.244303,0.255074,0.257203,0.373539,0.206614,0.254674
1.705028,1.128755,0.315026,0.517170,0.663695,0.506880,0.492528,0.836221,0.613689,1.857526,0.529625,1.090621,0.661783,1.660835,0.468403,0.000000,1.169313,1.901364,0.618503,0.415638,0.436484,0.634030,0.490947,1.048262,0.511296,1.853142,0.266117,0.123054,1.859535,0.365392,1.620339,0.468403,0.480103,1.813310,0.406823,0.503690,0.587572,1.700187,0.619181,0.663661,0.284067,1.217086,0.699894,0.444674,0.485454,0.523390,0.212458,0.304820,0.475194,1.643870,1.467541,0.365392,0.212458,1.790908,0.639110,0.693284,1.753113,0.359830,0.630720,0.560280,0.509740,1.913966,0.321088,1.196277,0.463808,0.474737,0.602384,0.426982,1.658791,0.511641,0.266117,0.488050,0.581297,0.424024,0.494311,0.606930,1.757615,0.444902,0.605006,1.901494,0.586538,1.805361,1.925862,0.684817,0.521368,0.548803,0.442507,0.758969,1.420355,0.298126,1.854100,0.626886,0.408253,0.422645,0.424024,0.579351,0.518360,0.366296,0.497207,0.451228
1.525255,1.150281,1.263401,1.136491,1.225827,1.130024,1.136371,1.120413,1.020615,1.621895,1.061754,0.275998,1.465296,1.561472,1.178834,1.169313,0.000000,1.604678,1.088809,1.106961,1.131821,1.164323,1.136309,1.313532,1.154307,1.538708,1.181836,1.187946,1.534148,1.179503,1.648610,1.178834,1.181871,1.635872,1.101677,1.080919,1.131149,1.498576,1.157093,1.168443,1.203769,1.160144,1.272641,1.132995,1.170050,1.220940,1.161704,1.227847,1.068971,1.493032,1.484359,1.179503,1.161704,1.400349,1.060595,1.143129,1.590633,1.051574,1.097019,1.212307,1.140791,1.619555,1.116446,1.333105,1.130731,1.065967,1.155980,1.192457,1.437974,1.146268,1.181836,1.122841,1.066108,1.114342,1.234981,1.242910,1.420789,1.122877,1.118189,1.635507,1.095285,1.545501,1.633489,1.033096,1.143005,1.162347,1.117975,1.025265,1.524660,1.226640,1.550870,1.210503,1.106542,1.118003,1.114342,1.156036,1.134520,1.268943,1.143984,1.117575
0.614751,1.334911,1.874895,1.974389,1.962624,1.972294,1.974270,1.516435,1.701745,0.640082,1.965242,1.690222,1.859028,1.035963,1.970811,1.901364,1.604678,0.000000,1.971515,1.969967,1.971333,1.965404,1.975729,1.865753,1.979694,0.443939,1.935747,1.916471,0.383305,1.962621,1.430150,1.970811,1.976543,0.796525,1.968643,1.837114,1.695893,0.671961,1.973435,1.970694,1.916350,1.344700,1.970110,1.973822,1.975372,1.735701,1.918921,1.938745,1.965229,0.774964,1.146398,1.962621,1.918921,0.521538,1.964818,1.963855,0.556998,1.865326,1.967187,1.754495,1.970388,0.368455,1.881003,1.255539,1.973209,1.962330,1.975547,1.803139,0.776975,1.979429,1.935747,1.970039,1.963940,1.969097,1.737328,1.670563,0.727457,1.970676,1.967668,0.459456,1.970641,0.570483,0.296556,1.951086,1.977124,1.980765,1.972816,1.727718,1.303618,1.848716,0.427117,1.977629,1.963983,1.967962,1.969097,1.977311,1.973953,1.924776,1.979219,1.969056
1.903460,1.450150,0.742888,0.217052,0.323980,0.223047,0.242269,1.271135,1.013868,1.896392,0.312043,0.945517,0.841815,1.717086,0.304962,0.618503,1.088809,1.971515,0.000000,0.287282,0.281305,0.274221,0.243485,0.684388,0.233364,1.962485,0.538762,0.558515,1.946892,0.404224,1.455539,0.304962,0.295172,1.841679,0.295128,0.800879,1.052915,1.888022,0.258648,0.257728,0.615464,1.472762,0.357471,0.287731,0.300874,1.007348,0.590104,0.508242,0.366354,1.842216,1.676104,0.404224,0.590104,1.911574,0.236927,0.258841,1.930174,0.698540,0.157752,0.997443,0.315774,1.970013,0.673122,1.526274,0.279799,0.390194,0.203695,0.897696,1.821415,0.230458,0.538762,0.280842,0.239616,0.309606,1.002631,1.101764,1.866647,0.266304,0.216194,1.947640,0.347965,1.943481,1.974281,0.358420,0.211922,0.212540,0.258012,0.988852,1.535034,0.785708,1.954410,0.305702,0.334101,0.324556,0.309606,0.218157,0.279551,0.594386,0.244304,0.304850
1.851466,1.338309,0.534194,0.226692,0.431874,0.225296,0.196636,1.117440,0.849118,1.918307,0.278366,0.997760,0.721928,1.734959,0.248905,0.415638,1.106961,1.969967,0.287282,0.000000,0.145705,0.373914,0.164351,0.847753,0.158758,1.937700,0.323737,0.384521,1.935816,0.223189,1.542270,0.248905,0.215086,1.875247,0.020793,0.618744,0.860841,1.831799,0.336660,0.372155,0.402864,1.362138,0.438606,0.100128,0.202822,0.823763,0.365047,0.322459,0.260271,1.794333,1.580021,0.223189,0.365047,1.882691,0.325112,0.398534,1.887348,0.500262,0.297535,0.797363,0.229488,1.975186,0.477144,1.418090,0.203596,0.269851,0.269034,0.683865,1.787207,0.165022,0.323737,0.218290,0.288082,0.083980,0.799374,0.929929,1.828601,0.165838,0.302363,1.959957,0.324485,1.905055,1.985008,0.453087,0.172703,0.209097,0.053198,0.857053,1.526370,0.573481,1.936464,0.341181,0.113751,0.104663,0.083980,0.243383,0.247735,0.420007,0.158646,0.140107
1.862342,1.350122,0.558216,0.184167,0.398574,0.187975,0.157698,1.146898,0.881479,1.924232,0.268255,1.017439,0.730081,1.746197,0.220961,0.436484,1.131821,1.971333,0.281305,0.145705,0.000000,0.359660,0.078833,0.818622,0.181553,1.942081,0.337167,0.397128,1.935844,0.222894,1.532819,0.220961,0.178318,1.882644,0.151368,0.664061,0.887379,1.841904,0.293715,0.323462,0.423490,1.396163,0.406617,0.094934,0.174920,0.852297,0.380762,0.334669,0.259332,1.817374,1.598877,0.222894,0.380762,1.889717,0.310924,0.366512,1.905485,0.527097,0.274928,0.827428,0.221815,1.976162,0.508239,1.452714,0.204927,0.275359,0.260028,0.709399,1.800682,0.123744,0.337167,0.213675,0.273971,0.106464,0.826134,0.962986,1.832658,0.136256,0.258449,1.964946,0.315681,1.912241,1.988606,0.458582,0.198179,0.174764,0.136859,0.892350,1.547684,0.598149,1.947568,0.308071,0.108916,0.104211,0.106464,0.238336,0.248226,0.415690,0.104708,0.072298
1.894606,1.478172,0.757956,0.302478,0.318988,0.324449,0.327464,1.292254,1.022103,1.866703,0.413291,1.013689,0.791183,1.663041,0.339775,0.634030,1.164323,1.965404,0.274221,0.373914,0.359660,0.000000,0.324606,0.636230,0.288728,1.955667,0.568548,0.563985,1.946466,0.446012,1.389837,0.339775,0.316098,1.797061,0.384205,0.801929,1.082572,1.873256,0.343097,0.334174,0.640128,1.455369,0.357812,0.362098,0.366608,1.013500,0.622074,0.524012,0.456133,1.811941,1.645631,0.446012,0.622074,1.928759,0.345082,0.375759,1.908073,0.740409,0.325620,0.995911,0.394686,1.959181,0.713689,1.520802,0.279336,0.476873,0.268846,0.924095,1.814855,0.302734,0.568548,0.247045,0.366447,0.388924,1.025374,1.090147,1.882298,0.354400,0.345182,1.926815,0.402453,1.940061,1.958930,0.399262,0.272570,0.271863,0.342016,0.999540,1.473330,0.811569,1.947450,0.269838,0.420357,0.403872,0.388924,0.284515,0.209185,0.605893,0.318209,0.393996
1.879876,1.389609,0.608815,0.167529,0.366048,0.170654,0.151840,1.192954,0.927760,1.921113,0.283023,1.015454,0.744722,1.743414,0.225057,0.490947,1.136309,1.975729,0.243485,0.164351,0.078833,0.324606,0.000000,0.781731,0.150774,1.950244,0.390687,0.446495,1.942600,0.263972,1.503314,0.225057,0.163359,1.878695,0.173896,0.700789,0.940982,1.859047,0.263111,0.284065,0.475296,1.426210,0.362236,0.116492,0.177339,0.901620,0.439460,0.377312,0.279048,1.833976,1.617566,0.263972,0.439460,1.902564,0.294935,0.337014,1.919282,0.583970,0.242374,0.871430,0.221208,1.977781,0.557056,1.482610,0.211980,0.297308,0.208109,0.764268,1.817153,0.080706,0.390687,0.212433,0.270082,0.141039,0.880066,1.008561,1.843505,0.157838,0.232909,1.963330,0.308095,1.922088,1.989020,0.434845,0.163982,0.124375,0.137872,0.933511,1.557867,0.653354,1.953285,0.264635,0.159432,0.147627,0.141039,0.190354,0.237772,0.462973,0.062561,0.114045
1.888450,1.722189,1.121842,0.714025,0.537372,0.736903,0.753074,1.585804,1.396605,1.679133,0.846270,1.148378,0.969917,1.476821,0.736860,1.048262,1.313532,1.865753,0.684388,0.847753,0.818622,0.636230,0.781731,0.000000,0.732707,1.880665,0.986839,0.966957,1.910719,0.878349,1.037340,0.736860,0.734667,1.583506,0.858751,1.218131,1.442783,1.887501,0.660186,0.626522,1.044270,1.665201,0.594412,0.816614,0.788979,1.336817,1.044387,0.919963,0.870023,1.789092,1.738829,0.878349,1.044387,1.938784,0.758022,0.679763,1.858232,1.167092,0.761908,1.370793,0.814792,1.842076,1.106025,1.661321,0.774896,0.893268,0.674025,1.299141,1.766286,0.746623,0.986839,0.774992,0.802435,0.851647,1.373220,1.401815,1.883376,0.804303,0.736135,1.773364,0.802878,1.890654,1.829286,0.639406,0.720830,0.699648,0.813407,1.331483,1.369827,1.188163,1.883443,0.638462,0.883727,0.862568,0.851647,0.693469,0.741502,0.953771,0.762165,0.850755
1.892165,1.427050,0.616536,0.177484,0.314365,0.195098,0.179387,1.224680,0.959260,1.903890,0.323946,1.022321,0.707584,1.707785,0.212868,0.511296,1.154307,1.979694,0.233364,0.158758,0.181553,0.288728,0.150774,0.732707,0.000000,1.959162,0.408920,0.457037,1.956650,0.276772,1.453117,0.212868,0.158904,1.846067,0.176656,0.716703,0.978932,1.874012,0.259143,0.277301,0.489417,1.442928,0.326488,0.137052,0.196537,0.920628,0.468395,0.380590,0.316798,1.819682,1.628359,0.276772,0.468395,1.923148,0.313925,0.347331,1.911509,0.627233,0.280535,0.897427,0.244047,1.978770,0.574624,1.482500,0.207089,0.337436,0.161831,0.792902,1.812103,0.104133,0.408920,0.209135,0.305702,0.167317,0.904220,1.021693,1.868293,0.204059,0.269675,1.955311,0.330666,1.930703,1.984738,0.403047,0.065152,0.105526,0.114324,0.954724,1.519045,0.674270,1.954341,0.233283,0.219823,0.190331,0.167317,0.138535,0.210235,0.469761,0.120594,0.204679
0.539279,1.238106,1.817590,1.957031,1.964200,1.953880,1.950992,1.428709,1.618811,0.680915,1.932983,1.646341,1.821466,1.035422,1.950201,1.853142,1.538708,0.443939,1.962485,1.937700,1.942081,1.955667,1.950244,1.880665,1.959162,0.000000,1.887162,1.878014,0.482154,1.928984,1.458789,1.950201,1.949530,0.867050,1.935363,1.763109,1.610891,0.555645,1.959437,1.963513,1.862649,1.198133,1.969502,1.942028,1.951982,1.657600,1.864001,1.901796,1.918894,0.708380,1.019988,1.928984,1.864001,0.455132,1.948743,1.962176,0.497378,1.803811,1.956845,1.657651,1.942751,0.471918,1.816163,1.179211,1.941158,1.910675,1.965744,1.722745,0.689394,1.955672,1.887162,1.941060,1.944703,1.935432,1.664639,1.601609,0.574050,1.944327,1.956246,0.543038,1.930583,0.336602,0.494425,1.916704,1.958949,1.961992,1.944577,1.626288,1.295494,1.786278,0.439317,1.960159,1.927018,1.932183,1.935432,1.964957,1.946199,1.882552,1.952821,1.935317
1.769054,1.220453,0.256522,0.416557,0.579515,0.413730,0.376233,0.967401,0.745621,1.898893,0.421493,1.101598,0.554210,1.704396,0.358470,0.266117,1.181836,1.935747,0.538762,0.323737,0.337167,0.568548,0.390687,0.986839,0.408920,1.887162,0.000000,0.293721,1.899725,0.170189,1.584964,0.358470,0.363200,1.862479,0.318636,0.524929,0.665547,1.755902,0.500616,0.551244,0.101626,1.264692,0.587006,0.323396,0.322908,0.633306,0.101074,0.176429,0.331547,1.715636,1.477881,0.170189,0.101074,1.839032,0.548119,0.627637,1.805164,0.348835,0.548327,0.629191,0.366072,1.948585,0.324015,1.304979,0.361206,0.332173,0.510283,0.434762,1.735255,0.395543,0.000000,0.387886,0.494164,0.312458,0.567276,0.760228,1.783565,0.331489,0.505068,1.939457,0.456489,1.836338,1.960851,0.586643,0.434752,0.436229,0.353139,0.764525,1.449441,0.313035,1.899391,0.507092,0.301309,0.302340,0.312458,0.481765,0.415312,0.253280,0.381672,0.335873
1.735801,1.195799,0.375369,0.456828,0.581393,0.448582,0.443025,0.911875,0.681336,1.851329,0.506348,1.090622,0.653289,1.644685,0.408812,0.123054,1.187946,1.916471,0.558515,0.384521,0.397128,0.563985,0.446495,0.966957,0.457037,1.878014,0.293721,0.000000,1.883739,0.347523,1.571474,0.408812,0.427811,1.796485,0.378182,0.556783,0.685950,1.730973,0.559068,0.600031,0.330833,1.275844,0.632857,0.410057,0.446882,0.587993,0.274949,0.287877,0.462148,1.665917,1.504556,0.347523,0.274949,1.825950,0.598329,0.630491,1.777387,0.438179,0.584504,0.638692,0.476542,1.927840,0.369563,1.234930,0.415493,0.467746,0.540123,0.530454,1.677833,0.463099,0.293721,0.443228,0.545075,0.397996,0.587535,0.663246,1.792449,0.404873,0.553394,1.904321,0.556946,1.834607,1.933701,0.631661,0.463833,0.492074,0.401931,0.807137,1.408813,0.383147,1.878901,0.567851,0.389774,0.400572,0.397996,0.520265,0.467636,0.359962,0.451810,0.424961
0.627135,1.204760,1.841943,1.953352,1.966594,1.950069,1.946925,1.437380,1.624253,0.782948,1.927498,1.630771,1.876732,1.141403,1.954638,1.859535,1.534148,0.383305,1.946892,1.935816,1.935844,1.946466,1.942600,1.910719,1.956650,0.482154,1.899725,1.883739,0.000000,1.932315,1.532937,1.954638,1.952475,0.901406,1.933247,1.784491,1.622940,0.680741,1.959918,1.959413,1.879827,1.287830,1.964621,1.941907,1.950330,1.696187,1.876881,1.914104,1.926704,0.778201,1.156641,1.932315,1.876881,0.407837,1.931960,1.938680,0.604721,1.809256,1.929605,1.683617,1.941821,0.461224,1.834306,1.253757,1.941348,1.919607,1.956765,1.747468,0.767362,1.951736,1.899725,1.937877,1.929426,1.933036,1.683322,1.621862,0.651117,1.937860,1.941226,0.604477,1.936881,0.567709,0.477865,1.947523,1.955223,1.958311,1.941797,1.680458,1.418700,1.807152,0.501067,1.961970,1.925185,1.931467,1.933036,1.956518,1.944515,1.899022,1.949606,1.931617
1.829361,1.311831,0.395321,0.282194,0.451371,0.286106,0.243360,1.083896,0.847324,1.913700,0.323833,1.076863,0.581749,1.718772,0.237879,0.365392,1.179503,1.962621,0.404224,0.223189,0.222894,0.446012,0.263972,0.878349,0.276772,1.928984,0.170189,0.347523,1.932315,0.000000,1.539171,0.237879,0.237482,1.871732,0.223568,0.599226,0.795734,1.814473,0.367202,0.413861,0.249199,1.346703,0.455703,0.203657,0.166218,0.756065,0.252044,0.193928,0.259937,1.772611,1.543896,0.000000,0.252044,1.883373,0.425464,0.496736,1.860384,0.443158,0.418689,0.749976,0.239796,1.969843,0.416734,1.393647,0.249712,0.276839,0.371534,0.581138,1.782131,0.258509,0.170189,0.276671,0.377461,0.210147,0.707778,0.879366,1.825870,0.209626,0.375106,1.957268,0.363512,1.886164,1.979869,0.494781,0.303589,0.295008,0.240433,0.831338,1.481853,0.459200,1.934461,0.380265,0.214954,0.203434,0.210147,0.344760,0.300870,0.285986,0.247858,0.229309
1.591446,1.870639,1.608667,1.459929,1.313623,1.473718,1.487111,1.840486,1.785404,1.149242,1.556941,1.561627,1.356661,1.004992,1.457642,1.620339,1.648610,1.430150,1.455539,1.542270,1.532819,1.389837,1.503314,1.037340,1.453117,1.458789,1.584964,1.571474,1.532937,1.539171,0.000000,1.457642,1.453869,0.986967,1.550859,1.666815,1.818599,1.602185,1.410224,1.386334,1.598240,1.755376,1.306691,1.522784,1.494753,1.697313,1.625389,1.535838,1.548085,1.435515,1.588609,1.539171,1.625389,1.661234,1.500808,1.438931,1.439621,1.730711,1.507918,1.721122,1.505883,1.378521,1.636151,1.680998,1.487290,1.560288,1.415099,1.729184,1.494535,1.475529,1.584964,1.490583,1.533391,1.545903,1.745739,1.708518,1.655099,1.525995,1.480517,1.271531,1.499016,1.458025,1.322839,1.351931,1.454047,1.442182,1.518913,1.711851,1.226090,1.667038,1.478765,1.373437,1.571790,1.553936,1.545903,1.426801,1.455925,1.540638,1.486205,1.553647
1.867280,1.403279,0.553534,0.146027,0.255350,0.162621,0.157709,1.181291,0.922426,1.891477,0.355617,1.049777,0.639795,1.682284,0.000000,0.468403,1.178834,1.970811,0.304962,0.248905,0.220961,0.339775,0.225057,0.736860,0.212868,1.950201,0.358470,0.408812,1.954638,0.237879,1.457642,0.000000,0.184844,1.838496,0.256649,0.677733,0.930602,1.851696,0.226902,0.255612,0.431349,1.415791,0.317587,0.214961,0.199326,0.859551,0.423034,0.329850,0.298384,1.800132,1.598766,0.237879,0.423034,1.919546,0.388149,0.385398,1.892090,0.581534,0.363746,0.868516,0.256454,1.979707,0.524182,1.458709,0.224324,0.310102,0.273266,0.743601,1.810350,0.205399,0.358470,0.252953,0.366419,0.244303,0.847283,0.965175,1.864374,0.180530,0.303632,1.949581,0.323756,1.915120,1.981234,0.383574,0.227634,0.209666,0.233322,0.910994,1.453000,0.613620,1.956915,0.290806,0.268538,0.251052,0.244303,0.255074,0.257203,0.373539,0.206614,0.254674
1.877105,1.402958,0.565732,0.198188,0.316703,0.223672,0.185508,1.199956,0.938624,1.896856,0.354660,1.051520,0.650885,1.694529,0.184844,0.480103,1.181871,1.976543,0.295172,0.215086,0.178318,0.316098,0.163359,0.734667,0.158904,1.949530,0.363200,0.427811,1.952475,0.237482,1.453869,0.184844,0.000000,1.843329,0.227116,0.691960,0.942994,1.859492,0.284304,0.305448,0.439444,1.424067,0.320512,0.170727,0.192448,0.880552,0.427128,0.338344,0.325168,1.805811,1.604564,0.237482,0.427128,1.921959,0.365551,0.381810,1.898034,0.595792,0.336918,0.860403,0.261484,1.972814,0.544154,1.462585,0.204493,0.338376,0.223501,0.747345,1.805474,0.136537,0.363200,0.214845,0.355769,0.207727,0.862563,0.990843,1.859221,0.197805,0.321915,1.951277,0.342852,1.918425,1.983854,0.410476,0.168714,0.141374,0.193229,0.931204,1.500305,0.627829,1.950974,0.193823,0.240265,0.214699,0.207727,0.207559,0.219835,0.403737,0.134477,0.218332
0.975929,1.542888,1.815488,1.852492,1.769312,1.857513,1.863723,1.624890,1.724107,0.489652,1.896066,1.629528,1.713494,0.618852,1.838496,1.813310,1.635872,0.796525,1.841679,1.875247,1.882644,1.797061,1.878695,1.583506,1.846067,0.867050,1.862479,1.796485,0.901406,1.871732,0.986967,1.838496,1.843329,0.000000,1.877741,1.799464,1.774989,1.040004,1.842275,1.834434,1.852441,1.496524,1.797567,1.879648,1.878617,1.716698,1.862704,1.841851,1.887603,0.774981,1.345289,1.871732,1.862704,1.065285,1.874755,1.835995,0.762250,1.869887,1.877222,1.759262,1.881561,0.742539,1.822082,1.332852,1.850402,1.891728,1.831917,1.821072,0.865865,1.867545,1.862479,1.852464,1.885628,1.884622,1.763539,1.638726,1.175013,1.874038,1.873918,0.605817,1.876804,0.926281,0.652684,1.782504,1.839955,1.853572,1.867895,1.743485,1.057266,1.817960,0.844157,1.819011,1.895628,1.890702,1.884622,1.838298,1.837283,1.824865,1.872500,1.898412
1.846913,1.329749,0.528325,0.235059,0.443928,0.231948,0.203717,1.106097,0.838856,1.918806,0.276227,0.994708,0.726451,1.736751,0.256649,0.406823,1.101677,1.968643,0.295128,0.020793,0.151368,0.384205,0.173896,0.858751,0.176656,1.935363,0.318636,0.378182,1.933247,0.223568,1.550859,0.256649,0.227116,1.877741,0.000000,0.611627,0.849206,1.827152,0.346297,0.382799,0.397087,1.355256,0.449344,0.113076,0.209868,0.814222,0.356829,0.320860,0.258055,1.791748,1.575987,0.223568,0.356829,1.878191,0.328862,0.402300,1.884925,0.487896,0.302152,0.788505,0.234190,1.974415,0.469223,1.412395,0.210555,0.265499,0.283106,0.674142,1.784632,0.179407,0.318636,0.227326,0.289373,0.092102,0.789731,0.920887,1.824179,0.166778,0.307734,1.959565,0.325062,1.902185,1.984350,0.460355,0.189465,0.224125,0.071180,0.849060,1.527355,0.564821,1.934419,0.354923,0.113003,0.109852,0.092102,0.257515,0.257653,0.417630,0.171301,0.143778
1.603565,1.080394,0.503496,0.726394,0.867361,0.716416,0.696154,0.782143,0.463426,1.840244,0.713167,1.057911,0.805774,1.673475,0.677733,0.503690,1.080919,1.837114,0.800879,0.618744,0.664061,0.801929,0.700789,1.218131,0.716703,1.763109,0.524929,0.556783,1.784491,0.599226,1.666815,0.677733,0.691960,1.799464,0.611627,0.000000,0.561369,1.569463,0.807546,0.850309,0.500343,0.999667,0.895753,0.648333,0.688753,0.501928,0.487529,0.571720,0.638209,1.544983,1.263589,0.599226,0.487529,1.697719,0.802580,0.878465,1.655593,0.432918,0.805844,0.441949,0.672772,1.847870,0.515493,1.115351,0.641942,0.616564,0.793910,0.483351,1.613306,0.712547,0.524929,0.658635,0.757357,0.626021,0.548853,0.589618,1.676685,0.656141,0.809501,1.867908,0.729313,1.718009,1.869412,0.774795,0.724751,0.747398,0.650386,0.590989,1.364939,0.480109,1.772105,0.808360,0.610054,0.621331,0.626021,0.774429,0.678418,0.565698,0.704049,0.651830
1.419937,0.730807,0.546584,0.972364,1.127537,0.960087,0.936373,0.391168,0.407411,1.760469,0.911093,1.155509,0.919453,1.637623,0.930602,0.587572,1.131149,1.695893,1.052915,0.860841,0.887379,1.082572,0.940982,1.442783,0.978932,1.610891,0.665547,0.685950,1.622940,0.795734,1.818599,0.930602,0.942994,1.774989,0.849206,0.561369,0.000000,1.409414,1.055498,1.099225,0.612724,0.893350,1.149122,0.888379,0.919414,0.422134,0.588519,0.746649,0.852764,1.402562,1.200929,0.795734,0.588519,1.500825,1.028637,1.113264,1.501312,0.434798,1.035913,0.449533,0.922618,1.733345,0.561911,0.934478,0.911701,0.833337,1.058487,0.293494,1.435428,0.963945,0.665547,0.924486,0.973938,0.859048,0.228171,0.452019,1.483195,0.881891,1.027578,1.761817,0.964210,1.557160,1.758803,1.082326,0.988803,1.007644,0.898505,0.643985,1.412463,0.431261,1.630912,1.075424,0.829335,0.849117,0.859048,1.036892,0.961692,0.726009,0.948285,0.873515
0.268264,1.066575,1.657896,1.868681,1.899784,1.861200,1.857767,1.194649,1.398404,0.920922,1.840842,1.618828,1.725805,1.174779,1.851696,1.700187,1.498576,0.671961,1.888022,1.831799,1.841904,1.873256,1.859047,1.887501,1.874012,0.555645,1.755902,1.730973,0.680741,1.814473,1.602185,1.851696,1.859492,1.040004,1.827152,1.569463,1.409414,0.000000,1.887886,1.901953,1.719931,1.006533,1.911021,1.842563,1.852942,1.417427,1.722338,1.767804,1.820300,0.687872,0.643843,1.814473,1.722338,0.554762,1.878789,1.890929,0.536599,1.641039,1.882075,1.458058,1.837701,0.726435,1.668904,0.936722,1.842290,1.814179,1.898863,1.549445,0.803932,1.869614,1.755902,1.841342,1.861217,1.831650,1.472527,1.366471,0.703867,1.842615,1.883955,0.808288,1.858235,0.573162,0.740082,1.848072,1.875621,1.882387,1.844480,1.437531,1.199183,1.614712,0.635569,1.892695,1.815689,1.825973,1.831650,1.893709,1.850993,1.749890,1.864909,1.832502
1.901200,1.474955,0.706660,0.181329,0.228834,0.152958,0.236143,1.292050,1.045805,1.896938,0.335054,1.018559,0.752768,1.705912,0.226902,0.619181,1.157093,1.973435,0.258648,0.336660,0.293715,0.343097,0.263111,0.660186,0.259143,1.959437,0.500616,0.559068,1.959918,0.367202,1.410224,0.226902,0.284304,1.842275,0.346297,0.807546,1.055498,1.887886,0.000000,0.082891,0.578249,1.494170,0.300665,0.295900,0.268949,0.995174,0.564622,0.483024,0.309417,1.852158,1.656621,0.367202,0.564622,1.931325,0.343151,0.336487,1.929736,0.704718,0.318080,1.001313,0.310936,1.975961,0.669751,1.535026,0.307244,0.351437,0.239284,0.877288,1.836359,0.242050,0.500616,0.314313,0.334726,0.327145,0.989147,1.107650,1.880417,0.279172,0.214353,1.953687,0.312641,1.935192,1.974636,0.343945,0.270838,0.222989,0.309863,1.012531,1.502618,0.764945,1.968594,0.295033,0.353429,0.335316,0.327145,0.238471,0.313978,0.533926,0.253086,0.318027
1.915471,1.503368,0.754412,0.204078,0.199984,0.193151,0.264273,1.329711,1.082405,1.888796,0.375037,1.023545,0.780054,1.697690,0.255612,0.663661,1.168443,1.970694,0.257728,0.372155,0.323462,0.334174,0.284065,0.626522,0.277301,1.963513,0.551244,0.600031,1.959413,0.413861,1.386334,0.255612,0.305448,1.834434,0.382799,0.850309,1.099225,1.901953,0.082891,0.000000,0.628677,1.522948,0.281831,0.329101,0.306078,1.040214,0.615349,0.526369,0.371109,1.861322,1.679533,0.413861,0.615349,1.937875,0.346203,0.317743,1.938375,0.752829,0.316647,1.044191,0.351825,1.972360,0.710783,1.563579,0.334381,0.404000,0.234069,0.925646,1.845156,0.261965,0.551244,0.339160,0.352679,0.362142,1.032930,1.146738,1.886423,0.312403,0.214279,1.946992,0.342484,1.941606,1.970352,0.359686,0.284230,0.233083,0.340290,1.053859,1.517029,0.812220,1.970153,0.291691,0.390921,0.372122,0.362142,0.238373,0.333951,0.579097,0.275772,0.350740
1.733879,1.182408,0.173415,0.498130,0.648647,0.494877,0.457091,0.921754,0.715973,1.884634,0.496951,1.135551,0.526841,1.690415,0.431349,0.284067,1.203769,1.916350,0.615464,0.402864,0.423490,0.640128,0.475296,1.044270,0.489417,1.862649,0.101626,0.330833,1.879827,0.249199,1.598240,0.431349,0.439444,1.852441,0.397087,0.500343,0.612724,1.719931,0.578249,0.628677,0.000000,1.225204,0.653137,0.406609,0.399849,0.580022,0.125100,0.206214,0.404789,1.681145,1.429751,0.249199,0.125100,1.815150,0.624316,0.703891,1.769306,0.340536,0.625461,0.581787,0.434067,1.932850,0.307192,1.260342,0.437521,0.399515,0.591503,0.369845,1.713697,0.478762,0.101626,0.462963,0.570076,0.394782,0.499776,0.711639,1.759959,0.412662,0.586150,1.923634,0.529883,1.804505,1.945537,0.645475,0.514956,0.517814,0.433677,0.728158,1.423915,0.239587,1.878047,0.578963,0.381193,0.383729,0.394782,0.564130,0.488712,0.265276,0.465418,0.418112
1.030067,0.825613,1.185730,1.452593,1.535636,1.440556,1.425774,0.781033,0.844163,1.432609,1.385072,1.275220,1.364016,1.394954,1.415791,1.217086,1.160144,1.344700,1.472762,1.362138,1.396163,1.455369,1.426210,1.665201,1.442928,1.198133,1.264692,1.275844,1.287830,1.346703,1.755376,1.415791,1.424067,1.496524,1.355256,0.999667,0.893350,1.006533,1.494170,1.522948,1.225204,0.000000,1.564205,1.388770,1.412442,0.986466,1.218339,1.305359,1.345844,1.062814,0.880877,1.346703,1.218339,1.130270,1.446422,1.525189,1.114871,1.088862,1.463540,0.933778,1.394377,1.367868,1.177174,0.834456,1.368183,1.328483,1.482086,1.028813,1.198207,1.434844,1.264692,1.366069,1.422640,1.371149,0.996701,0.917638,1.147253,1.393174,1.483602,1.428740,1.397491,1.167161,1.411306,1.411001,1.438458,1.458813,1.387634,0.779801,1.123065,1.127979,1.241891,1.481583,1.350264,1.363507,1.371149,1.475263,1.384704,1.300139,1.429430,1.379345
1.927835,1.560789,0.762163,0.302758,0.243844,0.337306,0.321828,1.380353,1.155315,1.867821,0.498581,1.125571,0.703116,1.662790,0.317587,0.699894,1.272641,1.970110,0.357471,0.438606,0.406617,0.357812,0.362236,0.594412,0.326488,1.969502,0.587006,0.632857,1.964621,0.455703,1.306691,0.317587,0.320512,1.797567,0.449344,0.895753,1.149122,1.911021,0.300665,0.281831,0.653137,1.564205,0.000000,0.402807,0.358783,1.070201,0.656363,0.543125,0.487260,1.852091,1.675987,0.455703,0.656363,1.966849,0.464511,0.371146,1.931546,0.821957,0.420102,1.063299,0.410323,1.967247,0.751815,1.601567,0.405710,0.501835,0.300587,0.956759,1.853120,0.329747,0.587006,0.418247,0.481209,0.438943,1.060797,1.171461,1.910097,0.369050,0.387702,1.929959,0.427476,1.943690,1.961371,0.439173,0.333964,0.290567,0.408100,1.107162,1.492350,0.835748,1.969705,0.269155,0.474489,0.449874,0.438943,0.307011,0.386107,0.564036,0.339964,0.438592
1.864645,1.361471,0.540980,0.192830,0.397011,0.200331,0.160513,1.153203,0.886260,1.923881,0.280412,1.021771,0.697294,1.743363,0.214961,0.444674,1.132995,1.973822,0.287731,0.100128,0.094934,0.362098,0.116492,0.816614,0.137052,1.942028,0.323396,0.410057,1.941907,0.203657,1.522784,0.214961,0.170727,1.879648,0.113076,0.648333,0.888379,1.842563,0.295900,0.329101,0.406609,1.388770,0.402807,0.000000,0.158418,0.849838,0.375674,0.317623,0.255151,1.812394,1.586715,0.203657,0.375674,1.894125,0.324192,0.390242,1.899197,0.527554,0.295726,0.822130,0.203295,1.977215,0.501261,1.445347,0.195081,0.269024,0.253335,0.701183,1.799486,0.109010,0.323396,0.205452,0.291752,0.055481,0.820648,0.963444,1.835924,0.150894,0.279401,1.965253,0.316026,1.910224,1.989678,0.444820,0.166695,0.162570,0.089094,0.886707,1.535944,0.589054,1.945482,0.303145,0.094521,0.062237,0.055481,0.225304,0.234958,0.406703,0.099995,0.087593
