0.000000,1.011142,1.654460,1.875742,1.897160,1.867011,1.868137,1.202150,1.428083,0.868164,1.857698,1.598949,1.720111,1.152787,1.856987,1.694100,1.474969,0.611484,1.893948,1.846026,1.853355,1.888668,1.872429,1.891801,1.886036,0.563541,1.757994,1.725611,0.630403,1.820448,1.601099,1.856987,1.867044,0.975236,1.841867,1.614526,1.415869,0.322349,1.895224,1.908220,1.721061,1.039282,1.916632,1.859348,1.865359,1.422737,1.724899,1.765537,1.839855,0.647885,0.874728,1.820448,1.724899,0.539449,1.883804,1.910260,0.458058,1.663706,1.886553,1.465019,1.855169,0.680408,1.670555,0.902823,1.847994,1.841734,1.905880,1.551338,0.727067,1.883698,1.757994,1.852959,1.866455,1.846877,1.464217,1.357283,0.735970,1.851645,1.890939,0.759963,1.884502,0.559855,0.675780,1.860967,1.886217,1.895937,1.857662,1.498399,1.158257,1.610077,0.614776,1.905899,1.832942,1.843050,1.846877,1.902087,1.863560,1.757942,1.878402,1.849446
1.011142,0.000000,1.130912,1.417234,1.528781,1.405976,1.397049,0.604713,0.867443,1.476677,1.385405,1.249105,1.378491,1.492782,1.403772,1.137165,1.159052,1.306011,1.459818,1.362912,1.366572,1.494589,1.406237,1.712780,1.446314,1.230117,1.227110,1.202884,1.196760,1.320737,1.854179,1.403772,1.418157,1.531637,1.354812,1.139895,0.760825,0.998456,1.476733,1.504062,1.186228,0.870581,1.545506,1.383848,1.403954,0.906418,1.169977,1.273267,1.356223,1.060318,1.082851,1.320737,1.169977,1.054161,1.446439,1.527054,1.141662,1.053951,1.437915,0.970606,1.389808,1.389538,1.111250,0.765488,1.380723,1.359201,1.490168,0.950137,1.068347,1.435587,1.227110,1.388074,1.401601,1.353717,0.865225,0.883147,1.135026,1.359293,1.447194,1.433131,1.457367,1.199592,1.392580,1.469982,1.452116,1.469394,1.386647,1.012143,1.391596,1.045142,1.292370,1.513432,1.330033,1.348475,1.353717,1.478074,1.419432,1.270507,1.421336,1.358657
1.654460,1.130912,0.000000,0.634611,0.764919,0.633672,0.600046,0.820658,0.665630,1.838644,0.679495,1.284415,0.482119,1.635908,0.566866,0.318729,1.348320,1.860824,0.748315,0.561387,0.567973,0.760884,0.619804,1.114733,0.639019,1.801445,0.268384,0.381884,1.824856,0.411977,1.603709,0.566866,0.564833,1.804440,0.555524,0.551831,0.528218,1.611200,0.724650,0.765930,0.181724,1.168773,0.749515,0.561753,0.562644,0.473379,0.250271,0.272292,0.600780,1.553647,1.301472,0.411977,0.250271,1.767204,0.774618,0.847900,1.670056,0.398633,0.755635,0.519122,0.593184,1.887549,0.337001,1.188549,0.564447,0.598149,0.741255,0.293949,1.629965,0.630554,0.268384,0.612910,0.712781,0.548135,0.384414,0.603442,1.719130,0.554437,0.729049,1.875596,0.746887,1.743721,1.899872,0.739125,0.667243,0.668276,0.587771,0.762320,1.379197,0.130713,1.836271,0.707753,0.531166,0.536856,0.548135,0.712203,0.623098,0.351454,0.612696,0.568315
1.875742,1.417234,0.634611,0.000000,0.277408,0.076411,0.085496,1.186737,0.931684,1.897189,0.309899,1.065819,0.751853,1.665738,0.137645,0.512349,1.212689,1.961893,0.217055,0.219803,0.167034,0.294524,0.156557,0.693958,0.180314,1.954196,0.408321,0.452934,1.945501,0.272114,1.452152,0.137645,0.216707,1.855690,0.226876,0.733996,0.957567,1.833476,0.177828,0.203239,0.495848,1.451519,0.294533,0.178644,0.177015,0.918323,0.464253,0.407699,0.271417,1.785537,1.560346,0.272114,0.464253,1.914195,0.330411,0.304767,1.904057,0.584863,0.273534,0.951837,0.232105,1.983087,0.573582,1.518504,0.226407,0.281843,0.223630,0.794348,1.791293,0.159059,0.408321,0.237637,0.304807,0.209829,0.908252,1.022151,1.858567,0.148202,0.223931,1.953183,0.321085,1.921910,1.982948,0.310239,0.193113,0.170950,0.195030,0.920530,1.537552,0.684049,1.964624,0.290563,0.227514,0.215512,0.209829,0.206261,0.245637,0.431049,0.159682,0.198869
1.897160,1.528781,0.764919,0.277408,0.000000,0.296393,0.329938,1.317073,1.078500,1.833100,0.498841,1.144257,0.745166,1.566628,0.257441,0.662632,1.316690,1.945990,0.348062,0.432514,0.395431,0.310040,0.366444,0.521683,0.317881,1.962093,0.581916,0.576865,1.957995,0.453476,1.286383,0.257441,0.335558,1.767214,0.443613,0.884428,1.120219,1.862497,0.247918,0.212430,0.653462,1.539116,0.242192,0.394708,0.373744,1.036544,0.648544,0.550111,0.478428,1.780650,1.604333,0.453476,0.648544,1.955763,0.479064,0.360224,1.902061,0.786851,0.438819,1.094993,0.440035,1.957234,0.735545,1.567405,0.386602,0.487593,0.288406,0.956375,1.779422,0.338229,0.581916,0.393955,0.487326,0.436485,1.046595,1.121782,1.907438,0.386411,0.372273,1.911152,0.436735,1.936317,1.950645,0.356121,0.311922,0.299692,0.396435,1.063204,1.475012,0.829957,1.955775,0.321654,0.467095,0.446580,0.436485,0.292959,0.368567,0.538058,0.352086,0.437647
1.867011,1.405976,0.633672,0.076411,0.296393,0.000000,0.131258,1.176114,0.925264,1.899330,0.298804,1.069072,0.762169,1.672845,0.162535,0.506154,1.212127,1.959395,0.217534,0.230610,0.175349,0.311062,0.164509,0.714755,0.207118,1.950304,0.409943,0.447330,1.941869,0.278581,1.462572,0.162535,0.242959,1.858694,0.236035,0.733664,0.950232,1.826839,0.159286,0.199751,0.495583,1.446615,0.324058,0.197933,0.190397,0.910702,0.462741,0.409517,0.254612,1.787760,1.555725,0.278581,0.462741,1.907552,0.331355,0.314792,1.902997,0.583399,0.267978,0.948046,0.236042,1.981294,0.573028,1.506082,0.237264,0.282486,0.239473,0.790721,1.791712,0.178114,0.409943,0.246597,0.291879,0.224637,0.901774,1.014895,1.856382,0.172362,0.208108,1.954363,0.337810,1.919329,1.979903,0.322778,0.217097,0.192360,0.207863,0.913825,1.538881,0.679163,1.963685,0.313126,0.233499,0.228379,0.224637,0.226794,0.262030,0.444447,0.178537,0.206127
1.868137,1.397049,0.600046,0.085496,0.329938,0.131258,0.000000,1.164069,0.908887,1.904489,0.311335,1.068440,0.732709,1.678537,0.153320,0.489389,1.207633,1.962861,0.235322,0.196023,0.145503,0.321349,0.146782,0.730107,0.184472,1.948435,0.371515,0.440612,1.940174,0.238418,1.476595,0.153320,0.206133,1.864978,0.201930,0.705157,0.923577,1.822853,0.233190,0.260730,0.459123,1.426160,0.312898,0.150020,0.146175,0.891028,0.425738,0.376420,0.260053,1.778043,1.541152,0.238418,0.425738,1.905715,0.344078,0.335544,1.896407,0.546838,0.280935,0.917219,0.193504,1.984366,0.538713,1.507401,0.216324,0.262327,0.251311,0.754266,1.788831,0.152460,0.371515,0.235200,0.311092,0.176736,0.875090,1.001324,1.845949,0.101537,0.251701,1.956021,0.331211,1.914176,1.985761,0.325210,0.206104,0.180658,0.179779,0.895951,1.538835,0.648921,1.961991,0.301898,0.191425,0.179289,0.176736,0.228514,0.244116,0.405022,0.145823,0.167113
1.202150,0.604713,0.820658,1.186737,1.317073,1.176114,1.164069,0.000000,0.458323,1.571191,1.175117,1.195721,1.136320,1.478799,1.159488,0.810802,1.156651,1.516086,1.241566,1.101027,1.125403,1.271807,1.171667,1.548713,1.203535,1.433558,0.947130,0.885717,1.439069,1.059592,1.832119,1.159488,1.168738,1.606772,1.091025,0.793737,0.390544,1.180679,1.282156,1.313635,0.900293,0.792670,1.340713,1.137888,1.168599,0.537247,0.876764,0.975243,1.142226,1.141306,1.122807,1.059592,0.876764,1.307505,1.233306,1.328251,1.286065,0.746093,1.226074,0.608447,1.166515,1.578404,0.784521,0.758773,1.131804,1.133842,1.267747,0.639754,1.246512,1.199357,0.947130,1.152655,1.182736,1.103562,0.508968,0.432061,1.319668,1.113839,1.240992,1.580479,1.250263,1.370977,1.595152,1.245814,1.207535,1.236601,1.129383,0.779180,1.309860,0.716415,1.475489,1.287449,1.079618,1.101246,1.103562,1.253402,1.182751,0.997513,1.183903,1.122058
1.428083,0.867443,0.665630,0.931684,1.078500,0.925264,0.908887,0.458323,0.000000,1.710554,0.927817,1.101731,1.012453,1.556988,0.904976,0.595567,1.110104,1.697900,0.981632,0.827035,0.859653,0.989632,0.905956,1.342203,0.933401,1.625356,0.727549,0.658590,1.633051,0.823655,1.768670,0.904976,0.904113,1.711609,0.818456,0.465257,0.427699,1.383904,1.041230,1.072622,0.699407,0.856140,1.112790,0.868949,0.922330,0.474756,0.661376,0.751277,0.894533,1.334382,1.197246,0.823655,0.661376,1.524882,0.968442,1.083751,1.487370,0.541353,0.963801,0.463558,0.915160,1.744043,0.590493,0.955233,0.851376,0.872345,1.005174,0.550740,1.457946,0.934095,0.727549,0.864472,0.926000,0.831803,0.516096,0.403190,1.507164,0.859130,0.996692,1.739719,0.985722,1.570894,1.766628,0.969151,0.935989,0.971973,0.855144,0.584156,1.323146,0.585118,1.661092,1.020979,0.810406,0.831257,0.831803,0.990682,0.896463,0.790478,0.919580,0.855367
0.868164,1.476677,1.838644,1.897189,1.833100,1.899330,1.904489,1.571191,1.710554,0.000000,1.925805,1.590221,1.775318,0.598493,1.883855,1.841448,1.558052,0.653892,1.893334,1.905574,1.912932,1.864191,1.910242,1.691024,1.890771,0.698373,1.890942,1.834872,0.780652,1.904311,1.175150,1.883855,1.887420,0.483847,1.906400,1.829496,1.746775,0.964512,1.894413,1.882313,1.877140,1.430566,1.867966,1.912268,1.912210,1.720750,1.886321,1.875709,1.923269,0.845905,1.365735,1.904311,1.886321,0.879637,1.906928,1.890885,0.750110,1.874228,1.912398,1.738650,1.918025,0.618280,1.822451,1.285422,1.902287,1.918285,1.877417,1.819732,0.845507,1.904726,1.890942,1.899346,1.920213,1.912906,1.749773,1.637868,0.861945,1.909532,1.907395,0.295577,1.897455,0.676139,0.559770,1.850814,1.882371,1.894918,1.900504,1.753943,1.145569,1.825842,0.651333,1.871861,1.918799,1.918224,1.912906,1.885147,1.895793,1.871762,1.908504,1.923021
1.857698,1.385405,0.679495,0.309899,0.498841,0.298804,0.311335,1.175117,0.927817,1.925805,0.000000,1.053708,0.853131,1.726506,0.373067,0.565923,1.171228,1.961754,0.312422,0.293311,0.272266,0.384292,0.278202,0.808609,0.327513,1.936536,0.453056,0.540677,1.931555,0.348636,1.537579,0.373067,0.364229,1.901331,0.291737,0.729683,0.935077,1.825793,0.328393,0.368356,0.531397,1.403976,0.488388,0.284309,0.290912,0.946541,0.488973,0.490899,0.214440,1.801210,1.562374,0.348636,0.488973,1.871253,0.196762,0.383596,1.904313,0.555999,0.270547,0.949298,0.320991,1.968038,0.628363,1.530139,0.302025,0.252414,0.352249,0.782149,1.798870,0.287714,0.453056,0.290952,0.155053,0.291173,0.921201,1.057374,1.824240,0.281936,0.256481,1.962573,0.284426,1.907576,1.974903,0.429590,0.337274,0.314079,0.298762,0.869571,1.575738,0.714711,1.944596,0.408836,0.283522,0.284091,0.291173,0.343597,0.315864,0.541915,0.285160,0.261680
1.598949,1.249105,1.284415,1.065819,1.144257,1.069072,1.068440,1.195721,1.101731,1.590221,1.053708,0.000000,1.470157,1.469355,1.119580,1.162405,0.293178,1.635763,1.010477,1.066704,1.082419,1.081680,1.079800,1.178855,1.087349,1.606581,1.175917,1.163705,1.564497,1.139254,1.574033,1.119580,1.132024,1.606910,1.064522,1.155680,1.200855,1.567556,1.095194,1.096262,1.210214,1.341838,1.184388,1.087406,1.111861,1.277997,1.166512,1.208389,1.054552,1.512394,1.569363,1.139254,1.166512,1.476066,1.012449,1.069995,1.656537,1.078906,1.015978,1.298184,1.090562,1.666439,1.105225,1.477908,1.092420,1.057393,1.084686,1.246207,1.481305,1.090627,1.175917,1.069257,1.023254,1.066239,1.285837,1.299902,1.467831,1.067676,1.057310,1.633734,1.073315,1.585210,1.657590,1.002172,1.074916,1.102532,1.066501,1.080251,1.608224,1.255455,1.617152,1.151130,1.068347,1.076236,1.066239,1.088111,1.085461,1.241406,1.089669,1.074261
1.720111,1.378491,0.482119,0.751853,0.745166,0.762169,0.732709,1.136320,1.012453,1.775318,0.853131,1.470157,0.000000,1.557617,0.665428,0.658553,1.554499,1.847860,0.864108,0.745907,0.736709,0.810891,0.753896,1.000742,0.733213,1.798023,0.567926,0.653283,1.852040,0.606080,1.357315,0.665428,0.652428,1.699906,0.749288,0.819296,0.898083,1.679706,0.782830,0.804366,0.534259,1.320483,0.714800,0.713667,0.684096,0.796739,0.608980,0.517117,0.780748,1.578892,1.348463,0.606080,0.608980,1.844911,0.913472,0.930031,1.662883,0.771456,0.905024,0.821668,0.726209,1.847212,0.683150,1.310590,0.702873,0.781279,0.804244,0.687732,1.650447,0.734683,0.567926,0.748629,0.883883,0.732356,0.732961,0.879584,1.793333,0.734168,0.853860,1.829149,0.857068,1.756540,1.860176,0.810420,0.760793,0.741192,0.748238,1.033217,1.295088,0.578560,1.822175,0.716349,0.740133,0.724626,0.732356,0.781555,0.723956,0.528318,0.726902,0.748915
1.152787,1.492782,1.635908,1.665738,1.566628,1.672845,1.678537,1.478799,1.556988,0.598493,1.726506,1.469355,1.557617,0.000000,1.637565,1.617849,1.522263,1.081744,1.680577,1.685844,1.697457,1.622002,1.694608,1.438110,1.654791,1.117293,1.671776,1.597366,1.195596,1.679433,1.013657,1.637565,1.646934,0.687148,1.688288,1.645333,1.614295,1.229959,1.667002,1.651409,1.662680,1.399801,1.628009,1.695077,1.692911,1.559649,1.675334,1.658619,1.714672,0.913885,1.421351,1.679433,1.675334,1.267308,1.707243,1.678876,1.034203,1.688289,1.721439,1.595328,1.714526,1.068415,1.605164,1.302337,1.673781,1.706339,1.636447,1.649480,0.986010,1.683513,1.671776,1.671596,1.728791,1.698400,1.593498,1.477337,1.242594,1.686629,1.704400,0.846236,1.674878,1.060350,1.025633,1.594555,1.642588,1.667575,1.677259,1.602185,1.019841,1.634930,1.067664,1.634557,1.714359,1.708835,1.698400,1.646068,1.662282,1.636801,1.689792,1.720536
1.856987,1.403772,0.566866,0.137645,0.257441,0.162535,0.153320,1.159488,0.904976,1.883855,0.373067,1.119580,0.665428,1.637565,0.000000,0.470740,1.262417,1.956930,0.301000,0.251140,0.214097,0.321481,0.223456,0.709688,0.217814,1.946957,0.358652,0.409812,1.945805,0.237400,1.438362,0.000000,0.200355,1.837031,0.258182,0.699856,0.922171,1.814544,0.233378,0.253803,0.436333,1.419703,0.296942,0.211047,0.205329,0.865280,0.422453,0.350379,0.310280,1.755636,1.526044,0.237400,0.422453,1.916391,0.406759,0.383460,1.878073,0.563706,0.359235,0.912920,0.280915,1.978257,0.530471,1.487285,0.224889,0.309235,0.281655,0.745907,1.777132,0.211908,0.358652,0.254077,0.378280,0.243145,0.855284,0.971359,1.862041,0.181944,0.306419,1.944819,0.356660,1.909663,1.977913,0.327107,0.235773,0.221379,0.234856,0.895610,1.484462,0.625139,1.958560,0.305735,0.260710,0.245492,0.243145,0.261353,0.252861,0.351678,0.210662,0.247091
1.694100,1.137165,0.318729,0.512349,0.662632,0.506154,0.489389,0.810802,0.595567,1.841448,0.565923,1.162405,0.658553,1.617849,0.470740,0.000000,1.256723,1.885081,0.611808,0.425705,0.435398,0.627937,0.490529,1.017905,0.515643,1.842977,0.266205,0.123223,1.846745,0.362655,1.609089,0.470740,0.469023,1.803199,0.418035,0.535376,0.575485,1.664418,0.627100,0.665199,0.285149,1.211852,0.675869,0.450340,0.490979,0.529214,0.217834,0.289060,0.518899,1.593323,1.415027,0.362655,0.217834,1.787438,0.644810,0.712442,1.732064,0.354880,0.617651,0.591728,0.527908,1.911545,0.330346,1.221364,0.453998,0.515747,0.605681,0.427661,1.630302,0.516528,0.266205,0.494319,0.583369,0.426596,0.499837,0.610187,1.750723,0.437788,0.605035,1.890973,0.640071,1.794815,1.921841,0.643425,0.529463,0.555330,0.448840,0.748105,1.418862,0.306286,1.861600,0.622204,0.410977,0.425360,0.426596,0.582156,0.517223,0.357550,0.497817,0.453091
1.474969,1.159052,1.348320,1.212689,1.316690,1.212127,1.207633,1.156651,1.110104,1.558052,1.171228,0.293178,1.554499,1.522263,1.262417,1.256723,0.000000,1.536463,1.163480,1.191732,1.211167,1.238725,1.214711,1.357952,1.234385,1.480142,1.268822,1.276457,1.444659,1.255279,1.667061,1.262417,1.273429,1.606241,1.187471,1.199611,1.192420,1.435240,1.245490,1.253372,1.290155,1.239325,1.339727,1.214195,1.239371,1.295976,1.248732,1.305383,1.167740,1.457956,1.475411,1.255279,1.248732,1.316572,1.146351,1.226694,1.558415,1.136417,1.152241,1.305945,1.207042,1.575507,1.184832,1.414853,1.222613,1.168559,1.243126,1.272026,1.431206,1.228806,1.268822,1.201814,1.148015,1.189479,1.302605,1.316735,1.313803,1.199851,1.196218,1.564166,1.203644,1.458050,1.572338,1.153562,1.226411,1.247766,1.198733,1.071722,1.616980,1.307714,1.510031,1.299799,1.181716,1.194044,1.189479,1.242626,1.222279,1.348009,1.225326,1.191594
0.611484,1.306011,1.860824,1.961893,1.945990,1.959395,1.962861,1.516086,1.697900,0.653892,1.961754,1.635763,1.847860,1.081744,1.956930,1.885081,1.536463,0.000000,1.959903,1.959660,1.960066,1.956335,1.964712,1.878043,1.969817,0.498952,1.925495,1.899879,0.395778,1.953335,1.440620,1.956930,1.966413,0.809145,1.958275,1.837266,1.692729,0.707589,1.964284,1.960682,1.905505,1.355535,1.959321,1.966193,1.967440,1.714987,1.908440,1.923200,1.960815,0.837101,1.204825,1.953335,1.908440,0.532471,1.954260,1.957129,0.604049,1.866881,1.954503,1.729232,1.962394,0.401453,1.865892,1.236270,1.961301,1.959369,1.963606,1.795804,0.790681,1.970455,1.925495,1.960053,1.954198,1.959996,1.723431,1.648620,0.742195,1.959558,1.958672,0.475979,1.962296,0.587424,0.318778,1.950051,1.965524,1.971743,1.962061,1.753127,1.302570,1.833197,0.429807,1.971073,1.955029,1.959778,1.959996,1.965286,1.964479,1.917066,1.969507,1.959783
1.893948,1.459818,0.748315,0.217055,0.348062,0.217534,0.235322,1.241566,0.981632,1.893334,0.312422,1.010477,0.864108,1.680577,0.301000,0.611808,1.163480,1.959903,0.000000,0.268536,0.265066,0.262636,0.229160,0.671242,0.224378,1.960934,0.527574,0.554482,1.939555,0.389023,1.456803,0.301000,0.315084,1.851514,0.275854,0.796827,1.034888,1.855371,0.256253,0.259973,0.611801,1.476530,0.361066,0.266711,0.279674,1.010008,0.575861,0.520301,0.333750,1.810523,1.608749,0.389023,0.575861,1.904899,0.269362,0.261568,1.921554,0.664670,0.149653,1.025994,0.310488,1.973471,0.672230,1.560314,0.297149,0.343251,0.220552,0.889487,1.811628,0.221487,0.527574,0.275934,0.258855,0.285034,1.002220,1.096002,1.853601,0.263125,0.219418,1.946351,0.335012,1.932833,1.973981,0.334980,0.213637,0.215802,0.239559,0.949648,1.568776,0.789533,1.957285,0.317277,0.304910,0.297415,0.285034,0.222380,0.283630,0.580589,0.233196,0.277091
1.846026,1.362912,0.561387,0.219803,0.432514,0.230610,0.196023,1.101027,0.827035,1.905574,0.293311,1.066704,0.745907,1.685844,0.251140,0.425705,1.191732,1.959660,0.268536,0.000000,0.156799,0.348760,0.176710,0.796076,0.157818,1.936806,0.336711,0.389960,1.933642,0.229377,1.527193,0.251140,0.221496,1.871282,0.019076,0.623954,0.860072,1.803591,0.344624,0.371504,0.422279,1.363534,0.416761,0.112178,0.206231,0.835002,0.376114,0.349094,0.284516,1.754100,1.522513,0.229377,0.376114,1.884740,0.322696,0.391331,1.872816,0.482084,0.279477,0.845042,0.259575,1.976495,0.491803,1.450429,0.204518,0.267377,0.267711,0.696787,1.782250,0.175241,0.336711,0.214186,0.286441,0.093121,0.820667,0.939311,1.826345,0.161793,0.299259,1.953834,0.337550,1.900848,1.984764,0.377022,0.176272,0.216935,0.054092,0.818478,1.522287,0.601175,1.943802,0.331212,0.124359,0.114193,0.093121,0.241095,0.239859,0.416219,0.167787,0.151341
1.853355,1.366572,0.567973,0.167034,0.395431,0.175349,0.145503,1.125403,0.859653,1.912932,0.272266,1.082419,0.736709,1.697457,0.214097,0.435398,1.211167,1.960066,0.265066,0.156799,0.000000,0.335453,0.077681,0.778751,0.186654,1.938757,0.333402,0.393362,1.933155,0.215030,1.513736,0.214097,0.180114,1.878595,0.161353,0.671707,0.877943,1.811486,0.284041,0.312991,0.425928,1.403465,0.383135,0.097814,0.165741,0.857579,0.376875,0.348603,0.255858,1.775242,1.535322,0.215030,0.376875,1.890503,0.309269,0.368592,1.890878,0.506443,0.263428,0.866577,0.233515,1.977414,0.521965,1.480551,0.192097,0.259725,0.265774,0.709574,1.779847,0.125015,0.333402,0.205909,0.264821,0.115300,0.832669,0.963652,1.832191,0.126404,0.245705,1.959086,0.341014,1.906586,1.985161,0.386045,0.210130,0.177743,0.146022,0.872007,1.554580,0.608488,1.953309,0.299996,0.109336,0.106624,0.115300,0.240355,0.235817,0.406821,0.102030,0.073643
1.888668,1.494589,0.760884,0.294524,0.310040,0.311062,0.321349,1.271807,0.989632,1.864191,0.384292,1.081680,0.810891,1.622002,0.321481,0.627937,1.238725,1.956335,0.262636,0.348760,0.335453,0.000000,0.301186,0.603855,0.264343,1.955052,0.554684,0.558627,1.952286,0.429878,1.376869,0.321481,0.310489,1.807628,0.359467,0.788637,1.073429,1.852971,0.319456,0.310728,0.632236,1.455783,0.358455,0.331485,0.345530,1.015432,0.608113,0.538163,0.420116,1.781270,1.588117,0.429878,0.608113,1.929974,0.332756,0.345451,1.899123,0.712325,0.321374,1.019358,0.393363,1.962105,0.721155,1.543086,0.270011,0.423401,0.250626,0.919499,1.790966,0.276329,0.554684,0.230064,0.356084,0.363949,1.030784,1.090296,1.878491,0.348251,0.332050,1.927656,0.354214,1.933017,1.962867,0.323102,0.246161,0.247142,0.315927,0.965885,1.497779,0.816638,1.949283,0.258935,0.391682,0.374680,0.363949,0.262416,0.198573,0.581217,0.292988,0.364705
1.872429,1.406237,0.619804,0.156557,0.366444,0.164509,0.146782,1.171667,0.905956,1.910242,0.278202,1.079800,0.753896,1.694608,0.223456,0.490529,1.214711,1.964712,0.229160,0.176710,0.077681,0.301186,0.000000,0.741151,0.160598,1.946299,0.389729,0.443146,1.940141,0.259465,1.484959,0.223456,0.170716,1.874447,0.184922,0.705542,0.932259,1.831138,0.255777,0.276135,0.479874,1.433372,0.344920,0.119398,0.167846,0.907596,0.437362,0.394838,0.271142,1.794237,1.556027,0.259465,0.437362,1.903312,0.292297,0.331580,1.906128,0.563714,0.238386,0.910222,0.232477,1.978510,0.571306,1.508153,0.205565,0.277942,0.218609,0.765942,1.796309,0.081717,0.389729,0.206728,0.261370,0.151553,0.886940,1.009671,1.843179,0.157824,0.222840,1.958152,0.328534,1.916785,1.986233,0.363247,0.177747,0.126545,0.149903,0.909243,1.566553,0.664704,1.957688,0.253426,0.161171,0.151322,0.151553,0.198048,0.227132,0.453989,0.062481,0.115343
1.891801,1.712780,1.114733,0.693958,0.521683,0.714755,0.730107,1.548713,1.342203,1.691024,0.808609,1.178855,1.000742,1.438110,0.709688,1.017905,1.357952,1.878043,0.671242,0.796076,0.778751,0.603855,0.741151,0.000000,0.681585,1.901578,0.963265,0.936295,1.919494,0.851238,1.056173,0.709688,0.707716,1.610090,0.806449,1.170145,1.414842,1.877662,0.638225,0.604654,1.025315,1.641397,0.589105,0.768691,0.757384,1.323300,1.018095,0.920123,0.825292,1.768750,1.692020,0.851238,1.018095,1.940406,0.744343,0.621418,1.866925,1.122244,0.742971,1.363007,0.791203,1.852803,1.081778,1.684377,0.761968,0.828166,0.625266,1.278317,1.765971,0.705674,0.963265,0.749719,0.792591,0.804325,1.358692,1.377163,1.879497,0.780975,0.722713,1.787414,0.724224,1.897679,1.849953,0.631814,0.668256,0.659878,0.762842,1.275484,1.416574,1.177122,1.878408,0.615457,0.837367,0.815415,0.804325,0.643561,0.718607,0.912412,0.721775,0.807472
1.886036,1.446314,0.639019,0.180314,0.317881,0.207118,0.184472,1.203535,0.933401,1.890771,0.327513,1.087349,0.733213,1.654791,0.217814,0.515643,1.234385,1.969817,0.224378,0.157818,0.186654,0.264343,0.160598,0.681585,0.000000,1.957801,0.418816,0.457560,1.953940,0.281593,1.437201,0.217814,0.172227,1.843070,0.174452,0.717242,0.972461,1.847195,0.269067,0.276660,0.505043,1.441580,0.313418,0.136555,0.199175,0.929561,0.475779,0.410548,0.324509,1.780582,1.570888,0.281593,0.475779,1.923735,0.320282,0.331709,1.899179,0.606127,0.275927,0.938629,0.272083,1.978530,0.587175,1.510550,0.219037,0.317426,0.163114,0.800666,1.799751,0.115757,0.418816,0.216342,0.313672,0.168527,0.917321,1.024493,1.864292,0.206925,0.269573,1.949329,0.325615,1.925501,1.984285,0.332231,0.067886,0.116323,0.113443,0.918239,1.523262,0.694480,1.956750,0.229892,0.219959,0.190434,0.168527,0.135804,0.211700,0.461402,0.131051,0.207997
0.563541,1.230117,1.801445,1.954196,1.962093,1.950304,1.948435,1.433558,1.625356,0.698373,1.936536,1.606581,1.798023,1.117293,1.946957,1.842977,1.480142,0.498952,1.960934,1.936806,1.938757,1.955052,1.946299,1.901578,1.957801,0.000000,1.879862,1.868457,0.480533,1.922541,1.483971,1.946957,1.943243,0.854619,1.934538,1.761753,1.606475,0.623806,1.959818,1.963985,1.852664,1.199995,1.965247,1.941648,1.946656,1.641922,1.856647,1.884492,1.924690,0.788660,1.119267,1.922541,1.856647,0.455967,1.945268,1.967184,0.536930,1.809602,1.954190,1.622126,1.934908,0.483004,1.805726,1.141950,1.935729,1.923933,1.965598,1.713499,0.780753,1.952688,1.879862,1.937464,1.939762,1.934019,1.646217,1.578833,0.574015,1.940586,1.954679,0.546383,1.946483,0.360196,0.491815,1.928154,1.958076,1.959069,1.943112,1.644029,1.262869,1.769579,0.458110,1.952278,1.925743,1.931348,1.934019,1.964665,1.942235,1.883455,1.949036,1.933462
1.757994,1.227110,0.268384,0.408321,0.581916,0.409943,0.371515,0.947130,0.727549,1.890942,0.453056,1.175917,0.567926,1.671776,0.358652,0.266205,1.268822,1.925495,0.527574,0.336711,0.333402,0.554684,0.389729,0.963265,0.418816,1.879862,0.000000,0.293292,1.891461,0.173644,1.572004,0.358652,0.354355,1.859377,0.331257,0.557574,0.655012,1.717881,0.507191,0.550897,0.105684,1.263019,0.563899,0.329044,0.332083,0.634244,0.098227,0.162551,0.374374,1.667071,1.416261,0.173644,0.098227,1.835385,0.550353,0.630827,1.785499,0.336498,0.530426,0.659599,0.383146,1.948384,0.324732,1.333195,0.344304,0.373214,0.521516,0.434449,1.710747,0.401321,0.000000,0.390719,0.489702,0.316857,0.574610,0.765711,1.780155,0.320798,0.500230,1.933447,0.520920,1.829927,1.956594,0.544329,0.449549,0.445012,0.363134,0.761893,1.462006,0.321001,1.909131,0.507333,0.300047,0.304141,0.316857,0.491271,0.408123,0.256075,0.382842,0.333294
1.725611,1.202884,0.381884,0.452934,0.576865,0.447330,0.440612,0.885717,0.658590,1.834872,0.540677,1.163705,0.653283,1.597366,0.409812,0.123223,1.276457,1.899879,0.554482,0.389960,0.393362,0.558627,0.443146,0.936295,0.457560,1.868457,0.293292,0.000000,1.871538,0.343528,1.559650,0.409812,0.414855,1.787127,0.384637,0.580974,0.674584,1.696227,0.564932,0.598619,0.332709,1.268375,0.609234,0.411568,0.450788,0.594542,0.278787,0.284163,0.501538,1.617648,1.449094,0.343528,0.278787,1.823065,0.607390,0.648226,1.758999,0.429723,0.574830,0.668245,0.496704,1.923327,0.383734,1.257413,0.407753,0.500650,0.539481,0.531198,1.644562,0.465265,0.293292,0.450374,0.552328,0.397001,0.593119,0.664937,1.785379,0.399565,0.554423,1.894119,0.601968,1.824519,1.930769,0.587442,0.467491,0.495827,0.403966,0.796561,1.410853,0.392938,1.882070,0.561043,0.389124,0.399642,0.397001,0.518953,0.467475,0.342073,0.449753,0.424124
0.630403,1.196760,1.824856,1.945501,1.957995,1.941869,1.940174,1.439069,1.633051,0.780652,1.931555,1.564497,1.852040,1.195596,1.945805,1.846745,1.444659,0.395778,1.939555,1.933642,1.933155,1.952286,1.940141,1.919494,1.953940,0.480533,1.891461,1.871538,0.000000,1.925028,1.540728,1.945805,1.950417,0.888111,1.931262,1.783560,1.619512,0.723346,1.954526,1.954840,1.870384,1.309094,1.957705,1.940645,1.944303,1.671488,1.868691,1.896309,1.926608,0.845521,1.229787,1.925028,1.868691,0.400490,1.931556,1.945623,0.625821,1.815199,1.927337,1.659535,1.932804,0.492314,1.824161,1.217689,1.935528,1.925406,1.955483,1.739218,0.833299,1.949274,1.891461,1.936308,1.924890,1.930007,1.664098,1.597275,0.640138,1.932206,1.936295,0.599565,1.945780,0.538939,0.466067,1.945916,1.953361,1.956033,1.938991,1.694012,1.388217,1.789817,0.509879,1.961720,1.922638,1.929347,1.930007,1.954417,1.943271,1.897577,1.946857,1.929560
1.820448,1.320737,0.411977,0.272114,0.453476,0.278581,0.238418,1.059592,0.823655,1.904311,0.348636,1.139254,0.606080,1.679433,0.237400,0.362655,1.255279,1.953335,0.389023,0.229377,0.215030,0.429878,0.259465,0.851238,0.281593,1.922541,0.173644,0.343528,1.925028,0.000000,1.525838,0.237400,0.230691,1.867900,0.228818,0.616682,0.782837,1.780871,0.369040,0.408588,0.259419,1.348216,0.438539,0.199992,0.174805,0.756307,0.250969,0.210803,0.288216,1.728712,1.484901,0.000000,0.250969,1.879545,0.431749,0.490912,1.844653,0.421877,0.401908,0.782947,0.262852,1.968921,0.421204,1.417567,0.233155,0.293973,0.378957,0.581012,1.757943,0.258447,0.173644,0.277233,0.375139,0.207884,0.713630,0.882948,1.821460,0.199273,0.365582,1.951563,0.417284,1.879865,1.976493,0.440622,0.313157,0.298415,0.243790,0.821918,1.500694,0.470419,1.940118,0.380574,0.205488,0.197509,0.207884,0.349970,0.292596,0.287579,0.245305,0.221351
1.601099,1.854179,1.603709,1.452152,1.286383,1.462572,1.476595,1.832119,1.768670,1.175150,1.537579,1.574033,1.357315,1.013657,1.438362,1.609089,1.667061,1.440620,1.456803,1.527193,1.513736,1.376869,1.484959,1.056173,1.437201,1.483971,1.572004,1.559650,1.540728,1.525838,0.000000,1.438362,1.439249,1.029693,1.535381,1.669177,1.810046,1.610429,1.390670,1.365167,1.587764,1.745582,1.302021,1.504383,1.482103,1.701017,1.613275,1.540622,1.519582,1.472137,1.563951,1.525838,1.613275,1.675254,1.502895,1.406135,1.479805,1.713900,1.508574,1.722700,1.499518,1.367247,1.629555,1.692514,1.481151,1.524669,1.397183,1.722071,1.469800,1.458873,1.572004,1.481917,1.539156,1.531084,1.741135,1.698506,1.661115,1.518954,1.472760,1.296759,1.451231,1.482074,1.344143,1.361071,1.433082,1.423949,1.503570,1.725811,1.267930,1.661821,1.445623,1.356055,1.555529,1.537469,1.531084,1.407997,1.444779,1.514681,1.469799,1.535630
1.856987,1.403772,0.566866,0.137645,0.257441,0.162535,0.153320,1.159488,0.904976,1.883855,0.373067,1.119580,0.665428,1.637565,0.000000,0.470740,1.262417,1.956930,0.301000,0.251140,0.214097,0.321481,0.223456,0.709688,0.217814,1.946957,0.358652,0.409812,1.945805,0.237400,1.438362,0.000000,0.200355,1.837031,0.258182,0.699856,0.922171,1.814544,0.233378,0.253803,0.436333,1.419703,0.296942,0.211047,0.205329,0.865280,0.422453,0.350379,0.310280,1.755636,1.526044,0.237400,0.422453,1.916391,0.406759,0.383460,1.878073,0.563706,0.359235,0.912920,0.280915,1.978257,0.530471,1.487285,0.224889,0.309235,0.281655,0.745907,1.777132,0.211908,0.358652,0.254077,0.378280,0.243145,0.855284,0.971359,1.862041,0.181944,0.306419,1.944819,0.356660,1.909663,1.977913,0.327107,0.235773,0.221379,0.234856,0.895610,1.484462,0.625139,1.958560,0.305735,0.260710,0.245492,0.243145,0.261353,0.252861,0.351678,0.210662,0.247091
1.867044,1.418157,0.564833,0.216707,0.335558,0.242959,0.206133,1.168738,0.904113,1.887420,0.364229,1.132024,0.652428,1.646934,0.200355,0.469023,1.273429,1.966413,0.315084,0.221496,0.180114,0.310489,0.170716,0.707716,0.172227,1.943243,0.354355,0.414855,1.950417,0.230691,1.439249,0.200355,0.000000,1.838257,0.232087,0.679463,0.922999,1.828511,0.304809,0.322715,0.433627,1.414724,0.317255,0.170163,0.200348,0.877099,0.416647,0.348538,0.337465,1.758904,1.541169,0.230691,0.416647,1.920402,0.383871,0.392116,1.879762,0.566236,0.356076,0.879735,0.290697,1.971376,0.550214,1.480484,0.214341,0.334853,0.242272,0.736700,1.779701,0.147509,0.354355,0.231869,0.369154,0.210663,0.856798,0.978246,1.858728,0.209933,0.336437,1.946597,0.372371,1.912346,1.980835,0.363855,0.189052,0.158327,0.201743,0.896707,1.500680,0.626720,1.952064,0.194687,0.236814,0.212018,0.210663,0.221078,0.227357,0.382217,0.140479,0.218642
0.975236,1.531637,1.804440,1.855690,1.767214,1.858694,1.864978,1.606772,1.711609,0.483847,1.901331,1.606910,1.699906,0.687148,1.837031,1.803199,1.606241,0.809145,1.851514,1.871282,1.878595,1.807628,1.874447,1.610090,1.843070,0.854619,1.859377,1.787127,0.888111,1.867900,1.029693,1.837031,1.838257,0.000000,1.873546,1.787544,1.760651,1.061987,1.846411,1.836437,1.847237,1.463177,1.803277,1.876227,1.877313,1.699446,1.859412,1.835999,1.893943,0.830938,1.387819,1.867900,1.859412,1.053830,1.884148,1.839672,0.791397,1.866052,1.885019,1.722687,1.882873,0.709560,1.813841,1.286942,1.852678,1.895983,1.828862,1.811453,0.866832,1.865359,1.859377,1.857914,1.894951,1.880287,1.742097,1.607886,1.151537,1.874308,1.877667,0.601326,1.874226,0.916343,0.665736,1.801965,1.835293,1.851413,1.863760,1.749180,1.041153,1.804251,0.783861,1.819019,1.891716,1.886976,1.880287,1.834487,1.842289,1.816137,1.869320,1.895210
1.841867,1.354812,0.555524,0.226876,0.443613,0.236035,0.201930,1.091025,0.818456,1.906400,0.291737,1.064522,0.749288,1.688288,0.258182,0.418035,1.187471,1.958275,0.275854,0.019076,0.161353,0.359467,0.184922,0.806449,0.174452,1.934538,0.331257,0.384637,1.931262,0.228818,1.535381,0.258182,0.232087,1.873546,0.000000,0.617854,0.849703,1.799110,0.353091,0.381404,0.416234,1.356980,0.426047,0.123271,0.212253,0.826230,0.368156,0.346309,0.283581,1.751689,1.518318,0.228818,0.368156,1.880672,0.325669,0.396634,1.870409,0.470645,0.283661,0.837369,0.263121,1.975804,0.484515,1.445136,0.209332,0.266174,0.280625,0.687787,1.779797,0.187954,0.331257,0.221283,0.286577,0.099767,0.812240,0.931848,1.822697,0.161870,0.304108,1.953691,0.340728,1.898386,1.984233,0.383288,0.191822,0.230632,0.070739,0.810377,1.522116,0.593367,1.942165,0.343831,0.123640,0.118281,0.099767,0.254420,0.248299,0.413294,0.178838,0.154184
1.614526,1.139895,0.551831,0.733996,0.884428,0.733664,0.705157,0.793737,0.465257,1.829496,0.729683,1.155680,0.819296,1.645333,0.699856,0.535376,1.199611,1.837266,0.796827,0.623954,0.671707,0.788637,0.705542,1.170145,0.717242,1.761753,0.557574,0.580974,1.783560,0.616682,1.669177,0.699856,0.679463,1.787544,0.617854,0.000000,0.592589,1.561066,0.833213,0.871345,0.538824,0.978923,0.877669,0.659096,0.700553,0.565947,0.523697,0.582374,0.685323,1.513506,1.248272,0.616682,0.523697,1.706276,0.787611,0.881619,1.639694,0.446407,0.790660,0.481909,0.688610,1.848238,0.530948,1.150143,0.641781,0.655125,0.790048,0.533908,1.658263,0.718563,0.557574,0.662561,0.748611,0.634241,0.610700,0.630499,1.682630,0.660611,0.817322,1.865026,0.759668,1.725951,1.877957,0.745561,0.725324,0.751559,0.654365,0.520128,1.306125,0.541687,1.788522,0.781934,0.623947,0.632174,0.634241,0.773703,0.673972,0.593461,0.706932,0.663319
1.415869,0.760825,0.528218,0.957567,1.120219,0.950232,0.923577,0.390544,0.427699,1.746775,0.935077,1.200855,0.898083,1.614295,0.922171,0.575485,1.192420,1.692729,1.034888,0.860072,0.877943,1.073429,0.932259,1.414842,0.972461,1.606475,0.655012,0.674584,1.619512,0.782837,1.810046,0.922171,0.922999,1.760651,0.849703,0.592589,0.000000,1.384899,1.056178,1.094941,0.599297,0.894319,1.120429,0.884626,0.911323,0.405712,0.580715,0.710499,0.887053,1.351422,1.189290,0.782837,0.580715,1.504474,1.018135,1.126356,1.479354,0.450349,1.012609,0.447926,0.918146,1.739045,0.541335,0.964576,0.890854,0.877422,1.055320,0.288222,1.436543,0.958651,0.655012,0.917266,0.958544,0.850800,0.224609,0.453400,1.486375,0.865120,1.018270,1.754086,1.020404,1.548984,1.757869,1.049950,0.987269,1.004041,0.894496,0.647921,1.386457,0.415632,1.654010,1.062361,0.822587,0.842181,0.850800,1.033735,0.950116,0.727149,0.939569,0.866427
0.322349,0.998456,1.611200,1.833476,1.862497,1.826839,1.822853,1.180679,1.383904,0.964512,1.825793,1.567556,1.679706,1.229959,1.814544,1.664418,1.435240,0.707589,1.855371,1.803591,1.811486,1.852971,1.831138,1.877662,1.847195,0.623806,1.717881,1.696227,0.723346,1.780871,1.610429,1.814544,1.828511,1.061987,1.799110,1.561066,1.384899,0.000000,1.860311,1.873108,1.679032,1.000097,1.875314,1.816569,1.823762,1.359053,1.684826,1.720972,1.804500,0.712848,0.685365,1.780871,1.684826,0.623899,1.852569,1.875807,0.570925,1.620508,1.851345,1.413957,1.808049,0.781695,1.623729,0.867464,1.805510,1.804913,1.874245,1.513734,0.792023,1.844562,1.717881,1.812481,1.831962,1.802428,1.433361,1.322611,0.767629,1.807592,1.855526,0.858661,1.849565,0.631356,0.789584,1.808414,1.849346,1.858602,1.816491,1.454400,1.180833,1.569540,0.700608,1.868349,1.787073,1.797851,1.802428,1.867955,1.820632,1.710738,1.837929,1.804266
1.895224,1.476733,0.724650,0.177828,0.247918,0.159286,0.233190,1.282156,1.041230,1.894413,0.328393,1.095194,0.782830,1.667002,0.233378,0.627100,1.245490,1.964284,0.256253,0.344624,0.284041,0.319456,0.255777,0.638225,0.269067,1.959818,0.507191,0.564932,1.954526,0.369040,1.390670,0.233378,0.304809,1.846411,0.353091,0.833213,1.056178,1.860311,0.000000,0.085563,0.587368,1.509046,0.287251,0.293077,0.260211,1.013708,0.570178,0.506945,0.294768,1.818759,1.592237,0.369040,0.570178,1.930207,0.348603,0.302532,1.924119,0.695889,0.311839,1.050214,0.307354,1.978058,0.682253,1.575561,0.314458,0.333683,0.255446,0.887748,1.813104,0.242953,0.507191,0.313439,0.334627,0.331577,1.002740,1.123055,1.879939,0.286000,0.217145,1.952210,0.334380,1.933077,1.973093,0.326207,0.280555,0.228689,0.316457,0.992193,1.545720,0.781104,1.972101,0.311130,0.347328,0.332346,0.331577,0.253263,0.310860,0.522207,0.253543,0.306716
1.908220,1.504062,0.765930,0.203239,0.212430,0.199751,0.260730,1.313635,1.072622,1.882313,0.368356,1.096262,0.804366,1.651409,0.253803,0.665199,1.253372,1.960682,0.259973,0.371504,0.312991,0.310728,0.276135,0.604654,0.276660,1.963985,0.550897,0.598619,1.954840,0.408588,1.365167,0.253803,0.322715,1.836437,0.381404,0.871345,1.094941,1.873108,0.085563,0.000000,0.631509,1.537090,0.270224,0.319866,0.292577,1.051231,0.614971,0.544809,0.356067,1.827234,1.613584,0.408588,0.614971,1.937003,0.359148,0.290993,1.932629,0.738817,0.317571,1.090357,0.350153,1.973763,0.719107,1.598941,0.342348,0.381645,0.245806,0.930899,1.817649,0.258503,0.550897,0.334895,0.358338,0.359060,1.040419,1.154128,1.883639,0.317221,0.217217,1.942959,0.348673,1.937174,1.968645,0.343367,0.284577,0.233031,0.337771,1.032694,1.557158,0.822228,1.970445,0.307607,0.380253,0.363593,0.359060,0.248981,0.330518,0.557540,0.273231,0.337561
1.721061,1.186228,0.181724,0.495848,0.653462,0.495583,0.459123,0.900293,0.699407,1.877140,0.531397,1.210214,0.534259,1.662680,0.436333,0.285149,1.290155,1.905505,0.611801,0.422279,0.425928,0.632236,0.479874,1.025315,0.505043,1.852664,0.105684,0.332709,1.870384,0.259419,1.587764,0.436333,0.433627,1.847237,0.416234,0.538824,0.599297,1.679032,0.587368,0.631509,0.000000,1.218057,0.634043,0.419093,0.416235,0.577751,0.125105,0.189944,0.450742,1.629352,1.367507,0.259419,0.125105,1.810316,0.630783,0.713956,1.746155,0.332491,0.615906,0.603855,0.456343,1.930413,0.309711,1.284130,0.425227,0.449419,0.607525,0.364371,1.687624,0.489768,0.105684,0.470766,0.569883,0.406013,0.504183,0.715689,1.756928,0.408710,0.586393,1.917158,0.600010,1.798721,1.939287,0.608909,0.535526,0.531288,0.450547,0.736109,1.428221,0.244080,1.886644,0.580483,0.388094,0.392880,0.406013,0.578469,0.485567,0.275788,0.471833,0.422854
1.039282,0.870581,1.168773,1.451519,1.539116,1.446615,1.426160,0.792670,0.856140,1.430566,1.403976,1.341838,1.320483,1.399801,1.419703,1.211852,1.239325,1.355535,1.476530,1.363534,1.403465,1.455783,1.433372,1.641397,1.441580,1.199995,1.263019,1.268375,1.309094,1.348216,1.745582,1.419703,1.414724,1.463177,1.356980,0.978923,0.894319,1.000097,1.509046,1.537090,1.218057,0.000000,1.545657,1.395004,1.418774,0.963604,1.217684,1.285406,1.378516,1.000101,0.914764,1.348216,1.217684,1.157741,1.446248,1.540618,1.064556,1.097390,1.466792,0.891890,1.400045,1.371256,1.172840,0.796092,1.365520,1.363720,1.482871,1.020488,1.222801,1.440161,1.263019,1.373853,1.421812,1.374057,0.986330,0.903396,1.199163,1.390305,1.491909,1.428057,1.431722,1.192427,1.410347,1.399494,1.442633,1.464140,1.389857,0.794453,0.998357,1.116311,1.269658,1.475257,1.357986,1.369018,1.374057,1.475390,1.385770,1.293815,1.432654,1.388800
1.916632,1.545506,0.749515,0.294533,0.242192,0.324058,0.312898,1.340713,1.112790,1.867966,0.488388,1.184388,0.714800,1.628009,0.296942,0.675869,1.339727,1.959321,0.361066,0.416761,0.383135,0.358455,0.344920,0.589105,0.313418,1.965247,0.563899,0.609234,1.957705,0.438539,1.302021,0.296942,0.317255,1.803277,0.426047,0.877669,1.120429,1.875314,0.287251,0.270224,0.634043,1.545657,0.000000,0.376986,0.350054,1.049420,0.631206,0.543759,0.459773,1.814641,1.597549,0.438539,0.631206,1.961399,0.485072,0.354802,1.919454,0.781472,0.432557,1.070396,0.413549,1.965778,0.739978,1.603976,0.396590,0.459900,0.299661,0.935514,1.818884,0.316010,0.563899,0.413379,0.491352,0.417010,1.044779,1.150990,1.905819,0.359056,0.387159,1.932403,0.409619,1.939074,1.963546,0.386677,0.323200,0.282162,0.388993,1.071741,1.508478,0.821967,1.963436,0.278051,0.446958,0.423565,0.417010,0.299642,0.376711,0.519034,0.325429,0.413550
1.859348,1.383848,0.561753,0.178644,0.394708,0.197933,0.150020,1.137888,0.868949,1.912268,0.284309,1.087406,0.713667,1.695077,0.211047,0.450340,1.214195,1.966193,0.266711,0.112178,0.097814,0.331485,0.119398,0.768691,0.136555,1.941648,0.329044,0.411568,1.940645,0.199992,1.504383,0.211047,0.170163,1.876227,0.123271,0.659096,0.884626,1.816569,0.293077,0.319866,0.419093,1.395004,0.376986,0.000000,0.145657,0.862992,0.380787,0.339463,0.261666,1.773722,1.531516,0.199992,0.380787,1.896609,0.319442,0.379829,1.887133,0.509704,0.277746,0.869405,0.217881,1.979286,0.516413,1.479784,0.189385,0.256646,0.256148,0.709204,1.790585,0.109036,0.329044,0.198581,0.284306,0.065511,0.835550,0.970661,1.834653,0.140590,0.268034,1.959690,0.335608,1.906369,1.988128,0.375186,0.174528,0.162233,0.097591,0.857867,1.539470,0.609254,1.952875,0.288841,0.097223,0.065470,0.065511,0.226063,0.221577,0.404113,0.098503,0.089782
