0.000000,1.075410,1.679385,1.891410,1.913030,1.878999,1.885358,1.196621,1.421999,0.858377,1.856492,1.641954,1.748881,1.111467,1.872115,1.708278,1.528735,0.634322,1.905278,1.853342,1.865082,1.899171,1.883203,1.888957,1.894381,0.547428,1.776300,1.737854,0.625514,1.836503,1.586280,1.872115,1.882848,0.966927,1.848686,1.610948,1.427902,0.278126,1.900524,1.915668,1.741639,1.035431,1.932120,1.867140,1.878878,1.440489,1.743390,1.789229,1.837108,0.627855,0.770215,1.836503,1.743390,0.519700,1.894046,1.913226,0.458295,1.670349,1.899447,1.487054,1.867335,0.655464,1.693650,0.943815,1.863416,1.838535,1.915425,1.572864,0.776935,1.891977,1.776300,1.865427,1.875065,1.856617,1.486440,1.366931,0.720245,1.868434,1.897336,0.760403,1.882527,0.529993,0.678973,1.871544,1.895009,1.903445,1.865999,1.476094,1.148002,1.635829,0.576493,1.915223,1.841668,1.851737,1.856617,1.911623,1.876132,1.775654,1.888386,1.858936
1.075410,0.000000,1.133690,1.416072,1.532458,1.399350,1.394236,0.553296,0.792168,1.506537,1.335139,1.262808,1.409863,1.502250,1.403409,1.124019,1.176168,1.360620,1.447291,1.331690,1.344804,1.484702,1.386350,1.740270,1.422712,1.255406,1.220127,1.190916,1.221690,1.312800,1.859416,1.403409,1.403953,1.547840,1.322796,1.081718,0.721295,1.083293,1.464598,1.495451,1.181959,0.827071,1.564036,1.355664,1.395692,0.900819,1.157376,1.284011,1.316864,1.134541,1.121694,1.312800,1.157376,1.068189,1.419497,1.481484,1.205493,1.009149,1.421741,0.947545,1.383136,1.394897,1.089852,0.736050,1.376490,1.311150,1.468056,0.929821,1.100201,1.410876,1.220127,1.377483,1.379329,1.328982,0.853367,0.871856,1.158584,1.352252,1.426312,1.471341,1.402245,1.219083,1.437251,1.480961,1.421928,1.443759,1.358846,0.949317,1.457865,1.042208,1.284439,1.497206,1.303572,1.322404,1.328982,1.458298,1.408613,1.252161,1.401383,1.334543
1.679385,1.133690,0.000000,0.625855,0.753766,0.617302,0.592199,0.857878,0.693610,1.853917,0.615407,1.240638,0.493530,1.672505,0.553116,0.308109,1.288051,1.887520,0.734750,0.524199,0.551736,0.766311,0.604976,1.164302,0.609029,1.831275,0.257393,0.364896,1.849663,0.397562,1.588619,0.553116,0.568153,1.815062,0.517900,0.513074,0.553606,1.675438,0.693296,0.742915,0.174988,1.190005,0.767082,0.533915,0.546744,0.492736,0.241577,0.286257,0.534437,1.634328,1.384292,0.397562,0.241577,1.779205,0.743060,0.824488,1.716220,0.394709,0.743414,0.518235,0.571197,1.897199,0.333880,1.185132,0.564103,0.531749,0.713405,0.302781,1.690403,0.607143,0.257393,0.597945,0.683375,0.522141,0.393290,0.615764,1.741219,0.548050,0.696514,1.891789,0.657887,1.747391,1.913747,0.762181,0.632799,0.643016,0.555343,0.733621,1.395016,0.136942,1.831962,0.709704,0.506534,0.511178,0.522141,0.684880,0.617572,0.332194,0.595847,0.547190
1.891410,1.416072,0.625855,0.000000,0.264247,0.084518,0.088994,1.220584,0.965478,1.902728,0.301916,1.022702,0.727962,1.712964,0.145201,0.519349,1.152395,1.976552,0.210671,0.226908,0.185376,0.314242,0.167715,0.761914,0.175029,1.962413,0.415341,0.458107,1.955470,0.279647,1.447333,0.145201,0.197872,1.851324,0.235472,0.728843,0.975131,1.878078,0.177058,0.196398,0.496911,1.453886,0.308299,0.194781,0.188395,0.923877,0.472454,0.390355,0.296990,1.835113,1.650766,0.279647,0.472454,1.918987,0.299487,0.302908,1.924006,0.613152,0.263661,0.919607,0.227061,1.983108,0.570320,1.501260,0.226594,0.316632,0.205367,0.796918,1.825645,0.156991,0.415341,0.247929,0.283684,0.223317,0.906328,1.028485,1.870715,0.144993,0.199056,1.955110,0.313143,1.925984,1.982379,0.371314,0.181766,0.158334,0.200424,0.945316,1.524628,0.675536,1.965068,0.288449,0.250585,0.236353,0.223317,0.192584,0.253223,0.449611,0.163080,0.221135
1.913030,1.532458,0.753766,0.264247,0.000000,0.287385,0.315655,1.347620,1.103067,1.840140,0.487629,1.078251,0.712263,1.625122,0.255053,0.667689,1.234508,1.961383,0.323021,0.435667,0.401955,0.321970,0.367432,0.574789,0.315845,1.966167,0.579533,0.585859,1.967918,0.448586,1.303222,0.255053,0.314421,1.768415,0.447891,0.869075,1.131513,1.905108,0.238534,0.204020,0.648806,1.538351,0.244004,0.401357,0.360793,1.037730,0.646011,0.526083,0.481067,1.831349,1.693759,0.448586,0.646011,1.958964,0.439829,0.364257,1.917582,0.801404,0.418347,1.062492,0.411615,1.962305,0.725416,1.548846,0.370788,0.496966,0.279480,0.951764,1.831606,0.334610,0.579533,0.381237,0.455728,0.438513,1.044069,1.127560,1.909476,0.372016,0.351804,1.912547,0.434057,1.940581,1.951181,0.368014,0.312458,0.291775,0.398471,1.075549,1.443296,0.820615,1.963343,0.291501,0.475721,0.453411,0.438513,0.287776,0.359237,0.565001,0.348007,0.444929
1.878999,1.399350,0.617302,0.084518,0.287385,0.000000,0.134249,1.200116,0.948198,1.905349,0.287514,1.021838,0.734435,1.718989,0.161492,0.506001,1.146490,1.974196,0.225680,0.225295,0.187734,0.341394,0.170734,0.786787,0.195747,1.957914,0.408112,0.448026,1.951789,0.279048,1.463234,0.161492,0.220856,1.857182,0.231993,0.713668,0.956258,1.869076,0.150096,0.189527,0.488969,1.438688,0.344471,0.200236,0.197966,0.905866,0.461327,0.390007,0.264591,1.833681,1.639769,0.279048,0.461327,1.910342,0.312415,0.326126,1.920142,0.596554,0.272810,0.903439,0.231828,1.980453,0.562291,1.481780,0.241338,0.296321,0.221890,0.781409,1.825084,0.171250,0.408112,0.258223,0.282078,0.223485,0.890222,1.012089,1.865835,0.164971,0.190223,1.957032,0.311183,1.920649,1.980582,0.377853,0.203465,0.179617,0.203162,0.935064,1.520913,0.662544,1.960907,0.314608,0.244434,0.235235,0.223485,0.210414,0.273487,0.453359,0.175181,0.219506
1.885358,1.394236,0.592199,0.088994,0.315655,0.134249,0.000000,1.199391,0.943962,1.909599,0.296775,1.029319,0.711739,1.724708,0.155610,0.496620,1.151186,1.977042,0.228002,0.195959,0.159456,0.332371,0.150168,0.795732,0.172038,1.957895,0.379457,0.444406,1.949172,0.244210,1.473483,0.155610,0.186057,1.860832,0.203522,0.702147,0.944320,1.869265,0.229810,0.253820,0.460576,1.429776,0.323415,0.163890,0.153443,0.900804,0.436233,0.357895,0.278962,1.832430,1.632629,0.244210,0.436233,1.911461,0.310497,0.325512,1.919388,0.578883,0.264200,0.888452,0.182729,1.984823,0.537900,1.489866,0.212911,0.287908,0.226100,0.760832,1.823336,0.144332,0.379457,0.237529,0.286989,0.190236,0.875721,1.008491,1.857854,0.096202,0.224251,1.957747,0.301652,1.919313,1.986688,0.392099,0.183977,0.161442,0.176038,0.918643,1.528202,0.642115,1.962192,0.294744,0.215256,0.201231,0.190236,0.209095,0.246070,0.418303,0.144113,0.188141
1.196621,0.553296,0.857878,1.220584,1.347620,1.200116,1.199391,0.000000,0.452902,1.593990,1.151687,1.209717,1.186108,1.515750,1.189070,0.837495,1.146133,1.533632,1.273102,1.117642,1.149311,1.304976,1.196991,1.614399,1.226512,1.440675,0.978017,0.911187,1.443274,1.094152,1.827451,1.189070,1.209149,1.619240,1.105957,0.791354,0.393474,1.209940,1.287848,1.327459,0.932936,0.783543,1.390242,1.155324,1.200880,0.576281,0.904601,1.029727,1.114146,1.206199,1.121746,1.094152,0.904601,1.286650,1.248902,1.327164,1.313890,0.749820,1.260587,0.642638,1.191046,1.561052,0.825827,0.737319,1.168851,1.106924,1.289788,0.655672,1.271630,1.219704,0.978017,1.181516,1.198445,1.126534,0.529954,0.460954,1.329975,1.149587,1.252213,1.595460,1.217649,1.363096,1.589393,1.296550,1.227733,1.255857,1.150320,0.778596,1.340408,0.750137,1.434034,1.323911,1.098041,1.120632,1.126534,1.274598,1.213787,1.025342,1.209012,1.141224
1.421999,0.792168,0.693610,0.965478,1.103067,0.948198,0.943962,0.452902,0.000000,1.721162,0.919546,1.058510,1.054665,1.594826,0.930878,0.620310,1.035506,1.706810,1.016448,0.854371,0.888373,1.031522,0.934503,1.421600,0.963748,1.625298,0.759123,0.684552,1.622936,0.858468,1.778080,0.930878,0.948204,1.714763,0.844084,0.469317,0.412183,1.409447,1.047655,1.084192,0.730387,0.845510,1.164042,0.893301,0.954713,0.482006,0.689857,0.805229,0.874933,1.390066,1.227928,0.858468,0.689857,1.500649,0.998341,1.084004,1.511628,0.560915,1.004418,0.481795,0.938156,1.724319,0.629306,0.918209,0.891228,0.856350,1.033054,0.553029,1.459758,0.959556,0.759123,0.900672,0.953328,0.862662,0.500179,0.393335,1.502808,0.897705,1.011505,1.741468,0.969844,1.561194,1.753083,1.033132,0.963308,0.996302,0.884652,0.638938,1.362037,0.600617,1.621493,1.065313,0.836855,0.859227,0.862662,1.017612,0.933837,0.821696,0.949473,0.881383
0.858377,1.506537,1.853917,1.902728,1.840140,1.905349,1.909599,1.593990,1.721162,0.000000,1.929203,1.626822,1.780974,0.534828,1.890350,1.859008,1.603486,0.628155,1.893580,1.918060,1.923856,1.858894,1.919814,1.645170,1.902357,0.670681,1.901162,1.852258,0.779495,1.913954,1.163798,1.890350,1.895693,0.488620,1.918661,1.842392,1.768183,0.907201,1.897492,1.888431,1.887963,1.442464,1.863098,1.923808,1.916313,1.739922,1.897364,1.885879,1.921622,0.779495,1.280156,1.913954,1.897364,0.896092,1.907883,1.888700,0.692577,1.887226,1.914685,1.774116,1.916059,0.628331,1.837604,1.311256,1.903529,1.916991,1.887653,1.837302,0.839237,1.914372,1.901162,1.899880,1.921474,1.926530,1.776560,1.663388,0.858227,1.917048,1.914396,0.279506,1.904465,0.710842,0.539765,1.837077,1.895655,1.903714,1.912922,1.753345,1.099360,1.845100,0.700384,1.869743,1.931308,1.930672,1.926530,1.895753,1.895653,1.886336,1.917810,1.933966
1.856492,1.335139,0.615407,0.301916,0.487629,0.287514,0.296775,1.151687,0.919546,1.929203,0.000000,0.981928,0.795929,1.770034,0.348515,0.520752,1.078601,1.965890,0.318345,0.273588,0.261215,0.428984,0.278105,0.894940,0.323411,1.935588,0.401849,0.499858,1.927930,0.303858,1.552659,0.348515,0.344883,1.897604,0.271354,0.698675,0.891704,1.846831,0.333037,0.374318,0.477130,1.375980,0.502690,0.272917,0.278558,0.893336,0.438080,0.428794,0.214542,1.833343,1.617554,0.303858,0.438080,1.865325,0.226558,0.423729,1.912126,0.517540,0.297298,0.880941,0.309847,1.965711,0.569384,1.470743,0.282430,0.257744,0.351460,0.726215,1.819666,0.282207,0.401849,0.291211,0.163332,0.275132,0.858843,1.009996,1.822638,0.252969,0.245873,1.963056,0.277261,1.901523,1.973860,0.447061,0.325273,0.308368,0.284419,0.864321,1.548032,0.647526,1.932894,0.420481,0.270575,0.272329,0.275132,0.341456,0.314179,0.499302,0.281155,0.256903
1.641954,1.262808,1.240638,1.022702,1.078251,1.021838,1.029319,1.209717,1.058510,1.626822,0.981928,0.000000,1.413872,1.509465,1.070828,1.117044,0.276882,1.675917,0.961063,1.022995,1.042492,1.021666,1.037053,1.136195,1.041197,1.638092,1.131635,1.113814,1.619987,1.101243,1.555435,1.070828,1.072542,1.605859,1.020462,1.085135,1.191411,1.616881,1.041691,1.042377,1.166825,1.298248,1.136629,1.047880,1.072594,1.246163,1.122957,1.163361,1.003318,1.551734,1.606310,1.101243,1.122957,1.531941,0.946979,1.002079,1.673751,1.055759,0.984629,1.261061,1.051587,1.686310,1.079217,1.408742,1.030488,1.001021,1.024034,1.213466,1.484702,1.043649,1.131635,1.014812,0.967174,1.033875,1.264386,1.267892,1.548725,1.025567,1.009099,1.669215,1.006783,1.658146,1.681367,0.910805,1.025774,1.049211,1.023615,1.091514,1.512357,1.216568,1.645138,1.080379,1.038004,1.044698,1.033875,1.030908,1.024302,1.209442,1.044594,1.042381
1.748881,1.409863,0.493530,0.727962,0.712263,0.734435,0.711739,1.186108,1.054665,1.780974,0.795929,1.413872,0.000000,1.579535,0.636016,0.659215,1.488282,1.874103,0.830034,0.712802,0.724334,0.792480,0.739937,1.009164,0.696527,1.838321,0.557925,0.644882,1.886875,0.583765,1.321088,0.636016,0.650763,1.709253,0.717347,0.820682,0.941106,1.747155,0.736616,0.764420,0.532189,1.375713,0.700598,0.690693,0.658332,0.835569,0.608113,0.508313,0.723729,1.661359,1.446086,0.583765,0.608113,1.867722,0.865061,0.908889,1.710143,0.784638,0.869572,0.859797,0.701856,1.871607,0.690530,1.341561,0.688171,0.724785,0.764750,0.715568,1.736034,0.709149,0.557925,0.715981,0.837555,0.709123,0.768842,0.910095,1.815284,0.715226,0.803123,1.839437,0.762480,1.761124,1.873881,0.795155,0.721851,0.710847,0.715821,1.012865,1.293529,0.599136,1.838559,0.704158,0.722788,0.704570,0.709123,0.743609,0.704019,0.525347,0.707630,0.732458
1.111467,1.502250,1.672505,1.712964,1.625122,1.718989,1.724708,1.515750,1.594826,0.534828,1.770034,1.509465,1.579535,0.000000,1.688237,1.668870,1.547589,1.024634,1.719833,1.740851,1.752085,1.662029,1.747982,1.452481,1.712040,1.024223,1.715226,1.651645,1.131285,1.726173,1.010973,1.688237,1.700006,0.598124,1.742739,1.681664,1.652783,1.166109,1.711784,1.702433,1.702636,1.408551,1.663720,1.749689,1.734722,1.593265,1.717380,1.695436,1.751384,0.847221,1.372536,1.726173,1.717380,1.222969,1.746781,1.719517,0.939554,1.736196,1.762869,1.639323,1.743539,1.026723,1.649269,1.287228,1.716133,1.749766,1.694141,1.685348,0.982996,1.735490,1.715226,1.712154,1.764437,1.754810,1.631340,1.515251,1.198327,1.733719,1.749337,0.770701,1.737022,1.023070,0.938597,1.631725,1.703800,1.719641,1.733340,1.609376,0.940116,1.673152,1.065178,1.674672,1.768195,1.763560,1.754810,1.703562,1.704094,1.691317,1.742062,1.773351
1.872115,1.403409,0.553116,0.145201,0.255053,0.161492,0.155610,1.189070,0.930878,1.890350,0.348515,1.070828,0.636016,1.688237,0.000000,0.471800,1.194391,1.973559,0.298870,0.248401,0.221463,0.349187,0.224505,0.780099,0.209177,1.955840,0.359009,0.411191,1.957577,0.236088,1.444062,0.000000,0.185169,1.837396,0.256348,0.681258,0.934787,1.861182,0.221495,0.247520,0.431921,1.418535,0.322196,0.216401,0.197136,0.866403,0.422650,0.329558,0.301789,1.812415,1.614800,0.236088,0.422650,1.920452,0.375781,0.383438,1.900845,0.583106,0.355623,0.874386,0.254470,1.979866,0.523674,1.467163,0.224399,0.309880,0.270767,0.742624,1.824685,0.205079,0.359009,0.255301,0.354333,0.245250,0.849084,0.970077,1.869107,0.180168,0.286991,1.947843,0.321524,1.911414,1.980009,0.385949,0.223991,0.207984,0.231338,0.909097,1.462001,0.612894,1.956777,0.296237,0.270634,0.253384,0.245250,0.252636,0.258582,0.371137,0.206711,0.255640
1.708278,1.124019,0.308109,0.519349,0.667689,0.506001,0.496620,0.837495,0.620310,1.859008,0.520752,1.117044,0.659215,1.668870,0.471800,0.000000,1.189347,1.907242,0.618940,0.414567,0.436604,0.646991,0.492058,1.087199,0.511136,1.859779,0.267801,0.120936,1.862911,0.366947,1.608192,0.471800,0.483358,1.812148,0.405588,0.502529,0.579459,1.710997,0.614281,0.659743,0.284099,1.216534,0.706397,0.444585,0.490739,0.519596,0.209712,0.305913,0.472739,1.656124,1.481006,0.366947,0.209712,1.790572,0.631967,0.696407,1.762415,0.352054,0.629374,0.563601,0.514484,1.913233,0.315257,1.203130,0.468487,0.476850,0.603564,0.411331,1.678541,0.511751,0.267801,0.494983,0.571860,0.423794,0.483160,0.607628,1.766163,0.447224,0.594663,1.903052,0.588873,1.799269,1.925748,0.691245,0.521176,0.549129,0.442309,0.757362,1.427712,0.287001,1.852415,0.635135,0.407739,0.422300,0.423794,0.579903,0.524546,0.362438,0.498172,0.450831
1.528735,1.176168,1.288051,1.152395,1.234508,1.146490,1.151186,1.146133,1.035506,1.603486,1.078601,0.276882,1.488282,1.547589,1.194391,1.189347,0.000000,1.594042,1.099455,1.125189,1.150019,1.170280,1.151921,1.304683,1.167608,1.532540,1.205465,1.205020,1.525329,1.198270,1.644314,1.194391,1.197504,1.615503,1.120308,1.102246,1.160451,1.497754,1.172769,1.181122,1.228733,1.180940,1.280935,1.152018,1.183162,1.243444,1.185887,1.246890,1.091361,1.496163,1.500755,1.198270,1.185887,1.395911,1.068003,1.145258,1.588070,1.084510,1.107723,1.251014,1.153387,1.608604,1.140660,1.342897,1.145702,1.084258,1.165056,1.220597,1.430581,1.162311,1.205465,1.134161,1.077042,1.133679,1.262684,1.261419,1.418061,1.140130,1.130947,1.616341,1.109369,1.546585,1.615913,1.044651,1.156252,1.176233,1.133711,1.063116,1.518609,1.251730,1.543312,1.218825,1.127521,1.138775,1.133679,1.166561,1.148239,1.293501,1.160284,1.137284
0.634322,1.360620,1.887520,1.976552,1.961383,1.974196,1.977042,1.533632,1.706810,0.628155,1.965890,1.675917,1.874103,1.024634,1.973559,1.907242,1.594042,0.000000,1.969322,1.971949,1.973894,1.960746,1.977671,1.839062,1.980189,0.443768,1.943773,1.920629,0.384124,1.968792,1.430908,1.973559,1.980318,0.783094,1.970691,1.848565,1.715188,0.664314,1.974427,1.970822,1.925912,1.363263,1.969317,1.976621,1.978682,1.749065,1.928031,1.945530,1.968101,0.788460,1.148806,1.968792,1.928031,0.532975,1.963068,1.959113,0.564908,1.880202,1.964293,1.773221,1.972830,0.365473,1.891718,1.263946,1.973833,1.964973,1.974454,1.820911,0.763224,1.981468,1.943773,1.970202,1.963311,1.971963,1.756079,1.681700,0.723203,1.974235,1.967352,0.449041,1.969207,0.599094,0.289681,1.949836,1.977589,1.981936,1.974145,1.739307,1.297074,1.862431,0.432299,1.976286,1.967025,1.971095,1.971963,1.976974,1.974002,1.936221,1.981612,1.971706
1.905278,1.447291,0.734750,0.210671,0.323021,0.225680,0.228002,1.273102,1.016448,1.893580,0.318345,0.961063,0.830034,1.719833,0.298870,0.618940,1.099455,1.969322,0.000000,0.289242,0.280873,0.277574,0.240965,0.717757,0.233572,1.963982,0.530505,0.560596,1.947982,0.393482,1.450945,0.298870,0.286424,1.843081,0.297413,0.796622,1.048676,1.892067,0.266510,0.261261,0.607403,1.471685,0.357479,0.288256,0.284955,1.006569,0.581009,0.500788,0.373044,1.849025,1.685190,0.393482,0.581009,1.911850,0.235244,0.261861,1.934019,0.690561,0.157100,0.998230,0.301845,1.970768,0.664334,1.529702,0.275733,0.385129,0.207061,0.887741,1.828405,0.230956,0.530505,0.275144,0.243113,0.309314,0.996614,1.102526,1.864774,0.257637,0.219694,1.942966,0.346607,1.939843,1.972147,0.355339,0.212918,0.213231,0.258042,0.984594,1.543415,0.776913,1.954842,0.304058,0.335649,0.325727,0.309314,0.221034,0.274547,0.583316,0.242022,0.305339
1.853342,1.331690,0.524199,0.226908,0.435667,0.225295,0.195959,1.117642,0.854371,1.918060,0.273588,1.022995,0.712802,1.740851,0.248401,0.414567,1.125189,1.971949,0.289242,0.000000,0.144870,0.390021,0.165167,0.893461,0.160699,1.942160,0.314721,0.384324,1.937646,0.213702,1.532862,0.248401,0.213172,1.875560,0.020875,0.614524,0.853949,1.839862,0.334538,0.369943,0.393758,1.359390,0.445697,0.099000,0.201756,0.822797,0.354986,0.315514,0.261285,1.803296,1.591631,0.213702,0.354986,1.882204,0.320309,0.407237,1.893843,0.488641,0.297283,0.793103,0.229720,1.974969,0.467894,1.422632,0.206956,0.268889,0.274012,0.671105,1.801616,0.165408,0.314721,0.226612,0.281199,0.082053,0.790415,0.929551,1.832555,0.162690,0.292365,1.959080,0.327033,1.899008,1.984274,0.458589,0.174236,0.210612,0.055681,0.850371,1.534439,0.562854,1.935513,0.351272,0.113371,0.103854,0.082053,0.247499,0.252788,0.407600,0.158642,0.139279
1.865082,1.344804,0.551736,0.185376,0.401955,0.187734,0.159456,1.149311,0.888373,1.923856,0.261215,1.042492,0.724334,1.752085,0.221463,0.436604,1.150019,1.973894,0.280873,0.144870,0.000000,0.375617,0.081258,0.866528,0.181848,1.947290,0.331520,0.397239,1.937924,0.217051,1.521940,0.221463,0.178402,1.882336,0.150561,0.663234,0.884292,1.850910,0.290185,0.319579,0.417712,1.394768,0.414177,0.095005,0.177133,0.854760,0.374435,0.330377,0.260572,1.827248,1.612526,0.217051,0.374435,1.889500,0.303062,0.374087,1.912799,0.520076,0.271494,0.824712,0.224435,1.975920,0.502814,1.458558,0.207830,0.275519,0.263443,0.701275,1.815917,0.124259,0.331520,0.222567,0.263459,0.106356,0.820960,0.964104,1.837470,0.135330,0.242971,1.964155,0.317023,1.906524,1.987908,0.463974,0.197913,0.175869,0.136720,0.885894,1.555500,0.591292,1.946671,0.319111,0.109954,0.105175,0.106356,0.241064,0.253000,0.406794,0.105802,0.072681
1.899171,1.484702,0.766311,0.314242,0.321970,0.341394,0.332371,1.304976,1.031522,1.858894,0.428984,1.021666,0.792480,1.662029,0.349187,0.646991,1.170280,1.960746,0.277574,0.390021,0.375617,0.000000,0.337393,0.656518,0.301107,1.956483,0.578275,0.577146,1.945592,0.453250,1.381510,0.349187,0.325271,1.792534,0.400497,0.810428,1.094056,1.877961,0.362440,0.346633,0.649817,1.462140,0.361918,0.379711,0.366800,1.025284,0.630605,0.531947,0.476897,1.821693,1.661072,0.453250,0.630605,1.928944,0.346444,0.373634,1.912780,0.753318,0.327203,1.015295,0.395037,1.957599,0.721287,1.528202,0.289065,0.485008,0.276550,0.931778,1.819545,0.319258,0.578275,0.251189,0.374388,0.405021,1.034878,1.099471,1.880066,0.364602,0.354837,1.917460,0.407988,1.938698,1.952777,0.401191,0.285402,0.286733,0.355110,1.007731,1.480794,0.818954,1.946860,0.272391,0.437994,0.422024,0.405021,0.294528,0.217994,0.614756,0.332676,0.410667
1.883203,1.386350,0.604976,0.167715,0.367432,0.170734,0.150168,1.196991,0.934503,1.919814,0.278105,1.037053,0.739937,1.747982,0.224505,0.492058,1.151921,1.977671,0.240965,0.165167,0.081258,0.337393,0.000000,0.825802,0.149314,1.955048,0.387915,0.447081,1.944460,0.259206,1.492607,0.224505,0.160985,1.877404,0.174922,0.700785,0.940772,1.867851,0.260767,0.279776,0.472458,1.426350,0.367364,0.119228,0.174465,0.905546,0.436041,0.374183,0.282781,1.843191,1.632182,0.259206,0.436041,1.902709,0.284698,0.340362,1.926152,0.580816,0.237343,0.872142,0.219967,1.977548,0.553829,1.488797,0.213601,0.297593,0.208325,0.759601,1.830210,0.080789,0.387915,0.217071,0.258975,0.143161,0.877753,1.010533,1.848073,0.156059,0.217142,1.961543,0.309006,1.917726,1.987575,0.438638,0.161903,0.123714,0.137255,0.929678,1.564682,0.649193,1.952759,0.272486,0.163423,0.151770,0.143161,0.190256,0.240823,0.457412,0.062663,0.117781
1.888957,1.740270,1.164302,0.761914,0.574789,0.786787,0.795732,1.614399,1.421600,1.645170,0.894940,1.136195,1.009164,1.452481,0.780099,1.087199,1.304683,1.839062,0.717757,0.893461,0.866528,0.656518,0.825802,0.000000,0.775861,1.867328,1.031514,1.004437,1.889017,0.920781,1.026368,0.780099,0.778899,1.549424,0.904559,1.252490,1.484116,1.884229,0.719930,0.679285,1.088876,1.682591,0.628730,0.866508,0.826528,1.375970,1.088870,0.960373,0.923793,1.789318,1.765992,0.920781,1.088870,1.928447,0.793778,0.705069,1.850159,1.218212,0.791586,1.414911,0.852054,1.822486,1.148953,1.667824,0.812516,0.934630,0.709220,1.344882,1.750245,0.794162,1.031514,0.807568,0.841296,0.900197,1.412467,1.425173,1.871343,0.848811,0.780124,1.739487,0.837305,1.888011,1.800169,0.674783,0.762746,0.745612,0.855949,1.364386,1.367000,1.228962,1.870561,0.670022,0.933595,0.913692,0.900197,0.732259,0.776905,1.004246,0.808854,0.900518
1.894381,1.422712,0.609029,0.175029,0.315845,0.195747,0.172038,1.226512,0.963748,1.902357,0.323411,1.041197,0.696527,1.712040,0.209177,0.511136,1.167608,1.980189,0.233572,0.160699,0.181848,0.301107,0.149314,0.775861,0.000000,1.962511,0.402591,0.457335,1.957942,0.267007,1.444154,0.209177,0.150001,1.845657,0.178740,0.713227,0.975579,1.881070,0.260230,0.275977,0.483152,1.441716,0.330265,0.138581,0.186007,0.920994,0.461414,0.373904,0.320919,1.827134,1.640490,0.267007,0.461414,1.923032,0.308490,0.351802,1.916786,0.620588,0.279691,0.896544,0.237514,1.978671,0.567749,1.486827,0.207593,0.335898,0.164144,0.784328,1.822717,0.103765,0.402591,0.210411,0.300850,0.168123,0.898468,1.021909,1.870931,0.198741,0.262705,1.952821,0.332342,1.926457,1.982958,0.405680,0.064429,0.105308,0.114522,0.950486,1.526217,0.666493,1.953968,0.239114,0.222356,0.192904,0.168123,0.140324,0.211798,0.459671,0.118360,0.206343
0.547428,1.255406,1.831275,1.962413,1.966167,1.957914,1.957895,1.440675,1.625298,0.670681,1.935588,1.638092,1.838321,1.024223,1.955840,1.859779,1.532540,0.443768,1.963982,1.942160,1.947290,1.956483,1.955048,1.867328,1.962511,0.000000,1.897785,1.882626,0.464925,1.937953,1.456460,1.955840,1.956124,0.843550,1.939854,1.774554,1.628274,0.553962,1.961923,1.965684,1.874470,1.212519,1.972072,1.947304,1.959818,1.670481,1.875955,1.910656,1.923474,0.707951,1.024346,1.937953,1.875955,0.451710,1.950255,1.962369,0.494422,1.819322,1.957958,1.672055,1.950174,0.450094,1.829236,1.183056,1.945551,1.917288,1.967358,1.741646,0.681018,1.959994,1.897785,1.945562,1.946079,1.941026,1.681792,1.609899,0.588010,1.951013,1.957505,0.540185,1.933658,0.362962,0.480481,1.920394,1.961970,1.965588,1.948708,1.640344,1.283816,1.801100,0.425733,1.963136,1.932666,1.937915,1.941026,1.967166,1.950401,1.895852,1.957824,1.940805
1.776300,1.220127,0.257393,0.415341,0.579533,0.408112,0.379457,0.978017,0.759123,1.901162,0.401849,1.131635,0.557925,1.715226,0.359009,0.267801,1.205465,1.943773,0.530505,0.314721,0.331520,0.578275,0.387915,1.031514,0.402591,1.897785,0.000000,0.291532,1.905493,0.174270,1.567665,0.359009,0.366923,1.862946,0.309212,0.534557,0.671360,1.770131,0.488904,0.540737,0.101772,1.268064,0.593336,0.317372,0.331138,0.645226,0.099973,0.179591,0.322913,1.736136,1.497178,0.174270,0.099973,1.840722,0.532768,0.627416,1.820296,0.351432,0.535489,0.635039,0.371532,1.949545,0.325641,1.317332,0.358523,0.329563,0.507439,0.432663,1.761127,0.391479,0.000000,0.393078,0.475194,0.306176,0.570527,0.767931,1.793103,0.332161,0.482212,1.942205,0.449139,1.830468,1.963024,0.589899,0.428584,0.432399,0.346110,0.757157,1.461296,0.313688,1.899122,0.514864,0.293651,0.295315,0.306176,0.478443,0.415655,0.253287,0.379212,0.328734
1.737854,1.190916,0.364896,0.458107,0.585859,0.448026,0.444406,0.911187,0.684552,1.852258,0.499858,1.113814,0.644882,1.651645,0.411191,0.120936,1.205020,1.920629,0.560596,0.384324,0.397239,0.577146,0.447081,1.004437,0.457335,1.882626,0.291532,0.000000,1.886589,0.345019,1.561032,0.411191,0.428658,1.795884,0.377921,0.551694,0.675824,1.739541,0.555636,0.597293,0.327190,1.274506,0.638344,0.410054,0.447880,0.579724,0.267533,0.285049,0.460712,1.674921,1.515294,0.345019,0.267533,1.825442,0.592336,0.633288,1.784229,0.427302,0.585540,0.640901,0.477595,1.927230,0.359282,1.240114,0.420685,0.468604,0.541696,0.513256,1.693287,0.463159,0.291532,0.448588,0.537764,0.397614,0.574479,0.662294,1.798749,0.405144,0.546045,1.904655,0.560506,1.829155,1.932767,0.637440,0.464368,0.492461,0.402192,0.806247,1.415695,0.369291,1.877499,0.574866,0.389582,0.400361,0.397614,0.521049,0.473946,0.350747,0.452170,0.424724
0.625514,1.221690,1.849663,1.955470,1.967918,1.951789,1.949172,1.443274,1.622936,0.779495,1.927930,1.619987,1.886875,1.131285,1.957577,1.862911,1.525329,0.384124,1.947982,1.937646,1.937924,1.945592,1.944460,1.889017,1.957942,0.464925,1.905493,1.886589,0.000000,1.936752,1.538844,1.957577,1.955569,0.894401,1.935073,1.789804,1.630821,0.659428,1.960918,1.960486,1.886388,1.297538,1.965272,1.944063,1.952633,1.699603,1.882599,1.919149,1.928078,0.765499,1.142870,1.936752,1.882599,0.408871,1.931511,1.935971,0.590182,1.816757,1.930843,1.695655,1.943372,0.455920,1.840022,1.255393,1.943628,1.921741,1.957310,1.755921,0.739462,1.953700,1.905493,1.938866,1.929825,1.935037,1.692726,1.627269,0.644316,1.940566,1.942865,0.601365,1.938251,0.585212,0.471495,1.948262,1.956767,1.959927,1.943431,1.690369,1.407820,1.815020,0.498160,1.962259,1.927161,1.933505,1.935037,1.957252,1.946609,1.906373,1.951718,1.933508
1.836503,1.312800,0.397562,0.279647,0.448586,0.279048,0.244210,1.094152,0.858468,1.913954,0.303858,1.101243,0.583765,1.726173,0.236088,0.366947,1.198270,1.968792,0.393482,0.213702,0.217051,0.453250,0.259206,0.920781,0.267007,1.937953,0.174270,0.345019,1.936752,0.000000,1.523198,0.236088,0.238322,1.869807,0.214141,0.606183,0.803130,1.827798,0.354900,0.401624,0.253126,1.351029,0.458813,0.197866,0.170285,0.766908,0.254927,0.194361,0.254945,1.789032,1.564321,0.000000,0.254927,1.885177,0.405870,0.492404,1.872843,0.448812,0.404176,0.757618,0.241544,1.970398,0.419572,1.404500,0.245411,0.274903,0.364361,0.583291,1.802308,0.252255,0.174270,0.278393,0.354399,0.204750,0.712429,0.885365,1.834972,0.208555,0.348688,1.957884,0.356277,1.882678,1.980139,0.496646,0.294106,0.288207,0.231000,0.829038,1.490437,0.461335,1.934602,0.384663,0.210365,0.199141,0.204750,0.337342,0.299770,0.288132,0.243481,0.223894
1.586280,1.859416,1.588619,1.447333,1.303222,1.463234,1.473483,1.827451,1.778080,1.163798,1.552659,1.555435,1.321088,1.010973,1.444062,1.608192,1.644314,1.430908,1.450945,1.532862,1.521940,1.381510,1.492607,1.026368,1.444154,1.456460,1.567665,1.561032,1.538844,1.523198,0.000000,1.444062,1.438438,1.011502,1.541541,1.650736,1.803028,1.598336,1.401888,1.378935,1.579760,1.744284,1.293017,1.511304,1.480221,1.680388,1.608491,1.519462,1.537610,1.418821,1.572225,1.523198,1.608491,1.667452,1.500078,1.436579,1.430747,1.712034,1.505712,1.696718,1.493017,1.389922,1.618928,1.672084,1.477170,1.549282,1.407850,1.710781,1.484299,1.464462,1.567665,1.480314,1.532082,1.534823,1.727564,1.696136,1.652910,1.513019,1.478464,1.283184,1.492513,1.461271,1.335105,1.340154,1.445421,1.431801,1.509933,1.696860,1.226648,1.648557,1.488553,1.361497,1.560915,1.542476,1.534823,1.418694,1.445268,1.518540,1.474431,1.542940
1.872115,1.403409,0.553116,0.145201,0.255053,0.161492,0.155610,1.189070,0.930878,1.890350,0.348515,1.070828,0.636016,1.688237,0.000000,0.471800,1.194391,1.973559,0.298870,0.248401,0.221463,0.349187,0.224505,0.780099,0.209177,1.955840,0.359009,0.411191,1.957577,0.236088,1.444062,0.000000,0.185169,1.837396,0.256348,0.681258,0.934787,1.861182,0.221495,0.247520,0.431921,1.418535,0.322196,0.216401,0.197136,0.866403,0.422650,0.329558,0.301789,1.812415,1.614800,0.236088,0.422650,1.920452,0.375781,0.383438,1.900845,0.583106,0.355623,0.874386,0.254470,1.979866,0.523674,1.467163,0.224399,0.309880,0.270767,0.742624,1.824685,0.205079,0.359009,0.255301,0.354333,0.245250,0.849084,0.970077,1.869107,0.180168,0.286991,1.947843,0.321524,1.911414,1.980009,0.385949,0.223991,0.207984,0.231338,0.909097,1.462001,0.612894,1.956777,0.296237,0.270634,0.253384,0.245250,0.252636,0.258582,0.371137,0.206711,0.255640
1.882848,1.403953,0.568153,0.197872,0.314421,0.220856,0.186057,1.209149,0.948204,1.895693,0.344883,1.072542,0.650763,1.700006,0.185169,0.483358,1.197504,1.980318,0.286424,0.213172,0.178402,0.325271,0.160985,0.778899,0.150001,1.956124,0.366923,0.428658,1.955569,0.238322,1.438438,0.185169,0.000000,1.840728,0.225575,0.697163,0.950145,1.870535,0.276753,0.295545,0.443194,1.427991,0.323418,0.172068,0.192893,0.889924,0.430144,0.339711,0.327387,1.818393,1.623215,0.238322,0.430144,1.923210,0.348664,0.376969,1.907478,0.600827,0.326181,0.867502,0.261792,1.972762,0.546805,1.471905,0.204371,0.339554,0.215406,0.750287,1.820805,0.132825,0.366923,0.217034,0.339125,0.208923,0.867262,0.996229,1.866118,0.198744,0.301670,1.950002,0.340330,1.915486,1.982539,0.412974,0.159374,0.134365,0.188792,0.930581,1.507425,0.630183,1.950878,0.199376,0.242964,0.217888,0.208923,0.199687,0.221551,0.405567,0.132744,0.219758
0.966927,1.547840,1.815062,1.851324,1.768415,1.857182,1.860832,1.619240,1.714763,0.488620,1.897604,1.605859,1.709253,0.598124,1.837396,1.812148,1.615503,0.783094,1.843081,1.875560,1.882336,1.792534,1.877404,1.549424,1.845657,0.843550,1.862946,1.795884,0.894401,1.869807,1.011502,1.837396,1.840728,0.000000,1.878115,1.794031,1.772210,1.017807,1.843856,1.835800,1.853275,1.497571,1.792985,1.879554,1.873884,1.707714,1.862438,1.840711,1.887677,0.730523,1.326220,1.869807,1.862438,1.064223,1.874985,1.831086,0.728041,1.869289,1.880027,1.763651,1.877157,0.742330,1.820417,1.322528,1.850593,1.890666,1.830033,1.819925,0.808927,1.866764,1.862946,1.848860,1.886981,1.884319,1.761594,1.634669,1.164802,1.872176,1.878077,0.598238,1.878110,0.946574,0.641676,1.780370,1.839853,1.852604,1.867601,1.753067,1.040048,1.816930,0.847798,1.814153,1.895730,1.890762,1.884319,1.836517,1.836917,1.824870,1.871299,1.898403
1.848686,1.322796,0.517900,0.235472,0.447891,0.231993,0.203522,1.105957,0.844084,1.918661,0.271354,1.020462,0.717347,1.742739,0.256348,0.405588,1.120308,1.970691,0.297413,0.020875,0.150561,0.400497,0.174922,0.904559,0.178740,1.939854,0.309212,0.377921,1.935073,0.214141,1.541541,0.256348,0.225575,1.878115,0.000000,0.607149,0.841692,1.835243,0.344122,0.380683,0.387539,1.352261,0.456625,0.111922,0.209490,0.812895,0.346259,0.313810,0.258821,1.800704,1.587433,0.214141,0.346259,1.877643,0.324476,0.411524,1.891424,0.475421,0.302252,0.783737,0.235007,1.974171,0.459550,1.416839,0.214134,0.264647,0.288271,0.660703,1.799265,0.179880,0.309212,0.235965,0.282720,0.090218,0.780198,0.920320,1.828206,0.163887,0.297924,1.958814,0.327865,1.895962,1.983689,0.466076,0.191172,0.225756,0.073592,0.842120,1.535452,0.553684,1.933406,0.365159,0.112303,0.108734,0.090218,0.261795,0.262877,0.404826,0.171471,0.142827
1.610948,1.081718,0.513074,0.728843,0.869075,0.713668,0.702147,0.791354,0.469317,1.842392,0.698675,1.085135,0.820682,1.681664,0.681258,0.502529,1.102246,1.848565,0.796622,0.614524,0.663234,0.810428,0.700785,1.252490,0.713227,1.774554,0.534557,0.551694,1.789804,0.606183,1.650736,0.681258,0.697163,1.794031,0.607149,0.000000,0.570723,1.585397,0.799658,0.843448,0.511231,1.003061,0.901470,0.647323,0.697138,0.510087,0.497238,0.577905,0.633105,1.563359,1.284293,0.606183,0.497238,1.698277,0.788644,0.875595,1.670094,0.444736,0.799036,0.460000,0.679364,1.846902,0.523974,1.125873,0.643690,0.618690,0.790544,0.492176,1.638214,0.711252,0.534557,0.662719,0.740703,0.624833,0.557544,0.591847,1.692705,0.659890,0.793681,1.871756,0.727939,1.713900,1.870038,0.779927,0.721000,0.745645,0.646883,0.596014,1.368566,0.489514,1.770014,0.814681,0.608370,0.620289,0.624833,0.770976,0.682394,0.576595,0.704486,0.650636
1.427902,0.721295,0.553606,0.975131,1.131513,0.956258,0.944320,0.393474,0.412183,1.768183,0.891704,1.191411,0.941106,1.652783,0.934787,0.579459,1.160451,1.715188,1.048676,0.853949,0.884292,1.094056,0.940772,1.484116,0.975579,1.628274,0.671360,0.675824,1.630821,0.803130,1.803028,0.934787,0.950145,1.772210,0.841692,0.570723,0.000000,1.430173,1.045488,1.091672,0.619023,0.893573,1.158512,0.884950,0.931604,0.431757,0.594304,0.752180,0.842553,1.429666,1.224689,0.803130,0.594304,1.499448,1.014683,1.113349,1.522789,0.440291,1.027542,0.448997,0.932757,1.732550,0.567956,0.946804,0.912926,0.833963,1.057030,0.299037,1.475942,0.962222,0.671360,0.930923,0.955375,0.855189,0.232514,0.448071,1.505814,0.885801,1.008572,1.772933,0.961034,1.548013,1.764173,1.090097,0.985278,1.006356,0.893889,0.634034,1.418023,0.438129,1.626728,1.085370,0.823397,0.844292,0.855189,1.034930,0.966160,0.735887,0.948504,0.868993
0.278126,1.083293,1.675438,1.878078,1.905108,1.869076,1.869265,1.209940,1.409447,0.907201,1.846831,1.616881,1.747155,1.166109,1.861182,1.710997,1.497754,0.664314,1.892067,1.839862,1.850910,1.877961,1.867851,1.884229,1.881070,0.553962,1.770131,1.739541,0.659428,1.827798,1.598336,1.861182,1.870535,1.017807,1.835243,1.585397,1.430173,0.000000,1.893711,1.907321,1.735321,1.020931,1.918212,1.851612,1.866033,1.434709,1.738255,1.780634,1.828699,0.702253,0.650290,1.827798,1.738255,0.541121,1.884012,1.896116,0.540969,1.661066,1.884982,1.477138,1.850267,0.703992,1.686238,0.939824,1.849786,1.824596,1.904409,1.572182,0.810059,1.877809,1.770131,1.850227,1.865876,1.841133,1.492868,1.378149,0.709054,1.853602,1.887357,0.800213,1.863551,0.569634,0.726430,1.855306,1.882158,1.889855,1.852302,1.453537,1.193883,1.633374,0.615518,1.900293,1.825132,1.835522,1.841133,1.899960,1.858365,1.767238,1.873932,1.841738
1.900524,1.464598,0.693296,0.177058,0.238534,0.150096,0.229810,1.287848,1.047655,1.897492,0.333037,1.041691,0.736616,1.711784,0.221495,0.614281,1.172769,1.974427,0.266510,0.334538,0.290185,0.362440,0.260767,0.719930,0.260230,1.961923,0.488904,0.555636,1.960918,0.354900,1.401888,0.221495,0.276753,1.843856,0.344122,0.799658,1.045488,1.893711,0.000000,0.085573,0.565961,1.488179,0.309211,0.291983,0.261407,0.990342,0.552548,0.473100,0.307261,1.855532,1.664836,0.354900,0.552548,1.929946,0.343436,0.350519,1.932818,0.689543,0.324356,0.988594,0.306745,1.975751,0.658088,1.536696,0.308760,0.347810,0.246639,0.862721,1.846188,0.239352,0.488904,0.318390,0.332953,0.323282,0.977207,1.103531,1.882934,0.271969,0.209804,1.953067,0.318597,1.928740,1.973967,0.351556,0.271889,0.222831,0.308904,1.002093,1.509951,0.751708,1.967475,0.305415,0.349906,0.331394,0.323282,0.243294,0.317534,0.516682,0.249356,0.314684
1.915668,1.495451,0.742915,0.196398,0.204020,0.189527,0.253820,1.327459,1.084192,1.888431,0.374318,1.042377,0.764420,1.702433,0.247520,0.659743,1.181122,1.970822,0.261261,0.369943,0.319579,0.346633,0.279776,0.679285,0.275977,1.965684,0.540737,0.597293,1.960486,0.401624,1.378935,0.247520,0.295545,1.835800,0.380683,0.843448,1.091672,1.907321,0.085573,0.000000,0.617946,1.518645,0.285042,0.325317,0.294153,1.036846,0.604530,0.516786,0.370617,1.864994,1.688351,0.401624,0.604530,1.937200,0.344551,0.326377,1.941407,0.740537,0.319796,1.035208,0.343591,1.972619,0.700266,1.565736,0.332774,0.399164,0.237042,0.913478,1.853153,0.258061,0.540737,0.338272,0.350786,0.358344,1.023353,1.143842,1.887909,0.303695,0.210795,1.945259,0.344865,1.936631,1.969269,0.362135,0.283033,0.230428,0.338075,1.045243,1.524013,0.800785,1.969793,0.295646,0.388038,0.368841,0.358344,0.239524,0.333387,0.563951,0.270559,0.347565
1.741639,1.181959,0.174988,0.496911,0.648806,0.488969,0.460576,0.932936,0.730387,1.887963,0.477130,1.166825,0.532189,1.702636,0.431921,0.284099,1.228733,1.925912,0.607403,0.393758,0.417712,0.649817,0.472458,1.088876,0.483152,1.874470,0.101772,0.327190,1.886388,0.253126,1.579760,0.431921,0.443194,1.853275,0.387539,0.511231,0.619023,1.735321,0.565961,0.617946,0.000000,1.228705,0.659576,0.400298,0.408350,0.593013,0.124754,0.209613,0.394863,1.703508,1.449516,0.253126,0.124754,1.817015,0.609302,0.703736,1.785979,0.343164,0.612871,0.587142,0.439990,1.933994,0.309332,1.273679,0.434962,0.396849,0.588656,0.367406,1.742084,0.474501,0.101772,0.468076,0.551339,0.388266,0.503476,0.719904,1.770904,0.413332,0.563762,1.927722,0.522559,1.798128,1.948578,0.648915,0.508834,0.513873,0.426715,0.719557,1.436417,0.240918,1.877715,0.586748,0.373047,0.376230,0.388266,0.560752,0.489144,0.266078,0.462808,0.410667
1.035431,0.827071,1.190005,1.453886,1.538351,1.438688,1.429776,0.783543,0.845510,1.442464,1.375980,1.298248,1.375713,1.408551,1.418535,1.216534,1.180940,1.363263,1.471685,1.359390,1.394768,1.462140,1.426350,1.682591,1.441716,1.212519,1.268064,1.274506,1.297538,1.351029,1.744284,1.418535,1.427991,1.497571,1.352261,1.003061,0.893573,1.020931,1.488179,1.518645,1.228705,0.000000,1.569235,1.386993,1.418709,0.987835,1.221452,1.309407,1.340419,1.085086,0.882055,1.351029,1.221452,1.130646,1.440201,1.525572,1.132938,1.090021,1.460685,0.936957,1.399255,1.367948,1.180210,0.845351,1.369932,1.329056,1.482127,1.030281,1.229304,1.434081,1.268064,1.369989,1.414799,1.369236,1.000212,0.921145,1.165996,1.395395,1.475177,1.441194,1.396858,1.158985,1.418362,1.414969,1.437389,1.458336,1.386110,0.784496,1.128952,1.132268,1.238510,1.486979,1.347270,1.360826,1.369236,1.474850,1.387880,1.304728,1.429614,1.376830
1.932120,1.564036,0.767082,0.308299,0.244004,0.344471,0.323415,1.390242,1.164042,1.863098,0.502690,1.136629,0.700598,1.663720,0.322196,0.706397,1.280935,1.969317,0.357479,0.445697,0.414177,0.361918,0.367364,0.628730,0.330265,1.972072,0.593336,0.638344,1.965272,0.458813,1.293017,0.322196,0.323418,1.792985,0.456625,0.901470,1.158512,1.918212,0.309211,0.285042,0.659576,1.569235,0.000000,0.411482,0.357027,1.079872,0.661904,0.546991,0.497922,1.859350,1.692537,0.458813,0.661904,1.967421,0.459454,0.366288,1.936527,0.829899,0.419719,1.073206,0.409635,1.966108,0.756645,1.609489,0.410279,0.506734,0.300204,0.962686,1.859368,0.336366,0.593336,0.419978,0.479114,0.446878,1.067780,1.177607,1.912768,0.373603,0.386349,1.924367,0.431633,1.942342,1.956911,0.441575,0.337305,0.295456,0.413110,1.110377,1.497292,0.840445,1.969373,0.270259,0.483685,0.459446,0.446878,0.308137,0.390180,0.568784,0.346080,0.447248
1.867140,1.355664,0.533915,0.194781,0.401357,0.200236,0.163890,1.155324,0.893301,1.923808,0.272917,1.047880,0.690693,1.749689,0.216401,0.444585,1.152018,1.976621,0.288256,0.099000,0.095005,0.379711,0.119228,0.866508,0.138581,1.947304,0.317372,0.410054,1.944063,0.197866,1.511304,0.216401,0.172068,1.879554,0.111922,0.647323,0.884950,1.851612,0.291983,0.325317,0.400298,1.386993,0.411482,0.000000,0.162993,0.852136,0.369085,0.313340,0.255606,1.822325,1.600052,0.197866,0.369085,1.893750,0.317003,0.398583,1.906618,0.519901,0.293203,0.818360,0.207671,1.976904,0.495558,1.451193,0.199361,0.269563,0.257965,0.692467,1.815198,0.110347,0.317372,0.216475,0.281790,0.055011,0.815043,0.964434,1.840903,0.151083,0.264697,1.964779,0.318026,1.904102,1.989119,0.451257,0.167401,0.164625,0.090018,0.879603,1.544052,0.581793,1.944414,0.315907,0.094777,0.062648,0.055011,0.229195,0.241367,0.397289,0.102176,0.087289
