0.000000,1.144806,1.680478,1.903499,1.928140,1.893249,1.895028,1.235725,1.451995,0.829276,1.879514,1.659720,1.731416,1.086537,1.888908,1.726435,1.539654,0.596788,1.916593,1.866700,1.880072,1.913570,1.897712,1.898310,1.904467,0.493010,1.785356,1.757041,0.601863,1.844704,1.530376,1.888908,1.901423,0.962041,1.862397,1.646796,1.448966,0.266790,1.914218,1.926764,1.746087,0.991773,1.945409,1.880438,1.885207,1.470229,1.755785,1.791313,1.864113,0.609743,0.710358,1.844704,1.755785,0.494437,1.905021,1.923569,0.433543,1.693865,1.911530,1.475095,1.871314,0.647026,1.707595,1.003143,1.884756,1.862509,1.923624,1.582748,0.727939,1.904426,1.785356,1.886466,1.888808,1.868840,1.492059,1.389754,0.674145,1.882215,1.907521,0.732214,1.901616,0.509542,0.645588,1.884782,1.905971,1.914923,1.878473,1.474877,1.125141,1.638703,0.570756,1.929671,1.856443,1.865633,1.868840,1.918331,1.894873,1.779491,1.902132,1.873341
1.144806,0.000000,1.044276,1.388074,1.499547,1.379169,1.356532,0.582472,0.792874,1.494023,1.336465,1.376451,1.296145,1.445186,1.363592,1.074417,1.307305,1.388527,1.433056,1.304529,1.322593,1.463147,1.370286,1.687071,1.389174,1.307979,1.158489,1.141644,1.279529,1.256093,1.799043,1.363592,1.378637,1.539443,1.296761,1.071012,0.695071,1.137355,1.450196,1.478162,1.106323,0.812359,1.510433,1.326082,1.353563,0.824975,1.104064,1.198766,1.324261,1.123604,1.099011,1.256093,1.104064,1.146540,1.402143,1.469857,1.181176,0.987085,1.416961,0.875916,1.350442,1.430292,1.068172,0.698334,1.366135,1.314975,1.441627,0.866187,1.133180,1.387061,1.158489,1.363409,1.369483,1.298547,0.781355,0.822180,1.183922,1.313668,1.414499,1.489408,1.400989,1.234028,1.460067,1.494046,1.391254,1.416145,1.331000,0.910191,1.392637,0.962673,1.329945,1.481859,1.278617,1.294410,1.298547,1.431407,1.387338,1.128879,1.381981,1.313782
1.680478,1.044276,0.000000,0.675470,0.791590,0.661409,0.633162,0.804447,0.667619,1.836331,0.648283,1.253935,0.501518,1.651932,0.597057,0.333388,1.292551,1.874577,0.767445,0.568003,0.603510,0.815493,0.661244,1.178780,0.655222,1.820844,0.274745,0.395469,1.833753,0.419066,1.623554,0.597057,0.630389,1.799411,0.560867,0.530397,0.514771,1.685180,0.736730,0.780752,0.177938,1.171218,0.794811,0.586027,0.580109,0.472243,0.262511,0.292931,0.582959,1.597642,1.412446,0.419066,0.262511,1.751458,0.766266,0.875634,1.669492,0.387529,0.790064,0.515767,0.616698,1.884480,0.346089,1.094465,0.624194,0.584255,0.741572,0.281060,1.674023,0.662128,0.274745,0.647441,0.705908,0.566911,0.379492,0.601456,1.715496,0.584063,0.725164,1.880556,0.708896,1.726441,1.898829,0.817634,0.676812,0.693292,0.600464,0.748885,1.410015,0.131412,1.819276,0.773756,0.554068,0.560292,0.566911,0.718613,0.667572,0.335158,0.656394,0.599119
1.903499,1.388074,0.675470,0.000000,0.246782,0.084595,0.088884,1.218614,0.959705,1.903182,0.273509,0.987448,0.797774,1.714199,0.136252,0.546914,1.122616,1.972756,0.186046,0.221487,0.187682,0.304083,0.168447,0.738751,0.171621,1.973828,0.444412,0.484919,1.947151,0.305932,1.476723,0.136252,0.198570,1.848960,0.230590,0.700905,0.990630,1.894648,0.183292,0.203893,0.538965,1.492829,0.299551,0.189585,0.195527,0.941841,0.495245,0.426452,0.266175,1.833489,1.683897,0.305932,0.495245,1.918021,0.278594,0.308445,1.913959,0.610135,0.260174,0.958390,0.227794,1.980673,0.595544,1.478913,0.216960,0.291378,0.186277,0.825246,1.843107,0.154490,0.444412,0.231765,0.265162,0.220411,0.948523,1.054633,1.873375,0.144895,0.197905,1.959295,0.314196,1.921569,1.983387,0.384583,0.174541,0.154380,0.196272,0.999756,1.574603,0.723997,1.967969,0.304874,0.247827,0.232978,0.220411,0.179455,0.239375,0.507333,0.162633,0.218974
1.928140,1.499547,0.791590,0.246782,0.000000,0.268722,0.303185,1.341290,1.088948,1.850641,0.433618,1.030552,0.784595,1.647366,0.254012,0.685399,1.192789,1.961376,0.285230,0.418788,0.385818,0.312703,0.347370,0.566176,0.302105,1.976419,0.591262,0.605334,1.962365,0.460659,1.347658,0.254012,0.293469,1.776915,0.431195,0.822712,1.137599,1.920845,0.218244,0.196508,0.674815,1.571720,0.223788,0.383611,0.360235,1.050966,0.651924,0.556547,0.418993,1.837121,1.729438,0.460659,0.651924,1.959401,0.403513,0.361744,1.913891,0.788269,0.393978,1.084673,0.402617,1.966276,0.739694,1.535434,0.346715,0.437393,0.255674,0.967152,1.854245,0.313745,0.591262,0.362106,0.418321,0.423568,1.076570,1.148769,1.913981,0.357803,0.325043,1.922012,0.383451,1.937202,1.957279,0.325895,0.295666,0.269919,0.381839,1.110634,1.499970,0.855948,1.968418,0.266926,0.458894,0.436438,0.423568,0.270788,0.336105,0.614956,0.327574,0.426062
1.893249,1.379169,0.661409,0.084595,0.268722,0.000000,0.131954,1.199056,0.942298,1.907419,0.263856,0.987587,0.794237,1.722647,0.141966,0.533628,1.114713,1.971468,0.216759,0.215933,0.185049,0.336429,0.165506,0.768043,0.186051,1.968312,0.432984,0.475991,1.945705,0.299181,1.491547,0.141966,0.220523,1.857800,0.223905,0.680980,0.971574,1.887120,0.156511,0.192259,0.525751,1.473829,0.334528,0.186609,0.193609,0.923544,0.482030,0.416567,0.234496,1.833405,1.670430,0.299181,0.482030,1.909922,0.297013,0.334355,1.910480,0.593729,0.277263,0.935488,0.218059,1.978984,0.582733,1.459299,0.232438,0.271953,0.200709,0.808334,1.846025,0.162155,0.432984,0.245667,0.266769,0.213251,0.931404,1.037366,1.867078,0.165697,0.187815,1.961661,0.315503,1.916229,1.982632,0.387528,0.192754,0.170171,0.193846,0.988188,1.570057,0.708295,1.963255,0.330609,0.235236,0.224511,0.213251,0.191433,0.261843,0.509516,0.169061,0.210607
1.895028,1.356532,0.633162,0.088884,0.303185,0.131954,0.000000,1.188373,0.928684,1.908290,0.264977,0.989877,0.778573,1.720981,0.139967,0.510838,1.116151,1.973286,0.206369,0.185400,0.159808,0.320263,0.158406,0.775134,0.171181,1.968468,0.398083,0.456710,1.939883,0.258713,1.506082,0.139967,0.192067,1.856615,0.192766,0.671362,0.950485,1.884989,0.236500,0.263856,0.492917,1.465054,0.325967,0.157266,0.154533,0.909426,0.448897,0.384172,0.245944,1.826099,1.666550,0.258713,0.448897,1.907444,0.287571,0.334149,1.905528,0.565824,0.266976,0.923142,0.184304,1.981380,0.553534,1.458503,0.195977,0.263904,0.215891,0.780856,1.833704,0.152668,0.398083,0.207128,0.266570,0.181985,0.908540,1.025416,1.857776,0.089920,0.227496,1.960962,0.312236,1.913469,1.986806,0.410077,0.181168,0.170008,0.169816,0.967043,1.575340,0.681393,1.964156,0.323765,0.207505,0.193560,0.181985,0.203292,0.224104,0.466355,0.153094,0.184866
1.235725,0.582472,0.804447,1.218614,1.341290,1.199056,1.188373,0.000000,0.461169,1.588218,1.164194,1.249788,1.134405,1.487484,1.177886,0.812589,1.185354,1.543323,1.275982,1.114527,1.146424,1.311546,1.199556,1.602553,1.220465,1.461378,0.943788,0.887498,1.454227,1.061881,1.805934,1.177886,1.216211,1.622306,1.103008,0.795907,0.379749,1.252494,1.290605,1.326448,0.886589,0.766452,1.372071,1.153114,1.177068,0.543319,0.876563,0.978608,1.135617,1.192801,1.133970,1.061881,0.876563,1.294742,1.251338,1.320834,1.292708,0.749565,1.272112,0.582405,1.173621,1.568894,0.811447,0.722489,1.189264,1.126734,1.280916,0.621026,1.292198,1.221806,0.943788,1.195251,1.200085,1.120550,0.488119,0.434966,1.330297,1.136218,1.249871,1.605878,1.235850,1.370552,1.594155,1.322156,1.224175,1.254953,1.147501,0.762114,1.323022,0.699789,1.452738,1.337351,1.096157,1.118184,1.120550,1.265067,1.225601,0.956926,1.214487,1.141458
1.451995,0.792874,0.667619,0.959705,1.088948,0.942298,0.928684,0.461169,0.000000,1.720065,0.918235,1.077926,1.043241,1.574585,0.915460,0.605497,1.056676,1.715952,1.005758,0.849144,0.883126,1.035778,0.934701,1.397216,0.958237,1.655739,0.731051,0.664260,1.627336,0.821956,1.777488,0.915460,0.952139,1.716598,0.838044,0.470488,0.431920,1.445672,1.046708,1.078872,0.696871,0.886709,1.143646,0.893019,0.920847,0.478889,0.669598,0.758627,0.883732,1.396402,1.260105,0.821956,0.669598,1.505382,0.991427,1.054757,1.509304,0.564905,1.007607,0.481712,0.915762,1.727924,0.622208,0.922741,0.914235,0.861917,1.015230,0.551219,1.488266,0.960028,0.731051,0.915798,0.946466,0.859771,0.507036,0.392902,1.515011,0.875930,1.003098,1.754083,0.967239,1.578949,1.755381,1.060844,0.955353,0.991987,0.880513,0.654392,1.374736,0.576639,1.646679,1.074327,0.837698,0.860773,0.859771,1.001622,0.949697,0.763176,0.954636,0.882423
0.829276,1.494023,1.836331,1.903182,1.850641,1.907419,1.908290,1.588218,1.720065,0.000000,1.925755,1.645815,1.752400,0.515829,1.895021,1.845612,1.633111,0.642915,1.896953,1.920990,1.925240,1.866619,1.923426,1.668793,1.904695,0.666093,1.890978,1.841340,0.781717,1.909947,1.108558,1.895021,1.897191,0.473887,1.921334,1.829102,1.751368,0.861346,1.899898,1.895791,1.874724,1.428961,1.858402,1.926723,1.918551,1.721773,1.884910,1.886164,1.917435,0.768018,1.229388,1.909947,1.884910,0.915866,1.910006,1.887076,0.711318,1.881963,1.917084,1.747279,1.918291,0.668490,1.832113,1.357314,1.909030,1.911234,1.898643,1.813405,0.804996,1.918616,1.890978,1.908696,1.921398,1.928098,1.746545,1.643748,0.895082,1.913780,1.917872,0.296616,1.898824,0.703870,0.554050,1.833316,1.901816,1.908563,1.916737,1.722581,1.015785,1.824136,0.725849,1.866723,1.933990,1.932877,1.928098,1.905601,1.901184,1.855255,1.921880,1.937326
1.879514,1.336465,0.648283,0.273509,0.433618,0.263856,0.264977,1.164194,0.918235,1.925755,0.000000,0.964796,0.805487,1.755007,0.298944,0.545001,1.066576,1.965260,0.303327,0.250164,0.234351,0.409969,0.246105,0.844877,0.275782,1.951007,0.421808,0.516643,1.933118,0.303141,1.542992,0.298944,0.298813,1.886364,0.253309,0.662929,0.915243,1.869875,0.311735,0.341140,0.510119,1.424793,0.457190,0.223270,0.249912,0.909154,0.460789,0.431309,0.207019,1.835068,1.641345,0.303141,0.460789,1.879564,0.214139,0.429967,1.904276,0.526611,0.302835,0.914302,0.285477,1.966395,0.586337,1.443094,0.261411,0.253478,0.305906,0.755710,1.841595,0.234338,0.421808,0.275706,0.161264,0.235296,0.896228,1.033070,1.836018,0.235697,0.218851,1.967930,0.304001,1.898700,1.979934,0.451245,0.283664,0.257089,0.252850,0.941538,1.589331,0.687917,1.939391,0.388724,0.238748,0.232036,0.235296,0.300816,0.292701,0.516087,0.240410,0.224608
1.659720,1.376451,1.253935,0.987448,1.030552,0.987587,0.989877,1.249788,1.077926,1.645815,0.964796,0.000000,1.433747,1.516084,1.017826,1.123720,0.304590,1.687445,0.933710,1.001261,1.005764,0.981282,0.995400,1.132028,1.013043,1.708388,1.125517,1.112041,1.622722,1.076991,1.534244,1.017826,1.033745,1.647557,0.999465,1.027297,1.226777,1.636702,1.013268,1.013247,1.168009,1.351893,1.082528,1.016465,1.030225,1.269495,1.121374,1.152152,0.982312,1.606988,1.583899,1.076991,1.121374,1.575139,0.945214,0.933974,1.721729,1.053846,0.944594,1.280748,1.003484,1.683496,1.080822,1.493189,1.022885,0.986062,0.986655,1.235442,1.625650,1.001909,1.125517,1.001490,0.960177,1.009559,1.296603,1.296525,1.590033,0.986687,0.992514,1.697611,1.004752,1.684407,1.699090,0.920964,0.996146,1.004773,1.001946,1.095837,1.514873,1.235351,1.673376,1.035171,1.011372,1.017785,1.009559,0.993528,1.009861,1.183206,1.003746,1.009480
1.731416,1.296145,0.501518,0.797774,0.784595,0.794237,0.778573,1.134405,1.043241,1.752400,0.805487,1.433747,0.000000,1.551063,0.714324,0.681197,1.501654,1.861065,0.876833,0.771330,0.787474,0.869252,0.812523,1.038438,0.765172,1.807146,0.582910,0.675362,1.873421,0.627619,1.375350,0.714324,0.720963,1.670742,0.773814,0.840755,0.902309,1.741528,0.791537,0.821573,0.549987,1.356031,0.753946,0.757623,0.724391,0.808930,0.626108,0.554436,0.752141,1.606322,1.476609,0.627619,0.626108,1.838179,0.884821,0.978449,1.651672,0.780722,0.925428,0.848441,0.784405,1.855732,0.720845,1.228068,0.744768,0.762289,0.818698,0.693343,1.689319,0.781979,0.582910,0.776855,0.850468,0.769743,0.747863,0.892650,1.791926,0.764695,0.833371,1.814023,0.797455,1.733475,1.849243,0.836206,0.789109,0.782294,0.778138,1.010488,1.275218,0.598118,1.816772,0.775711,0.780041,0.765019,0.769743,0.806368,0.761763,0.533974,0.784417,0.795754
1.086537,1.445186,1.651932,1.714199,1.647366,1.722647,1.720981,1.487484,1.574585,0.515829,1.755007,1.516084,1.551063,0.000000,1.698458,1.647611,1.565982,1.036256,1.716175,1.742608,1.749271,1.668391,1.749265,1.489726,1.715022,1.035125,1.698941,1.634732,1.123315,1.717668,0.966732,1.698458,1.697953,0.607758,1.743959,1.643616,1.619355,1.120645,1.718222,1.717405,1.685913,1.408716,1.660667,1.749472,1.735820,1.559383,1.696438,1.696090,1.739208,0.832279,1.320205,1.717668,1.696438,1.222775,1.739285,1.726149,0.935887,1.716260,1.756184,1.596690,1.746643,1.043112,1.636591,1.317275,1.720413,1.737679,1.710922,1.648848,0.950096,1.736565,1.698941,1.719274,1.753552,1.753531,1.590257,1.485599,1.196656,1.726007,1.749178,0.773059,1.726125,0.971801,0.960097,1.628978,1.711009,1.721975,1.736542,1.570045,0.888266,1.645307,1.066881,1.664343,1.766427,1.762017,1.753531,1.720827,1.706791,1.651166,1.743260,1.772447
1.888908,1.363592,0.597057,0.136252,0.254012,0.141966,0.139967,1.177886,0.915460,1.895021,0.298944,1.017826,0.714324,1.698458,0.000000,0.493976,1.143597,1.971975,0.265638,0.232544,0.208536,0.348319,0.212862,0.766446,0.205901,1.964487,0.375091,0.434733,1.949104,0.244817,1.486212,0.000000,0.193923,1.842304,0.240084,0.648570,0.940744,1.882094,0.214901,0.245129,0.462432,1.447958,0.319675,0.203646,0.182012,0.882134,0.433938,0.354783,0.241866,1.810384,1.657616,0.244817,0.433938,1.913989,0.340977,0.388960,1.890070,0.566802,0.340207,0.903778,0.236992,1.979099,0.538392,1.437854,0.215355,0.259409,0.242703,0.763473,1.839453,0.196291,0.375091,0.236438,0.316910,0.230187,0.886697,0.993216,1.865094,0.161787,0.261437,1.954539,0.304125,1.907107,1.982659,0.383391,0.215224,0.200390,0.217726,0.948544,1.520552,0.654735,1.959403,0.316973,0.254082,0.238412,0.230187,0.229810,0.245265,0.435711,0.199888,0.239168
1.726435,1.074417,0.333388,0.546914,0.685399,0.533628,0.510838,0.812589,0.605497,1.845612,0.545001,1.123720,0.681197,1.647611,0.493976,0.000000,1.195469,1.903309,0.633009,0.437639,0.462385,0.674961,0.523433,1.081276,0.532033,1.864226,0.266801,0.119006,1.855840,0.362786,1.618086,0.493976,0.525646,1.803193,0.428649,0.497851,0.577977,1.731093,0.645297,0.687079,0.293417,1.231420,0.705157,0.474113,0.489969,0.515637,0.210055,0.291793,0.514107,1.640067,1.514427,0.362786,0.210055,1.780415,0.644819,0.715558,1.737057,0.353681,0.661192,0.573962,0.524540,1.910331,0.326299,1.164800,0.522579,0.516948,0.613238,0.424838,1.680357,0.543544,0.266801,0.535044,0.582401,0.447915,0.508487,0.612008,1.756647,0.457129,0.610657,1.900212,0.625574,1.785026,1.920788,0.730835,0.541575,0.575254,0.465000,0.801947,1.457482,0.314286,1.854377,0.677468,0.436443,0.452263,0.447915,0.593164,0.564185,0.345522,0.535560,0.481216
1.539654,1.307305,1.292551,1.122616,1.192789,1.114713,1.116151,1.185354,1.056676,1.633111,1.066576,0.304590,1.501654,1.565982,1.143597,1.195469,0.000000,1.608218,1.080372,1.106023,1.117397,1.140356,1.115687,1.310634,1.145745,1.603512,1.196977,1.204555,1.529011,1.171316,1.636687,1.143597,1.168574,1.667170,1.101493,1.054339,1.188881,1.514391,1.145688,1.151816,1.222841,1.216858,1.236432,1.124320,1.138854,1.262698,1.183097,1.227892,1.079130,1.556084,1.454273,1.171316,1.183097,1.434965,1.068081,1.081423,1.640212,1.077393,1.075637,1.263548,1.101735,1.605171,1.138798,1.417487,1.139272,1.079615,1.130731,1.237603,1.581943,1.126281,1.196977,1.121814,1.070350,1.111728,1.287855,1.285981,1.455616,1.105399,1.114514,1.651804,1.119437,1.581310,1.633141,1.060176,1.133295,1.138594,1.115631,1.052797,1.518389,1.262979,1.575332,1.189205,1.102032,1.113851,1.111728,1.131728,1.137469,1.264534,1.125083,1.106214
0.596788,1.388527,1.874577,1.972756,1.961376,1.971468,1.973286,1.543323,1.715952,0.642915,1.965260,1.687445,1.861065,1.036256,1.971975,1.903309,1.608218,0.000000,1.965890,1.969779,1.972242,1.959086,1.975382,1.845705,1.978245,0.436196,1.938086,1.916911,0.378716,1.964591,1.401575,1.971975,1.977894,0.811680,1.968478,1.854778,1.713312,0.605619,1.970711,1.967899,1.915846,1.338476,1.968981,1.974401,1.976853,1.742321,1.923357,1.939490,1.968288,0.797181,1.091705,1.964591,1.923357,0.545841,1.959942,1.955354,0.601008,1.880935,1.956097,1.760153,1.969274,0.398427,1.889382,1.315372,1.971268,1.964090,1.976123,1.811260,0.757029,1.978533,1.938086,1.970164,1.960543,1.969925,1.744700,1.679148,0.717528,1.971194,1.964630,0.455130,1.966797,0.618414,0.313805,1.946074,1.975828,1.979482,1.971945,1.708363,1.250290,1.849381,0.434779,1.972377,1.965126,1.968977,1.969925,1.977142,1.972599,1.923944,1.978199,1.969454
1.916593,1.433056,0.767445,0.186046,0.285230,0.216759,0.206369,1.275982,1.005758,1.896953,0.303327,0.933710,0.876833,1.716175,0.265638,0.633009,1.080372,1.965890,0.000000,0.279065,0.267057,0.254941,0.223808,0.691085,0.210816,1.976973,0.546558,0.571448,1.942415,0.405257,1.464310,0.265638,0.256665,1.836515,0.289037,0.745712,1.064254,1.903460,0.267393,0.265824,0.636341,1.520669,0.325013,0.266666,0.279962,1.016225,0.593218,0.518736,0.345060,1.849047,1.704409,0.405257,0.593218,1.921654,0.231301,0.251073,1.928680,0.693147,0.168347,1.022725,0.289668,1.969342,0.679967,1.518804,0.247846,0.357051,0.183739,0.909120,1.849667,0.209579,0.546558,0.251954,0.245233,0.294736,1.029042,1.115631,1.882331,0.241664,0.235218,1.950595,0.341578,1.938636,1.975439,0.355131,0.188374,0.189455,0.246774,1.042731,1.585145,0.812482,1.960722,0.297533,0.324264,0.310450,0.294736,0.198160,0.248571,0.612923,0.221702,0.293252
1.866700,1.304529,0.568003,0.221487,0.418788,0.215933,0.185400,1.114527,0.849144,1.920990,0.250164,1.001261,0.771330,1.742608,0.232544,0.437639,1.106023,1.969779,0.279065,0.000000,0.144537,0.399079,0.168353,0.865192,0.160096,1.955373,0.340959,0.401425,1.931045,0.229556,1.558635,0.232544,0.224889,1.871990,0.020711,0.585162,0.869522,1.857985,0.334351,0.368518,0.431205,1.409834,0.426803,0.102155,0.188063,0.835335,0.376463,0.333258,0.237778,1.803473,1.623601,0.229556,0.376463,1.882035,0.310976,0.399402,1.884413,0.487993,0.312946,0.838137,0.217191,1.976197,0.500363,1.399155,0.231350,0.243870,0.260573,0.700769,1.823284,0.176600,0.340959,0.238788,0.266120,0.081183,0.831992,0.950861,1.840167,0.142750,0.287945,1.966735,0.328828,1.899783,1.986214,0.478370,0.174833,0.215362,0.056154,0.913593,1.582165,0.607750,1.944479,0.377752,0.115225,0.108013,0.081183,0.238726,0.268291,0.436145,0.173315,0.141878
1.880072,1.322593,0.603510,0.187682,0.385818,0.185049,0.159808,1.146424,0.883126,1.925240,0.234351,1.005764,0.787474,1.749271,0.208536,0.462385,1.117397,1.972242,0.267057,0.144537,0.000000,0.374685,0.084896,0.851652,0.176174,1.958690,0.361908,0.420238,1.930727,0.235186,1.544325,0.208536,0.191105,1.878456,0.152126,0.638053,0.900446,1.873400,0.290808,0.318635,0.462328,1.436475,0.406720,0.089167,0.161136,0.874933,0.399519,0.362687,0.238099,1.823712,1.651604,0.235186,0.399519,1.887464,0.289712,0.376089,1.902743,0.517822,0.278835,0.864569,0.213754,1.973473,0.519911,1.436131,0.214669,0.263329,0.239209,0.732970,1.830429,0.125412,0.361908,0.214841,0.248038,0.102575,0.864198,0.988595,1.842916,0.136872,0.236253,1.970700,0.328669,1.903927,1.988789,0.477629,0.186819,0.173640,0.134211,0.943932,1.600428,0.642603,1.950596,0.345437,0.111370,0.105568,0.102575,0.218047,0.253405,0.460251,0.112536,0.076022
1.913570,1.463147,0.815493,0.304083,0.312703,0.336429,0.320263,1.311546,1.035778,1.866619,0.409969,0.981282,0.869252,1.668391,0.348319,0.674961,1.140356,1.959086,0.254941,0.399079,0.374685,0.000000,0.333739,0.647767,0.313584,1.966909,0.602319,0.604533,1.937772,0.472582,1.402686,0.348319,0.325916,1.792265,0.408781,0.784030,1.113457,1.895177,0.359344,0.351349,0.688660,1.519003,0.338231,0.385275,0.364468,1.052304,0.649016,0.573232,0.448141,1.829013,1.693841,0.472582,0.649016,1.933334,0.344531,0.348017,1.914100,0.758859,0.313174,1.049920,0.381908,1.958300,0.741518,1.530152,0.285796,0.461515,0.273856,0.960204,1.837818,0.320857,0.602319,0.252952,0.373235,0.412371,1.076749,1.129362,1.895525,0.357074,0.356103,1.927901,0.403177,1.936774,1.955982,0.389679,0.295739,0.290496,0.366725,1.066139,1.543296,0.865754,1.957003,0.289005,0.442799,0.427670,0.412371,0.296627,0.220657,0.658095,0.331472,0.411467
1.897712,1.370286,0.661244,0.168447,0.347370,0.165506,0.158406,1.199556,0.934701,1.923426,0.246105,0.995400,0.812523,1.749265,0.212862,0.523433,1.115687,1.975382,0.223808,0.168353,0.084896,0.333739,0.000000,0.810226,0.144486,1.967707,0.423595,0.475532,1.936611,0.285309,1.519069,0.212862,0.173476,1.874972,0.179694,0.677365,0.962569,1.890731,0.256432,0.275591,0.521534,1.473363,0.362563,0.116327,0.165747,0.932192,0.466263,0.414207,0.252920,1.842155,1.673275,0.285309,0.466263,1.901847,0.268981,0.334547,1.918853,0.583913,0.239439,0.918615,0.209118,1.974831,0.577571,1.473549,0.213703,0.278046,0.180889,0.796449,1.848614,0.080570,0.423595,0.205224,0.242323,0.144947,0.926008,1.039744,1.856810,0.165447,0.210548,1.968843,0.314707,1.918357,1.988348,0.447708,0.149990,0.121014,0.138502,0.989640,1.611297,0.705070,1.956827,0.301248,0.167451,0.154455,0.144947,0.162165,0.237858,0.518558,0.065941,0.120488
1.898310,1.687071,1.178780,0.738751,0.566176,0.768043,0.775134,1.602553,1.397216,1.668793,0.844877,1.132028,1.038438,1.489726,0.766446,1.081276,1.310634,1.845705,0.691085,0.865192,0.851652,0.647767,0.810226,0.000000,0.749789,1.892373,1.025760,1.000281,1.887450,0.920114,1.083347,0.766446,0.748618,1.554098,0.876437,1.186556,1.473902,1.892916,0.703538,0.675361,1.094184,1.721054,0.586270,0.846301,0.823926,1.367573,1.076316,0.981268,0.863829,1.805882,1.788424,0.920114,1.076316,1.944551,0.764875,0.678444,1.856735,1.191596,0.775928,1.428042,0.842325,1.848277,1.155921,1.670682,0.788367,0.864220,0.693388,1.336612,1.785554,0.775933,1.025760,0.793457,0.812634,0.880161,1.416438,1.425089,1.899898,0.824065,0.770213,1.758164,0.760843,1.895181,1.812642,0.632446,0.736334,0.726181,0.828906,1.386836,1.404688,1.239641,1.894139,0.624592,0.915930,0.894235,0.880161,0.720155,0.754331,1.000687,0.792055,0.884726
1.904467,1.389174,0.655222,0.171621,0.302105,0.186051,0.171181,1.220465,0.958237,1.904695,0.275782,1.013043,0.765172,1.715022,0.205901,0.532033,1.145745,1.978245,0.210816,0.160096,0.176174,0.313584,0.144486,0.749789,0.000000,1.974475,0.429415,0.474494,1.951694,0.292827,1.475544,0.205901,0.143748,1.840311,0.178078,0.678801,0.986237,1.896823,0.257648,0.278970,0.522845,1.492911,0.309739,0.137280,0.193837,0.931052,0.479916,0.410420,0.276726,1.826071,1.673840,0.292827,0.479916,1.923742,0.286904,0.344764,1.907709,0.613389,0.284877,0.938683,0.245382,1.980819,0.599600,1.464338,0.215273,0.295711,0.153157,0.808566,1.842379,0.110829,0.429415,0.217787,0.270173,0.169012,0.935592,1.042916,1.880432,0.184163,0.248487,1.959069,0.313082,1.926349,1.985243,0.410726,0.068306,0.108396,0.113934,1.005523,1.572026,0.709606,1.960867,0.255846,0.219884,0.191822,0.169012,0.140839,0.219306,0.492592,0.124383,0.203401
0.493010,1.307979,1.820844,1.973828,1.976419,1.968312,1.968468,1.461378,1.655739,0.666093,1.951007,1.708388,1.807146,1.035125,1.964487,1.864226,1.603512,0.436196,1.976973,1.955373,1.958690,1.966909,1.967707,1.892373,1.974475,0.000000,1.899264,1.887311,0.490230,1.938670,1.428539,1.964487,1.970259,0.849968,1.953148,1.810159,1.633248,0.531195,1.970352,1.973919,1.869571,1.177548,1.978619,1.960379,1.962067,1.675631,1.880570,1.908992,1.945236,0.726178,0.968713,1.938670,1.880570,0.440854,1.964405,1.966647,0.513317,1.829947,1.970003,1.664827,1.953692,0.424287,1.831739,1.221350,1.960173,1.941486,1.977813,1.741446,0.684387,1.971188,1.899264,1.958510,1.959525,1.954593,1.668571,1.607526,0.572124,1.961410,1.968040,0.514905,1.953196,0.403094,0.417697,1.940762,1.974258,1.975868,1.961788,1.617046,1.212834,1.792049,0.424831,1.972547,1.946014,1.951346,1.954593,1.977843,1.963606,1.881118,1.969830,1.953210
1.785356,1.158489,0.274745,0.444412,0.591262,0.432984,0.398083,0.943788,0.731051,1.890978,0.421808,1.125517,0.582910,1.698941,0.375091,0.266801,1.196977,1.938086,0.546558,0.340959,0.361908,0.602319,0.423595,1.025760,0.429415,1.899264,0.000000,0.292756,1.895336,0.173261,1.591718,0.375091,0.409070,1.852379,0.334813,0.517243,0.653580,1.784160,0.515921,0.560989,0.118130,1.278145,0.597792,0.350238,0.342560,0.629161,0.096369,0.155456,0.358500,1.714279,1.525106,0.173261,0.096369,1.827085,0.543874,0.662425,1.791529,0.329756,0.567325,0.645407,0.397163,1.941822,0.318170,1.254051,0.401806,0.371302,0.516307,0.433144,1.757487,0.427588,0.000000,0.418468,0.483436,0.331021,0.580185,0.762055,1.781715,0.347208,0.494242,1.940251,0.496322,1.815504,1.958438,0.630797,0.452477,0.462593,0.373105,0.790860,1.493699,0.329614,1.895628,0.562619,0.321618,0.325536,0.331021,0.493582,0.444643,0.256361,0.420780,0.361557
1.757041,1.141644,0.395469,0.484919,0.605334,0.475991,0.456710,0.887498,0.664260,1.841340,0.516643,1.112041,0.675362,1.634732,0.434733,0.119006,1.204555,1.916911,0.571448,0.401425,0.420238,0.604533,0.475532,1.000281,0.474494,1.887311,0.292756,0.000000,1.879102,0.344334,1.574446,0.434733,0.469546,1.788194,0.394935,0.531672,0.674695,1.759139,0.587676,0.626665,0.342174,1.290332,0.636138,0.435589,0.448373,0.579878,0.266745,0.284025,0.492053,1.661185,1.550389,0.344334,0.266745,1.816754,0.601563,0.651125,1.761465,0.425632,0.615288,0.651967,0.487503,1.926304,0.366118,1.210814,0.472810,0.496345,0.549913,0.524950,1.696573,0.492721,0.292756,0.487301,0.544228,0.416864,0.598745,0.667403,1.792838,0.412442,0.560954,1.903075,0.587164,1.816274,1.928997,0.670310,0.480999,0.516999,0.419523,0.852025,1.449077,0.397504,1.880051,0.614775,0.413499,0.425660,0.416864,0.532249,0.512089,0.348769,0.487225,0.451347
0.601863,1.279529,1.833753,1.947151,1.962365,1.945705,1.939883,1.454227,1.627336,0.781717,1.933118,1.622722,1.873421,1.123315,1.949104,1.855840,1.529011,0.378716,1.942415,1.931045,1.930727,1.937772,1.936611,1.887450,1.951694,0.490230,1.895336,1.879102,0.000000,1.926010,1.507908,1.949104,1.950266,0.934306,1.928385,1.800818,1.629338,0.611058,1.957385,1.956123,1.872009,1.265425,1.964134,1.937110,1.941797,1.695640,1.874699,1.903807,1.930862,0.806448,1.084255,1.926010,1.874699,0.414158,1.930485,1.926709,0.648865,1.815894,1.922192,1.683736,1.930555,0.468215,1.827722,1.307567,1.941999,1.921859,1.953662,1.746893,0.759716,1.946378,1.895336,1.936522,1.931044,1.928323,1.679098,1.621280,0.609977,1.933667,1.942326,0.600267,1.937303,0.601355,0.490199,1.951312,1.950630,1.953346,1.936875,1.659021,1.383846,1.798875,0.512872,1.957343,1.920493,1.926948,1.928323,1.951138,1.944308,1.890094,1.943587,1.926113
1.844704,1.256093,0.419066,0.305932,0.460659,0.299181,0.258713,1.061881,0.821956,1.909947,0.303141,1.076991,0.627619,1.717668,0.244817,0.362786,1.171316,1.964591,0.405257,0.229556,0.235186,0.472582,0.285309,0.920114,0.292827,1.938670,0.173261,0.344334,1.926010,0.000000,1.553404,0.244817,0.274847,1.864752,0.228329,0.565101,0.786171,1.838937,0.380978,0.421944,0.268485,1.363307,0.465600,0.220001,0.183471,0.753449,0.246526,0.192673,0.252040,1.773567,1.589513,0.000000,0.246526,1.872372,0.411874,0.528044,1.850230,0.421211,0.431034,0.765535,0.265148,1.963498,0.405536,1.349994,0.276186,0.281410,0.370154,0.582856,1.802023,0.283773,0.173261,0.287531,0.357224,0.214833,0.723236,0.879377,1.825508,0.217867,0.358416,1.959286,0.388382,1.866857,1.978495,0.527934,0.316127,0.315996,0.251013,0.859430,1.530390,0.479497,1.931144,0.429439,0.218545,0.212234,0.214833,0.349025,0.317298,0.316837,0.279312,0.240995
1.530376,1.799043,1.623554,1.476723,1.347658,1.491547,1.506082,1.805934,1.777488,1.108558,1.542992,1.534244,1.375350,0.966732,1.486212,1.618086,1.636687,1.401575,1.464310,1.558635,1.544325,1.402686,1.519069,1.083347,1.475544,1.428539,1.591718,1.574446,1.507908,1.553404,0.000000,1.486212,1.459281,0.960254,1.566036,1.665465,1.790477,1.545523,1.426391,1.412669,1.613675,1.740387,1.337153,1.537440,1.517216,1.679372,1.622288,1.567404,1.540837,1.383992,1.562065,1.553404,1.622288,1.640362,1.497555,1.475351,1.413009,1.709712,1.510089,1.702871,1.538989,1.351295,1.624904,1.674797,1.490818,1.560803,1.443683,1.712862,1.394545,1.488390,1.591718,1.498866,1.528420,1.562641,1.728478,1.699414,1.638948,1.537614,1.488335,1.240347,1.495439,1.397940,1.302804,1.348190,1.474938,1.458243,1.538139,1.690633,1.206309,1.668967,1.449246,1.371697,1.584880,1.568013,1.562641,1.455947,1.464713,1.552792,1.497320,1.566963
1.888908,1.363592,0.597057,0.136252,0.254012,0.141966,0.139967,1.177886,0.915460,1.895021,0.298944,1.017826,0.714324,1.698458,0.000000,0.493976,1.143597,1.971975,0.265638,0.232544,0.208536,0.348319,0.212862,0.766446,0.205901,1.964487,0.375091,0.434733,1.949104,0.244817,1.486212,0.000000,0.193923,1.842304,0.240084,0.648570,0.940744,1.882094,0.214901,0.245129,0.462432,1.447958,0.319675,0.203646,0.182012,0.882134,0.433938,0.354783,0.241866,1.810384,1.657616,0.244817,0.433938,1.913989,0.340977,0.388960,1.890070,0.566802,0.340207,0.903778,0.236992,1.979099,0.538392,1.437854,0.215355,0.259409,0.242703,0.763473,1.839453,0.196291,0.375091,0.236438,0.316910,0.230187,0.886697,0.993216,1.865094,0.161787,0.261437,1.954539,0.304125,1.907107,1.982659,0.383391,0.215224,0.200390,0.217726,0.948544,1.520552,0.654735,1.959403,0.316973,0.254082,0.238412,0.230187,0.229810,0.245265,0.435711,0.199888,0.239168
1.901423,1.378637,0.630389,0.198570,0.293469,0.220523,0.192067,1.216211,0.952139,1.897191,0.298813,1.033745,0.720963,1.697953,0.193923,0.525646,1.168574,1.977894,0.256665,0.224889,0.191105,0.325916,0.173476,0.748618,0.143748,1.970259,0.409070,0.469546,1.950266,0.274847,1.459281,0.193923,0.000000,1.833072,0.238079,0.670857,0.975414,1.895499,0.268551,0.286597,0.500061,1.482361,0.299500,0.177928,0.203232,0.922420,0.464881,0.393549,0.285337,1.815723,1.670512,0.274847,0.464881,1.926598,0.315414,0.376613,1.900167,0.609393,0.317013,0.916849,0.277329,1.971721,0.585161,1.458045,0.210921,0.303322,0.186509,0.788582,1.836795,0.135394,0.409070,0.220395,0.307322,0.216619,0.917570,1.030795,1.881127,0.198143,0.277005,1.957124,0.313824,1.918196,1.984545,0.407032,0.146209,0.124598,0.198184,0.991444,1.549516,0.689113,1.956271,0.201951,0.255198,0.227578,0.216619,0.181473,0.221109,0.466217,0.145764,0.232129
0.962041,1.539443,1.799411,1.848960,1.776915,1.857800,1.856615,1.622306,1.716598,0.473887,1.886364,1.647557,1.670742,0.607758,1.842304,1.803193,1.667170,0.811680,1.836515,1.871990,1.878456,1.792265,1.874972,1.554098,1.840311,0.849968,1.852379,1.788194,0.934306,1.864752,0.960254,1.842304,1.833072,0.000000,1.874564,1.783354,1.762376,0.987122,1.844794,1.841507,1.841551,1.485681,1.784473,1.875002,1.873690,1.698825,1.851054,1.839533,1.881154,0.761958,1.291924,1.864752,1.851054,1.098699,1.866166,1.826517,0.762984,1.865485,1.874200,1.740542,1.879928,0.788548,1.820691,1.383947,1.850418,1.880167,1.834906,1.800819,0.791164,1.862386,1.852379,1.853517,1.878471,1.880786,1.736752,1.623853,1.190115,1.864834,1.875107,0.589681,1.857781,0.949427,0.661526,1.769748,1.837536,1.847836,1.864014,1.730083,0.949322,1.797190,0.875349,1.795776,1.892274,1.886859,1.880786,1.841669,1.836820,1.794062,1.867719,1.894997
1.862397,1.296761,0.560867,0.230590,0.431195,0.223905,0.192766,1.103008,0.838044,1.921334,0.253309,0.999465,0.773814,1.743959,0.240084,0.428649,1.101493,1.968478,0.289037,0.020711,0.152126,0.408781,0.179694,0.876437,0.178078,1.953148,0.334813,0.394935,1.928385,0.228329,1.566036,0.240084,0.238079,1.874564,0.000000,0.577227,0.857732,1.853403,0.345001,0.379664,0.424230,1.401678,0.438268,0.115184,0.194764,0.825644,0.367743,0.328675,0.239424,1.800810,1.618797,0.228329,0.367743,1.877398,0.316923,0.405077,1.881808,0.475895,0.318958,0.827711,0.220660,1.974931,0.490989,1.393094,0.239063,0.242736,0.274671,0.690669,1.820803,0.190960,0.334813,0.247689,0.270892,0.089183,0.821919,0.941053,1.835264,0.145563,0.295909,1.966429,0.332438,1.896236,1.985589,0.487284,0.191245,0.230483,0.074355,0.906036,1.582907,0.598391,1.942263,0.391644,0.115645,0.113670,0.089183,0.252512,0.278242,0.433563,0.186550,0.147142
1.646796,1.071012,0.530397,0.700905,0.822712,0.680980,0.671362,0.795907,0.470488,1.829102,0.662929,1.027297,0.840755,1.643616,0.648570,0.497851,1.054339,1.854778,0.745712,0.585162,0.638053,0.784030,0.677365,1.186556,0.678801,1.810159,0.517243,0.531672,1.800818,0.565101,1.665465,0.648570,0.670857,1.783354,0.577227,0.000000,0.604785,1.638191,0.770258,0.806637,0.504556,1.072396,0.869990,0.624933,0.651208,0.554157,0.489868,0.540788,0.608814,1.558786,1.366004,0.565101,0.489868,1.708675,0.740175,0.829987,1.667973,0.441498,0.765876,0.543033,0.653333,1.850258,0.532591,1.102214,0.633589,0.596802,0.736664,0.528736,1.657219,0.687464,0.517243,0.643377,0.693790,0.599795,0.605370,0.621119,1.711360,0.620915,0.749682,1.875332,0.696342,1.743918,1.876112,0.767861,0.680603,0.715603,0.616224,0.657531,1.400031,0.508940,1.782187,0.798320,0.589490,0.601500,0.599795,0.721158,0.665636,0.552037,0.685899,0.633642
1.448966,0.695071,0.514771,0.990630,1.137599,0.971574,0.950485,0.379749,0.431920,1.751368,0.915243,1.226777,0.902309,1.619355,0.940744,0.577977,1.188881,1.713312,1.064254,0.869522,0.900446,1.113457,0.962569,1.473902,0.986237,1.633248,0.653580,0.674695,1.629338,0.786171,1.790477,0.940744,0.975414,1.762376,0.857732,0.604785,0.000000,1.456404,1.061615,1.101773,0.588329,0.884129,1.154329,0.899767,0.923816,0.410163,0.584555,0.711245,0.882521,1.402640,1.236000,0.786171,0.584555,1.491086,1.022606,1.133448,1.485715,0.453675,1.053106,0.409437,0.933923,1.727660,0.569584,0.873941,0.946077,0.876889,1.060423,0.279379,1.475901,0.980512,0.653580,0.955517,0.964092,0.866549,0.219121,0.449108,1.485647,0.890727,1.015440,1.769558,1.001183,1.534670,1.758386,1.130357,0.998076,1.020462,0.908934,0.644441,1.414078,0.406874,1.628977,1.115204,0.838955,0.858955,0.866549,1.039401,0.988698,0.683428,0.971573,0.887058
0.266790,1.137355,1.685180,1.894648,1.920845,1.887120,1.884989,1.252494,1.445672,0.861346,1.869875,1.636702,1.741528,1.120645,1.882094,1.731093,1.514391,0.605619,1.903460,1.857985,1.873400,1.895177,1.890731,1.892916,1.896823,0.531195,1.784160,1.759139,0.611058,1.838937,1.545523,1.882094,1.895499,0.987122,1.853403,1.638191,1.456404,0.000000,1.908774,1.920062,1.745880,0.991670,1.936913,1.872407,1.877169,1.472320,1.756203,1.790009,1.859020,0.678946,0.630866,1.838937,1.756203,0.503638,1.892088,1.907698,0.515467,1.690178,1.898283,1.488615,1.862504,0.675870,1.701926,1.012287,1.874068,1.854099,1.915080,1.589452,0.727943,1.897247,1.784160,1.873992,1.880014,1.860665,1.504282,1.404107,0.670661,1.873047,1.901165,0.755022,1.885497,0.560702,0.661211,1.876540,1.897363,1.907663,1.870222,1.461791,1.165518,1.643649,0.608542,1.921184,1.847924,1.857303,1.860665,1.909951,1.881275,1.774536,1.895096,1.864506
1.914218,1.450196,0.736730,0.183292,0.218244,0.156511,0.236500,1.290605,1.046708,1.899898,0.311735,1.013268,0.791537,1.718222,0.214901,0.645297,1.145688,1.970711,0.267393,0.334351,0.290808,0.359344,0.256432,0.703538,0.257648,1.970352,0.515921,0.587676,1.957385,0.380978,1.426391,0.214901,0.268551,1.844794,0.345001,0.770258,1.061615,1.908774,0.000000,0.077693,0.604107,1.520301,0.296714,0.282804,0.271681,1.009223,0.575327,0.504449,0.277594,1.857899,1.689842,0.380978,0.575327,1.932260,0.331118,0.374304,1.924815,0.690478,0.326389,1.016463,0.305721,1.973677,0.678193,1.514675,0.294074,0.328462,0.233275,0.889412,1.868251,0.227577,0.515921,0.309110,0.321720,0.319875,1.017534,1.130656,1.884244,0.282181,0.202226,1.956675,0.324846,1.921727,1.976317,0.348721,0.269420,0.210053,0.308651,1.052461,1.557849,0.796899,1.967527,0.304900,0.344442,0.324148,0.319875,0.234935,0.304602,0.576390,0.239369,0.307778
1.926764,1.478162,0.780752,0.203893,0.196508,0.192259,0.263856,1.326448,1.078872,1.895791,0.341140,1.013247,0.821573,1.717405,0.245129,0.687079,1.151816,1.967899,0.265824,0.368518,0.318635,0.351349,0.275591,0.675361,0.278970,1.973919,0.560989,0.626665,1.956123,0.421944,1.412669,0.245129,0.286597,1.841507,0.379664,0.806637,1.101773,1.920062,0.077693,0.000000,0.648706,1.548457,0.283353,0.316623,0.302240,1.050491,0.620416,0.545893,0.326667,1.869390,1.712320,0.421944,0.620416,1.937992,0.331857,0.347393,1.934830,0.735197,0.322505,1.057477,0.340643,1.971284,0.717904,1.543429,0.316349,0.364070,0.229937,0.933329,1.876991,0.248651,0.560989,0.329250,0.336640,0.355216,1.058495,1.167502,1.889189,0.312433,0.203702,1.951824,0.331307,1.929781,1.972374,0.354603,0.284308,0.222317,0.338296,1.086635,1.570692,0.840008,1.970568,0.295495,0.381098,0.360859,0.355216,0.237733,0.321762,0.618700,0.261407,0.338815
1.746087,1.106323,0.177938,0.538965,0.674815,0.525751,0.492917,0.886589,0.696871,1.874724,0.510119,1.168009,0.549987,1.685913,0.462432,0.293417,1.222841,1.915846,0.636341,0.431205,0.462328,0.688660,0.521534,1.094184,0.522845,1.869571,0.118130,0.342174,1.872009,0.268485,1.613675,0.462432,0.500061,1.841551,0.424230,0.504556,0.588329,1.745880,0.604107,0.648706,0.000000,1.221501,0.678153,0.445352,0.435213,0.571496,0.139423,0.194360,0.441381,1.673572,1.475392,0.268485,0.139423,1.795024,0.631346,0.751334,1.747929,0.323825,0.655581,0.590241,0.478079,1.922300,0.304599,1.194021,0.490110,0.448228,0.609579,0.355917,1.733002,0.523651,0.118130,0.507368,0.572411,0.424604,0.499781,0.705341,1.750146,0.442580,0.588589,1.921207,0.578118,1.779528,1.938999,0.702126,0.545864,0.557743,0.465291,0.742392,1.462459,0.243956,1.867914,0.648899,0.412418,0.417632,0.424604,0.587641,0.531355,0.270743,0.517539,0.455610
0.991773,0.812359,1.171218,1.492829,1.571720,1.473829,1.465054,0.766452,0.886709,1.428961,1.424793,1.351893,1.356031,1.408716,1.447958,1.231420,1.216858,1.338476,1.520669,1.409834,1.436475,1.519003,1.473363,1.721054,1.492911,1.177548,1.278145,1.290332,1.265425,1.363307,1.740387,1.447958,1.482361,1.485681,1.401678,1.072396,0.884129,0.991670,1.520301,1.548457,1.221501,0.000000,1.596709,1.435480,1.440274,0.975215,1.237847,1.306544,1.395290,1.051093,0.824747,1.363307,1.237847,1.063257,1.488983,1.561706,1.076849,1.123727,1.512172,0.926661,1.424075,1.330798,1.181753,0.822189,1.432228,1.390971,1.528591,1.029050,1.195998,1.483883,1.278145,1.429118,1.461435,1.415081,0.976564,0.909272,1.118047,1.429785,1.511053,1.426448,1.460839,1.114213,1.378703,1.479665,1.491409,1.507525,1.437985,0.743073,1.119341,1.116801,1.218972,1.550904,1.392063,1.407115,1.415081,1.521739,1.448729,1.283079,1.479554,1.420889
1.945409,1.510433,0.794811,0.299551,0.223788,0.334528,0.325967,1.372071,1.143646,1.858402,0.457190,1.082528,0.753946,1.660667,0.319675,0.705157,1.236432,1.968981,0.325013,0.426803,0.406720,0.338231,0.362563,0.586270,0.309739,1.978619,0.597792,0.636138,1.964134,0.465600,1.337153,0.319675,0.299500,1.784473,0.438268,0.869990,1.154329,1.936913,0.296714,0.283353,0.678153,1.596709,0.000000,0.395574,0.366057,1.081680,0.661058,0.568145,0.455418,1.849040,1.740665,0.465600,0.661058,1.966188,0.415152,0.391026,1.920576,0.808328,0.407955,1.099876,0.421308,1.965751,0.763869,1.567947,0.372044,0.470387,0.285744,0.969738,1.858482,0.326843,0.597792,0.380569,0.441383,0.431877,1.086692,1.184578,1.914085,0.371020,0.369800,1.923827,0.404662,1.935688,1.959376,0.407862,0.315661,0.285765,0.393891,1.145578,1.535807,0.865024,1.966806,0.259931,0.470282,0.444446,0.431877,0.299327,0.348436,0.611834,0.336792,0.437768
1.880438,1.326082,0.586027,0.189585,0.383611,0.186609,0.157266,1.153114,0.893019,1.926723,0.223270,1.016465,0.757623,1.749472,0.203646,0.474113,1.124320,1.974401,0.266666,0.102155,0.089167,0.385275,0.116327,0.846301,0.137280,1.960379,0.350238,0.435589,1.937110,0.220001,1.537440,0.203646,0.177928,1.875002,0.115184,0.624933,0.899767,1.872407,0.282804,0.316623,0.445352,1.435480,0.395574,0.000000,0.150665,0.869755,0.395670,0.348995,0.214323,1.820518,1.636384,0.220001,0.395670,1.893143,0.290021,0.393911,1.897027,0.513820,0.293351,0.865226,0.201497,1.977777,0.525094,1.425730,0.205268,0.242092,0.234620,0.723229,1.833570,0.111536,0.350238,0.215845,0.247624,0.056207,0.858794,0.992572,1.848286,0.134716,0.241579,1.972075,0.318379,1.904678,1.990542,0.463557,0.164564,0.161640,0.093659,0.936607,1.590377,0.633097,1.951436,0.337260,0.092993,0.062222,0.056207,0.210534,0.243446,0.439664,0.106977,0.082494
