0.000000,1.053665,1.580153,1.849187,1.887421,1.845065,1.838625,1.136261,1.406129,0.863982,1.825630,1.543677,1.607545,1.120878,1.838524,1.653551,1.428569,0.725678,1.871253,1.814854,1.819185,1.882792,1.839486,1.893961,1.854745,0.577521,1.715320,1.696455,0.623523,1.775395,1.702777,1.838524,1.844252,1.023803,1.810315,1.603244,1.344650,0.545480,1.875987,1.882907,1.662898,0.966955,1.899344,1.822204,1.819907,1.393904,1.686389,1.700017,1.807534,0.736202,0.902563,1.775395,1.686389,0.569832,1.854438,1.880693,0.591055,1.596737,1.860156,1.414746,1.814073,0.782261,1.618663,0.980390,1.845802,1.808844,1.881093,1.486754,0.700887,1.851805,1.715320,1.837265,1.837654,1.811123,1.362844,1.343432,0.704179,1.826700,1.861837,0.792266,1.854633,0.564940,0.776407,1.862016,1.858960,1.865139,1.826784,1.476736,1.204838,1.530454,0.672836,1.890276,1.796075,1.806449,1.811123,1.869441,1.859996,1.710894,1.845992,1.812106
1.053665,0.000000,1.066315,1.469816,1.567324,1.466911,1.455877,0.729439,0.920675,1.383909,1.395262,1.285784,1.225326,1.379162,1.437197,1.163305,1.215408,1.316726,1.536266,1.400089,1.404890,1.528239,1.450887,1.756193,1.471587,1.218540,1.219070,1.244246,1.278645,1.317217,1.818351,1.437197,1.450305,1.501666,1.391584,1.123450,0.788967,1.007522,1.530132,1.554766,1.150909,0.799860,1.586940,1.417839,1.414201,0.891738,1.177001,1.252742,1.395042,1.074307,1.059260,1.317217,1.177001,1.115140,1.451365,1.513593,1.127185,1.078877,1.511485,0.977297,1.433512,1.355686,1.172356,0.820107,1.452627,1.407210,1.523874,0.929065,1.076811,1.473901,1.219070,1.442612,1.423317,1.392053,0.827932,0.914681,1.124935,1.421617,1.483953,1.378942,1.507442,1.150448,1.407627,1.557699,1.474816,1.499217,1.423686,1.067783,1.285376,0.997278,1.315891,1.555159,1.373553,1.388126,1.392053,1.500903,1.471042,1.233455,1.466541,1.402021
1.580153,1.066315,0.000000,0.696427,0.845414,0.698449,0.659133,0.743371,0.506741,1.848456,0.670461,1.094669,0.505721,1.707272,0.635066,0.349709,1.105893,1.846214,0.825951,0.587085,0.616084,0.845894,0.677592,1.210300,0.688333,1.780149,0.297390,0.432267,1.794590,0.435650,1.649245,0.635066,0.649594,1.816556,0.577070,0.407128,0.473474,1.597859,0.799077,0.834060,0.186065,1.058135,0.869240,0.605428,0.592058,0.448269,0.274490,0.312822,0.636865,1.447027,1.182767,0.435650,0.274490,1.721608,0.751572,0.830739,1.600601,0.274681,0.809338,0.406243,0.627517,1.875664,0.473415,1.167507,0.657297,0.652745,0.789258,0.257067,1.633955,0.694626,0.297390,0.664735,0.709462,0.582768,0.409165,0.530116,1.672826,0.609867,0.756597,1.867492,0.811711,1.708044,1.894171,0.841178,0.701143,0.731600,0.624238,0.567491,1.494457,0.139447,1.822356,0.823682,0.561585,0.572323,0.582768,0.752060,0.703297,0.371253,0.680891,0.606128
1.849187,1.469816,0.696427,0.000000,0.256089,0.089073,0.081362,1.233175,0.917570,1.929847,0.325882,0.997856,0.799871,1.765677,0.138197,0.553338,1.111995,1.980506,0.225118,0.215624,0.205148,0.367172,0.183220,0.733458,0.171720,1.964156,0.452130,0.479617,1.943540,0.328039,1.394293,0.138197,0.193192,1.854889,0.224881,0.678299,1.020259,1.856403,0.200976,0.217002,0.566583,1.444043,0.306940,0.199960,0.227708,0.975987,0.498456,0.437109,0.298619,1.735060,1.504876,0.328039,0.498456,1.917787,0.341420,0.292277,1.868771,0.646879,0.270362,0.903467,0.234314,1.969762,0.637093,1.567888,0.252442,0.310154,0.208281,0.847328,1.874192,0.175498,0.452130,0.271814,0.330544,0.222416,0.994564,1.014100,1.858327,0.141643,0.237048,1.957352,0.358815,1.926941,1.983493,0.367322,0.175672,0.176099,0.191340,0.875064,1.641663,0.756949,1.960758,0.280248,0.256307,0.235700,0.222416,0.196560,0.287905,0.517157,0.181468,0.230688
1.887421,1.567324,0.845414,0.256089,0.000000,0.261138,0.305614,1.363203,1.079087,1.901011,0.460022,1.082802,0.834275,1.722570,0.263252,0.704645,1.213075,1.969275,0.291765,0.401839,0.396620,0.374964,0.354734,0.547782,0.298189,1.975156,0.624444,0.611849,1.955092,0.503659,1.241062,0.263252,0.312554,1.791165,0.411334,0.823963,1.171793,1.904913,0.214153,0.198637,0.730314,1.565185,0.204948,0.386495,0.409739,1.106820,0.673935,0.610284,0.424061,1.759039,1.582290,0.503659,0.673935,1.957325,0.447955,0.347867,1.884737,0.824751,0.386203,1.055510,0.425631,1.953988,0.783998,1.610941,0.349434,0.429310,0.253500,1.000195,1.880203,0.322003,0.624444,0.392413,0.458446,0.418403,1.134801,1.134938,1.913308,0.351426,0.339503,1.939577,0.387557,1.955993,1.958400,0.323297,0.294669,0.281839,0.373681,1.037760,1.592359,0.913419,1.951230,0.284310,0.456964,0.431401,0.418403,0.273540,0.367471,0.624939,0.336559,0.429370
1.845065,1.466911,0.698449,0.089073,0.261138,0.000000,0.145222,1.224404,0.913383,1.928825,0.305316,0.997940,0.802925,1.768161,0.149892,0.551432,1.107768,1.977292,0.251614,0.229690,0.215141,0.385676,0.191899,0.744448,0.198991,1.964198,0.457914,0.479079,1.943189,0.341333,1.397912,0.149892,0.219365,1.856079,0.237350,0.669314,1.016155,1.855004,0.161777,0.193026,0.571382,1.437596,0.324174,0.221982,0.250435,0.975646,0.500113,0.448038,0.246582,1.734360,1.496958,0.341333,0.500113,1.913885,0.344766,0.301099,1.865341,0.646904,0.292166,0.894907,0.257224,1.969127,0.631983,1.555853,0.255774,0.266028,0.221520,0.846359,1.878541,0.198508,0.457914,0.286152,0.323688,0.239432,0.991516,1.004787,1.855140,0.178717,0.222921,1.954654,0.328741,1.923824,1.981751,0.367553,0.197352,0.199259,0.206823,0.876596,1.644020,0.756951,1.957128,0.304393,0.269015,0.253038,0.239432,0.205075,0.304478,0.533926,0.204586,0.245890
1.838625,1.455877,0.659133,0.081362,0.305614,0.145222,0.000000,1.210430,0.890759,1.935303,0.325754,1.015956,0.781775,1.772465,0.149521,0.527548,1.123529,1.979806,0.247210,0.191295,0.178581,0.369184,0.169084,0.765601,0.167281,1.958613,0.411735,0.459222,1.941591,0.285952,1.417388,0.149521,0.171523,1.865669,0.199792,0.662178,0.989978,1.845513,0.253200,0.268878,0.526182,1.426061,0.331167,0.165059,0.185493,0.940951,0.461107,0.393028,0.302197,1.728733,1.485619,0.285952,0.461107,1.913891,0.346459,0.311032,1.861868,0.609665,0.279790,0.871867,0.188214,1.972897,0.614983,1.553386,0.236262,0.307497,0.233798,0.811781,1.870043,0.166171,0.411735,0.247397,0.337048,0.188617,0.965411,0.988033,1.850764,0.086490,0.263743,1.960971,0.371135,1.919858,1.986496,0.397649,0.179228,0.180348,0.171660,0.853634,1.645355,0.722530,1.962125,0.289521,0.219507,0.197791,0.188617,0.217946,0.268834,0.478850,0.165098,0.196132
1.136261,0.729439,0.743371,1.233175,1.363203,1.224404,1.210430,0.000000,0.483324,1.534612,1.186858,1.160854,0.999080,1.475042,1.201860,0.804282,1.093620,1.519077,1.320098,1.139517,1.149902,1.347156,1.203493,1.629000,1.233080,1.413551,0.938997,0.897093,1.408295,1.055540,1.831590,1.201860,1.212804,1.596436,1.129904,0.830966,0.365320,1.180815,1.322779,1.350093,0.860617,0.685320,1.400570,1.163102,1.165865,0.513099,0.873866,0.944629,1.168217,1.085216,1.014774,1.055540,0.873866,1.292709,1.267018,1.317475,1.228849,0.736376,1.298394,0.595919,1.177155,1.551954,0.836384,0.830895,1.227250,1.184781,1.308521,0.586520,1.250709,1.235282,0.938997,1.215060,1.219238,1.135191,0.403336,0.430370,1.276512,1.171203,1.269994,1.545786,1.317900,1.305444,1.587321,1.350985,1.234608,1.269603,1.165947,0.743515,1.367505,0.633961,1.471492,1.363820,1.108140,1.129924,1.135191,1.275486,1.262900,0.983640,1.221785,1.147447
1.406129,0.920675,0.506741,0.917570,1.079087,0.913383,0.890759,0.483324,0.000000,1.714631,0.878848,0.991065,0.851639,1.600958,0.895020,0.529086,0.969490,1.726523,1.015152,0.815445,0.825575,1.058460,0.882644,1.404264,0.921854,1.648695,0.638549,0.617737,1.639650,0.744533,1.769784,0.895020,0.895325,1.749956,0.804177,0.526997,0.376055,1.447742,1.027703,1.055026,0.582440,0.833202,1.113727,0.842018,0.851954,0.469861,0.579281,0.636903,0.869905,1.329393,1.176926,0.744533,0.579281,1.532408,0.967906,1.021903,1.492006,0.483093,0.989192,0.433992,0.867050,1.746733,0.543449,1.105383,0.925217,0.886052,0.998936,0.434163,1.495616,0.916087,0.638549,0.906069,0.909611,0.814457,0.377617,0.374040,1.477437,0.845614,0.961251,1.731954,1.032028,1.545275,1.778635,1.052533,0.917929,0.953999,0.844063,0.529887,1.491947,0.404933,1.690205,1.061079,0.784727,0.808513,0.814457,0.961428,0.964171,0.718247,0.903178,0.823717
0.863982,1.383909,1.848456,1.929847,1.901011,1.928825,1.935303,1.534612,1.714631,0.000000,1.942586,1.657151,1.796528,0.536735,1.936487,1.850107,1.627246,0.523941,1.912690,1.935298,1.935549,1.902386,1.935826,1.753268,1.928783,0.584828,1.916360,1.857159,0.606780,1.937730,1.321432,1.936487,1.929541,0.484822,1.934936,1.829130,1.704003,0.843886,1.926062,1.925691,1.897477,1.441671,1.904532,1.940722,1.950643,1.713641,1.899490,1.910194,1.938379,0.890880,1.409911,1.937730,1.899490,0.746096,1.935430,1.914405,0.749102,1.871572,1.923455,1.751306,1.949159,0.406007,1.854322,1.254033,1.936036,1.939786,1.925427,1.795047,0.692609,1.936579,1.916360,1.934227,1.934445,1.939275,1.706627,1.651153,0.804282,1.937241,1.936581,0.244306,1.928855,0.642450,0.435013,1.887548,1.925982,1.932521,1.933553,1.802238,1.063825,1.817923,0.490469,1.927396,1.940573,1.942205,1.939275,1.928674,1.933570,1.885635,1.936216,1.944407
1.825630,1.395262,0.670461,0.325882,0.460022,0.305316,0.325754,1.186858,0.878848,1.942586,0.000000,0.989489,0.840951,1.809106,0.320535,0.581845,1.074499,1.959297,0.364556,0.286911,0.276592,0.447714,0.282082,0.873509,0.313324,1.948385,0.430715,0.543914,1.926528,0.325337,1.502953,0.320535,0.314553,1.904471,0.287235,0.670010,0.965411,1.828341,0.335053,0.353520,0.526555,1.404478,0.508665,0.280809,0.268531,0.958124,0.479917,0.455636,0.239873,1.745705,1.466073,0.325337,0.479917,1.877838,0.213873,0.394580,1.866649,0.584907,0.324234,0.868137,0.312246,1.962056,0.643522,1.541326,0.320976,0.254242,0.335919,0.802372,1.872103,0.296299,0.430715,0.323612,0.186230,0.277692,0.958885,1.011091,1.810162,0.297159,0.221081,1.952850,0.312886,1.901470,1.980900,0.498141,0.309449,0.313727,0.281797,0.842079,1.680432,0.726354,1.942754,0.396423,0.285054,0.281742,0.277692,0.310899,0.353462,0.576730,0.305795,0.275082
1.543677,1.285784,1.094669,0.997856,1.082802,0.997940,1.015956,1.160854,0.991065,1.657151,0.989489,0.000000,1.276476,1.587847,1.036031,1.024958,0.264191,1.703948,0.995909,0.996686,0.990799,1.134681,0.994704,1.287532,1.028716,1.651111,1.029471,1.028010,1.577698,1.011795,1.638319,1.036031,1.049668,1.667457,0.993994,0.926911,1.120191,1.609876,1.042658,1.038142,1.051653,1.160055,1.151330,1.013165,1.004322,1.207684,1.022487,1.039279,1.044265,1.456844,1.458090,1.011795,1.022487,1.519160,0.969849,1.017864,1.650275,1.030585,0.953708,1.111670,1.016420,1.661831,0.996316,1.565649,1.107435,1.066153,1.005484,1.105438,1.569501,1.010313,1.029471,1.076390,0.937325,1.000380,1.136199,1.194486,1.491926,1.017751,0.975172,1.656186,1.106826,1.640095,1.690912,0.991404,1.014548,1.023480,1.002518,0.892091,1.628424,1.071269,1.641458,1.083694,0.996525,1.005664,1.000380,0.998233,1.124371,1.159970,1.008055,0.994846
1.607545,1.225326,0.505721,0.799871,0.834275,0.802925,0.781775,0.999080,0.851639,1.796528,0.840951,1.276476,0.000000,1.652348,0.728997,0.681548,1.290784,1.826635,0.920696,0.762522,0.804731,0.916086,0.832072,1.076885,0.798771,1.767881,0.615471,0.696960,1.797862,0.671229,1.454217,0.728997,0.753420,1.678544,0.759769,0.598977,0.794205,1.655843,0.846350,0.877541,0.571920,1.218854,0.834952,0.772719,0.769211,0.749349,0.632129,0.609860,0.784964,1.409281,1.224404,0.671229,0.632129,1.781527,0.880451,0.940793,1.548022,0.660248,0.935406,0.706752,0.797125,1.845833,0.762088,1.215835,0.741659,0.787915,0.870258,0.630437,1.611747,0.821826,0.615471,0.793169,0.862676,0.772300,0.688855,0.761032,1.746165,0.762115,0.869418,1.826039,0.875669,1.725609,1.839469,0.855158,0.818475,0.833174,0.786548,0.841271,1.361828,0.575680,1.786292,0.865482,0.776871,0.766424,0.772300,0.849449,0.788013,0.508364,0.814348,0.803147
1.120878,1.379162,1.707272,1.765677,1.722570,1.768161,1.772465,1.475042,1.600958,0.536735,1.809106,1.587847,1.652348,0.000000,1.774150,1.681730,1.619223,0.907524,1.751328,1.779793,1.779994,1.735910,1.779966,1.576337,1.759164,0.978425,1.763760,1.677217,0.986533,1.780624,1.167727,1.774150,1.757094,0.594456,1.779866,1.687621,1.616722,1.109708,1.769187,1.770550,1.754212,1.508872,1.737265,1.785479,1.804777,1.595771,1.747515,1.758576,1.794293,0.932063,1.520366,1.780624,1.747515,1.102017,1.798884,1.754364,0.970237,1.748351,1.776280,1.629096,1.813931,0.842301,1.713061,1.204139,1.778108,1.796365,1.761863,1.675098,0.888771,1.778214,1.763760,1.778217,1.794162,1.785335,1.602017,1.514480,1.151762,1.775405,1.791755,0.741410,1.788695,0.989373,0.857780,1.719397,1.755073,1.770744,1.776196,1.745411,0.983932,1.685721,0.879516,1.767507,1.795267,1.792627,1.785335,1.767772,1.773400,1.712321,1.777335,1.801210
1.838524,1.437197,0.635066,0.138197,0.263252,0.149892,0.149521,1.201860,0.895020,1.936487,0.320535,1.036031,0.728997,1.774150,0.000000,0.508226,1.139435,1.976963,0.306693,0.202221,0.210861,0.388601,0.212950,0.763652,0.188187,1.959924,0.391267,0.440377,1.944834,0.275141,1.406075,0.000000,0.184728,1.861344,0.207293,0.646888,0.973916,1.849855,0.238853,0.258607,0.503002,1.426648,0.317995,0.194855,0.210796,0.922760,0.441932,0.390632,0.270792,1.723809,1.484525,0.275141,0.441932,1.919272,0.369470,0.337614,1.854347,0.598181,0.347000,0.865770,0.244643,1.973440,0.594811,1.527878,0.229470,0.285434,0.244428,0.788669,1.861919,0.203032,0.391267,0.263039,0.356138,0.211790,0.943556,0.974169,1.859958,0.154271,0.277665,1.962922,0.362145,1.920717,1.986172,0.391211,0.201143,0.210144,0.195315,0.855941,1.621035,0.702167,1.957266,0.310563,0.241538,0.220108,0.211790,0.220174,0.275334,0.441429,0.206332,0.231090
1.653551,1.163305,0.349709,0.553338,0.704645,0.551432,0.527548,0.804282,0.529086,1.850107,0.581845,1.024958,0.681548,1.681730,0.508226,0.000000,1.088796,1.887702,0.677471,0.453678,0.465382,0.706111,0.530053,1.100560,0.547564,1.837395,0.283725,0.132636,1.834503,0.379354,1.598494,0.508226,0.525820,1.817848,0.442851,0.489871,0.589557,1.664257,0.677485,0.709142,0.311157,1.175235,0.754305,0.480289,0.501989,0.531186,0.215672,0.307229,0.539902,1.544698,1.341859,0.379354,0.215672,1.770312,0.669600,0.656609,1.700007,0.342735,0.680612,0.567962,0.533781,1.895397,0.407935,1.251608,0.559286,0.558694,0.642032,0.435273,1.681479,0.557738,0.283725,0.552984,0.626888,0.456133,0.554816,0.578131,1.724007,0.479484,0.639535,1.886523,0.707127,1.775589,1.919795,0.724348,0.546095,0.591794,0.480051,0.652494,1.514488,0.340299,1.861953,0.714673,0.437316,0.455552,0.456133,0.605555,0.602221,0.377216,0.546758,0.480213
1.428569,1.215408,1.105893,1.111995,1.213075,1.107768,1.123529,1.093620,0.969490,1.627246,1.074499,0.264191,1.290784,1.619223,1.139435,1.088796,0.000000,1.634963,1.125603,1.091881,1.092525,1.256397,1.102907,1.419749,1.144613,1.561064,1.086514,1.112503,1.487952,1.090590,1.725378,1.139435,1.161523,1.666323,1.087691,0.944717,1.074397,1.513214,1.156171,1.154382,1.085664,1.023755,1.269357,1.111353,1.096412,1.195357,1.073990,1.094348,1.125539,1.388857,1.345286,1.090590,1.073990,1.405326,1.069695,1.148989,1.560634,1.045114,1.072429,1.085843,1.101332,1.606855,1.031837,1.513938,1.201357,1.144454,1.132306,1.091146,1.506160,1.121951,1.086514,1.172003,1.031730,1.095314,1.097917,1.179562,1.371135,1.119338,1.080586,1.600445,1.201405,1.532235,1.630978,1.118782,1.134854,1.141019,1.104489,0.838943,1.641056,1.071904,1.567978,1.204599,1.083183,1.096043,1.095314,1.118426,1.223610,1.223232,1.118128,1.086427
0.725678,1.316726,1.846214,1.980506,1.969275,1.977292,1.979806,1.519077,1.726523,0.523941,1.959297,1.703948,1.826635,0.907524,1.976963,1.887702,1.634963,0.000000,1.976274,1.971308,1.973149,1.961486,1.979264,1.867937,1.981050,0.412384,1.927595,1.908710,0.453020,1.955597,1.457442,1.976963,1.980744,0.773022,1.969810,1.861501,1.676536,0.710567,1.975328,1.975394,1.896839,1.327176,1.972616,1.975319,1.973554,1.709321,1.913048,1.924320,1.958933,0.935677,1.307578,1.955597,1.913048,0.521540,1.965679,1.968915,0.653645,1.864040,1.974937,1.747305,1.970469,0.375720,1.859942,1.197452,1.975891,1.961911,1.980867,1.779463,0.661125,1.981305,1.927595,1.969002,1.961189,1.971324,1.693267,1.677457,0.728151,1.976516,1.971900,0.437687,1.964365,0.498790,0.318680,1.955424,1.978750,1.982946,1.974957,1.754161,1.113390,1.816243,0.387459,1.979873,1.966070,1.970114,1.971324,1.980443,1.974655,1.916342,1.980137,1.971176
1.871253,1.536266,0.825951,0.225118,0.291765,0.251614,0.247210,1.320098,1.015152,1.912690,0.364556,0.995909,0.920696,1.751328,0.306693,0.677471,1.125603,1.976274,0.000000,0.317349,0.287112,0.336437,0.237003,0.645551,0.232577,1.967306,0.581713,0.593687,1.938400,0.446171,1.356180,0.306693,0.267405,1.838278,0.326480,0.794530,1.133450,1.875035,0.259133,0.244082,0.693585,1.523226,0.347593,0.291253,0.317720,1.080522,0.630713,0.560718,0.403212,1.772636,1.548438,0.446171,0.630713,1.927725,0.311818,0.274675,1.903684,0.766021,0.150282,1.011722,0.321068,1.956160,0.741095,1.634727,0.333859,0.406920,0.204981,0.975838,1.891485,0.220585,0.581713,0.333142,0.318364,0.321374,1.115719,1.122270,1.864755,0.284711,0.223547,1.941128,0.378093,1.943190,1.972464,0.349386,0.228278,0.196768,0.281359,0.976099,1.664786,0.884283,1.958323,0.268724,0.350208,0.332787,0.321374,0.216898,0.337925,0.653971,0.233604,0.310953
1.814854,1.400089,0.587085,0.215624,0.401839,0.229690,0.191295,1.139517,0.815445,1.935298,0.286911,0.996686,0.762522,1.779793,0.202221,0.453678,1.091881,1.971308,0.317349,0.000000,0.129285,0.405512,0.156382,0.843924,0.146492,1.946932,0.332549,0.402611,1.929308,0.218482,1.482790,0.202221,0.191323,1.885884,0.019446,0.588258,0.914899,1.821198,0.340088,0.359356,0.445018,1.371018,0.438689,0.078269,0.163439,0.871412,0.376987,0.328936,0.287029,1.714282,1.454334,0.218482,0.376987,1.894311,0.335429,0.333652,1.848677,0.530571,0.318695,0.803633,0.202641,1.970887,0.542391,1.505938,0.257535,0.294465,0.261670,0.735178,1.854936,0.158641,0.332549,0.245345,0.316256,0.064063,0.893835,0.924426,1.821794,0.149988,0.276148,1.957006,0.391313,1.901424,1.988717,0.440402,0.164775,0.198056,0.054924,0.788889,1.645108,0.646681,1.955667,0.340904,0.097562,0.080821,0.064063,0.224286,0.287434,0.448689,0.154496,0.114065
1.819185,1.404890,0.616084,0.205148,0.396620,0.215141,0.178581,1.149902,0.825575,1.935549,0.276592,0.990799,0.804731,1.779994,0.210861,0.465382,1.092525,1.973149,0.287112,0.129285,0.000000,0.383396,0.083116,0.844381,0.171342,1.945438,0.354860,0.407860,1.928423,0.238746,1.483888,0.210861,0.165751,1.888035,0.130073,0.612986,0.930618,1.825068,0.323512,0.339219,0.472869,1.385550,0.439237,0.095515,0.150372,0.877167,0.395845,0.351311,0.277589,1.731712,1.474535,0.238746,0.395845,1.891067,0.335903,0.309607,1.863947,0.544335,0.289694,0.820387,0.184663,1.971390,0.551525,1.518009,0.260205,0.288488,0.251075,0.759055,1.857072,0.136801,0.354860,0.240305,0.312478,0.105604,0.915191,0.939784,1.822848,0.136323,0.258226,1.958142,0.380539,1.906251,1.989225,0.444921,0.175775,0.180931,0.112987,0.812750,1.654026,0.669862,1.960950,0.341053,0.108216,0.106983,0.105604,0.214627,0.284872,0.471305,0.123433,0.078305
1.882792,1.528239,0.845894,0.367172,0.374964,0.385676,0.369184,1.347156,1.058460,1.902386,0.447714,1.134681,0.916086,1.735910,0.388601,0.706111,1.256397,1.961486,0.336437,0.405512,0.383396,0.000000,0.343398,0.690126,0.328163,1.961581,0.609161,0.631185,1.943207,0.496692,1.316380,0.388601,0.336663,1.832816,0.413275,0.842489,1.158590,1.892673,0.392963,0.381041,0.716163,1.554525,0.396123,0.380936,0.397282,1.088798,0.655770,0.612439,0.470250,1.815808,1.602213,0.496692,0.655770,1.935109,0.409988,0.333979,1.922519,0.812690,0.374732,1.044963,0.417557,1.956694,0.793557,1.628410,0.287094,0.446434,0.302031,0.991191,1.884532,0.324089,0.609161,0.262047,0.457358,0.406891,1.132681,1.139875,1.871361,0.372775,0.401030,1.934031,0.395318,1.934045,1.965050,0.446132,0.320902,0.298841,0.374093,1.058442,1.645288,0.907498,1.959719,0.290265,0.432811,0.416889,0.406891,0.322019,0.211853,0.657922,0.339266,0.404012
1.839486,1.450887,0.677592,0.183220,0.354734,0.191899,0.169084,1.203493,0.882644,1.935826,0.282082,0.994704,0.832072,1.779966,0.212950,0.530053,1.102907,1.979264,0.237003,0.156382,0.083116,0.343398,0.000000,0.796868,0.138653,1.955755,0.417993,0.466441,1.935173,0.291783,1.449118,0.212950,0.154708,1.881600,0.163000,0.653008,0.992466,1.848313,0.282844,0.290783,0.535258,1.422915,0.391284,0.115087,0.168981,0.938840,0.462199,0.413896,0.285288,1.751012,1.499557,0.291783,0.462199,1.906446,0.312725,0.275242,1.881639,0.610898,0.244716,0.874075,0.192244,1.973653,0.599470,1.556137,0.245686,0.289939,0.193249,0.821805,1.876749,0.085468,0.417993,0.229470,0.299602,0.142429,0.975265,0.993616,1.837740,0.149718,0.224820,1.958713,0.347585,1.920862,1.989078,0.407940,0.142668,0.123242,0.121889,0.862660,1.666528,0.734090,1.965810,0.291944,0.162402,0.149765,0.142429,0.164523,0.260906,0.521773,0.073750,0.118287
1.893961,1.756193,1.210300,0.733458,0.547782,0.744448,0.765601,1.629000,1.404264,1.753268,0.873509,1.287532,1.076885,1.576337,0.763652,1.100560,1.419749,1.867937,0.645551,0.843924,0.844381,0.690126,0.796868,0.000000,0.733978,1.907211,1.043413,1.001834,1.904516,0.936630,0.908528,0.763652,0.745558,1.595534,0.854047,1.186645,1.502373,1.904815,0.658626,0.634620,1.125956,1.766719,0.559122,0.830144,0.852886,1.408990,1.093447,1.013476,0.868875,1.773482,1.684407,0.936630,1.093447,1.951103,0.810051,0.712205,1.855545,1.225180,0.734774,1.382818,0.857709,1.826587,1.166857,1.702233,0.767445,0.859161,0.676659,1.362225,1.839298,0.758506,1.043413,0.804447,0.838555,0.864638,1.458785,1.415024,1.929014,0.808703,0.747131,1.813074,0.739459,1.922873,1.821365,0.593450,0.731662,0.711197,0.814160,1.360738,1.471561,1.279099,1.848588,0.629689,0.899462,0.875046,0.864638,0.708783,0.760748,0.992939,0.773989,0.870526
1.854745,1.471587,0.688333,0.171720,0.298189,0.198991,0.167281,1.233080,0.921854,1.928783,0.313324,1.028716,0.798771,1.759164,0.188187,0.547564,1.144613,1.981050,0.232577,0.146492,0.171342,0.328163,0.138653,0.733978,0.000000,1.965270,0.433848,0.475778,1.948048,0.302148,1.399241,0.188187,0.132419,1.861182,0.160660,0.676480,1.021024,1.861784,0.266820,0.276450,0.549263,1.455379,0.337191,0.126498,0.200076,0.966224,0.484587,0.429032,0.316586,1.742294,1.513770,0.302148,0.484587,1.928177,0.317318,0.273062,1.876075,0.641867,0.271185,0.899517,0.236390,1.971767,0.634723,1.557390,0.234674,0.318103,0.163680,0.841209,1.875790,0.101505,0.433848,0.236539,0.323508,0.156718,0.996093,1.012127,1.861530,0.165848,0.243325,1.957776,0.345678,1.932398,1.987611,0.373030,0.073628,0.102513,0.107709,0.893280,1.635428,0.754426,1.965582,0.237075,0.206724,0.175981,0.156718,0.148875,0.247117,0.503027,0.111887,0.186946
0.577521,1.218540,1.780149,1.964156,1.975156,1.964198,1.958613,1.413551,1.648695,0.584828,1.948385,1.651111,1.767881,0.978425,1.959924,1.837395,1.561064,0.412384,1.967306,1.946932,1.945438,1.961581,1.955755,1.907211,1.965270,0.000000,1.880739,1.868643,0.375570,1.921629,1.563426,1.959924,1.959844,0.818567,1.944946,1.781789,1.580901,0.585240,1.974383,1.976694,1.840543,1.203020,1.971910,1.949524,1.947982,1.622829,1.860034,1.878681,1.945207,0.834016,1.176295,1.921629,1.860034,0.435909,1.954536,1.964173,0.580501,1.796928,1.958770,1.654103,1.944436,0.441840,1.805733,1.155173,1.962605,1.946806,1.977321,1.695316,0.557928,1.962385,1.880739,1.955354,1.949465,1.943873,1.600656,1.597149,0.585404,1.951602,1.965407,0.471566,1.957336,0.405306,0.435341,1.950976,1.967651,1.968740,1.952187,1.674375,1.148384,1.741604,0.429177,1.973747,1.934708,1.940701,1.943873,1.973548,1.962427,1.871448,1.958684,1.941764
1.715320,1.219070,0.297390,0.452130,0.624444,0.457914,0.411735,0.938997,0.638549,1.916360,0.430715,1.029471,0.615471,1.763760,0.391267,0.283725,1.086514,1.927595,0.581713,0.332549,0.354860,0.609161,0.417993,1.043413,0.433848,1.880739,0.000000,0.311532,1.881352,0.165545,1.580874,0.391267,0.401615,1.877712,0.322896,0.448076,0.673934,1.724642,0.565361,0.597255,0.133141,1.219046,0.650600,0.345009,0.329587,0.640635,0.100350,0.163207,0.409041,1.606270,1.332529,0.165545,0.100350,1.819426,0.514234,0.581696,1.749645,0.300399,0.565046,0.585867,0.380467,1.940657,0.441073,1.345498,0.419309,0.423855,0.537997,0.461117,1.759208,0.436569,0.000000,0.419727,0.478649,0.321159,0.644218,0.725367,1.762302,0.354694,0.515584,1.936402,0.582044,1.822658,1.961845,0.636931,0.446891,0.476551,0.366406,0.642356,1.583410,0.369905,1.907520,0.583382,0.303293,0.312228,0.321159,0.501333,0.462419,0.296153,0.424457,0.345656
1.696455,1.244246,0.432267,0.479617,0.611849,0.479079,0.459222,0.897093,0.617737,1.857159,0.543914,1.028010,0.696960,1.677217,0.440377,0.132636,1.112503,1.908710,0.593687,0.402611,0.407860,0.631185,0.466441,1.001834,0.475778,1.868643,0.311532,0.000000,1.863482,0.356193,1.536641,0.440377,0.452120,1.807211,0.393661,0.543221,0.703523,1.708784,0.602526,0.631684,0.372494,1.256621,0.673663,0.425805,0.453740,0.617355,0.276834,0.306678,0.501592,1.581470,1.392134,0.356193,0.276834,1.812400,0.621628,0.579962,1.736708,0.428351,0.614025,0.652799,0.487703,1.910966,0.444002,1.303516,0.499785,0.520876,0.563973,0.551192,1.710635,0.489834,0.311532,0.497260,0.581912,0.411195,0.664566,0.656858,1.770312,0.417833,0.575401,1.900306,0.650339,1.815038,1.932657,0.635450,0.470210,0.516417,0.420968,0.719881,1.511424,0.445783,1.883488,0.635950,0.399305,0.413372,0.411195,0.530012,0.543310,0.374617,0.481452,0.434752
0.623523,1.278645,1.794590,1.943540,1.955092,1.943189,1.941591,1.408295,1.639650,0.606780,1.926528,1.577698,1.797862,0.986533,1.944834,1.834503,1.487952,0.453020,1.938400,1.929308,1.928423,1.943207,1.935173,1.904516,1.948048,0.375570,1.881352,1.863482,0.000000,1.913985,1.579462,1.944834,1.948053,0.823779,1.927188,1.783169,1.589254,0.667663,1.955041,1.953788,1.847316,1.213032,1.959386,1.933750,1.929760,1.648891,1.859000,1.880301,1.930159,0.850907,1.219850,1.913985,1.859000,0.419160,1.929419,1.938339,0.666614,1.795211,1.926022,1.665209,1.925778,0.485972,1.797799,1.239607,1.950214,1.934196,1.950552,1.709438,0.642604,1.942369,1.881352,1.938886,1.921672,1.926649,1.610363,1.613062,0.568773,1.936678,1.939812,0.481967,1.946813,0.484042,0.463180,1.941136,1.947730,1.949029,1.934514,1.675710,1.263132,1.750943,0.452885,1.958632,1.917699,1.924820,1.926649,1.948421,1.948597,1.889861,1.939096,1.924137
1.775395,1.317217,0.435650,0.328039,0.503659,0.341333,0.285952,1.055540,0.744533,1.937730,0.325337,1.011795,0.671229,1.780624,0.275141,0.379354,1.090590,1.955597,0.446171,0.218482,0.238746,0.496692,0.291783,0.936630,0.302148,1.921629,0.165545,0.356193,1.913985,0.000000,1.524735,0.275141,0.272440,1.888419,0.212349,0.518290,0.806956,1.784765,0.440783,0.466672,0.275664,1.305977,0.535402,0.217364,0.182054,0.765973,0.244576,0.198423,0.327321,1.661816,1.395781,0.000000,0.244576,1.865763,0.392317,0.463274,1.804351,0.409437,0.433608,0.695729,0.260042,1.962611,0.490308,1.434480,0.311757,0.343576,0.402025,0.605501,1.812884,0.303727,0.165545,0.306328,0.362135,0.202622,0.781303,0.844390,1.806831,0.230428,0.385681,1.958366,0.477225,1.871356,1.982375,0.523265,0.316413,0.341815,0.245484,0.717309,1.615442,0.513480,1.936803,0.449012,0.197794,0.194792,0.202622,0.367633,0.349926,0.337673,0.293234,0.228399
1.702777,1.818351,1.649245,1.394293,1.241062,1.397912,1.417388,1.831590,1.769784,1.321432,1.502953,1.638319,1.454217,1.167727,1.406075,1.598494,1.725378,1.457442,1.356180,1.482790,1.483888,1.316380,1.449118,0.908528,1.399241,1.563426,1.580874,1.536641,1.579462,1.524735,0.000000,1.406075,1.403232,1.088091,1.489859,1.633126,1.810690,1.696361,1.330726,1.317774,1.622776,1.864491,1.213461,1.471467,1.480680,1.736655,1.609697,1.569378,1.479014,1.562903,1.734715,1.524735,1.609697,1.690012,1.443938,1.382430,1.541908,1.701979,1.408458,1.727492,1.481441,1.426627,1.603239,1.630500,1.396096,1.472648,1.361683,1.735377,1.523308,1.421567,1.580874,1.429577,1.466487,1.496099,1.765488,1.697889,1.749092,1.448151,1.415561,1.415385,1.387668,1.593189,1.374598,1.258539,1.396086,1.388735,1.463523,1.752532,1.221280,1.696389,1.477777,1.312114,1.523787,1.504393,1.496099,1.384313,1.382071,1.495457,1.429683,1.506054
1.838524,1.437197,0.635066,0.138197,0.263252,0.149892,0.149521,1.201860,0.895020,1.936487,0.320535,1.036031,0.728997,1.774150,0.000000,0.508226,1.139435,1.976963,0.306693,0.202221,0.210861,0.388601,0.212950,0.763652,0.188187,1.959924,0.391267,0.440377,1.944834,0.275141,1.406075,0.000000,0.184728,1.861344,0.207293,0.646888,0.973916,1.849855,0.238853,0.258607,0.503002,1.426648,0.317995,0.194855,0.210796,0.922760,0.441932,0.390632,0.270792,1.723809,1.484525,0.275141,0.441932,1.919272,0.369470,0.337614,1.854347,0.598181,0.347000,0.865770,0.244643,1.973440,0.594811,1.527878,0.229470,0.285434,0.244428,0.788669,1.861919,0.203032,0.391267,0.263039,0.356138,0.211790,0.943556,0.974169,1.859958,0.154271,0.277665,1.962922,0.362145,1.920717,1.986172,0.391211,0.201143,0.210144,0.195315,0.855941,1.621035,0.702167,1.957266,0.310563,0.241538,0.220108,0.211790,0.220174,0.275334,0.441429,0.206332,0.231090
1.844252,1.450305,0.649594,0.193192,0.312554,0.219365,0.171523,1.212804,0.895325,1.929541,0.314553,1.049668,0.753420,1.757094,0.184728,0.525820,1.161523,1.980744,0.267405,0.191323,0.165751,0.336663,0.154708,0.745558,0.132419,1.959844,0.401615,0.452120,1.948053,0.272440,1.403232,0.184728,0.000000,1.855598,0.199693,0.650997,0.994666,1.856520,0.283832,0.300126,0.514795,1.438174,0.342818,0.150004,0.189234,0.927746,0.457582,0.393825,0.307689,1.731034,1.499800,0.272440,0.457582,1.928080,0.340892,0.315084,1.865885,0.610774,0.304632,0.866587,0.236607,1.974972,0.616743,1.532905,0.208050,0.306779,0.203512,0.810732,1.863417,0.136160,0.401615,0.228922,0.338781,0.186375,0.965892,0.978543,1.863817,0.151294,0.275438,1.959716,0.350606,1.928755,1.987877,0.379438,0.140480,0.139567,0.165922,0.880292,1.608903,0.721102,1.964397,0.239696,0.220804,0.192826,0.186375,0.186342,0.230430,0.444995,0.140221,0.199989
1.023803,1.501666,1.816556,1.854889,1.791165,1.856079,1.865669,1.596436,1.749956,0.484822,1.904471,1.667457,1.678544,0.594456,1.861344,1.817848,1.666323,0.773022,1.838278,1.885884,1.888035,1.832816,1.881600,1.595534,1.861182,0.818567,1.877712,1.807211,0.823779,1.888419,1.088091,1.861344,1.855598,0.000000,1.886824,1.799078,1.741326,1.069240,1.843792,1.843909,1.866505,1.544132,1.796477,1.887369,1.898306,1.725250,1.868827,1.866283,1.890014,0.905042,1.460908,1.888419,1.868827,1.021148,1.877315,1.852744,0.839136,1.865203,1.862066,1.755988,1.900345,0.695150,1.837921,1.292599,1.863635,1.893767,1.852172,1.797588,0.780272,1.873582,1.877712,1.878117,1.880617,1.892928,1.715046,1.643361,1.143562,1.876680,1.877694,0.614666,1.871924,0.932528,0.617565,1.784103,1.859057,1.862354,1.882084,1.812349,0.916709,1.802820,0.728589,1.842609,1.901451,1.897162,1.892928,1.859816,1.865776,1.818860,1.873969,1.902776
1.810315,1.391584,0.577070,0.224881,0.411334,0.237350,0.199792,1.129904,0.804177,1.934936,0.287235,0.993994,0.759769,1.779866,0.207293,0.442851,1.087691,1.969810,0.326480,0.019446,0.130073,0.413275,0.163000,0.854047,0.160660,1.944946,0.322896,0.393661,1.927188,0.212349,1.489859,0.207293,0.199693,1.886824,0.000000,0.580479,0.904355,1.817155,0.349881,0.369819,0.435191,1.363390,0.449776,0.085905,0.166570,0.860806,0.366058,0.319992,0.286818,1.710986,1.449807,0.212349,0.366058,1.890953,0.339709,0.339999,1.846055,0.520837,0.325765,0.794607,0.207320,1.970438,0.532101,1.499535,0.262422,0.295792,0.272551,0.724635,1.851309,0.168157,0.322896,0.250072,0.317656,0.067244,0.883174,0.914807,1.818675,0.155460,0.282537,1.956494,0.398955,1.898404,1.988201,0.446401,0.176124,0.208820,0.069757,0.780855,1.644715,0.635640,1.954519,0.354068,0.092668,0.080952,0.067244,0.233284,0.293765,0.443863,0.162975,0.114556
1.603244,1.123450,0.407128,0.678299,0.823963,0.669314,0.662178,0.830966,0.526997,1.829130,0.670010,0.926911,0.598977,1.687621,0.646888,0.489871,0.944717,1.861501,0.794530,0.588258,0.612986,0.842489,0.653008,1.186645,0.676480,1.781789,0.448076,0.543221,1.783169,0.518290,1.633126,0.646888,0.650997,1.799078,0.580479,0.000000,0.614176,1.654486,0.759183,0.789641,0.418216,1.032854,0.849654,0.610763,0.621594,0.665993,0.431662,0.467878,0.641335,1.448848,1.260299,0.518290,0.431662,1.719430,0.732540,0.796591,1.631705,0.428712,0.766389,0.462774,0.649266,1.869037,0.490037,1.293016,0.682423,0.649079,0.748893,0.474926,1.652842,0.671991,0.448076,0.682122,0.681318,0.592222,0.570983,0.647421,1.653108,0.622838,0.716648,1.844937,0.787974,1.720913,1.887288,0.773064,0.679707,0.705063,0.618171,0.537538,1.541232,0.413955,1.822068,0.803399,0.579299,0.586932,0.592222,0.716282,0.724598,0.535667,0.660721,0.610383
1.344650,0.788967,0.473474,1.020259,1.171793,1.016155,0.989978,0.365320,0.376055,1.704003,0.965411,1.120191,0.794205,1.616722,0.973916,0.589557,1.074397,1.676536,1.133450,0.914899,0.930618,1.158590,0.992466,1.502373,1.021024,1.580901,0.673934,0.703523,1.589254,0.806956,1.810690,0.973916,0.994666,1.741326,0.904355,0.614176,0.000000,1.363996,1.118250,1.149533,0.584309,0.771485,1.199490,0.937389,0.936076,0.379050,0.607389,0.702871,0.939926,1.263660,1.069823,0.806956,0.607389,1.481559,1.059222,1.121368,1.404494,0.452270,1.106873,0.412199,0.953269,1.711562,0.656213,0.976357,1.005509,0.955940,1.109176,0.263716,1.433825,1.022295,0.673934,0.995666,1.012707,0.905846,0.164410,0.407980,1.430603,0.944138,1.065151,1.708291,1.108702,1.487280,1.743436,1.173624,1.028247,1.062014,0.947795,0.563276,1.442543,0.361513,1.640616,1.162294,0.877864,0.897786,0.905846,1.073947,1.043179,0.732503,1.007895,0.921024
0.545480,1.007522,1.597859,1.856403,1.904913,1.855004,1.845513,1.180815,1.447742,0.843886,1.828341,1.609876,1.655843,1.109708,1.849855,1.664257,1.513214,0.710567,1.875035,1.821198,1.825068,1.892673,1.848313,1.904815,1.861784,0.585240,1.724642,1.708784,0.667663,1.784765,1.696361,1.849855,1.856520,1.069240,1.817155,1.654486,1.363996,0.000000,1.884087,1.894930,1.673454,1.074391,1.901537,1.829714,1.827694,1.382577,1.694752,1.714665,1.820442,0.824963,0.860117,1.784765,1.694752,0.544282,1.856674,1.870476,0.594484,1.616265,1.857400,1.465233,1.819573,0.726960,1.661372,0.939335,1.859719,1.825883,1.893919,1.502944,0.749392,1.861297,1.724642,1.856954,1.837304,1.817279,1.393984,1.377195,0.631833,1.832891,1.860104,0.774477,1.870098,0.539981,0.788312,1.903439,1.866626,1.875503,1.832499,1.520686,1.252137,1.549206,0.704432,1.897257,1.801248,1.812471,1.817279,1.882307,1.873129,1.719719,1.855281,1.816522
1.875987,1.530132,0.799077,0.200976,0.214153,0.161777,0.253200,1.322779,1.027703,1.926062,0.335053,1.042658,0.846350,1.769187,0.238853,0.677485,1.156171,1.975328,0.259133,0.340088,0.323512,0.392963,0.282844,0.658626,0.266820,1.974383,0.565361,0.602526,1.955041,0.440783,1.330726,0.238853,0.283832,1.843792,0.349881,0.759183,1.118250,1.884087,0.000000,0.078439,0.672215,1.508969,0.274537,0.321098,0.337016,1.078981,0.615822,0.559999,0.282952,1.765274,1.528030,0.440783,0.615822,1.935208,0.356025,0.315275,1.884963,0.751072,0.310878,0.985836,0.345977,1.964528,0.743554,1.606002,0.303565,0.296120,0.233795,0.947599,1.902551,0.269450,0.565361,0.346058,0.355226,0.345776,1.095188,1.109501,1.876647,0.292567,0.229784,1.949457,0.279508,1.942400,1.973768,0.350781,0.266009,0.246463,0.312087,0.967468,1.647286,0.866909,1.958538,0.279917,0.379088,0.356680,0.345776,0.243355,0.338926,0.615429,0.283838,0.347404
1.882907,1.554766,0.834060,0.217002,0.198637,0.193026,0.268878,1.350093,1.055026,1.925691,0.353520,1.038142,0.877541,1.770550,0.258607,0.709142,1.154382,1.975394,0.244082,0.359356,0.339219,0.381041,0.290783,0.634620,0.276450,1.976694,0.597255,0.631684,1.953788,0.466672,1.317774,0.258607,0.300126,1.843909,0.369819,0.789641,1.149533,1.894930,0.078439,0.000000,0.704198,1.529212,0.269419,0.337867,0.349558,1.109665,0.648921,0.589174,0.327785,1.781719,1.549819,0.466672,0.648921,1.937947,0.358998,0.306581,1.898960,0.783127,0.300887,1.020518,0.356535,1.962758,0.766120,1.629824,0.325913,0.330954,0.219038,0.981884,1.909803,0.275318,0.597255,0.356913,0.363104,0.365007,1.127620,1.143502,1.880976,0.312158,0.225033,1.948947,0.290152,1.947305,1.971543,0.347007,0.273763,0.247179,0.327985,0.989338,1.658866,0.900662,1.957905,0.271629,0.397656,0.375596,0.365007,0.235373,0.349023,0.648592,0.290275,0.361211
1.662898,1.150909,0.186065,0.566583,0.730314,0.571382,0.526182,0.860617,0.582440,1.897477,0.526555,1.051653,0.571920,1.754212,0.503002,0.311157,1.085664,1.896839,0.693585,0.445018,0.472869,0.716163,0.535258,1.125956,0.549263,1.840543,0.133141,0.372494,1.847316,0.275664,1.622776,0.503002,0.514795,1.866505,0.435191,0.418216,0.584309,1.673454,0.672215,0.704198,0.000000,1.147161,0.753201,0.460264,0.439849,0.562006,0.147478,0.210293,0.507539,1.550523,1.267334,0.275664,0.147478,1.777633,0.609662,0.693273,1.694975,0.246728,0.671546,0.508170,0.486264,1.916396,0.445049,1.278662,0.526266,0.521502,0.651486,0.362487,1.713894,0.552595,0.133141,0.526632,0.572073,0.435504,0.549348,0.659145,1.722027,0.471197,0.620437,1.913807,0.680065,1.776314,1.938227,0.731703,0.563242,0.592303,0.481807,0.593557,1.558586,0.271156,1.874336,0.689395,0.413942,0.424291,0.435504,0.614586,0.567785,0.314494,0.539407,0.457884
0.966955,0.799860,1.058135,1.444043,1.565185,1.437596,1.426061,0.685320,0.833202,1.441671,1.404478,1.160055,1.218854,1.508872,1.426648,1.175235,1.023755,1.327176,1.523226,1.371018,1.385550,1.554525,1.422915,1.766719,1.455379,1.203020,1.219046,1.256621,1.213032,1.305977,1.864491,1.426648,1.438174,1.544132,1.363390,1.032854,0.771485,1.074391,1.508969,1.529212,1.147161,0.000000,1.576540,1.387984,1.382790,0.942373,1.176585,1.224073,1.380994,1.005976,0.961491,1.305977,1.176585,1.081452,1.457137,1.517800,1.087352,1.057222,1.492369,0.870220,1.386928,1.387613,1.114018,1.015916,1.452660,1.393333,1.504367,0.923555,1.171359,1.442122,1.219046,1.436088,1.422722,1.365146,0.811594,0.890062,1.051625,1.396365,1.471055,1.392176,1.500596,1.112012,1.406114,1.506298,1.457935,1.472732,1.396287,0.807781,1.340932,0.987399,1.288519,1.532752,1.341174,1.356926,1.365146,1.481664,1.477361,1.269051,1.430866,1.368332
1.899344,1.586940,0.869240,0.306940,0.204948,0.324174,0.331167,1.400570,1.113727,1.904532,0.508665,1.151330,0.834952,1.737265,0.317995,0.754305,1.269357,1.972616,0.347593,0.438689,0.439237,0.396123,0.391284,0.559122,0.337191,1.971910,0.650600,0.673663,1.959386,0.535402,1.213461,0.317995,0.342818,1.796477,0.449776,0.849654,1.199490,1.901537,0.274537,0.269419,0.753201,1.576540,0.000000,0.415379,0.437700,1.127309,0.702346,0.646479,0.464965,1.775299,1.567552,0.535402,0.702346,1.967137,0.478614,0.402759,1.884412,0.858008,0.416044,1.070599,0.438699,1.955781,0.812778,1.635210,0.360801,0.456436,0.308294,1.019340,1.901387,0.352060,0.650600,0.410365,0.504187,0.450180,1.161604,1.155947,1.904893,0.370441,0.406123,1.937538,0.408332,1.949407,1.958027,0.380350,0.346063,0.316199,0.411535,1.069001,1.610910,0.942815,1.958057,0.281035,0.487946,0.459306,0.450180,0.332860,0.366669,0.623473,0.366282,0.458707
1.822204,1.417839,0.605428,0.199960,0.386495,0.221982,0.165059,1.163102,0.842018,1.940722,0.280809,1.013165,0.772719,1.785479,0.194855,0.480289,1.111353,1.975319,0.291253,0.078269,0.095515,0.380936,0.115087,0.830144,0.126498,1.949524,0.345009,0.425805,1.933750,0.217364,1.471467,0.194855,0.150004,1.887369,0.085905,0.610763,0.937389,1.829714,0.321098,0.337867,0.460264,1.387984,0.415379,0.000000,0.126477,0.888359,0.395779,0.339283,0.285392,1.724777,1.461056,0.217364,0.395779,1.901755,0.321874,0.323065,1.857628,0.546239,0.293161,0.815952,0.170907,1.974766,0.559433,1.522158,0.238762,0.293556,0.243104,0.756254,1.862157,0.113614,0.345009,0.223696,0.308910,0.054799,0.917841,0.948055,1.831077,0.124632,0.261435,1.961966,0.378508,1.909888,1.991611,0.431112,0.150358,0.160691,0.067512,0.809844,1.647811,0.669135,1.962600,0.313072,0.089722,0.057890,0.054799,0.210764,0.262976,0.452294,0.104542,0.077703
