0.000000,1.008847,1.652266,1.881353,1.900571,1.871610,1.873734,1.191165,1.420156,0.850812,1.858335,1.594099,1.720153,1.134482,1.859470,1.689868,1.470234,0.611841,1.900913,1.847030,1.856322,1.891248,1.875376,1.893405,1.887221,0.554513,1.754486,1.721829,0.626957,1.819203,1.578407,1.859470,1.870187,0.962324,1.842820,1.613782,1.407484,0.307511,1.899110,1.912012,1.718866,1.058786,1.922551,1.860685,1.866674,1.414080,1.719736,1.769688,1.837575,0.638088,0.819493,1.819203,1.719736,0.531667,1.890911,1.913511,0.460852,1.654826,1.893827,1.477061,1.859824,0.661569,1.672755,0.889302,1.853269,1.838508,1.908293,1.543105,0.770467,1.885032,1.754486,1.854347,1.872403,1.848556,1.458110,1.355931,0.757072,1.856818,1.894551,0.745103,1.883125,0.553569,0.666477,1.869599,1.887529,1.896881,1.858793,1.513256,1.187720,1.606875,0.582182,1.905005,1.834674,1.844772,1.848556,1.904250,1.866288,1.757340,1.880377,1.851796
1.008847,0.000000,1.140680,1.434769,1.538257,1.420943,1.411896,0.622179,0.883911,1.451952,1.388573,1.222070,1.385975,1.457517,1.413520,1.150435,1.131022,1.293784,1.477285,1.373056,1.380584,1.501435,1.419831,1.727109,1.454774,1.220740,1.228112,1.216643,1.189175,1.320975,1.840452,1.413520,1.431381,1.517777,1.365595,1.159398,0.769274,1.018274,1.486387,1.515680,1.190462,0.901457,1.565252,1.393653,1.407483,0.927610,1.171615,1.291248,1.349816,1.091533,1.099533,1.320975,1.171615,1.052720,1.462760,1.535740,1.153433,1.053011,1.454614,1.021828,1.403582,1.373044,1.124661,0.760087,1.398701,1.350491,1.499004,0.952586,1.110249,1.444068,1.228112,1.392232,1.418231,1.365831,0.876616,0.903443,1.107325,1.375351,1.457264,1.411834,1.446130,1.185618,1.375457,1.491007,1.457576,1.475543,1.396008,1.030361,1.412177,1.056455,1.266031,1.514911,1.343310,1.360812,1.365831,1.488061,1.430164,1.275149,1.432668,1.372038
1.652266,1.140680,0.000000,0.648467,0.770998,0.642819,0.612405,0.818484,0.668839,1.830724,0.673805,1.263419,0.485259,1.623779,0.570643,0.319377,1.323999,1.856884,0.766070,0.564798,0.576685,0.760143,0.628640,1.142706,0.643070,1.799024,0.261552,0.380479,1.827965,0.406893,1.623597,0.570643,0.579533,1.800123,0.559336,0.556124,0.531340,1.621624,0.730860,0.775435,0.179468,1.160103,0.775290,0.567061,0.563273,0.479796,0.244540,0.285969,0.586662,1.581525,1.340552,0.406893,0.244540,1.765767,0.787787,0.852076,1.679290,0.400669,0.776274,0.514490,0.607587,1.884452,0.340138,1.183462,0.580734,0.582314,0.746858,0.301277,1.645009,0.634267,0.261552,0.609472,0.725639,0.555278,0.382493,0.595597,1.694123,0.567383,0.736605,1.869173,0.726933,1.738810,1.891616,0.759945,0.666865,0.670089,0.590967,0.759999,1.344628,0.132830,1.824885,0.710387,0.538851,0.544569,0.555278,0.718326,0.629259,0.358199,0.620086,0.577029
1.881353,1.434769,0.648467,0.000000,0.273721,0.079854,0.090446,1.207027,0.954625,1.897936,0.323188,1.065938,0.754346,1.672827,0.148582,0.532211,1.211661,1.967630,0.223526,0.232994,0.180147,0.292832,0.166202,0.710195,0.182549,1.954527,0.432800,0.470448,1.951404,0.290917,1.474090,0.148582,0.216957,1.853444,0.240656,0.741105,0.977848,1.848569,0.176534,0.199247,0.513203,1.433603,0.296713,0.188243,0.188748,0.934778,0.492305,0.409988,0.304242,1.807368,1.610884,0.290917,0.492305,1.917342,0.334144,0.297317,1.911871,0.618811,0.284156,0.933780,0.239805,1.983206,0.582349,1.525904,0.230376,0.320298,0.220656,0.816246,1.800810,0.163080,0.432800,0.247233,0.309851,0.221020,0.921402,1.030009,1.843124,0.151347,0.222392,1.953336,0.343626,1.925010,1.980182,0.314713,0.194042,0.169563,0.206205,0.911038,1.485980,0.698067,1.963835,0.296748,0.241040,0.227698,0.221020,0.204872,0.253756,0.451936,0.167692,0.212529
1.900571,1.538257,0.770998,0.273721,0.000000,0.295724,0.327621,1.330353,1.093685,1.834757,0.509073,1.150483,0.742125,1.577618,0.262346,0.674491,1.319889,1.950614,0.349271,0.438931,0.399239,0.313299,0.370085,0.542542,0.321802,1.961853,0.596911,0.588106,1.962053,0.465633,1.320002,0.262346,0.333714,1.765846,0.450079,0.886024,1.132411,1.873040,0.248885,0.213693,0.662747,1.517955,0.235632,0.399226,0.381723,1.046246,0.666037,0.545265,0.500023,1.797708,1.646803,0.465633,0.666037,1.957297,0.479573,0.362627,1.906363,0.809028,0.442266,1.072220,0.440649,1.958239,0.737757,1.571536,0.384166,0.513140,0.291058,0.970009,1.787105,0.343071,0.596911,0.402435,0.487977,0.440294,1.053271,1.123891,1.893931,0.383347,0.373583,1.912370,0.459179,1.938604,1.949269,0.351039,0.317713,0.304828,0.402700,1.049111,1.413930,0.836583,1.956456,0.333195,0.471782,0.450635,0.440294,0.295920,0.372905,0.549349,0.356318,0.442322
1.871610,1.420943,0.642819,0.079854,0.295724,0.000000,0.134359,1.191774,0.942811,1.900704,0.306716,1.068446,0.762664,1.681695,0.167433,0.519801,1.209302,1.965908,0.226034,0.237109,0.181470,0.308794,0.168317,0.735615,0.205970,1.950604,0.428006,0.458879,1.947731,0.290983,1.488924,0.167433,0.239697,1.857970,0.242902,0.736542,0.965264,1.841074,0.157882,0.198161,0.507330,1.424844,0.328699,0.200837,0.196802,0.923447,0.484461,0.406946,0.280570,1.810365,1.604843,0.290983,0.484461,1.909820,0.334520,0.309534,1.910814,0.610705,0.280004,0.924391,0.239747,1.981630,0.577071,1.511537,0.237773,0.312136,0.237304,0.807533,1.804378,0.177589,0.428006,0.251149,0.294636,0.229107,0.910212,1.017207,1.838743,0.171433,0.206138,1.954796,0.353323,1.922084,1.977762,0.330058,0.215450,0.188357,0.212720,0.900657,1.483392,0.688390,1.961926,0.314995,0.239957,0.233572,0.229107,0.225445,0.265914,0.461743,0.180516,0.212875
1.873734,1.411896,0.612405,0.090446,0.327621,0.134359,0.000000,1.182994,0.930892,1.904513,0.319016,1.067076,0.734171,1.684868,0.158538,0.508452,1.204800,1.968016,0.241781,0.206883,0.154823,0.319194,0.152744,0.747409,0.184562,1.948565,0.393063,0.457609,1.945176,0.251914,1.501210,0.158538,0.204328,1.863991,0.213672,0.713173,0.942472,1.838987,0.230833,0.257953,0.474006,1.407012,0.317538,0.156143,0.148442,0.908201,0.451700,0.377027,0.283286,1.802872,1.592482,0.251914,0.451700,1.908795,0.346317,0.328751,1.905594,0.578293,0.290331,0.899388,0.196491,1.984591,0.546065,1.513723,0.219897,0.290970,0.249428,0.775150,1.800407,0.152732,0.393063,0.238899,0.315094,0.185582,0.887440,1.008088,1.827142,0.101792,0.249769,1.955668,0.340802,1.916043,1.983981,0.333190,0.202995,0.175613,0.187659,0.883040,1.488096,0.662113,1.960389,0.301146,0.202900,0.188971,0.185582,0.229174,0.249163,0.421444,0.150633,0.177768
1.191165,0.622179,0.818484,1.207027,1.330353,1.191774,1.182994,0.000000,0.454632,1.566873,1.170123,1.180082,1.140227,1.476038,1.167986,0.812366,1.132048,1.514129,1.265531,1.107838,1.138747,1.274401,1.185708,1.578034,1.212271,1.432082,0.938675,0.889457,1.449165,1.059510,1.834915,1.167986,1.184664,1.608888,1.097782,0.800643,0.379674,1.181442,1.292340,1.327616,0.894004,0.787513,1.364711,1.146224,1.176175,0.542240,0.865587,0.987975,1.126572,1.179392,1.122419,1.059510,0.865587,1.303038,1.251054,1.339538,1.292638,0.731534,1.250692,0.623772,1.183928,1.571187,0.791301,0.758970,1.149623,1.115929,1.279991,0.622012,1.305711,1.207836,0.938675,1.153471,1.198014,1.113135,0.504844,0.432834,1.293251,1.130906,1.252535,1.571441,1.231011,1.369215,1.577945,1.271769,1.215696,1.244038,1.137547,0.805132,1.281699,0.714217,1.453540,1.291219,1.088858,1.110285,1.113135,1.264546,1.190282,1.006744,1.194534,1.132570
1.420156,0.883911,0.668839,0.954625,1.093685,0.942811,0.930892,0.454632,0.000000,1.703880,0.925362,1.081567,1.019622,1.554323,0.916205,0.597504,1.082332,1.700643,1.007348,0.834998,0.874999,0.993635,0.920902,1.377919,0.942836,1.623133,0.725277,0.662098,1.640420,0.826606,1.783037,0.916205,0.920356,1.710549,0.826218,0.471735,0.420260,1.389896,1.054296,1.088526,0.698485,0.826952,1.138970,0.879088,0.931582,0.479102,0.657188,0.766222,0.885292,1.369623,1.220630,0.826606,0.657188,1.519028,0.987580,1.095008,1.495973,0.536335,0.990355,0.447610,0.933977,1.735961,0.595827,0.956782,0.870968,0.861142,1.017375,0.540876,1.505804,0.943411,0.725277,0.867450,0.942484,0.843356,0.509850,0.387912,1.476377,0.878748,1.009681,1.730201,0.973594,1.568696,1.752512,0.998197,0.944398,0.979829,0.864184,0.607678,1.269950,0.585955,1.640147,1.025910,0.822030,0.842779,0.843356,1.002024,0.906270,0.808788,0.931097,0.868490
0.850812,1.451952,1.830724,1.897936,1.834757,1.900704,1.904513,1.566873,1.703880,0.000000,1.925544,1.604043,1.769951,0.595862,1.883378,1.839938,1.572605,0.643782,1.893239,1.906140,1.914842,1.863988,1.913154,1.683524,1.892905,0.703589,1.884170,1.835743,0.782646,1.902796,1.152053,1.883378,1.887956,0.502114,1.906875,1.829138,1.738351,0.930390,1.895141,1.884468,1.868932,1.436512,1.865214,1.913476,1.913791,1.713032,1.878433,1.873292,1.919571,0.788427,1.300712,1.902796,1.878433,0.879697,1.906072,1.896474,0.712372,1.865325,1.909541,1.743579,1.918342,0.628118,1.815590,1.282890,1.901186,1.914279,1.880587,1.806594,0.837942,1.907404,1.884170,1.898712,1.919317,1.913435,1.743995,1.639272,0.898377,1.908820,1.908383,0.294298,1.895924,0.677252,0.560920,1.846277,1.885943,1.898387,1.902113,1.757609,1.171298,1.818318,0.674837,1.874031,1.919255,1.918506,1.913435,1.887866,1.894586,1.866206,1.910628,1.923993
1.858335,1.388573,0.673805,0.323188,0.509073,0.306716,0.319016,1.170123,0.925362,1.925544,0.000000,1.041371,0.845253,1.733484,0.376078,0.559110,1.155862,1.967503,0.331114,0.289646,0.271043,0.392556,0.278469,0.843953,0.324467,1.935017,0.451597,0.535074,1.932999,0.341901,1.574328,0.376078,0.358641,1.900682,0.287921,0.715143,0.928050,1.837752,0.337559,0.381933,0.526578,1.368727,0.502510,0.279478,0.288635,0.947613,0.490555,0.479083,0.214918,1.823933,1.610822,0.341901,0.490555,1.869316,0.221235,0.395963,1.911057,0.560041,0.296873,0.911703,0.321051,1.967053,0.618759,1.524761,0.304350,0.253600,0.353995,0.779858,1.817552,0.285650,0.451597,0.293331,0.170835,0.286009,0.910427,1.037255,1.798063,0.282702,0.265096,1.961983,0.284673,1.906911,1.973123,0.445746,0.332997,0.311120,0.294970,0.838237,1.510828,0.708032,1.936383,0.404072,0.279123,0.279104,0.286009,0.344998,0.319753,0.547502,0.283610,0.261090
1.594099,1.222070,1.263419,1.065938,1.150483,1.068446,1.067076,1.180082,1.081567,1.604043,1.041371,0.000000,1.454151,1.490615,1.117627,1.149992,0.292526,1.651236,1.015024,1.059326,1.081119,1.076252,1.079649,1.206088,1.085065,1.607969,1.158918,1.154676,1.576632,1.130654,1.595278,1.117627,1.127068,1.617619,1.056345,1.133473,1.175888,1.563069,1.096358,1.100370,1.188567,1.296238,1.183997,1.082800,1.109525,1.262714,1.149119,1.193450,1.045906,1.514481,1.571510,1.130654,1.149119,1.475826,1.006168,1.078051,1.648800,1.060881,1.018887,1.262016,1.085457,1.673920,1.086996,1.465510,1.086550,1.049589,1.086060,1.218419,1.507725,1.089030,1.158918,1.062952,1.013567,1.060493,1.260236,1.273071,1.454164,1.060531,1.055618,1.638296,1.067629,1.594846,1.655170,0.998120,1.076269,1.102712,1.062318,1.054659,1.565004,1.232110,1.619690,1.149793,1.062343,1.070274,1.060493,1.087507,1.078951,1.232798,1.086635,1.070687
1.720153,1.385975,0.485259,0.754346,0.742125,0.762664,0.734171,1.140227,1.019622,1.769951,0.845253,1.454151,0.000000,1.543665,0.663061,0.665695,1.535875,1.840800,0.869826,0.746661,0.740313,0.802627,0.757578,1.018836,0.733818,1.798946,0.565102,0.658697,1.856675,0.601775,1.377114,0.663061,0.662196,1.697199,0.750568,0.827644,0.906382,1.688384,0.780487,0.805480,0.534362,1.327836,0.729470,0.715705,0.680781,0.810497,0.608642,0.521931,0.767347,1.599720,1.379975,0.601775,0.608642,1.847433,0.915584,0.928319,1.670912,0.776208,0.912206,0.835343,0.732241,1.848719,0.687715,1.313064,0.709954,0.766851,0.804076,0.697397,1.648780,0.734895,0.565102,0.741586,0.887201,0.735907,0.742270,0.885671,1.779282,0.737554,0.853886,1.825532,0.834736,1.754462,1.853424,0.815874,0.757404,0.740079,0.748692,1.032722,1.276119,0.584779,1.820269,0.719014,0.744237,0.728582,0.735907,0.782060,0.723869,0.526328,0.729956,0.752903
1.134482,1.457517,1.623779,1.672827,1.577618,1.681695,1.684868,1.476038,1.554323,0.595862,1.733484,1.490615,1.543665,0.000000,1.644879,1.621098,1.541567,1.070658,1.691028,1.693676,1.708870,1.628817,1.707550,1.445373,1.664735,1.108331,1.666170,1.604420,1.196455,1.682874,0.998915,1.644879,1.655063,0.674307,1.695999,1.641671,1.603230,1.199988,1.675646,1.662701,1.652685,1.394274,1.629939,1.703511,1.701980,1.550728,1.668747,1.657380,1.720134,0.856331,1.374121,1.682874,1.668747,1.263291,1.714984,1.696916,0.991158,1.683063,1.728392,1.593879,1.721926,1.068859,1.603014,1.282989,1.680082,1.712954,1.648300,1.631108,0.962472,1.694513,1.666170,1.678857,1.735105,1.706009,1.581572,1.477314,1.268379,1.691083,1.712056,0.840320,1.684923,1.060682,1.005029,1.595868,1.655902,1.679968,1.687068,1.601866,0.998017,1.622901,1.079001,1.647912,1.722281,1.716211,1.706009,1.656772,1.668543,1.630715,1.700527,1.730062
1.859470,1.413520,0.570643,0.148582,0.262346,0.167433,0.158538,1.167986,0.916205,1.883378,0.376078,1.117627,0.663061,1.644879,0.000000,0.477121,1.257383,1.961645,0.313275,0.253087,0.215122,0.322173,0.225120,0.736421,0.216907,1.946465,0.370526,0.414709,1.949915,0.243429,1.472927,0.000000,0.197675,1.836805,0.260325,0.699605,0.930834,1.827203,0.236596,0.260099,0.442570,1.394290,0.311098,0.210656,0.206410,0.872923,0.437127,0.343060,0.321456,1.780050,1.572630,0.243429,0.437127,1.916931,0.412915,0.385123,1.886053,0.582812,0.372702,0.884228,0.282903,1.978006,0.528696,1.488429,0.226277,0.324406,0.284875,0.757283,1.792500,0.211512,0.370526,0.254489,0.383484,0.242754,0.858182,0.967553,1.840807,0.181764,0.309978,1.944391,0.361265,1.909822,1.976563,0.341022,0.233213,0.218895,0.235741,0.878849,1.422210,0.629321,1.954229,0.304708,0.261545,0.245508,0.242754,0.265862,0.255025,0.363747,0.212167,0.248995
1.689868,1.150435,0.319377,0.532211,0.674491,0.519801,0.508452,0.812366,0.597504,1.839938,0.559110,1.149992,0.665695,1.621098,0.477121,0.000000,1.238247,1.886776,0.635406,0.430174,0.447725,0.626345,0.503294,1.053871,0.522842,1.842350,0.260517,0.123038,1.854245,0.363422,1.635068,0.477121,0.485925,1.805068,0.422351,0.536587,0.577088,1.671405,0.636231,0.678051,0.280891,1.191002,0.703885,0.457204,0.498127,0.533402,0.210297,0.299969,0.505546,1.622488,1.449581,0.363422,0.210297,1.784933,0.659786,0.719176,1.739414,0.357448,0.642362,0.563722,0.545613,1.909045,0.328172,1.221839,0.471160,0.501985,0.616778,0.427399,1.660524,0.523022,0.260517,0.490317,0.596583,0.434502,0.498063,0.601440,1.724990,0.454540,0.614628,1.887512,0.622883,1.793420,1.913836,0.670573,0.534502,0.560465,0.454619,0.747111,1.366234,0.305327,1.850771,0.627060,0.418251,0.432993,0.434502,0.592667,0.522865,0.379685,0.507558,0.462242
1.470234,1.131022,1.323999,1.211661,1.319889,1.209302,1.204800,1.132048,1.082332,1.572605,1.155862,0.292526,1.535875,1.541567,1.257383,1.238247,0.000000,1.553983,1.166035,1.181101,1.205479,1.232762,1.210181,1.381377,1.228891,1.483507,1.248196,1.261324,1.456945,1.242565,1.685312,1.257383,1.265668,1.619284,1.176043,1.173833,1.160825,1.431184,1.244397,1.255021,1.266012,1.188677,1.339090,1.206247,1.233244,1.274970,1.227080,1.288094,1.153225,1.462319,1.469890,1.242565,1.227080,1.317607,1.140088,1.230709,1.553201,1.111697,1.154475,1.267945,1.199581,1.583906,1.163397,1.400106,1.214989,1.153461,1.241202,1.239973,1.465299,1.223589,1.248196,1.193069,1.137877,1.180671,1.271817,1.282204,1.298034,1.191706,1.193387,1.569865,1.191349,1.468622,1.573356,1.150554,1.223448,1.244051,1.190928,1.045430,1.580069,1.280936,1.510048,1.293436,1.172237,1.184847,1.180671,1.238827,1.213870,1.336202,1.218591,1.184239
0.611841,1.293784,1.856884,1.967630,1.950614,1.965908,1.968016,1.514129,1.700643,0.643782,1.967503,1.651236,1.840800,1.070658,1.961645,1.886776,1.553983,0.000000,1.968378,1.964487,1.965816,1.963613,1.971185,1.869894,1.974189,0.467998,1.923161,1.902098,0.393143,1.953613,1.401616,1.961645,1.970420,0.784337,1.963193,1.839925,1.686858,0.687696,1.969174,1.965198,1.902614,1.376582,1.962186,1.969797,1.970500,1.710565,1.905783,1.925960,1.965019,0.791063,1.158221,1.953613,1.905783,0.539275,1.963465,1.963885,0.570159,1.860782,1.963368,1.745635,1.967305,0.369712,1.870892,1.214036,1.967689,1.964053,1.969744,1.787635,0.753017,1.975080,1.923161,1.965777,1.962262,1.964133,1.718994,1.656425,0.793898,1.964401,1.964005,0.462587,1.968743,0.586773,0.298267,1.957281,1.971462,1.976399,1.967237,1.759747,1.343138,1.829760,0.420434,1.974878,1.959417,1.963620,1.964133,1.971084,1.970257,1.911005,1.974608,1.964590
1.900913,1.477285,0.766070,0.223526,0.349271,0.226034,0.241781,1.265531,1.007348,1.893239,0.331114,1.015024,0.869826,1.691028,0.313275,0.635406,1.166035,1.968378,0.000000,0.284832,0.276469,0.265385,0.236016,0.686825,0.230868,1.960950,0.554474,0.576418,1.944095,0.408839,1.481558,0.313275,0.312109,1.850384,0.292373,0.807820,1.057712,1.872449,0.260535,0.257420,0.631931,1.454137,0.357366,0.277674,0.289510,1.031321,0.607135,0.525605,0.372445,1.835171,1.662012,0.408839,0.607135,1.907946,0.265689,0.251075,1.931197,0.701821,0.152393,1.007697,0.311406,1.972663,0.683981,1.571279,0.299398,0.385914,0.219755,0.914732,1.826179,0.228180,0.554474,0.289787,0.259821,0.298026,1.018635,1.105432,1.834486,0.268048,0.219594,1.945232,0.366807,1.935772,1.973003,0.340328,0.219580,0.217675,0.253733,0.938023,1.513023,0.807438,1.956158,0.317742,0.319706,0.310772,0.298026,0.225392,0.292653,0.603198,0.239708,0.290079
1.847030,1.373056,0.564798,0.232994,0.438931,0.237109,0.206883,1.107838,0.834998,1.906140,0.289646,1.059326,0.746661,1.693676,0.253087,0.430174,1.181101,1.964487,0.284832,0.000000,0.161234,0.345422,0.181111,0.826817,0.157860,1.937121,0.344716,0.393810,1.938180,0.232764,1.558338,0.253087,0.223054,1.873108,0.019013,0.620994,0.866671,1.815423,0.348772,0.378823,0.425999,1.336193,0.431848,0.112596,0.208601,0.843437,0.387424,0.343702,0.285273,1.779777,1.567847,0.232764,0.387424,1.884460,0.329441,0.393789,1.881015,0.499927,0.297554,0.813484,0.265121,1.976562,0.488312,1.453340,0.208851,0.270247,0.271627,0.705814,1.800632,0.175126,0.344716,0.208466,0.291225,0.094021,0.822292,0.931963,1.802501,0.167028,0.302685,1.953257,0.330575,1.901048,1.982140,0.393548,0.172485,0.214669,0.053314,0.801284,1.464182,0.604314,1.938513,0.329241,0.125901,0.115531,0.094021,0.245592,0.240223,0.432250,0.170309,0.155394
1.856322,1.380584,0.576685,0.180147,0.399239,0.181470,0.154823,1.138747,0.874999,1.914842,0.271043,1.081119,0.740313,1.708870,0.215122,0.447725,1.205479,1.965816,0.276469,0.161234,0.000000,0.333299,0.079069,0.803672,0.187235,1.939127,0.348389,0.404387,1.938327,0.222850,1.544897,0.215122,0.179109,1.881943,0.166050,0.676235,0.891274,1.825454,0.284546,0.315304,0.435587,1.378531,0.395669,0.096333,0.166511,0.871152,0.396058,0.345388,0.261641,1.803318,1.583058,0.222850,0.396058,1.891537,0.313117,0.363984,1.900482,0.529449,0.277690,0.839673,0.236114,1.977509,0.522891,1.486669,0.194219,0.268724,0.269809,0.725572,1.800309,0.122597,0.348389,0.201406,0.268159,0.116602,0.841205,0.964255,1.808455,0.129693,0.246727,1.959395,0.335883,1.907493,1.984023,0.402461,0.207390,0.172795,0.148501,0.856175,1.500275,0.617901,1.949338,0.296003,0.110352,0.106536,0.116602,0.245756,0.236624,0.424717,0.102306,0.072030
1.891248,1.501435,0.760143,0.292832,0.313299,0.308794,0.319194,1.274401,0.993635,1.863988,0.392556,1.076252,0.802627,1.628817,0.322173,0.626345,1.232762,1.963613,0.265385,0.345422,0.333299,0.000000,0.297307,0.634064,0.254956,1.955271,0.562641,0.555998,1.955438,0.433488,1.413032,0.322173,0.296828,1.803687,0.356210,0.775848,1.074967,1.864068,0.323395,0.316846,0.634674,1.422809,0.357385,0.327827,0.347771,1.016311,0.618179,0.527311,0.438765,1.797832,1.633866,0.433488,0.618179,1.929923,0.336137,0.352496,1.904361,0.727483,0.327866,0.981158,0.389930,1.962085,0.714744,1.542114,0.258682,0.445430,0.240147,0.924050,1.804821,0.271735,0.562641,0.236368,0.355366,0.359286,1.026110,1.077095,1.861981,0.342187,0.332643,1.928200,0.381531,1.935308,1.961728,0.316385,0.237964,0.240960,0.311477,0.944595,1.425402,0.814792,1.945427,0.259586,0.389700,0.371711,0.359286,0.252179,0.195734,0.590536,0.288454,0.365177
1.875376,1.419831,0.628640,0.166202,0.370085,0.168317,0.152744,1.185708,0.920902,1.913154,0.278469,1.079649,0.757578,1.707550,0.225120,0.503294,1.210181,1.971185,0.236016,0.181111,0.079069,0.297307,0.000000,0.766337,0.161137,1.947310,0.404758,0.455302,1.945461,0.269103,1.516765,0.225120,0.166161,1.878368,0.189342,0.709150,0.945670,1.844541,0.255454,0.277517,0.489382,1.407869,0.353543,0.119791,0.171645,0.921478,0.456192,0.391330,0.280970,1.820344,1.602848,0.269103,0.456192,1.904461,0.291339,0.326148,1.914935,0.587106,0.246214,0.882704,0.232590,1.979168,0.571676,1.516071,0.202735,0.290951,0.221045,0.781453,1.815585,0.079437,0.404758,0.203549,0.259712,0.153249,0.895715,1.010309,1.820713,0.156861,0.221373,1.959006,0.328703,1.918502,1.985201,0.374718,0.175781,0.121170,0.153135,0.893472,1.511445,0.673971,1.955046,0.250507,0.163023,0.152333,0.153249,0.201634,0.226233,0.472979,0.061087,0.115568
1.893405,1.727109,1.142706,0.710195,0.542542,0.735615,0.747409,1.578034,1.377919,1.683524,0.843953,1.206088,1.018836,1.445373,0.736421,1.053871,1.381377,1.869894,0.686825,0.826817,0.803672,0.634064,0.766337,0.000000,0.711069,1.892461,0.999422,0.972373,1.913649,0.883900,1.073773,0.736421,0.731609,1.598872,0.837406,1.196035,1.444904,1.884006,0.659506,0.622236,1.057014,1.639500,0.598122,0.796081,0.784617,1.351357,1.056292,0.940994,0.869874,1.776601,1.730262,0.883900,1.056292,1.938188,0.762117,0.640078,1.864170,1.163203,0.757385,1.370970,0.811256,1.845289,1.108456,1.693424,0.782916,0.876697,0.652638,1.311936,1.747149,0.733840,0.999422,0.781095,0.813398,0.831152,1.385914,1.404943,1.870292,0.800249,0.742456,1.780981,0.771916,1.891943,1.842007,0.646455,0.698931,0.689209,0.792954,1.279037,1.380125,1.205658,1.878646,0.652548,0.863902,0.841823,0.831152,0.672033,0.747029,0.938190,0.749387,0.832572
1.887221,1.454774,0.643070,0.182549,0.321802,0.205970,0.184562,1.212271,0.942836,1.892905,0.324467,1.085065,0.733818,1.664735,0.216907,0.522842,1.228891,1.974189,0.230868,0.157860,0.187235,0.254956,0.161137,0.711069,0.000000,1.958746,0.428591,0.464395,1.958631,0.289122,1.470830,0.216907,0.169741,1.846006,0.174356,0.716379,0.981137,1.857325,0.269021,0.280335,0.509784,1.417139,0.321521,0.137270,0.202603,0.938721,0.488172,0.403793,0.331109,1.802616,1.612877,0.289122,0.488172,1.924026,0.316464,0.331779,1.905677,0.624928,0.281956,0.909833,0.271459,1.979974,0.584873,1.515241,0.213877,0.327592,0.166067,0.811124,1.813061,0.115651,0.428591,0.210299,0.309751,0.167802,0.921335,1.020605,1.843683,0.201999,0.268409,1.949935,0.324869,1.926398,1.982580,0.338265,0.063640,0.114708,0.113853,0.902770,1.467531,0.698700,1.954771,0.231652,0.220004,0.190256,0.167802,0.140135,0.206876,0.475146,0.131578,0.208804
0.554513,1.220740,1.799024,1.954527,1.961853,1.950604,1.948565,1.432082,1.623133,0.703589,1.935017,1.607969,1.798946,1.108331,1.946465,1.842350,1.483507,0.467998,1.960950,1.937121,1.939127,1.955271,1.947310,1.892461,1.958746,0.000000,1.875449,1.868635,0.472285,1.920391,1.446877,1.946465,1.945277,0.861141,1.934924,1.764152,1.603568,0.593357,1.959058,1.963639,1.849517,1.229736,1.965961,1.941845,1.946339,1.638082,1.851109,1.886065,1.918850,0.750139,1.050068,1.920391,1.851109,0.458327,1.946091,1.966998,0.515249,1.801452,1.953714,1.642701,1.936262,0.485950,1.805207,1.142106,1.936957,1.917354,1.966644,1.707321,0.761095,1.953273,1.875449,1.936539,1.940436,1.934429,1.646313,1.587291,0.632629,1.941259,1.954560,0.551541,1.940914,0.356786,0.489676,1.927771,1.958959,1.959873,1.943700,1.654569,1.334952,1.767605,0.474938,1.953319,1.925741,1.931413,1.934429,1.965418,1.942493,1.879441,1.949836,1.933280
1.754486,1.228112,0.261552,0.432800,0.596911,0.428006,0.393063,0.938675,0.725277,1.884170,0.451597,1.158918,0.565102,1.666170,0.370526,0.260517,1.248196,1.923161,0.554474,0.344716,0.348389,0.562641,0.404758,0.999422,0.428591,1.875449,0.000000,0.288555,1.891391,0.174874,1.604448,0.370526,0.374111,1.855589,0.339353,0.553214,0.649749,1.725956,0.521993,0.569886,0.100950,1.236659,0.596382,0.340729,0.339727,0.633253,0.100490,0.169954,0.366400,1.690598,1.456884,0.174874,0.100490,1.831072,0.569973,0.644502,1.791286,0.340921,0.561013,0.628715,0.402057,1.944475,0.319400,1.323144,0.368056,0.364189,0.534189,0.434169,1.726149,0.411952,0.000000,0.394854,0.508481,0.328692,0.563110,0.746411,1.750536,0.341568,0.516699,1.927531,0.507511,1.824066,1.950303,0.571768,0.454785,0.453498,0.371431,0.745286,1.409692,0.313962,1.896265,0.513568,0.313008,0.317166,0.328692,0.504994,0.420797,0.265129,0.396917,0.348817
1.721829,1.216643,0.380479,0.470448,0.588106,0.458879,0.457609,0.889457,0.662098,1.835743,0.535074,1.154676,0.658697,1.604420,0.414709,0.123038,1.261324,1.902098,0.576418,0.393810,0.404387,0.555998,0.455302,0.972373,0.464395,1.868635,0.288555,0.000000,1.879688,0.344915,1.586380,0.414709,0.431014,1.789806,0.388312,0.579344,0.676865,1.702753,0.572566,0.610464,0.328218,1.247669,0.635350,0.417256,0.459006,0.597538,0.273954,0.288463,0.490018,1.644854,1.483288,0.344915,0.273954,1.821190,0.621333,0.654436,1.765205,0.434068,0.597600,0.639051,0.513679,1.922196,0.378807,1.259500,0.422346,0.489533,0.550217,0.531202,1.672964,0.471318,0.288555,0.446233,0.563722,0.403284,0.591943,0.658119,1.763163,0.413421,0.562397,1.892729,0.587458,1.824563,1.923241,0.611735,0.472949,0.501044,0.409464,0.793038,1.354705,0.390598,1.873985,0.568185,0.394336,0.405351,0.403284,0.528430,0.472220,0.364925,0.458836,0.431463
0.626957,1.189175,1.827965,1.951404,1.962053,1.947731,1.945176,1.449165,1.640420,0.782646,1.932999,1.576632,1.856675,1.196455,1.949915,1.854245,1.456945,0.393143,1.944095,1.938180,1.938327,1.955438,1.945461,1.913649,1.958631,0.472285,1.891391,1.879688,0.000000,1.926374,1.508718,1.949915,1.954820,0.895841,1.935859,1.795576,1.622787,0.706911,1.957663,1.957430,1.870749,1.334560,1.961274,1.944543,1.946542,1.677783,1.868639,1.903046,1.926063,0.823627,1.180117,1.926374,1.868639,0.408786,1.934461,1.947520,0.613123,1.812334,1.929659,1.684680,1.936491,0.474472,1.829673,1.224069,1.940522,1.924558,1.960843,1.737653,0.831511,1.953399,1.891391,1.938270,1.928309,1.934617,1.671003,1.615747,0.673365,1.937086,1.939137,0.588520,1.944819,0.541847,0.458488,1.952557,1.958490,1.959949,1.943794,1.707785,1.445317,1.793777,0.514361,1.963331,1.927115,1.933534,1.934617,1.959888,1.946661,1.898026,1.951211,1.933510
1.819203,1.320975,0.406893,0.290917,0.465633,0.290983,0.251914,1.059510,0.826606,1.902796,0.341901,1.130654,0.601775,1.682874,0.243429,0.363422,1.242565,1.953613,0.408839,0.232764,0.222850,0.433488,0.269103,0.883900,0.289122,1.920391,0.174874,0.344915,1.926374,0.000000,1.561330,0.243429,0.243488,1.869214,0.231992,0.613429,0.784133,1.789928,0.378397,0.423179,0.254792,1.319260,0.462488,0.207148,0.178675,0.759640,0.255775,0.198142,0.278940,1.752280,1.524966,0.000000,0.255775,1.877294,0.440940,0.501233,1.850799,0.431736,0.423466,0.749846,0.271570,1.968236,0.412885,1.413551,0.246049,0.285629,0.390150,0.584632,1.772608,0.266537,0.174874,0.275440,0.383648,0.212965,0.709252,0.870718,1.794090,0.208629,0.376862,1.949281,0.401599,1.876693,1.973633,0.459643,0.316622,0.305054,0.248546,0.800225,1.446128,0.466856,1.932891,0.383168,0.210531,0.202846,0.212965,0.362663,0.297850,0.291565,0.255205,0.229178
1.578407,1.840452,1.623597,1.474090,1.320002,1.488924,1.501210,1.834915,1.783037,1.152053,1.574328,1.595278,1.377114,0.998915,1.472927,1.635068,1.685312,1.401616,1.481558,1.558338,1.544897,1.413032,1.516765,1.073773,1.470830,1.446877,1.604448,1.586380,1.508718,1.561330,0.000000,1.472927,1.471541,0.976595,1.566152,1.680262,1.820405,1.575209,1.424161,1.396528,1.615492,1.749296,1.325448,1.536405,1.517430,1.706958,1.643710,1.563671,1.568559,1.406079,1.549257,1.561330,1.643710,1.646946,1.527895,1.439355,1.431119,1.741415,1.532776,1.730959,1.528436,1.339254,1.655023,1.672509,1.509077,1.576858,1.428534,1.739333,1.373690,1.492690,1.604448,1.520025,1.563639,1.561304,1.750090,1.712448,1.672072,1.543018,1.500555,1.271900,1.509090,1.460805,1.304859,1.378965,1.469452,1.460536,1.535987,1.735073,1.285951,1.677774,1.436532,1.406264,1.585428,1.568088,1.561304,1.438538,1.480028,1.538322,1.502835,1.566769
1.859470,1.413520,0.570643,0.148582,0.262346,0.167433,0.158538,1.167986,0.916205,1.883378,0.376078,1.117627,0.663061,1.644879,0.000000,0.477121,1.257383,1.961645,0.313275,0.253087,0.215122,0.322173,0.225120,0.736421,0.216907,1.946465,0.370526,0.414709,1.949915,0.243429,1.472927,0.000000,0.197675,1.836805,0.260325,0.699605,0.930834,1.827203,0.236596,0.260099,0.442570,1.394290,0.311098,0.210656,0.206410,0.872923,0.437127,0.343060,0.321456,1.780050,1.572630,0.243429,0.437127,1.916931,0.412915,0.385123,1.886053,0.582812,0.372702,0.884228,0.282903,1.978006,0.528696,1.488429,0.226277,0.324406,0.284875,0.757283,1.792500,0.211512,0.370526,0.254489,0.383484,0.242754,0.858182,0.967553,1.840807,0.181764,0.309978,1.944391,0.361265,1.909822,1.976563,0.341022,0.233213,0.218895,0.235741,0.878849,1.422210,0.629321,1.954229,0.304708,0.261545,0.245508,0.242754,0.265862,0.255025,0.363747,0.212167,0.248995
1.870187,1.431381,0.579533,0.216957,0.333714,0.239697,0.204328,1.184664,0.920356,1.887956,0.358641,1.127068,0.662196,1.655063,0.197675,0.485925,1.265668,1.970420,0.312109,0.223054,0.179109,0.296828,0.166161,0.731609,0.169741,1.945277,0.374111,0.431014,1.954820,0.243488,1.471541,0.197675,0.000000,1.842146,0.234004,0.688013,0.940798,1.841966,0.299571,0.319382,0.448578,1.395195,0.324448,0.171599,0.198344,0.894976,0.439010,0.350493,0.340049,1.786444,1.586743,0.243488,0.439010,1.921685,0.374580,0.382275,1.890184,0.593364,0.352256,0.859354,0.287704,1.972585,0.553591,1.491657,0.209437,0.339466,0.238473,0.757797,1.798293,0.142473,0.374111,0.220800,0.362839,0.212780,0.870887,0.982778,1.836657,0.207523,0.331084,1.946330,0.362386,1.912920,1.980036,0.368567,0.179755,0.149028,0.200925,0.885905,1.450380,0.641522,1.950421,0.187892,0.239564,0.214763,0.212780,0.220091,0.220368,0.405992,0.137475,0.219041
0.962324,1.517777,1.800123,1.853444,1.765846,1.857970,1.863991,1.608888,1.710549,0.502114,1.900682,1.617619,1.697199,0.674307,1.836805,1.805068,1.619284,0.784337,1.850384,1.873108,1.881943,1.803687,1.878368,1.598872,1.846006,0.861141,1.855589,1.789806,0.895841,1.869214,0.976595,1.836805,1.842146,0.000000,1.875354,1.789098,1.759688,1.025700,1.845443,1.836329,1.842872,1.493652,1.799292,1.878991,1.880506,1.695829,1.854625,1.836102,1.892362,0.759474,1.321801,1.869214,1.854625,1.058402,1.881877,1.842494,0.748630,1.862690,1.882622,1.739187,1.885417,0.725868,1.814357,1.288670,1.852782,1.894872,1.831199,1.804812,0.812813,1.868616,1.855589,1.857408,1.893420,1.882789,1.742687,1.617989,1.202978,1.873770,1.877254,0.610740,1.873137,0.924240,0.649912,1.794761,1.839555,1.855555,1.866608,1.761857,1.108313,1.800719,0.821538,1.825922,1.894141,1.889376,1.882789,1.836080,1.841534,1.811909,1.872528,1.897812
1.842820,1.365595,0.559336,0.240656,0.450079,0.242902,0.213672,1.097782,0.826218,1.906875,0.287921,1.056345,0.750568,1.695999,0.260325,0.422351,1.176043,1.963193,0.292373,0.019013,0.166050,0.356210,0.189342,0.837406,0.174356,1.934924,0.339353,0.388312,1.935859,0.231992,1.566152,0.260325,0.234004,1.875354,0.000000,0.614781,0.856283,1.811095,0.357393,0.388814,0.420261,1.329684,0.441699,0.123696,0.214770,0.834855,0.379578,0.341612,0.283409,1.777776,1.563959,0.231992,0.379578,1.880326,0.333178,0.398879,1.878826,0.488625,0.302190,0.805864,0.269459,1.975757,0.481045,1.448307,0.214421,0.267765,0.284209,0.696939,1.799026,0.187651,0.339353,0.215571,0.292023,0.101084,0.813943,0.924277,1.798631,0.168512,0.307636,1.953035,0.332988,1.898595,1.981454,0.400483,0.187882,0.228153,0.069797,0.793461,1.463993,0.596778,1.936590,0.341625,0.125482,0.119978,0.101084,0.258437,0.248963,0.430453,0.181237,0.158458
1.613782,1.159398,0.556124,0.741105,0.886024,0.736542,0.713173,0.800643,0.471735,1.829138,0.715143,1.133473,0.827644,1.641671,0.699605,0.536587,1.173833,1.839925,0.807820,0.620994,0.676235,0.775848,0.709150,1.196035,0.716379,1.764152,0.553214,0.579344,1.795576,0.613429,1.680262,0.699605,0.688013,1.789098,0.614781,0.000000,0.601779,1.570588,0.834293,0.874032,0.537101,0.964090,0.894979,0.659665,0.699858,0.574708,0.519895,0.589491,0.669826,1.541698,1.280287,0.613429,0.519895,1.707768,0.789901,0.877340,1.649894,0.450597,0.803593,0.471511,0.698184,1.848313,0.533770,1.157571,0.649330,0.638017,0.790067,0.539089,1.672201,0.717000,0.553214,0.651163,0.750615,0.636761,0.616142,0.630087,1.663540,0.667377,0.817630,1.862075,0.735683,1.728550,1.869135,0.758862,0.721876,0.748750,0.652410,0.536006,1.268484,0.545089,1.782001,0.781945,0.626471,0.635146,0.636761,0.773163,0.671608,0.606554,0.708087,0.666632
1.407484,0.769274,0.531340,0.977848,1.132411,0.965264,0.942472,0.379674,0.420260,1.738351,0.928050,1.175888,0.906382,1.603230,0.930834,0.577088,1.160825,1.686858,1.057712,0.866671,0.891274,1.074967,0.945670,1.444904,0.981137,1.603568,0.649749,0.676865,1.622787,0.784133,1.820405,0.930834,0.940798,1.759688,0.856283,0.601779,0.000000,1.388744,1.066669,1.109234,0.597733,0.883482,1.147121,0.894245,0.918313,0.415176,0.572527,0.726215,0.869994,1.384019,1.206353,0.784133,0.572527,1.498919,1.033990,1.136386,1.487107,0.439909,1.037350,0.459180,0.935817,1.732884,0.549773,0.960405,0.910035,0.857408,1.066405,0.279359,1.475010,0.967258,0.649749,0.917111,0.973413,0.861601,0.225141,0.440806,1.453805,0.883255,1.030456,1.743751,0.997023,1.542754,1.744534,1.075023,0.993303,1.011111,0.901982,0.666041,1.360026,0.419534,1.634377,1.065509,0.833399,0.853063,0.861601,1.044689,0.957843,0.738186,0.950652,0.878347
0.307511,1.018274,1.621624,1.848569,1.873040,1.841074,1.838987,1.181442,1.389896,0.930390,1.837752,1.563069,1.688384,1.199988,1.827203,1.671405,1.431184,0.687696,1.872449,1.815423,1.825454,1.864068,1.844541,1.884006,1.857325,0.593357,1.725956,1.702753,0.706911,1.789928,1.575209,1.827203,1.841966,1.025700,1.811095,1.570588,1.388744,0.000000,1.872839,1.884820,1.689361,1.039515,1.890005,1.828011,1.835448,1.365034,1.691858,1.737089,1.813534,0.699785,0.649116,1.789928,1.691858,0.604406,1.871353,1.886441,0.557941,1.624480,1.869877,1.442879,1.824913,0.742107,1.640492,0.858031,1.822492,1.813018,1.884206,1.518725,0.812499,1.855009,1.725956,1.824561,1.849468,1.815044,1.439317,1.333774,0.786771,1.823915,1.867626,0.825758,1.858643,0.612467,0.748967,1.827851,1.859350,1.867981,1.827860,1.482270,1.211018,1.578982,0.649512,1.877123,1.800135,1.810668,1.815044,1.877660,1.834429,1.722718,1.849793,1.817765
1.899110,1.486387,0.730860,0.176534,0.248885,0.157882,0.230833,1.292340,1.054296,1.895141,0.337559,1.096358,0.780487,1.675646,0.236596,0.636231,1.244397,1.969174,0.260535,0.348772,0.284546,0.323395,0.255454,0.659506,0.269021,1.959058,0.521993,0.572566,1.957663,0.378397,1.424161,0.236596,0.299571,1.845443,0.357393,0.834293,1.066669,1.872839,0.000000,0.087507,0.596716,1.485915,0.289018,0.294631,0.263637,1.023558,0.587899,0.501806,0.319934,1.838397,1.639118,0.378397,0.587899,1.931348,0.350060,0.302267,1.930436,0.717418,0.320146,1.026099,0.305090,1.978334,0.683818,1.577789,0.312219,0.361271,0.255350,0.901668,1.821579,0.243779,0.521993,0.320136,0.335947,0.332996,1.007816,1.121390,1.861465,0.282346,0.218826,1.952661,0.353136,1.934142,1.972554,0.328644,0.280175,0.227898,0.319429,0.974779,1.489545,0.787663,1.970230,0.313055,0.350065,0.334250,0.332996,0.254670,0.314545,0.532270,0.254320,0.309398
1.912012,1.515680,0.775435,0.199247,0.213693,0.198161,0.257953,1.327616,1.088526,1.884468,0.381933,1.100370,0.805480,1.662701,0.260099,0.678051,1.255021,1.965198,0.257420,0.378823,0.315304,0.316846,0.277517,0.622236,0.280335,1.963639,0.569886,0.610464,1.957430,0.423179,1.396528,0.260099,0.319382,1.836329,0.388814,0.874032,1.109234,1.884820,0.087507,0.000000,0.644713,1.514763,0.266398,0.324869,0.301864,1.062953,0.636384,0.541908,0.383968,1.845001,1.658718,0.423179,0.636384,1.937940,0.358125,0.289346,1.937925,0.764333,0.319414,1.067656,0.349678,1.974352,0.721820,1.604727,0.339142,0.412598,0.246430,0.948034,1.824770,0.263197,0.569886,0.345447,0.357968,0.363270,1.049173,1.156058,1.867225,0.314207,0.218883,1.944315,0.374991,1.938698,1.967998,0.339339,0.288304,0.237225,0.344178,1.017345,1.503825,0.831940,1.970224,0.316081,0.385313,0.368112,0.363270,0.250701,0.336067,0.572486,0.276716,0.342045
1.718866,1.190462,0.179468,0.513203,0.662747,0.507330,0.474006,0.894004,0.698485,1.868932,0.526578,1.188567,0.534362,1.652685,0.442570,0.280891,1.266012,1.902614,0.631931,0.425999,0.435587,0.634674,0.489382,1.057014,0.509784,1.849517,0.100950,0.328218,1.870749,0.254792,1.615492,0.442570,0.448578,1.842872,0.420261,0.537101,0.597733,1.689361,0.596716,0.644713,0.000000,1.198479,0.661796,0.425773,0.417681,0.580522,0.124046,0.201454,0.438079,1.655380,1.409784,0.254792,0.124046,1.807261,0.645506,0.721870,1.754489,0.337783,0.639186,0.582385,0.470805,1.927021,0.307265,1.276691,0.443468,0.434910,0.614295,0.369152,1.703461,0.494863,0.100950,0.469436,0.584305,0.413675,0.496458,0.699292,1.728440,0.423850,0.596998,1.910801,0.581777,1.792909,1.932947,0.631413,0.535262,0.534242,0.453969,0.724014,1.382736,0.241519,1.874353,0.582281,0.396890,0.401701,0.413675,0.586296,0.493357,0.284315,0.480468,0.433459
1.058786,0.901457,1.160103,1.433603,1.517955,1.424844,1.407012,0.787513,0.826952,1.436512,1.368727,1.296238,1.327836,1.394274,1.394290,1.191002,1.188677,1.376582,1.454137,1.336193,1.378531,1.422809,1.407869,1.639500,1.417139,1.229736,1.236659,1.247669,1.334560,1.319260,1.749296,1.394290,1.395195,1.493652,1.329684,0.964090,0.883482,1.039515,1.485915,1.514763,1.198479,0.000000,1.538081,1.369475,1.389803,0.963274,1.190518,1.273153,1.334462,1.086100,0.924521,1.319260,1.190518,1.178223,1.420520,1.509406,1.124283,1.065093,1.442550,0.906561,1.378164,1.391001,1.153177,0.838727,1.343936,1.314281,1.458565,1.008839,1.302013,1.413236,1.236659,1.336999,1.397715,1.350290,0.986483,0.897458,1.181653,1.371635,1.467722,1.439555,1.378840,1.203744,1.431371,1.385846,1.413128,1.436068,1.362119,0.783069,1.017724,1.107956,1.278008,1.444046,1.332786,1.344811,1.350290,1.451965,1.357235,1.282690,1.407074,1.362709
1.922551,1.565252,0.775290,0.296713,0.235632,0.328699,0.317538,1.364711,1.138970,1.865214,0.502510,1.183997,0.729470,1.629939,0.311098,0.703885,1.339090,1.962186,0.357366,0.431848,0.395669,0.357385,0.353543,0.598122,0.321521,1.965961,0.596382,0.635350,1.961274,0.462488,1.325448,0.311098,0.324448,1.799292,0.441699,0.894979,1.147121,1.890005,0.289018,0.266398,0.661796,1.538081,0.000000,0.390873,0.362008,1.074561,0.666125,0.558325,0.489873,1.832971,1.647224,0.462488,0.666125,1.964508,0.482154,0.343670,1.927119,0.819435,0.430174,1.067153,0.420090,1.964613,0.755973,1.617909,0.402245,0.494103,0.297139,0.966713,1.820740,0.324827,0.596382,0.424202,0.493931,0.431628,1.067910,1.167542,1.892225,0.367294,0.387857,1.930296,0.434501,1.940840,1.960781,0.383306,0.327357,0.287294,0.401610,1.070791,1.467220,0.847107,1.964011,0.291098,0.463280,0.439416,0.431628,0.301277,0.386355,0.548697,0.336054,0.428207
1.860685,1.393653,0.567061,0.188243,0.399226,0.200837,0.156143,1.146224,0.879088,1.913476,0.279478,1.082800,0.715705,1.703511,0.210656,0.457204,1.206247,1.969797,0.277674,0.112596,0.096333,0.327827,0.119791,0.796081,0.137270,1.941845,0.340729,0.417256,1.944543,0.207148,1.536405,0.210656,0.171599,1.878991,0.123696,0.659665,0.894245,1.828011,0.294631,0.324869,0.425773,1.369475,0.390873,0.000000,0.147181,0.872369,0.395310,0.333646,0.263411,1.798211,1.575482,0.207148,0.395310,1.896479,0.321240,0.379243,1.894971,0.529467,0.291203,0.840328,0.220452,1.979734,0.513911,1.483480,0.189891,0.261453,0.260098,0.721695,1.806118,0.108298,0.340729,0.191979,0.285546,0.063822,0.840155,0.966501,1.811106,0.140644,0.270494,1.959648,0.327554,1.906147,1.986533,0.387850,0.170502,0.159630,0.097095,0.841540,1.486633,0.614891,1.948717,0.287474,0.096132,0.063924,0.063822,0.231434,0.220351,0.418597,0.100325,0.089772
