0.000000,0.948356,1.595014,1.852093,1.869889,1.847825,1.843389,1.139727,1.435886,0.834503,1.853337,1.478131,1.640191,1.062579,1.826694,1.634795,1.365347,0.617899,1.887561,1.829215,1.838248,1.880262,1.861483,1.876547,1.869517,0.537510,1.712163,1.670038,0.598540,1.787418,1.508157,1.826694,1.854152,0.931306,1.824646,1.643746,1.351947,0.352632,1.879571,1.892368,1.669751,1.095186,1.889206,1.842635,1.843652,1.373788,1.680759,1.718517,1.835079,0.628100,0.900854,1.787418,1.680759,0.546756,1.884825,1.898050,0.433369,1.630382,1.887204,1.471930,1.834372,0.724256,1.627469,0.925176,1.833727,1.842961,1.898307,1.489516,0.608761,1.870265,1.712163,1.839790,1.867514,1.828105,1.380795,1.297801,0.737727,1.827940,1.882477,0.754603,1.889960,0.477821,0.716373,1.829059,1.872429,1.883151,1.841515,1.481686,1.207673,1.546753,0.615436,1.892219,1.815540,1.825097,1.828105,1.894320,1.850967,1.693623,1.864786,1.834361
0.948356,0.000000,1.134993,1.441888,1.552534,1.439952,1.415403,0.590974,0.883418,1.425497,1.461432,1.120892,1.391491,1.441544,1.425959,1.138206,1.038303,1.237352,1.497317,1.394372,1.408288,1.541799,1.448597,1.732349,1.479433,1.141684,1.242752,1.206511,1.101692,1.345093,1.821211,1.425959,1.465490,1.477287,1.385402,1.197856,0.761976,0.917765,1.521609,1.546422,1.195732,0.903688,1.556727,1.422857,1.434508,0.905782,1.189195,1.281287,1.416606,1.018795,1.055212,1.345093,1.189195,0.987910,1.517068,1.553543,1.089519,1.082060,1.489883,1.026535,1.415165,1.371163,1.114652,0.724598,1.435138,1.421058,1.530751,0.962775,0.968325,1.475281,1.242752,1.443663,1.473797,1.388178,0.852463,0.869762,1.093347,1.383100,1.497607,1.390818,1.523597,1.114274,1.357514,1.483011,1.486934,1.509722,1.418129,1.025933,1.446360,1.047796,1.261829,1.561396,1.365949,1.384933,1.388178,1.520240,1.475208,1.257388,1.460401,1.397153
1.595014,1.134993,0.000000,0.661334,0.802962,0.659267,0.625505,0.789310,0.568546,1.853694,0.682158,1.261675,0.497360,1.690151,0.597745,0.319657,1.302438,1.828366,0.789948,0.580062,0.588030,0.787021,0.647504,1.143548,0.673514,1.750911,0.270399,0.393461,1.785064,0.429681,1.638115,0.597745,0.619747,1.808527,0.571635,0.447606,0.512781,1.543915,0.763260,0.808093,0.178141,0.996441,0.784517,0.587935,0.593506,0.446225,0.244269,0.284371,0.636823,1.546631,1.204194,0.429681,0.244269,1.737745,0.786135,0.837151,1.652599,0.357640,0.775341,0.485784,0.613973,1.883580,0.359014,1.097284,0.595036,0.643971,0.785285,0.288285,1.626099,0.661747,0.270399,0.646056,0.721470,0.566272,0.402047,0.599751,1.705463,0.567513,0.747945,1.875322,0.784067,1.722139,1.891033,0.738310,0.700987,0.702987,0.610420,0.657989,1.384099,0.126829,1.825500,0.759499,0.542701,0.554661,0.566272,0.765432,0.660987,0.355438,0.644530,0.582743
1.852093,1.441888,0.661334,0.000000,0.279601,0.079297,0.088727,1.201383,0.889746,1.906618,0.302500,1.142507,0.792909,1.699393,0.138525,0.543993,1.263587,1.953839,0.236666,0.218444,0.177811,0.313534,0.188565,0.703306,0.196327,1.937137,0.432505,0.481646,1.930065,0.288765,1.489265,0.138525,0.284588,1.860609,0.223291,0.677689,0.985047,1.801515,0.197678,0.223147,0.525348,1.369238,0.295110,0.191121,0.194236,0.918130,0.484234,0.431949,0.270400,1.771540,1.499533,0.288765,0.484234,1.906111,0.331569,0.306613,1.893467,0.588370,0.284717,0.947612,0.244703,1.980381,0.578871,1.481000,0.242222,0.276913,0.268476,0.822276,1.804770,0.197492,0.432505,0.246644,0.306465,0.210913,0.951950,1.036826,1.854362,0.159496,0.239734,1.951687,0.347942,1.913951,1.983881,0.300458,0.219495,0.216285,0.198413,0.869144,1.535646,0.716731,1.962848,0.364972,0.225935,0.216528,0.210913,0.243008,0.269011,0.483525,0.195993,0.200329
1.869889,1.552534,0.802962,0.279601,0.000000,0.294638,0.339445,1.319837,1.035370,1.846541,0.459613,1.206749,0.808933,1.607543,0.261994,0.694657,1.348782,1.941326,0.341178,0.422311,0.388498,0.317369,0.371453,0.525745,0.321369,1.950659,0.611565,0.604902,1.945730,0.470209,1.331331,0.261994,0.384647,1.777179,0.431876,0.825503,1.140949,1.827113,0.256276,0.218937,0.692880,1.456252,0.259158,0.391908,0.382740,1.035599,0.671613,0.578967,0.471579,1.763305,1.537863,0.470209,0.671613,1.943340,0.436329,0.324947,1.893641,0.781743,0.417747,1.085579,0.450046,1.950532,0.748896,1.539121,0.384726,0.475894,0.314494,0.985816,1.795345,0.350760,0.611565,0.382051,0.447412,0.428952,1.090182,1.133861,1.903012,0.389957,0.351271,1.910773,0.435600,1.932686,1.952405,0.341419,0.318707,0.320128,0.389720,1.009206,1.462187,0.868045,1.946788,0.390506,0.456604,0.438774,0.428952,0.307092,0.372976,0.595469,0.364689,0.428856
1.847825,1.439952,0.659267,0.079297,0.294638,0.000000,0.138576,1.197848,0.893149,1.909388,0.278022,1.148486,0.793154,1.709086,0.164804,0.540770,1.265723,1.952122,0.239896,0.232375,0.182426,0.326508,0.191269,0.719142,0.217279,1.932801,0.434733,0.478979,1.928143,0.295335,1.496369,0.164804,0.302430,1.863326,0.236659,0.685057,0.982577,1.799592,0.169698,0.211150,0.526324,1.368043,0.324595,0.205055,0.207435,0.917275,0.484458,0.431829,0.249720,1.777500,1.500471,0.295335,0.484458,1.902254,0.323548,0.310421,1.894599,0.593739,0.272933,0.947280,0.252806,1.979120,0.583600,1.474586,0.246308,0.278698,0.279857,0.820596,1.806025,0.207420,0.434733,0.249447,0.283453,0.223886,0.947395,1.035478,1.852307,0.185605,0.219036,1.951649,0.360027,1.913548,1.981426,0.315635,0.238376,0.226858,0.212431,0.871419,1.543435,0.712791,1.962068,0.374373,0.232410,0.227798,0.223886,0.257804,0.277656,0.501453,0.206515,0.205547
1.843389,1.415403,0.625505,0.088727,0.339445,0.138576,0.000000,1.174705,0.860383,1.914322,0.311796,1.138916,0.776531,1.712645,0.162817,0.519820,1.254266,1.952969,0.254344,0.194106,0.160076,0.339200,0.180755,0.743313,0.203881,1.929734,0.393740,0.468335,1.922936,0.253135,1.514467,0.162817,0.275658,1.871566,0.196730,0.642713,0.948268,1.788409,0.259182,0.286290,0.485736,1.340598,0.313223,0.169030,0.165275,0.888152,0.444121,0.400025,0.266079,1.763569,1.478124,0.253135,0.444121,1.896307,0.350796,0.335738,1.885710,0.545388,0.294337,0.909006,0.206907,1.982418,0.539613,1.462464,0.238685,0.262199,0.293659,0.780696,1.800046,0.194664,0.393740,0.252020,0.318337,0.180005,0.917608,1.013196,1.842142,0.108682,0.268437,1.955905,0.359389,1.904829,1.986116,0.321243,0.232858,0.226368,0.183631,0.841453,1.538961,0.679873,1.960705,0.374750,0.189669,0.182637,0.180005,0.268514,0.275242,0.453557,0.187256,0.170100
1.139727,0.590974,0.789310,1.201383,1.319837,1.197848,1.174705,0.000000,0.475456,1.542023,1.231731,1.109268,1.083729,1.443167,1.162227,0.782037,1.072787,1.472655,1.281246,1.124891,1.150317,1.300007,1.199235,1.556024,1.224368,1.354621,0.933656,0.861635,1.364664,1.062558,1.769159,1.162227,1.198622,1.559369,1.115023,0.843676,0.374891,1.109355,1.308480,1.339508,0.879621,0.710953,1.338054,1.162503,1.183339,0.496265,0.868273,0.957140,1.184543,1.109990,1.052341,1.062558,0.868273,1.276016,1.295347,1.350840,1.237365,0.760458,1.277959,0.659019,1.178944,1.575229,0.773317,0.675644,1.168219,1.181722,1.298331,0.616610,1.185272,1.223737,0.933656,1.186366,1.247133,1.124607,0.460162,0.409350,1.296674,1.129244,1.281906,1.550278,1.303285,1.298526,1.579938,1.230637,1.232142,1.261419,1.152197,0.739230,1.357247,0.687518,1.462357,1.313658,1.102867,1.123337,1.124607,1.285254,1.215946,0.962248,1.207514,1.145342
1.435886,0.883418,0.568546,0.889746,1.035370,0.893149,0.860383,0.475456,0.000000,1.715897,0.936480,1.069091,0.906928,1.556676,0.853643,0.484914,1.091506,1.699728,0.968278,0.789466,0.822245,0.974075,0.874362,1.312123,0.895737,1.591061,0.646700,0.556725,1.611989,0.763103,1.718534,0.853643,0.871347,1.697209,0.780182,0.500968,0.395954,1.382753,1.019873,1.052262,0.614987,0.812898,1.049549,0.832260,0.880849,0.439985,0.582849,0.662808,0.889004,1.342587,1.186941,0.763103,0.582849,1.536386,0.982374,1.064258,1.489725,0.491443,0.964220,0.481087,0.878741,1.775293,0.479224,0.914258,0.835997,0.872165,0.984191,0.482613,1.416062,0.898633,0.646700,0.850479,0.938497,0.790259,0.437210,0.383829,1.523470,0.813136,0.984594,1.746343,0.994471,1.550589,1.782505,0.930006,0.904310,0.939434,0.817427,0.531046,1.385702,0.490551,1.686616,0.990991,0.769563,0.789802,0.790259,0.970083,0.884583,0.700335,0.880429,0.815897
0.834503,1.425497,1.853694,1.906618,1.846541,1.909388,1.914322,1.542023,1.715897,0.000000,1.929369,1.517743,1.807156,0.572357,1.897296,1.836548,1.483371,0.622074,1.900448,1.916730,1.917573,1.872758,1.916407,1.700419,1.903537,0.698295,1.903314,1.831278,0.742076,1.918322,1.162324,1.897296,1.901766,0.468321,1.917164,1.855923,1.730365,0.931092,1.907292,1.893928,1.892650,1.485863,1.887907,1.921288,1.923768,1.707822,1.893566,1.884478,1.936145,0.826402,1.385744,1.918322,1.893566,0.816559,1.909564,1.898050,0.735924,1.875426,1.916222,1.748158,1.927612,0.514985,1.843400,1.324864,1.911848,1.931591,1.890694,1.820330,0.773316,1.915135,1.903314,1.907367,1.921839,1.920437,1.740661,1.621382,0.847905,1.919481,1.912183,0.270672,1.908125,0.676528,0.512202,1.860661,1.894817,1.907155,1.911567,1.778327,1.194866,1.832306,0.537505,1.889763,1.924149,1.925237,1.920437,1.896535,1.905404,1.875424,1.917523,1.928089
1.853337,1.461432,0.682158,0.302500,0.459613,0.278022,0.311796,1.231731,0.936480,1.929369,0.000000,1.190862,0.817169,1.750350,0.359959,0.599504,1.291495,1.955680,0.308353,0.286752,0.263694,0.354067,0.260293,0.776850,0.288771,1.931554,0.462629,0.561717,1.931357,0.340950,1.526578,0.359959,0.337483,1.890812,0.289724,0.694530,1.000083,1.824309,0.287783,0.337861,0.544345,1.341666,0.453348,0.266075,0.273699,0.972800,0.509173,0.483720,0.200451,1.799373,1.528861,0.340950,0.509173,1.896196,0.205204,0.375342,1.898230,0.615370,0.261113,0.942240,0.325384,1.977662,0.625845,1.492683,0.276922,0.256584,0.327364,0.823211,1.822715,0.259655,0.462629,0.268175,0.153606,0.285924,0.971611,1.093174,1.843188,0.289640,0.240029,1.956402,0.304177,1.915235,1.976826,0.413040,0.305560,0.278301,0.280676,0.874349,1.543751,0.738862,1.959027,0.380499,0.291851,0.282968,0.285924,0.319758,0.287077,0.596082,0.260115,0.264685
1.478131,1.120892,1.261675,1.142507,1.206749,1.148486,1.138916,1.109268,1.069091,1.517743,1.190862,0.000000,1.479612,1.393064,1.168370,1.160160,0.257556,1.537048,1.112173,1.144032,1.171907,1.203946,1.180006,1.290620,1.177072,1.486430,1.192282,1.168588,1.448709,1.181610,1.565328,1.168370,1.235612,1.566644,1.141093,1.192326,1.136807,1.416689,1.191517,1.194861,1.210378,1.248160,1.254919,1.172185,1.177529,1.198814,1.179503,1.215547,1.158757,1.420474,1.435371,1.181610,1.179503,1.372093,1.171385,1.172322,1.554599,1.086738,1.143639,1.278319,1.163868,1.609340,1.107609,1.332945,1.200135,1.161066,1.198110,1.206257,1.367252,1.189152,1.192282,1.167561,1.167585,1.144760,1.229743,1.229431,1.366643,1.140791,1.179284,1.549348,1.212405,1.450186,1.594492,1.068183,1.171195,1.204372,1.147268,0.991909,1.615802,1.224281,1.537511,1.266155,1.144340,1.154044,1.144760,1.194825,1.200783,1.265486,1.187086,1.157200
1.640191,1.391491,0.497360,0.792909,0.808933,0.793154,0.776531,1.083729,0.906928,1.807156,0.817169,1.479612,0.000000,1.640798,0.712213,0.685956,1.527986,1.814197,0.906185,0.761360,0.751842,0.819042,0.774532,1.049477,0.772907,1.761666,0.594815,0.687840,1.825653,0.637809,1.426404,0.712213,0.687538,1.713363,0.762011,0.640308,0.867291,1.598977,0.825138,0.854681,0.558470,1.098417,0.792261,0.737433,0.724465,0.761105,0.622565,0.549863,0.796530,1.550019,1.198175,0.637809,0.622565,1.817699,0.881223,0.911685,1.632597,0.731072,0.903148,0.712158,0.749854,1.838922,0.715278,1.199850,0.708539,0.804915,0.846326,0.673784,1.670081,0.763499,0.594815,0.760260,0.846953,0.752192,0.729012,0.848923,1.792294,0.755001,0.855785,1.840586,0.863810,1.754481,1.851408,0.818465,0.794663,0.774082,0.771237,0.922071,1.192292,0.583463,1.803685,0.756065,0.751781,0.742600,0.752192,0.833300,0.734365,0.553267,0.756794,0.764546
1.062579,1.441544,1.690151,1.699393,1.607543,1.709086,1.712645,1.443167,1.556676,0.572357,1.750350,1.393064,1.640798,0.000000,1.679557,1.636457,1.434828,1.009448,1.708889,1.717976,1.721019,1.653358,1.721094,1.465987,1.692080,1.068672,1.718003,1.615304,1.107266,1.724416,0.988358,1.679557,1.689055,0.636017,1.719341,1.684531,1.613961,1.143413,1.710151,1.692985,1.717835,1.423169,1.673645,1.726771,1.731289,1.553405,1.712223,1.696050,1.755077,0.826203,1.400133,1.724416,1.712223,1.174967,1.725391,1.705463,0.974258,1.704946,1.742314,1.615159,1.748641,0.963743,1.649826,1.317070,1.708627,1.746350,1.674321,1.679490,0.869872,1.717439,1.718003,1.702692,1.745862,1.726806,1.613683,1.469143,1.213847,1.719797,1.728577,0.797884,1.712649,1.020279,0.962994,1.624602,1.678452,1.705281,1.710129,1.631665,1.074915,1.676898,0.947499,1.686369,1.738772,1.736302,1.726806,1.680711,1.696651,1.669607,1.720599,1.744772
1.826694,1.425959,0.597745,0.138525,0.261994,0.164804,0.162817,1.162227,0.853643,1.897296,0.359959,1.168370,0.712213,1.679557,0.000000,0.500101,1.286272,1.946046,0.316449,0.239705,0.211839,0.340326,0.240976,0.718337,0.231515,1.925998,0.384727,0.435112,1.926146,0.255324,1.472406,0.000000,0.278501,1.844604,0.243935,0.636841,0.942873,1.774749,0.256446,0.276884,0.471048,1.330391,0.301300,0.216332,0.222620,0.860455,0.441927,0.376297,0.319169,1.740259,1.455074,0.255324,0.441927,1.904283,0.395194,0.356588,1.867624,0.554319,0.360437,0.904680,0.293959,1.975460,0.535894,1.447458,0.245781,0.316131,0.321645,0.772776,1.784732,0.240090,0.384727,0.263870,0.367341,0.233571,0.897379,0.983091,1.857144,0.184675,0.309576,1.944581,0.384529,1.900448,1.978336,0.311295,0.256064,0.258022,0.229541,0.837875,1.490154,0.658673,1.953990,0.382377,0.246775,0.236139,0.233571,0.296481,0.280889,0.408020,0.236544,0.236972
1.634795,1.138206,0.319657,0.543993,0.694657,0.540770,0.519820,0.782037,0.484914,1.836548,0.599504,1.160160,0.685956,1.636457,0.500101,0.000000,1.233792,1.854478,0.666188,0.460186,0.477320,0.674133,0.540362,1.048835,0.559365,1.793362,0.283576,0.128398,1.802157,0.392979,1.629397,0.500101,0.545053,1.790609,0.450171,0.448028,0.570320,1.595021,0.674226,0.712918,0.296225,1.067180,0.706671,0.493143,0.532947,0.480406,0.235012,0.297602,0.563430,1.560954,1.320005,0.392979,0.235012,1.755020,0.690212,0.735369,1.698087,0.342446,0.666743,0.577901,0.559996,1.904483,0.303275,1.129457,0.504310,0.564414,0.662964,0.437123,1.623406,0.566531,0.283576,0.545300,0.630620,0.460353,0.515369,0.582730,1.729915,0.463135,0.648935,1.877285,0.696896,1.758874,1.912285,0.641005,0.576738,0.607426,0.485843,0.642253,1.423370,0.313141,1.848092,0.692357,0.442209,0.460843,0.460353,0.644361,0.573524,0.369275,0.549811,0.488965
1.365347,1.038303,1.302438,1.263587,1.348782,1.265723,1.254266,1.072787,1.091506,1.483371,1.291495,0.257556,1.527986,1.434828,1.286272,1.233792,0.000000,1.440227,1.242147,1.250254,1.280015,1.331914,1.291799,1.437112,1.298832,1.365318,1.263670,1.259483,1.334452,1.276000,1.630666,1.286272,1.350179,1.557582,1.245835,1.240862,1.122877,1.296609,1.313266,1.322776,1.267751,1.177174,1.380663,1.278383,1.283352,1.212945,1.243252,1.291905,1.254087,1.373207,1.354527,1.276000,1.243252,1.232037,1.284474,1.299519,1.461621,1.140737,1.259492,1.284108,1.259857,1.530709,1.176387,1.274972,1.308243,1.258007,1.329924,1.217317,1.312909,1.303395,1.263670,1.280070,1.274535,1.248553,1.227952,1.237621,1.224698,1.250810,1.296227,1.480855,1.323754,1.325927,1.514720,1.197459,1.297570,1.323550,1.258648,1.004573,1.631262,1.255392,1.443305,1.383675,1.241257,1.253914,1.248553,1.324421,1.313560,1.347907,1.299354,1.256944
0.617899,1.237352,1.828366,1.953839,1.941326,1.952122,1.952969,1.472655,1.699728,0.622074,1.955680,1.537048,1.814197,1.009448,1.946046,1.854478,1.440227,0.000000,1.956850,1.952065,1.954039,1.957011,1.960015,1.887374,1.963863,0.511637,1.901879,1.874871,0.402570,1.938193,1.404841,1.946046,1.959012,0.811231,1.950480,1.848571,1.642810,0.733061,1.958505,1.955953,1.876370,1.401757,1.953732,1.958295,1.958180,1.686637,1.883301,1.902055,1.953058,0.853334,1.234971,1.938193,1.883301,0.504333,1.953338,1.960766,0.613716,1.844487,1.953764,1.723078,1.952506,0.431730,1.843873,1.251933,1.956835,1.956160,1.960578,1.750741,0.744585,1.964112,1.901879,1.955670,1.952187,1.951068,1.666535,1.612462,0.702158,1.948891,1.956130,0.476847,1.962877,0.533873,0.344497,1.937456,1.961011,1.966453,1.955280,1.735903,1.312292,1.794349,0.419499,1.962923,1.946360,1.951048,1.951068,1.962128,1.959889,1.886923,1.963158,1.952651
1.887561,1.497317,0.789948,0.236666,0.341178,0.239896,0.254344,1.281246,0.968278,1.900448,0.308353,1.112173,0.906185,1.708889,0.316449,0.666188,1.242147,1.956850,0.000000,0.287847,0.275758,0.269740,0.243724,0.651955,0.231827,1.947953,0.563624,0.603592,1.930075,0.410407,1.469174,0.316449,0.337381,1.855522,0.296478,0.760307,1.084720,1.840895,0.262703,0.263427,0.654102,1.413513,0.349454,0.277975,0.289433,1.033986,0.612925,0.553306,0.333000,1.806061,1.572253,0.410407,0.612925,1.907038,0.265807,0.266503,1.919303,0.690775,0.146158,1.033102,0.335154,1.972889,0.684139,1.536470,0.305281,0.331664,0.229362,0.936201,1.825831,0.232524,0.563624,0.273822,0.255100,0.298713,1.065808,1.135174,1.855587,0.284029,0.226612,1.942936,0.332110,1.930078,1.973873,0.339090,0.226913,0.225112,0.257517,0.918694,1.569433,0.840843,1.961524,0.338140,0.319396,0.309153,0.298713,0.227906,0.293026,0.643398,0.243934,0.284936
1.829215,1.394372,0.580062,0.218444,0.422311,0.232375,0.194106,1.124891,0.789466,1.916730,0.286752,1.144032,0.761360,1.717976,0.239705,0.460186,1.250254,1.952065,0.287847,0.000000,0.141323,0.339990,0.175527,0.792442,0.154119,1.916948,0.346128,0.418895,1.917268,0.218503,1.539447,0.239705,0.238267,1.872817,0.019095,0.551318,0.895070,1.780002,0.350159,0.379318,0.439869,1.267132,0.397460,0.103917,0.194342,0.843845,0.389830,0.359316,0.281791,1.745246,1.469175,0.218503,0.389830,1.884596,0.328041,0.377899,1.864581,0.487061,0.290792,0.834960,0.259884,1.978875,0.485090,1.408845,0.196115,0.260515,0.279977,0.726242,1.793166,0.174235,0.346128,0.199036,0.291794,0.082880,0.867973,0.963294,1.831919,0.151885,0.308733,1.954918,0.345166,1.894570,1.985576,0.355540,0.180931,0.219149,0.053163,0.762100,1.518983,0.632469,1.948987,0.354415,0.114329,0.101548,0.082880,0.256369,0.236301,0.448731,0.164973,0.134670
1.838248,1.408288,0.588030,0.177811,0.388498,0.182426,0.160076,1.150317,0.822245,1.917573,0.263694,1.171907,0.751842,1.721019,0.211839,0.477320,1.280015,1.954039,0.275758,0.141323,0.000000,0.319930,0.083654,0.776448,0.171999,1.919288,0.355900,0.428802,1.921433,0.219422,1.527762,0.211839,0.195635,1.874870,0.146610,0.596673,0.918063,1.792712,0.295950,0.327758,0.451251,1.311572,0.369656,0.094569,0.163462,0.871644,0.403405,0.359460,0.248862,1.761208,1.486197,0.219422,0.403405,1.892306,0.308508,0.363053,1.879286,0.522122,0.272050,0.849984,0.239015,1.984491,0.510034,1.432935,0.186894,0.242794,0.267863,0.747057,1.796054,0.122427,0.355900,0.193105,0.264198,0.116234,0.881754,0.985521,1.836786,0.127016,0.254793,1.956311,0.336907,1.900240,1.986647,0.366217,0.198763,0.175249,0.127102,0.815604,1.536753,0.642018,1.961482,0.313558,0.113277,0.109289,0.116234,0.247318,0.232492,0.455085,0.100929,0.077583
1.880262,1.541799,0.787021,0.313534,0.317369,0.326508,0.339200,1.300007,0.974075,1.872758,0.354067,1.203946,0.819042,1.653358,0.340326,0.674133,1.331914,1.957011,0.269740,0.339990,0.319930,0.000000,0.280002,0.601565,0.246987,1.945015,0.585012,0.599341,1.948495,0.446091,1.386863,0.340326,0.277226,1.809649,0.351076,0.731293,1.111829,1.843427,0.326855,0.326203,0.668993,1.383684,0.343590,0.318405,0.347776,1.034771,0.636431,0.556970,0.396350,1.766329,1.546742,0.446091,0.636431,1.934517,0.295114,0.368361,1.889287,0.730734,0.310073,0.996579,0.399750,1.967847,0.706597,1.509584,0.264661,0.391669,0.226648,0.952832,1.806050,0.251354,0.585012,0.221060,0.323320,0.359186,1.073968,1.119865,1.883718,0.358222,0.325814,1.926209,0.326166,1.930456,1.966144,0.344733,0.226435,0.221015,0.306872,0.937615,1.469323,0.851679,1.955875,0.236741,0.386739,0.367185,0.359186,0.230663,0.185860,0.639587,0.263555,0.355091
1.861483,1.448597,0.647504,0.188565,0.371453,0.191269,0.180755,1.199235,0.874362,1.916407,0.260293,1.180006,0.774532,1.721094,0.240976,0.540362,1.291799,1.960015,0.243724,0.175527,0.083654,0.280002,0.000000,0.739541,0.153985,1.928861,0.421510,0.488860,1.930775,0.277541,1.502602,0.240976,0.176482,1.872775,0.184517,0.631420,0.973474,1.817221,0.279133,0.303207,0.514096,1.343979,0.338341,0.126586,0.178441,0.928966,0.469489,0.418569,0.260356,1.780967,1.512616,0.277541,0.469489,1.906110,0.275744,0.329616,1.895949,0.581177,0.242042,0.889498,0.247082,1.985684,0.571692,1.463888,0.202255,0.252757,0.217358,0.805177,1.813560,0.075431,0.421510,0.192993,0.246795,0.165492,0.938443,1.035980,1.848140,0.173340,0.238549,1.955974,0.308587,1.913261,1.987066,0.360304,0.169092,0.120295,0.146240,0.859304,1.545601,0.703651,1.966966,0.257842,0.175015,0.164346,0.165492,0.201792,0.220460,0.511177,0.054051,0.126433
1.876547,1.732349,1.143548,0.703306,0.525745,0.719142,0.743313,1.556024,1.312123,1.700419,0.776850,1.290620,1.049477,1.465987,0.718337,1.048835,1.437112,1.887374,0.651955,0.792442,0.776448,0.601565,0.739541,0.000000,0.679620,1.910330,0.986921,0.963286,1.921758,0.860002,1.101293,0.718337,0.715395,1.623942,0.802409,1.110943,1.435505,1.856620,0.637995,0.599150,1.054938,1.575015,0.594914,0.766425,0.758178,1.323668,1.039668,0.940995,0.814160,1.745253,1.639450,0.860002,1.039668,1.932804,0.703605,0.624690,1.856855,1.127379,0.718079,1.341749,0.800295,1.839873,1.080974,1.665307,0.748511,0.805822,0.625821,1.302934,1.792775,0.708466,0.986921,0.730451,0.754537,0.803617,1.394426,1.382399,1.881591,0.788618,0.701832,1.787903,0.698522,1.900593,1.853192,0.638659,0.666940,0.663205,0.760310,1.241302,1.363363,1.207965,1.860858,0.632026,0.835405,0.814133,0.803617,0.638473,0.709538,0.958619,0.725189,0.806544
1.869517,1.479433,0.673514,0.196327,0.321369,0.217279,0.203881,1.224368,0.895737,1.903537,0.288771,1.177072,0.772907,1.692080,0.231515,0.559365,1.298832,1.963863,0.231827,0.154119,0.171999,0.246987,0.153985,0.679620,0.000000,1.942199,0.448739,0.497678,1.942788,0.296153,1.463199,0.231515,0.193268,1.848637,0.170443,0.639903,1.007510,1.825511,0.280455,0.291826,0.541933,1.342832,0.311946,0.129311,0.206260,0.942687,0.502768,0.438232,0.313866,1.770829,1.520531,0.296153,0.502768,1.922381,0.289443,0.312047,1.892130,0.611987,0.258119,0.923184,0.285776,1.979343,0.591939,1.470110,0.202141,0.298750,0.169021,0.836904,1.815799,0.112667,0.448739,0.190942,0.279648,0.167390,0.970062,1.049210,1.869834,0.209324,0.260576,1.951044,0.309083,1.924577,1.984946,0.321448,0.063515,0.117408,0.110726,0.862989,1.505814,0.736280,1.959761,0.261139,0.214449,0.185887,0.167390,0.147906,0.200725,0.515721,0.128720,0.196767
0.537510,1.141684,1.750911,1.937137,1.950659,1.932801,1.929734,1.354621,1.591061,0.698295,1.931554,1.486430,1.761666,1.068672,1.925998,1.793362,1.365318,0.511637,1.947953,1.916948,1.919288,1.945015,1.928861,1.910330,1.942199,0.000000,1.842541,1.823770,0.456032,1.894874,1.472027,1.925998,1.926457,0.858169,1.914288,1.753434,1.535083,0.597028,1.949446,1.954716,1.809200,1.234289,1.956347,1.922962,1.926257,1.588191,1.818100,1.843518,1.915149,0.792246,1.126809,1.894874,1.818100,0.419367,1.942971,1.953973,0.546469,1.774072,1.942636,1.582112,1.913726,0.542377,1.767790,1.126916,1.922972,1.917449,1.955254,1.656484,0.692368,1.936256,1.842541,1.922784,1.933354,1.912377,1.566182,1.511884,0.557518,1.919509,1.943386,0.573826,1.944796,0.333068,0.531709,1.909252,1.943009,1.944429,1.923819,1.619935,1.298796,1.710997,0.470376,1.938108,1.902822,1.909966,1.912377,1.954528,1.930296,1.841836,1.932326,1.913106
1.712163,1.242752,0.270399,0.432505,0.611565,0.434733,0.393740,0.933656,0.646700,1.903314,0.462629,1.192282,0.594815,1.718003,0.384727,0.283576,1.263670,1.901879,0.563624,0.346128,0.355900,0.585012,0.421510,0.986921,0.448739,1.842541,0.000000,0.312191,1.861781,0.189160,1.606973,0.384727,0.421026,1.865016,0.337423,0.456169,0.658901,1.662928,0.547203,0.593256,0.109854,1.121370,0.592496,0.354558,0.361545,0.611474,0.091898,0.168723,0.411431,1.654140,1.329213,0.189160,0.091898,1.816508,0.567373,0.617365,1.768421,0.299856,0.550611,0.633050,0.402949,1.947856,0.310352,1.256216,0.379812,0.413691,0.564456,0.444567,1.712809,0.436374,0.000000,0.426947,0.504371,0.331293,0.603426,0.766934,1.770503,0.329574,0.523139,1.931611,0.561063,1.813121,1.952485,0.539952,0.478915,0.482874,0.378121,0.671521,1.463275,0.331562,1.903470,0.570737,0.307832,0.319356,0.331293,0.541715,0.452930,0.285615,0.418912,0.347220
1.670038,1.206511,0.393461,0.481646,0.604902,0.478979,0.468335,0.861635,0.556725,1.831278,0.561717,1.168588,0.687840,1.615304,0.435112,0.128398,1.259483,1.874871,0.603592,0.418895,0.428802,0.599341,0.488860,0.963286,0.497678,1.823770,0.312191,0.000000,1.830707,0.369857,1.579250,0.435112,0.492647,1.774327,0.410811,0.492040,0.674694,1.630488,0.609076,0.642601,0.351223,1.129306,0.636594,0.449035,0.487692,0.553103,0.294898,0.293010,0.538602,1.584103,1.355947,0.369857,0.294898,1.792141,0.642003,0.667838,1.727418,0.416948,0.617148,0.654471,0.524522,1.915444,0.362313,1.176376,0.450411,0.540203,0.595893,0.545253,1.640782,0.512345,0.312191,0.490845,0.587970,0.424367,0.614693,0.641748,1.767572,0.420993,0.591002,1.881813,0.651388,1.792063,1.923521,0.576438,0.512246,0.546172,0.436368,0.690472,1.409646,0.408912,1.867392,0.632134,0.412956,0.428367,0.424367,0.578843,0.516411,0.359004,0.498488,0.453421
0.598540,1.101692,1.785064,1.930065,1.945730,1.928143,1.922936,1.364664,1.611989,0.742076,1.931357,1.448709,1.825653,1.107266,1.926146,1.802157,1.334452,0.402570,1.930075,1.917268,1.921433,1.948495,1.930775,1.921758,1.942788,0.456032,1.861781,1.830707,0.000000,1.904984,1.504817,1.926146,1.938902,0.873861,1.914248,1.784497,1.554059,0.704088,1.947058,1.948881,1.835393,1.336496,1.946471,1.927970,1.930207,1.621021,1.836432,1.864526,1.919798,0.820153,1.237190,1.904984,1.836432,0.352763,1.934428,1.940555,0.604608,1.778639,1.926549,1.641384,1.916434,0.556231,1.787352,1.189585,1.930201,1.919280,1.946847,1.687950,0.740565,1.939221,1.861781,1.929911,1.926770,1.915050,1.595627,1.537107,0.610188,1.913252,1.933542,0.604913,1.943759,0.460968,0.495464,1.923480,1.941939,1.947273,1.924151,1.650570,1.389313,1.741191,0.526612,1.952239,1.907101,1.914787,1.915050,1.946221,1.938600,1.853952,1.936041,1.916685
1.787418,1.345093,0.429681,0.288765,0.470209,0.295335,0.253135,1.062558,0.763103,1.918322,0.340950,1.181610,0.637809,1.724416,0.255324,0.392979,1.276000,1.938193,0.410407,0.218503,0.219422,0.446091,0.277541,0.860002,0.296153,1.894874,0.189160,0.369857,1.904984,0.000000,1.558420,0.255324,0.291838,1.874557,0.214717,0.528388,0.803786,1.739017,0.400520,0.441992,0.281580,1.229916,0.456057,0.208854,0.188988,0.749939,0.263019,0.218367,0.311419,1.718712,1.411194,0.000000,0.263019,1.870003,0.430668,0.459380,1.833499,0.405127,0.406280,0.762888,0.272108,1.971636,0.415803,1.354832,0.255265,0.313806,0.407908,0.607081,1.765216,0.280302,0.189160,0.295280,0.370007,0.204742,0.755822,0.897483,1.819040,0.195597,0.373717,1.951926,0.439732,1.871846,1.975564,0.427196,0.326600,0.323518,0.239715,0.748399,1.496048,0.496207,1.940660,0.435912,0.193570,0.193743,0.204742,0.385694,0.324868,0.333612,0.267887,0.215720
1.508157,1.821211,1.638115,1.489265,1.331331,1.496369,1.514467,1.769159,1.718534,1.162324,1.526578,1.565328,1.426404,0.988358,1.472406,1.629397,1.630666,1.404841,1.469174,1.539447,1.527762,1.386863,1.502602,1.101293,1.463199,1.472027,1.606973,1.579250,1.504817,1.558420,0.000000,1.472406,1.458581,1.018757,1.546142,1.609364,1.783066,1.535251,1.431916,1.409020,1.627217,1.631523,1.359052,1.523078,1.512251,1.676899,1.637701,1.569820,1.538998,1.384955,1.460304,1.558420,1.637701,1.623535,1.479272,1.413789,1.424015,1.695837,1.505094,1.663025,1.525808,1.330676,1.647739,1.635542,1.492343,1.536180,1.416212,1.725025,1.440766,1.480737,1.606973,1.483766,1.517411,1.549675,1.741324,1.662312,1.647340,1.541043,1.482779,1.275899,1.450133,1.461893,1.316914,1.376060,1.450658,1.447396,1.520656,1.642940,1.073744,1.684011,1.384746,1.381689,1.569629,1.554732,1.549675,1.426947,1.452823,1.547319,1.492389,1.552747
1.826694,1.425959,0.597745,0.138525,0.261994,0.164804,0.162817,1.162227,0.853643,1.897296,0.359959,1.168370,0.712213,1.679557,0.000000,0.500101,1.286272,1.946046,0.316449,0.239705,0.211839,0.340326,0.240976,0.718337,0.231515,1.925998,0.384727,0.435112,1.926146,0.255324,1.472406,0.000000,0.278501,1.844604,0.243935,0.636841,0.942873,1.774749,0.256446,0.276884,0.471048,1.330391,0.301300,0.216332,0.222620,0.860455,0.441927,0.376297,0.319169,1.740259,1.455074,0.255324,0.441927,1.904283,0.395194,0.356588,1.867624,0.554319,0.360437,0.904680,0.293959,1.975460,0.535894,1.447458,0.245781,0.316131,0.321645,0.772776,1.784732,0.240090,0.384727,0.263870,0.367341,0.233571,0.897379,0.983091,1.857144,0.184675,0.309576,1.944581,0.384529,1.900448,1.978336,0.311295,0.256064,0.258022,0.229541,0.837875,1.490154,0.658673,1.953990,0.382377,0.246775,0.236139,0.233571,0.296481,0.280889,0.408020,0.236544,0.236972
1.854152,1.465490,0.619747,0.284588,0.384647,0.302430,0.275658,1.198622,0.871347,1.901766,0.337483,1.235612,0.687538,1.689055,0.278501,0.545053,1.350179,1.959012,0.337381,0.238267,0.195635,0.277226,0.176482,0.715395,0.193268,1.926457,0.421026,0.492647,1.938902,0.291838,1.458581,0.278501,0.000000,1.840290,0.248583,0.591083,0.968697,1.817642,0.357589,0.378705,0.501531,1.314230,0.351004,0.196764,0.250806,0.914150,0.473805,0.408658,0.340126,1.744332,1.498783,0.291838,0.473805,1.922164,0.342716,0.399902,1.868483,0.587842,0.343714,0.846630,0.329089,1.977007,0.570791,1.437257,0.212109,0.323804,0.247010,0.786983,1.798086,0.155907,0.421026,0.221639,0.330383,0.242168,0.919643,1.013761,1.869495,0.253515,0.343683,1.949549,0.340399,1.913477,1.980286,0.392772,0.196827,0.166486,0.220161,0.853215,1.464782,0.688327,1.959113,0.192483,0.262047,0.239049,0.242168,0.236882,0.210898,0.470122,0.144520,0.238175
0.931306,1.477287,1.808527,1.860609,1.777179,1.863326,1.871566,1.559369,1.697209,0.468321,1.890812,1.566644,1.713363,0.636017,1.844604,1.790609,1.557582,0.811231,1.855522,1.872817,1.874870,1.809649,1.872775,1.623942,1.848637,0.858169,1.865016,1.774327,0.873861,1.874557,1.018757,1.844604,1.840290,0.000000,1.874199,1.788284,1.732186,1.016878,1.853668,1.842498,1.855339,1.475045,1.816167,1.876901,1.883211,1.670302,1.860305,1.833716,1.898700,0.776329,1.371989,1.874557,1.860305,0.998011,1.874568,1.848461,0.752290,1.855815,1.882484,1.707251,1.886984,0.642264,1.816606,1.291453,1.851272,1.898893,1.833267,1.801975,0.813453,1.867723,1.865016,1.855376,1.885104,1.880177,1.718864,1.569695,1.140242,1.877970,1.871763,0.605413,1.871125,0.898810,0.660179,1.804380,1.839099,1.855414,1.866603,1.745546,1.028455,1.800319,0.684575,1.824466,1.888527,1.885787,1.880177,1.837532,1.842306,1.807932,1.870863,1.892925
1.824646,1.385402,0.571635,0.223291,0.431876,0.236659,0.196730,1.115023,0.780182,1.917164,0.289724,1.141093,0.762011,1.719341,0.243935,0.450171,1.245835,1.950480,0.296478,0.019095,0.146610,0.351076,0.184517,0.802409,0.170443,1.914288,0.337423,0.410811,1.914248,0.214717,1.546142,0.243935,0.248583,1.874199,0.000000,0.545827,0.884551,1.774847,0.358344,0.388806,0.430790,1.261094,0.404831,0.116116,0.198649,0.833260,0.379398,0.353255,0.281812,1.742234,1.463890,0.214717,0.379398,1.880645,0.335444,0.385071,1.861498,0.475752,0.299023,0.827684,0.260977,1.978340,0.476329,1.402660,0.201714,0.260385,0.293508,0.716108,1.790230,0.187832,0.337423,0.207648,0.297625,0.089240,0.858520,0.954650,1.828319,0.150010,0.316338,1.954633,0.351023,1.891368,1.985140,0.359888,0.196662,0.233601,0.069509,0.753974,1.519803,0.622790,1.947569,0.367284,0.113753,0.105833,0.089240,0.269689,0.245108,0.441873,0.176592,0.138294
1.643746,1.197856,0.447606,0.677689,0.825503,0.685057,0.642713,0.843676,0.500968,1.855923,0.694530,1.192326,0.640308,1.684531,0.636841,0.448028,1.240862,1.848571,0.760307,0.551318,0.596673,0.731293,0.631420,1.110943,0.639903,1.753434,0.456169,0.492040,1.784497,0.528388,1.609364,0.636841,0.591083,1.788284,0.545827,0.000000,0.616343,1.591091,0.789811,0.831592,0.442929,0.933181,0.780966,0.583676,0.632944,0.592532,0.430816,0.470919,0.653040,1.537200,1.251678,0.528388,0.430816,1.742915,0.747514,0.830924,1.657746,0.409696,0.750777,0.449424,0.633304,1.890511,0.439943,1.122999,0.581881,0.629048,0.730951,0.491489,1.643979,0.638726,0.456169,0.608858,0.708364,0.558954,0.587832,0.660668,1.721103,0.592843,0.771275,1.884244,0.730279,1.735669,1.901290,0.702357,0.653281,0.673915,0.580394,0.528692,1.337774,0.468045,1.826441,0.694639,0.552600,0.556281,0.558954,0.716916,0.615664,0.505950,0.621958,0.590310
1.351947,0.761976,0.512781,0.985047,1.140949,0.982577,0.948268,0.374891,0.395954,1.730365,1.000083,1.136807,0.867291,1.613961,0.942873,0.570320,1.122877,1.642810,1.084720,0.895070,0.918063,1.111829,0.973474,1.435505,1.007510,1.535083,0.658901,0.674694,1.554059,0.803786,1.783066,0.942873,0.968697,1.732186,0.884551,0.616343,0.000000,1.315422,1.094666,1.134440,0.593368,0.772757,1.136403,0.924288,0.944199,0.379509,0.590570,0.713504,0.942109,1.327249,1.111832,0.803786,0.590570,1.472555,1.084969,1.149669,1.439810,0.473531,1.067382,0.487671,0.946373,1.734964,0.540483,0.863952,0.941211,0.941778,1.097825,0.281246,1.397047,0.996823,0.658901,0.967720,1.026425,0.886027,0.197779,0.450735,1.463195,0.892401,1.065520,1.731123,1.085869,1.493233,1.739434,1.049454,1.024238,1.042066,0.928888,0.590408,1.414692,0.403756,1.643506,1.103349,0.859689,0.879044,0.886027,1.081375,0.998343,0.714507,0.977812,0.903884
0.352632,0.917765,1.543915,1.801515,1.827113,1.799592,1.788409,1.109355,1.382753,0.931092,1.824309,1.416689,1.598977,1.143413,1.774749,1.595021,1.296609,0.733061,1.840895,1.780002,1.792712,1.843427,1.817221,1.856620,1.825511,0.597028,1.662928,1.630488,0.704088,1.739017,1.535251,1.774749,1.817642,1.016878,1.774847,1.591091,1.315422,0.000000,1.839307,1.850972,1.618042,1.054902,1.837181,1.795797,1.793817,1.304089,1.632783,1.664518,1.799490,0.718322,0.722534,1.739017,1.632783,0.614933,1.856923,1.852326,0.585855,1.580830,1.848847,1.425421,1.778417,0.832140,1.574371,0.893502,1.790945,1.805879,1.865141,1.449158,0.676370,1.828044,1.662928,1.797915,1.834661,1.777933,1.344304,1.259354,0.759839,1.776455,1.842358,0.855618,1.857138,0.565824,0.833091,1.768229,1.831109,1.843112,1.793555,1.424779,1.240424,1.497495,0.708991,1.856330,1.763671,1.774732,1.777933,1.858379,1.809306,1.638377,1.821508,1.784131
1.879571,1.521609,0.763260,0.197678,0.256276,0.169698,0.259182,1.308480,1.019873,1.907292,0.287783,1.191517,0.825138,1.710151,0.256446,0.674226,1.313266,1.958505,0.262703,0.350159,0.295950,0.326855,0.279133,0.637995,0.280455,1.949446,0.547203,0.609076,1.947058,0.400520,1.431916,0.256446,0.357589,1.853668,0.358344,0.789811,1.094666,1.839307,0.000000,0.089662,0.633140,1.436965,0.310863,0.303119,0.290499,1.031876,0.605130,0.544138,0.288390,1.810219,1.543274,0.400520,0.605130,1.928655,0.311095,0.284316,1.918645,0.713782,0.289507,1.050058,0.338585,1.973961,0.704353,1.554545,0.314343,0.329020,0.290188,0.926130,1.833225,0.270463,0.547203,0.307799,0.295171,0.338548,1.055714,1.150226,1.879676,0.308430,0.203255,1.950189,0.343707,1.935751,1.974269,0.338593,0.297207,0.260655,0.324114,0.963466,1.537177,0.825490,1.968609,0.370763,0.354668,0.339418,0.338548,0.277796,0.315183,0.596493,0.280914,0.314911
1.892368,1.546422,0.808093,0.223147,0.218937,0.211150,0.286290,1.339508,1.052262,1.893928,0.337861,1.194861,0.854681,1.692985,0.276884,0.712918,1.322776,1.955953,0.263427,0.379318,0.327758,0.326203,0.303207,0.599150,0.291826,1.954716,0.593256,0.642601,1.948881,0.441992,1.409020,0.276884,0.378705,1.842498,0.388806,0.831592,1.134440,1.850972,0.089662,0.000000,0.679960,1.468310,0.295312,0.332996,0.323590,1.069280,0.652040,0.584477,0.356106,1.817541,1.565744,0.441992,0.652040,1.934613,0.327412,0.269081,1.926994,0.758194,0.298018,1.093200,0.382045,1.968050,0.742407,1.579560,0.347156,0.379255,0.284334,0.972149,1.836510,0.290393,0.593256,0.334893,0.325839,0.369163,1.095411,1.181767,1.883131,0.340589,0.205463,1.940106,0.358821,1.940723,1.968778,0.358419,0.304396,0.270517,0.347965,1.006468,1.545288,0.868947,1.965892,0.375084,0.389916,0.373619,0.369163,0.275920,0.342103,0.630824,0.304375,0.348499
1.669751,1.195732,0.178141,0.525348,0.692880,0.526324,0.485736,0.879621,0.614987,1.892650,0.544345,1.210378,0.558470,1.717835,0.471048,0.296225,1.267751,1.876370,0.654102,0.439869,0.451251,0.668993,0.514096,1.054938,0.541933,1.809200,0.109854,0.351223,1.835393,0.281580,1.627217,0.471048,0.501531,1.855339,0.430790,0.442929,0.593368,1.618042,0.633140,0.679960,0.000000,1.068237,0.670088,0.448855,0.451977,0.552093,0.114590,0.204057,0.495158,1.619644,1.276642,0.281580,0.114590,1.786200,0.649758,0.702934,1.729069,0.289485,0.638244,0.575872,0.481654,1.927198,0.313980,1.202784,0.465506,0.500169,0.656831,0.364067,1.683305,0.528223,0.109854,0.513834,0.586155,0.425373,0.526354,0.715734,1.743792,0.423249,0.612951,1.915913,0.646302,1.779917,1.932568,0.616067,0.571831,0.573406,0.473214,0.648790,1.439528,0.246707,1.877027,0.647192,0.400643,0.412340,0.425373,0.635320,0.535684,0.298934,0.510245,0.439908
1.095186,0.903688,0.996441,1.369238,1.456252,1.368043,1.340598,0.710953,0.812898,1.485863,1.341666,1.248160,1.098417,1.423169,1.330391,1.067180,1.177174,1.401757,1.413513,1.267132,1.311572,1.383684,1.343979,1.575015,1.342832,1.234289,1.121370,1.129306,1.336496,1.229916,1.631523,1.330391,1.314230,1.475045,1.261094,0.933181,0.772757,1.054902,1.436965,1.468310,1.068237,0.000000,1.452534,1.298443,1.324711,0.841181,1.080361,1.137481,1.313243,1.019658,0.892851,1.229916,1.080361,1.255594,1.388947,1.472756,1.102837,0.999956,1.405390,0.782660,1.316839,1.471258,1.013858,0.746152,1.280094,1.313136,1.404689,0.860586,1.180590,1.346937,1.121370,1.293408,1.358401,1.272218,0.808605,0.794366,1.283601,1.300254,1.415229,1.481272,1.394258,1.226958,1.488027,1.309394,1.351599,1.372814,1.292840,0.776121,1.077577,0.949202,1.342759,1.378110,1.262539,1.270177,1.272218,1.396061,1.300951,1.170268,1.337614,1.298472
1.889206,1.556727,0.784517,0.295110,0.259158,0.324595,0.313223,1.338054,1.049549,1.887907,0.453348,1.254919,0.792261,1.673645,0.301300,0.706671,1.380663,1.953732,0.349454,0.397460,0.369656,0.343590,0.338341,0.594914,0.311946,1.956347,0.592496,0.636594,1.946471,0.456057,1.359052,0.301300,0.351004,1.816167,0.404831,0.780966,1.136403,1.837181,0.310863,0.295312,0.670088,1.452534,0.000000,0.371514,0.358780,1.036953,0.649464,0.570929,0.445926,1.790677,1.519516,0.456057,0.649464,1.952109,0.440018,0.318525,1.907817,0.766115,0.408189,1.041792,0.414603,1.966254,0.749351,1.557361,0.384009,0.427714,0.305420,0.961239,1.837739,0.323784,0.592496,0.394732,0.452998,0.406382,1.087550,1.150389,1.910297,0.346957,0.379151,1.940701,0.378915,1.941370,1.966635,0.368133,0.319550,0.298615,0.373918,1.007053,1.481976,0.857399,1.962301,0.346909,0.433418,0.413465,0.406382,0.296917,0.368276,0.558602,0.330698,0.401444
1.842635,1.422857,0.587935,0.191121,0.391908,0.205055,0.169030,1.162503,0.832260,1.921288,0.266075,1.172185,0.737433,1.726771,0.216332,0.493143,1.278383,1.958295,0.277975,0.103917,0.094569,0.318405,0.126586,0.766425,0.129311,1.922962,0.354558,0.449035,1.927970,0.208854,1.523078,0.216332,0.196764,1.876901,0.116116,0.583676,0.924288,1.795797,0.303119,0.332996,0.448855,1.298443,0.371514,0.000000,0.151908,0.877886,0.408034,0.359377,0.259332,1.764364,1.481731,0.208854,0.408034,1.897898,0.312289,0.363053,1.878799,0.522818,0.275382,0.855691,0.232569,1.983437,0.515134,1.435370,0.181744,0.249707,0.264096,0.747102,1.805942,0.114411,0.354558,0.185097,0.272942,0.069348,0.888086,0.995860,1.840192,0.143900,0.268824,1.958943,0.336068,1.903140,1.988638,0.359961,0.170773,0.165819,0.086267,0.803529,1.525653,0.647059,1.958930,0.311908,0.099510,0.068748,0.069348,0.241390,0.219547,0.457006,0.108055,0.086890
