0.000000,1.053316,1.581833,1.867607,1.908053,1.863020,1.856836,1.132689,1.417997,0.851235,1.847669,1.558173,1.588910,1.101093,1.854787,1.656889,1.446196,0.710724,1.898607,1.837149,1.840139,1.904709,1.862727,1.914706,1.875978,0.507705,1.722815,1.703306,0.628610,1.788895,1.670857,1.854787,1.864381,0.984441,1.832601,1.598982,1.344555,0.389412,1.891764,1.902103,1.669462,0.914480,1.908896,1.843872,1.840272,1.380219,1.694820,1.713928,1.834873,0.699728,0.809388,1.788895,1.694820,0.528075,1.872246,1.901423,0.511677,1.616136,1.889219,1.397294,1.834050,0.759634,1.602716,0.958283,1.868018,1.835952,1.904515,1.489792,0.620569,1.872644,1.722815,1.864853,1.859319,1.833889,1.355776,1.332039,0.671017,1.843416,1.884292,0.779813,1.877887,0.498850,0.741307,1.881191,1.879293,1.885731,1.849538,1.435095,1.127745,1.532864,0.679152,1.910773,1.819235,1.828924,1.833889,1.892351,1.880749,1.694457,1.867521,1.834975
1.053316,0.000000,1.021294,1.419409,1.522477,1.415750,1.399673,0.666621,0.860940,1.431538,1.364214,1.285801,1.203896,1.412217,1.385152,1.089892,1.216089,1.360422,1.492590,1.356419,1.360903,1.481219,1.411064,1.701119,1.432698,1.262592,1.166239,1.170319,1.300456,1.270338,1.823513,1.385152,1.418457,1.511924,1.347481,1.089779,0.731312,1.099769,1.484047,1.508066,1.103216,0.773276,1.533007,1.376881,1.372411,0.809652,1.120599,1.197156,1.355005,1.092035,1.063996,1.270338,1.120599,1.149717,1.419393,1.489498,1.143008,1.020261,1.483670,0.933873,1.387964,1.426126,1.098788,0.832470,1.408281,1.355772,1.484716,0.877577,1.088193,1.436204,1.166239,1.389258,1.399073,1.347352,0.774986,0.856073,1.160682,1.363458,1.457060,1.438089,1.444632,1.156671,1.443092,1.514197,1.436703,1.462302,1.380511,0.956746,1.314308,0.948382,1.348879,1.537964,1.329600,1.345196,1.347352,1.461720,1.418967,1.148540,1.428748,1.360328
1.581833,1.021294,0.000000,0.701147,0.839995,0.697720,0.665637,0.740441,0.506916,1.849805,0.679494,1.145667,0.521034,1.711735,0.633565,0.348488,1.146216,1.850044,0.834989,0.597922,0.619273,0.844908,0.687820,1.189258,0.699338,1.772241,0.294786,0.427411,1.797511,0.442391,1.639334,0.633565,0.664995,1.813224,0.587275,0.424281,0.460484,1.651849,0.794094,0.828023,0.189836,1.062858,0.849244,0.615775,0.602403,0.463378,0.272744,0.310404,0.641735,1.475878,1.251000,0.442391,0.272744,1.720613,0.757412,0.849539,1.606557,0.283955,0.838541,0.406130,0.640855,1.880980,0.430089,1.124885,0.663783,0.651796,0.795577,0.251481,1.625679,0.707104,0.294786,0.664366,0.716500,0.590962,0.404315,0.547410,1.680748,0.612969,0.768896,1.876540,0.792344,1.689796,1.893259,0.797717,0.713135,0.742639,0.633977,0.594851,1.456611,0.131574,1.819449,0.852205,0.569509,0.581703,0.590962,0.761125,0.702126,0.347953,0.694729,0.614522
1.867607,1.419409,0.701147,0.000000,0.254323,0.081061,0.080983,1.235885,0.915366,1.928807,0.278910,1.043155,0.845097,1.769505,0.136421,0.581169,1.143788,1.972453,0.213855,0.194341,0.190184,0.365006,0.171439,0.726055,0.171544,1.963771,0.459869,0.512290,1.932907,0.326480,1.402886,0.136421,0.208726,1.865479,0.203602,0.700281,1.015394,1.886737,0.194607,0.216077,0.568525,1.469300,0.282302,0.180432,0.208075,0.992720,0.506375,0.441001,0.250167,1.746575,1.560320,0.326480,0.506375,1.913830,0.305973,0.320015,1.868382,0.632091,0.264659,0.927833,0.216541,1.968309,0.651755,1.535841,0.242766,0.277099,0.217440,0.844216,1.871971,0.170444,0.459869,0.253303,0.282762,0.197583,1.001876,1.034868,1.859478,0.140254,0.214858,1.959500,0.347204,1.914673,1.985569,0.323380,0.183045,0.181120,0.173145,0.943067,1.653096,0.761916,1.957671,0.315069,0.228149,0.209821,0.197583,0.205153,0.279248,0.557159,0.171962,0.203632
1.908053,1.522477,0.839995,0.254323,0.000000,0.255682,0.306197,1.361091,1.069944,1.897602,0.402438,1.122466,0.864091,1.722505,0.264037,0.723048,1.242451,1.962554,0.263621,0.371427,0.372017,0.377587,0.329688,0.544441,0.266589,1.976765,0.623572,0.634485,1.950190,0.493598,1.255342,0.264037,0.291073,1.804953,0.382535,0.828311,1.161500,1.924377,0.197323,0.186882,0.724134,1.584791,0.191170,0.354038,0.389128,1.110803,0.673124,0.602649,0.375566,1.764341,1.626198,0.493598,0.673124,1.955952,0.402251,0.357421,1.882645,0.803799,0.356663,1.064731,0.416141,1.951808,0.797632,1.578633,0.337645,0.396042,0.241791,0.989298,1.885879,0.296206,0.623572,0.379776,0.399604,0.385759,1.134498,1.145113,1.916755,0.347378,0.285626,1.939489,0.363495,1.948060,1.963619,0.289753,0.269055,0.258048,0.341904,1.092645,1.602344,0.908567,1.948896,0.270356,0.423402,0.397641,0.385759,0.261584,0.360669,0.656578,0.309889,0.397806
1.863020,1.415750,0.697720,0.081061,0.255682,0.000000,0.136209,1.225664,0.910609,1.929841,0.266623,1.046720,0.839041,1.773254,0.139173,0.573989,1.143997,1.970532,0.240699,0.206312,0.191383,0.384723,0.173275,0.735480,0.192562,1.962188,0.461065,0.505923,1.933676,0.334913,1.408142,0.139173,0.223325,1.866880,0.214026,0.691657,1.008542,1.884312,0.162952,0.196629,0.568548,1.461543,0.297022,0.197911,0.226864,0.985371,0.504048,0.444220,0.210253,1.745143,1.552345,0.334913,0.504048,1.910569,0.317422,0.326179,1.864861,0.628660,0.285364,0.918829,0.236296,1.968239,0.646816,1.522086,0.249213,0.246020,0.227173,0.839420,1.874777,0.187949,0.461065,0.272649,0.283244,0.211188,0.994999,1.021837,1.859990,0.169162,0.203602,1.959281,0.327272,1.914594,1.983927,0.329232,0.200313,0.198509,0.185615,0.941607,1.650883,0.757149,1.954811,0.333305,0.236901,0.222894,0.211188,0.210164,0.297257,0.562945,0.188077,0.213544
1.856836,1.399673,0.665637,0.080983,0.306197,0.136209,0.000000,1.211942,0.884880,1.932629,0.286865,1.058858,0.833099,1.773356,0.147625,0.552310,1.153335,1.972394,0.240776,0.173680,0.167198,0.364576,0.164580,0.757484,0.177660,1.957868,0.419096,0.488426,1.930831,0.286355,1.423078,0.147625,0.200559,1.874376,0.181509,0.681439,0.984109,1.877299,0.248942,0.270543,0.528570,1.450123,0.304976,0.153672,0.170931,0.959889,0.467878,0.401458,0.255693,1.741488,1.543617,0.286355,0.467878,1.908754,0.317234,0.337747,1.861652,0.595746,0.283569,0.894942,0.173148,1.970762,0.621050,1.519323,0.227249,0.274226,0.245676,0.809036,1.865104,0.171334,0.419096,0.225649,0.297025,0.168390,0.972498,1.006978,1.850186,0.088646,0.255796,1.962263,0.362137,1.905225,1.988081,0.349397,0.192718,0.194291,0.158759,0.920748,1.654375,0.728114,1.958377,0.334709,0.194079,0.177036,0.168390,0.229348,0.259053,0.519634,0.166778,0.173390
1.132689,0.666621,0.740441,1.235885,1.361091,1.225664,1.211942,0.000000,0.503759,1.547740,1.205934,1.182470,0.998304,1.487443,1.198613,0.787018,1.111990,1.526598,1.332638,1.153808,1.155427,1.340592,1.213577,1.616760,1.246886,1.403828,0.930732,0.879952,1.409108,1.053915,1.803756,1.198613,1.225217,1.585950,1.143478,0.829291,0.381082,1.238965,1.322825,1.350968,0.858096,0.656750,1.380910,1.177358,1.168581,0.482574,0.868557,0.940548,1.184268,1.114922,1.061525,1.053915,0.868557,1.288152,1.276445,1.332903,1.233334,0.756751,1.323359,0.593588,1.178970,1.563495,0.790699,0.801380,1.233002,1.193072,1.315582,0.595069,1.222551,1.248192,0.930732,1.215804,1.235468,1.148895,0.407251,0.441187,1.293512,1.169693,1.288541,1.569024,1.311057,1.280097,1.583550,1.327741,1.246218,1.281045,1.180220,0.719430,1.313385,0.635436,1.470572,1.384851,1.122824,1.144767,1.148895,1.284229,1.259855,0.935632,1.235546,1.160412
1.417997,0.860940,0.506916,0.915366,1.069944,0.910609,0.884880,0.503759,0.000000,1.724294,0.899440,1.050831,0.853662,1.609248,0.887287,0.518657,1.026590,1.733718,1.022485,0.827959,0.829772,1.042931,0.890739,1.375365,0.934005,1.646679,0.637468,0.602038,1.637780,0.741982,1.743396,0.887287,0.902994,1.733984,0.816084,0.506552,0.410723,1.499989,1.025122,1.053346,0.587811,0.844272,1.083142,0.856637,0.847971,0.454778,0.584322,0.628024,0.879520,1.349149,1.232184,0.741982,0.584322,1.536294,0.975322,1.027075,1.494806,0.517045,1.017655,0.449360,0.862388,1.755222,0.502242,1.076124,0.927810,0.880184,0.998701,0.459278,1.473735,0.927902,0.637468,0.901821,0.930673,0.828888,0.398728,0.369009,1.502211,0.836619,0.987788,1.751199,1.004099,1.530672,1.777006,1.021649,0.924952,0.962484,0.856391,0.562924,1.462250,0.414413,1.696076,1.075224,0.801662,0.825447,0.828888,0.964609,0.955925,0.668569,0.916597,0.838158
0.851235,1.431538,1.849805,1.928807,1.897602,1.929841,1.932629,1.547740,1.724294,0.000000,1.935534,1.619582,1.775321,0.513043,1.936172,1.847476,1.600156,0.549183,1.907846,1.934677,1.932839,1.895598,1.932057,1.743328,1.921910,0.620866,1.913855,1.853397,0.650286,1.932052,1.285245,1.936172,1.920208,0.445817,1.934672,1.818531,1.716879,0.804675,1.925097,1.923566,1.898390,1.425066,1.903638,1.937186,1.944135,1.703945,1.899294,1.908129,1.939550,0.858888,1.364926,1.932052,1.899294,0.782692,1.922740,1.910386,0.754192,1.876511,1.917496,1.745731,1.947219,0.453083,1.853621,1.311083,1.932270,1.940551,1.918926,1.800288,0.700022,1.930885,1.913855,1.930485,1.925421,1.937248,1.711345,1.656915,0.829161,1.933767,1.928457,0.252653,1.922468,0.677087,0.452738,1.890398,1.919355,1.925101,1.931655,1.781963,1.040351,1.821284,0.501824,1.908214,1.940183,1.940275,1.937248,1.923213,1.927051,1.867594,1.931293,1.943297
1.847669,1.364214,0.679494,0.278910,0.402438,0.266623,0.286865,1.205934,0.899440,1.935534,0.000000,1.034985,0.853147,1.786650,0.279017,0.596560,1.122477,1.961262,0.338808,0.276899,0.255552,0.417304,0.266304,0.817321,0.288217,1.952452,0.439313,0.552311,1.925766,0.318034,1.466761,0.279017,0.284682,1.892010,0.279703,0.697302,0.972922,1.871549,0.291806,0.311165,0.535440,1.453033,0.447496,0.258949,0.257030,0.977609,0.489942,0.458518,0.223613,1.762888,1.542260,0.318034,0.489942,1.887441,0.214991,0.392875,1.875499,0.582202,0.322372,0.915844,0.307654,1.963116,0.663766,1.512082,0.294965,0.243446,0.310026,0.806943,1.859244,0.274143,0.439313,0.306883,0.189134,0.259508,0.971494,1.037619,1.834264,0.267193,0.213136,1.958159,0.314482,1.901975,1.981939,0.436835,0.289216,0.290034,0.267878,0.930378,1.667376,0.737823,1.946618,0.389891,0.272115,0.264046,0.259508,0.291786,0.323695,0.572894,0.283591,0.259378
1.558173,1.285801,1.145667,1.043155,1.122466,1.046720,1.058858,1.182470,1.050831,1.619582,1.034985,0.000000,1.329167,1.544593,1.081524,1.088846,0.263510,1.666938,1.047140,1.053794,1.047741,1.170133,1.049774,1.315056,1.083278,1.633928,1.082770,1.089862,1.524435,1.056702,1.605116,1.081524,1.099814,1.636811,1.051655,0.988354,1.158782,1.606837,1.085599,1.087797,1.102831,1.225476,1.178827,1.068351,1.048157,1.250344,1.081256,1.093820,1.085579,1.431253,1.496952,1.056702,1.081256,1.495518,1.013464,1.075108,1.619823,1.070720,0.996727,1.173453,1.057871,1.618523,1.053287,1.555924,1.153283,1.113901,1.054800,1.151397,1.530980,1.062938,1.082770,1.124652,0.990533,1.057551,1.182762,1.243565,1.469967,1.063562,1.029082,1.625648,1.163712,1.600705,1.662818,1.034546,1.067250,1.075758,1.061084,0.970595,1.620935,1.126700,1.608317,1.130678,1.054972,1.062269,1.057551,1.046722,1.166958,1.204940,1.059725,1.052349
1.588910,1.203896,0.521034,0.845097,0.864091,0.839041,0.833099,0.998304,0.853662,1.775321,0.853147,1.329167,0.000000,1.631896,0.770245,0.711952,1.330444,1.821419,0.950724,0.793851,0.828486,0.951067,0.862154,1.080430,0.824572,1.746577,0.642877,0.729213,1.806009,0.705775,1.443789,0.770245,0.781854,1.668367,0.791425,0.619243,0.786030,1.681348,0.870324,0.895994,0.598580,1.212678,0.861497,0.797233,0.807570,0.763506,0.656931,0.636542,0.807170,1.419722,1.250824,0.705775,0.656931,1.773266,0.896464,0.986159,1.538248,0.682665,0.976432,0.674569,0.849164,1.836618,0.764276,1.159854,0.773506,0.812817,0.899077,0.631991,1.609673,0.849680,0.642877,0.820534,0.867291,0.796971,0.684913,0.781096,1.737440,0.806882,0.880573,1.811897,0.876346,1.692396,1.829453,0.845039,0.847665,0.859443,0.814625,0.870301,1.294947,0.584577,1.766488,0.895362,0.799543,0.790023,0.796971,0.881728,0.816762,0.545654,0.845400,0.827970
1.101093,1.412217,1.711735,1.769505,1.722505,1.773254,1.773356,1.487443,1.609248,0.513043,1.786650,1.544593,1.631896,0.000000,1.776372,1.683331,1.583110,0.923718,1.747373,1.778999,1.775121,1.729894,1.774973,1.563891,1.751322,0.998073,1.762019,1.676754,1.004882,1.772198,1.119584,1.776372,1.744320,0.567403,1.779673,1.675631,1.628230,1.085612,1.769275,1.769251,1.757557,1.485556,1.735518,1.779662,1.792937,1.578628,1.748990,1.756674,1.787737,0.883540,1.472135,1.772198,1.748990,1.127757,1.772109,1.753439,0.954289,1.750191,1.769770,1.620445,1.811273,0.858044,1.717411,1.262307,1.774774,1.792223,1.754333,1.679203,0.889876,1.770517,1.762019,1.773791,1.773612,1.781316,1.606825,1.525970,1.156964,1.772156,1.778016,0.729526,1.770674,0.969844,0.873998,1.721333,1.748974,1.760842,1.773500,1.720304,0.960597,1.691300,0.855961,1.741818,1.792206,1.788160,1.781316,1.761604,1.767161,1.690915,1.771470,1.797858
1.854787,1.385152,0.633565,0.136421,0.264037,0.139173,0.147625,1.198613,0.887287,1.936172,0.279017,1.081524,0.770245,1.776372,0.000000,0.530063,1.172065,1.970811,0.299304,0.178544,0.190312,0.385669,0.200968,0.758189,0.186765,1.958517,0.395833,0.466353,1.937140,0.270395,1.416370,0.000000,0.198256,1.871632,0.183851,0.661665,0.963134,1.881035,0.229541,0.255715,0.500532,1.446273,0.298386,0.171866,0.192931,0.933302,0.446393,0.386503,0.220802,1.734416,1.539444,0.270395,0.446393,1.914787,0.342472,0.362775,1.853527,0.575978,0.344045,0.880783,0.233793,1.972289,0.600752,1.491400,0.220082,0.250964,0.251533,0.780692,1.860498,0.198037,0.395833,0.242358,0.318709,0.182317,0.944993,0.987808,1.863918,0.149508,0.260891,1.966827,0.345578,1.908744,1.988371,0.347272,0.203907,0.213124,0.175742,0.913907,1.625973,0.700918,1.954046,0.341986,0.207859,0.189024,0.182317,0.228101,0.263853,0.478702,0.197919,0.201574
1.656889,1.089892,0.348488,0.581169,0.723048,0.573989,0.552310,0.787018,0.518657,1.847476,0.596560,1.088846,0.711952,1.683331,0.530063,0.000000,1.137900,1.882043,0.703823,0.479456,0.484923,0.717032,0.557146,1.096849,0.577686,1.823596,0.293597,0.129571,1.824541,0.393661,1.592085,0.530063,0.564763,1.814412,0.468002,0.517764,0.573956,1.701063,0.695054,0.729464,0.319887,1.173999,0.747381,0.509743,0.517223,0.505603,0.227302,0.306643,0.558728,1.551128,1.393874,0.393661,0.227302,1.760156,0.682020,0.697137,1.690802,0.342625,0.723871,0.569488,0.554254,1.898080,0.377801,1.201396,0.584688,0.573154,0.669187,0.428268,1.661125,0.590875,0.293597,0.565711,0.638142,0.481623,0.550704,0.572626,1.727039,0.497392,0.667126,1.890391,0.704394,1.747208,1.913155,0.701308,0.577484,0.624001,0.506311,0.709116,1.489485,0.338920,1.853322,0.758885,0.461517,0.482321,0.481623,0.636624,0.615970,0.355345,0.580306,0.505493
1.446196,1.216089,1.146216,1.143788,1.242451,1.143997,1.153335,1.111990,1.026590,1.600156,1.122477,0.263510,1.330444,1.583110,1.172065,1.137900,0.000000,1.606689,1.166945,1.140052,1.138373,1.284446,1.147728,1.444496,1.190449,1.540868,1.127724,1.159995,1.440222,1.125392,1.694645,1.172065,1.203054,1.639470,1.136172,0.997190,1.105383,1.512949,1.189205,1.193541,1.125239,1.089892,1.287049,1.157346,1.131834,1.233818,1.120333,1.137975,1.167158,1.372361,1.381884,1.125392,1.120333,1.382017,1.112443,1.192773,1.536619,1.077610,1.107431,1.139743,1.132011,1.569169,1.071044,1.500883,1.238349,1.191272,1.172149,1.129472,1.463494,1.164687,1.127724,1.211783,1.083413,1.143342,1.136185,1.220705,1.351434,1.153538,1.129540,1.579309,1.258059,1.499909,1.605359,1.148389,1.178667,1.183982,1.154135,0.900243,1.626689,1.117294,1.545061,1.247452,1.132304,1.143438,1.143342,1.157624,1.257137,1.254550,1.159308,1.133627
0.710724,1.360422,1.850044,1.972453,1.962554,1.970532,1.972394,1.526598,1.733718,0.549183,1.961262,1.666938,1.821419,0.923718,1.970811,1.882043,1.606689,0.000000,1.966666,1.967259,1.969039,1.956599,1.973742,1.858716,1.974699,0.469105,1.926862,1.902312,0.461429,1.955474,1.468921,1.970811,1.974209,0.764064,1.966033,1.850203,1.686392,0.624556,1.968331,1.967578,1.898440,1.314914,1.968832,1.971864,1.972495,1.701576,1.912075,1.924963,1.959701,0.934637,1.252441,1.955474,1.912075,0.542630,1.961699,1.959550,0.673066,1.869358,1.964202,1.755675,1.966479,0.415859,1.861145,1.254104,1.973788,1.957886,1.973669,1.785634,0.710251,1.976216,1.926862,1.969251,1.962391,1.967510,1.698078,1.678370,0.723463,1.970121,1.969115,0.452280,1.957858,0.580666,0.336840,1.963985,1.972071,1.977085,1.970017,1.720751,1.142371,1.819710,0.424813,1.969907,1.963679,1.967059,1.967510,1.972287,1.971587,1.903298,1.974966,1.968076
1.898607,1.492590,0.834989,0.213855,0.263621,0.240699,0.240776,1.332638,1.022485,1.907846,0.338808,1.047140,0.950724,1.747373,0.299304,0.703823,1.166945,1.966666,0.000000,0.309386,0.292264,0.320913,0.235605,0.621699,0.226347,1.972971,0.595155,0.622012,1.929729,0.451109,1.347791,0.299304,0.270902,1.839714,0.319963,0.808765,1.140310,1.909144,0.251630,0.239574,0.702224,1.561606,0.302091,0.288117,0.310568,1.107768,0.644504,0.571631,0.377244,1.782395,1.615339,0.451109,0.644504,1.929631,0.281227,0.291387,1.903296,0.766352,0.160339,1.049631,0.313839,1.953892,0.768123,1.604166,0.317466,0.384720,0.190039,0.980716,1.889718,0.218858,0.595155,0.320215,0.284381,0.317209,1.128871,1.141442,1.877330,0.286347,0.217944,1.941610,0.374767,1.940732,1.974016,0.303365,0.217282,0.194917,0.273276,1.059345,1.674776,0.895038,1.958120,0.278141,0.347688,0.330130,0.317209,0.200753,0.321842,0.689113,0.231243,0.310266
1.837149,1.356419,0.597922,0.194341,0.371427,0.206312,0.173680,1.153808,0.827959,1.934677,0.276899,1.053794,0.793851,1.778999,0.178544,0.479456,1.140052,1.967259,0.309386,0.000000,0.127394,0.382409,0.159199,0.808629,0.152198,1.948874,0.347674,0.424660,1.924714,0.224356,1.468687,0.178544,0.202216,1.883823,0.020853,0.617099,0.923602,1.868478,0.321479,0.343857,0.456190,1.408130,0.390896,0.087692,0.152031,0.897816,0.393322,0.335751,0.266357,1.733235,1.532371,0.224356,0.393322,1.897287,0.321765,0.348866,1.854259,0.532262,0.334247,0.842025,0.193228,1.973911,0.559010,1.473235,0.238263,0.272383,0.255951,0.744039,1.849217,0.167924,0.347674,0.214278,0.296813,0.068410,0.910094,0.948098,1.838827,0.136805,0.282722,1.963192,0.376183,1.897314,1.989243,0.365113,0.168117,0.204222,0.056997,0.878164,1.638166,0.660147,1.956366,0.365102,0.101027,0.087990,0.068410,0.222788,0.259572,0.472380,0.162355,0.117241
1.840139,1.360903,0.619273,0.190184,0.372017,0.191383,0.167198,1.155427,0.829772,1.932839,0.255552,1.047741,0.828486,1.775121,0.190312,0.484923,1.138373,1.969039,0.292264,0.127394,0.000000,0.360930,0.087349,0.823047,0.177285,1.946973,0.365141,0.424820,1.923625,0.237669,1.471238,0.190312,0.177884,1.885856,0.129871,0.634640,0.931434,1.869188,0.306888,0.328317,0.478023,1.419438,0.396023,0.097453,0.137354,0.899226,0.407420,0.354735,0.242873,1.742137,1.544792,0.237669,0.407420,1.893548,0.323189,0.329003,1.864085,0.538963,0.312577,0.848039,0.180983,1.971884,0.565505,1.479243,0.233737,0.263250,0.246684,0.760447,1.850150,0.142994,0.365141,0.205055,0.291931,0.104534,0.922945,0.953505,1.837353,0.126713,0.265310,1.962014,0.373284,1.899102,1.989561,0.378628,0.177408,0.186103,0.112971,0.895745,1.647323,0.676058,1.958661,0.362873,0.104031,0.106999,0.104534,0.213988,0.254527,0.495565,0.130013,0.080565
1.904709,1.481219,0.844908,0.365006,0.377587,0.384723,0.364576,1.340592,1.042931,1.895598,0.417304,1.170133,0.951067,1.729894,0.385669,0.717032,1.284446,1.956599,0.320913,0.382409,0.360930,0.000000,0.321520,0.692501,0.311860,1.958370,0.610051,0.644794,1.935904,0.489397,1.329706,0.385669,0.328766,1.842889,0.391079,0.848042,1.145954,1.911779,0.398148,0.390282,0.712578,1.575373,0.382871,0.358237,0.380792,1.096328,0.655336,0.611592,0.445725,1.818383,1.653116,0.489397,0.655336,1.930912,0.392203,0.326554,1.919496,0.793398,0.359005,1.056947,0.406124,1.949163,0.796965,1.593794,0.285974,0.436636,0.297586,0.982223,1.878696,0.307304,0.610051,0.255511,0.428307,0.382428,1.130635,1.141098,1.870032,0.367316,0.384145,1.931560,0.405990,1.925032,1.968598,0.421064,0.306378,0.287873,0.349458,1.108538,1.653604,0.903884,1.956037,0.310185,0.404960,0.391846,0.382428,0.315630,0.220467,0.690518,0.319355,0.377125
1.862727,1.411064,0.687820,0.171439,0.329688,0.173275,0.164580,1.213577,0.890739,1.932057,0.266304,1.049774,0.862154,1.774973,0.200968,0.557146,1.147728,1.973742,0.235605,0.159199,0.087349,0.321520,0.000000,0.774057,0.147521,1.957253,0.436699,0.491685,1.929701,0.301126,1.438488,0.200968,0.165739,1.880072,0.167852,0.677331,0.998615,1.889718,0.268729,0.281852,0.547566,1.460668,0.348811,0.119791,0.165036,0.965773,0.481629,0.425643,0.259240,1.762066,1.570276,0.301126,0.481629,1.908893,0.301390,0.290528,1.882582,0.610940,0.257142,0.906496,0.191566,1.972107,0.622467,1.521276,0.223603,0.274796,0.188443,0.829706,1.872198,0.091663,0.436699,0.200311,0.279150,0.146597,0.988815,1.011571,1.851792,0.154215,0.230861,1.960924,0.350625,1.916371,1.989171,0.340449,0.145526,0.128614,0.124822,0.947409,1.662590,0.746573,1.962935,0.312846,0.162436,0.152920,0.146597,0.162912,0.235846,0.557252,0.077508,0.119720
1.914706,1.701119,1.189258,0.726055,0.544441,0.735480,0.757484,1.616760,1.375365,1.743328,0.817321,1.315056,1.080430,1.563891,0.758189,1.096849,1.444496,1.858716,0.621699,0.808629,0.823047,0.692501,0.774057,0.000000,0.696152,1.919013,1.028672,1.003154,1.901994,0.917983,0.942908,0.758189,0.717383,1.607204,0.819670,1.161804,1.481759,1.905654,0.651632,0.629848,1.107101,1.771857,0.561080,0.797872,0.830514,1.394654,1.076726,0.997594,0.821142,1.754814,1.708242,0.917983,1.076726,1.951937,0.764050,0.709243,1.841964,1.199147,0.716754,1.375688,0.844459,1.830548,1.166814,1.664305,0.752432,0.813165,0.657343,1.335348,1.843625,0.734389,1.028672,0.792029,0.783005,0.830350,1.441235,1.405597,1.931621,0.796052,0.706203,1.806473,0.696752,1.920202,1.831689,0.608646,0.697534,0.687169,0.778251,1.402765,1.509745,1.257527,1.852336,0.592026,0.867882,0.842252,0.830350,0.689320,0.750876,0.998962,0.750713,0.844034
1.875978,1.432698,0.699338,0.171544,0.266589,0.192562,0.177660,1.246886,0.934005,1.921910,0.288217,1.083278,0.824572,1.751322,0.186765,0.577686,1.190449,1.974699,0.226347,0.152198,0.177285,0.311860,0.147521,0.696152,0.000000,1.967296,0.452976,0.504061,1.944010,0.313979,1.384280,0.186765,0.133229,1.856157,0.168597,0.701998,1.029381,1.903501,0.252725,0.264955,0.562978,1.492656,0.292100,0.129183,0.201784,0.989765,0.504039,0.440958,0.292374,1.753289,1.584813,0.313979,0.504039,1.932342,0.295437,0.300236,1.876816,0.643510,0.284906,0.932024,0.248695,1.972219,0.663081,1.523222,0.217579,0.300954,0.161954,0.848962,1.871612,0.112883,0.452976,0.214066,0.290286,0.159646,1.010868,1.035040,1.876493,0.179766,0.236763,1.957906,0.335501,1.927490,1.987469,0.295887,0.078890,0.109426,0.110925,0.980588,1.626820,0.767620,1.961800,0.250577,0.208551,0.177881,0.159646,0.154291,0.224316,0.534016,0.122879,0.191921
0.507705,1.262592,1.772241,1.963771,1.976765,1.962188,1.957868,1.403828,1.646679,0.620866,1.952452,1.633928,1.746577,0.998073,1.958517,1.823596,1.540868,0.469105,1.972971,1.948874,1.946973,1.958370,1.957253,1.919013,1.967296,0.000000,1.873697,1.856020,0.440676,1.918629,1.557629,1.958517,1.962208,0.815616,1.946758,1.776514,1.578190,0.520765,1.973046,1.976046,1.834531,1.165619,1.973095,1.951802,1.948135,1.609043,1.852670,1.874075,1.947177,0.831627,1.092350,1.918629,1.852670,0.435473,1.960418,1.962953,0.585927,1.799032,1.964872,1.631524,1.943607,0.480423,1.791382,1.179346,1.958995,1.947027,1.977816,1.692099,0.563011,1.963710,1.873697,1.951723,1.956113,1.946427,1.590836,1.580609,0.565537,1.950383,1.968462,0.489311,1.956694,0.421913,0.425579,1.955988,1.968615,1.969664,1.954361,1.636412,1.147185,1.734894,0.456951,1.973136,1.937395,1.943405,1.946427,1.974580,1.957930,1.854754,1.960779,1.944236
1.722815,1.166239,0.294786,0.459869,0.623572,0.461065,0.419096,0.930732,0.637468,1.913855,0.439313,1.082770,0.642877,1.762019,0.395833,0.293597,1.127724,1.926862,0.595155,0.347674,0.365141,0.610051,0.436699,1.028672,0.452976,1.873697,0.000000,0.317384,1.876773,0.174134,1.574938,0.395833,0.430438,1.876843,0.337212,0.479244,0.658539,1.768942,0.565002,0.598442,0.128849,1.235057,0.632625,0.362752,0.341782,0.648320,0.098070,0.152519,0.410219,1.625146,1.397516,0.174134,0.098070,1.814879,0.523964,0.610122,1.751295,0.280096,0.597365,0.599567,0.395118,1.942245,0.419631,1.302035,0.430215,0.423056,0.551816,0.450147,1.746776,0.459197,0.000000,0.418764,0.486824,0.334077,0.641363,0.736377,1.767066,0.360101,0.532286,1.941391,0.570259,1.803732,1.960020,0.594388,0.467097,0.497963,0.382209,0.696907,1.562827,0.365962,1.903729,0.624230,0.315352,0.327018,0.334077,0.519261,0.463224,0.295340,0.447418,0.359799
1.703306,1.170319,0.427411,0.512290,0.634485,0.505923,0.488426,0.879952,0.602038,1.853397,0.552311,1.089862,0.729213,1.676754,0.466353,0.129571,1.159995,1.902312,0.622012,0.424660,0.424820,0.644794,0.491685,1.003154,0.504061,1.856020,0.317384,0.000000,1.853824,0.367179,1.530693,0.466353,0.491704,1.805898,0.415088,0.562268,0.688003,1.740043,0.623731,0.656269,0.375798,1.254726,0.668487,0.452607,0.466742,0.593376,0.281523,0.304516,0.516818,1.584318,1.442966,0.367179,0.281523,1.802066,0.630734,0.621889,1.726637,0.425717,0.657592,0.653990,0.508896,1.911717,0.415240,1.254113,0.527992,0.534167,0.592112,0.541056,1.692245,0.522544,0.317384,0.513089,0.586786,0.432835,0.658607,0.648603,1.774376,0.438522,0.599749,1.903049,0.648562,1.788970,1.926779,0.615442,0.499845,0.548879,0.443855,0.778896,1.490101,0.440116,1.874986,0.679537,0.419043,0.436408,0.432835,0.562249,0.560530,0.360220,0.514234,0.456982
0.628610,1.300456,1.797511,1.932907,1.950190,1.933676,1.930831,1.409108,1.637780,0.650286,1.925766,1.524435,1.806009,1.004882,1.937140,1.824541,1.440222,0.461429,1.929729,1.924714,1.923625,1.935904,1.929701,1.901994,1.944010,0.440676,1.876773,1.853824,0.000000,1.910073,1.577089,1.937140,1.946140,0.836604,1.922403,1.770117,1.594672,0.601890,1.947252,1.947115,1.846197,1.199284,1.955398,1.930503,1.925448,1.645530,1.854951,1.878429,1.929886,0.869760,1.180043,1.910073,1.854951,0.405745,1.922918,1.930683,0.695393,1.796046,1.915607,1.666277,1.916070,0.520231,1.778184,1.293587,1.947112,1.930328,1.945268,1.714891,0.661796,1.937040,1.876773,1.936027,1.920092,1.923337,1.614502,1.611579,0.560032,1.927935,1.935952,0.529230,1.942818,0.527619,0.490853,1.943850,1.941707,1.943747,1.930133,1.630869,1.289233,1.753204,0.524351,1.955929,1.915098,1.922189,1.923337,1.941148,1.944475,1.878151,1.933774,1.920359
1.788895,1.270338,0.442391,0.326480,0.493598,0.334913,0.286355,1.053915,0.741982,1.932052,0.318034,1.056702,0.705775,1.772198,0.270395,0.393661,1.125392,1.955474,0.451109,0.224356,0.237669,0.489397,0.301126,0.917983,0.313979,1.918629,0.174134,0.367179,1.910073,0.000000,1.513365,0.270395,0.292747,1.887941,0.217693,0.540246,0.798956,1.826228,0.432504,0.460936,0.281078,1.332116,0.509090,0.225533,0.185836,0.783770,0.250135,0.201825,0.309127,1.681165,1.462587,0.000000,0.250135,1.863701,0.391865,0.481311,1.808862,0.395693,0.455985,0.716382,0.270410,1.960580,0.479711,1.395976,0.313180,0.330939,0.406330,0.602611,1.802942,0.316866,0.174134,0.296641,0.358592,0.205360,0.784845,0.857973,1.812552,0.230633,0.393645,1.960884,0.462962,1.855657,1.982460,0.467640,0.327494,0.353914,0.252023,0.780957,1.601979,0.517415,1.933615,0.483079,0.197746,0.199573,0.205360,0.375984,0.344323,0.359720,0.307360,0.231860
1.670857,1.823513,1.639334,1.402886,1.255342,1.408142,1.423078,1.803756,1.743396,1.285245,1.466761,1.605116,1.443789,1.119584,1.416370,1.592085,1.694645,1.468921,1.347791,1.468687,1.471238,1.329706,1.438488,0.942908,1.384280,1.557629,1.574938,1.530693,1.577089,1.513365,0.000000,1.416370,1.388838,1.104509,1.476045,1.637679,1.785420,1.633596,1.337877,1.324644,1.615420,1.846373,1.246379,1.453875,1.468637,1.704496,1.601056,1.556673,1.460382,1.521457,1.665914,1.513365,1.601056,1.686423,1.421774,1.381884,1.525418,1.675644,1.386257,1.700633,1.483130,1.401334,1.609461,1.636251,1.400210,1.467710,1.356913,1.714214,1.524668,1.407621,1.574938,1.433809,1.439013,1.478916,1.744394,1.677787,1.729412,1.448648,1.386673,1.382621,1.378721,1.560650,1.376621,1.292578,1.387801,1.375654,1.449466,1.735069,1.251656,1.681688,1.455423,1.285844,1.504809,1.485617,1.478916,1.380426,1.393033,1.504245,1.416176,1.489531
1.854787,1.385152,0.633565,0.136421,0.264037,0.139173,0.147625,1.198613,0.887287,1.936172,0.279017,1.081524,0.770245,1.776372,0.000000,0.530063,1.172065,1.970811,0.299304,0.178544,0.190312,0.385669,0.200968,0.758189,0.186765,1.958517,0.395833,0.466353,1.937140,0.270395,1.416370,0.000000,0.198256,1.871632,0.183851,0.661665,0.963134,1.881035,0.229541,0.255715,0.500532,1.446273,0.298386,0.171866,0.192931,0.933302,0.446393,0.386503,0.220802,1.734416,1.539444,0.270395,0.446393,1.914787,0.342472,0.362775,1.853527,0.575978,0.344045,0.880783,0.233793,1.972289,0.600752,1.491400,0.220082,0.250964,0.251533,0.780692,1.860498,0.198037,0.395833,0.242358,0.318709,0.182317,0.944993,0.987808,1.863918,0.149508,0.260891,1.966827,0.345578,1.908744,1.988371,0.347272,0.203907,0.213124,0.175742,0.913907,1.625973,0.700918,1.954046,0.341986,0.207859,0.189024,0.182317,0.228101,0.263853,0.478702,0.197919,0.201574
1.864381,1.418457,0.664995,0.208726,0.291073,0.223325,0.200559,1.225217,0.902994,1.920208,0.284682,1.099814,0.781854,1.744320,0.198256,0.564763,1.203054,1.974209,0.270902,0.202216,0.177884,0.328766,0.165739,0.717383,0.133229,1.962208,0.430438,0.491704,1.946140,0.292747,1.388838,0.198256,0.000000,1.852160,0.212953,0.667536,1.003524,1.897410,0.275332,0.290461,0.535714,1.474044,0.311923,0.153568,0.202089,0.958603,0.486358,0.414624,0.274739,1.739305,1.569084,0.292747,0.486358,1.931750,0.321014,0.339973,1.865561,0.617161,0.322146,0.894444,0.264765,1.970294,0.644458,1.499649,0.199537,0.284637,0.198455,0.821161,1.862334,0.141865,0.430438,0.217636,0.310199,0.191740,0.980881,1.002921,1.877081,0.183551,0.263900,1.958204,0.328329,1.921434,1.988120,0.314338,0.136511,0.138994,0.173198,0.960822,1.599075,0.736968,1.957929,0.244693,0.226305,0.198452,0.191740,0.188850,0.219732,0.496339,0.151191,0.209422
0.984441,1.511924,1.813224,1.865479,1.804953,1.866880,1.874376,1.585950,1.733984,0.445817,1.892010,1.636811,1.668367,0.567403,1.871632,1.814412,1.639470,0.764064,1.839714,1.883823,1.885856,1.842889,1.880072,1.607204,1.856157,0.815616,1.876843,1.805898,0.836604,1.887941,1.104509,1.871632,1.852160,0.000000,1.885109,1.779530,1.737712,0.975665,1.854241,1.853211,1.866636,1.499366,1.814600,1.883891,1.897639,1.698336,1.868263,1.864930,1.890730,0.837093,1.384946,1.887941,1.868263,1.012717,1.867847,1.859378,0.797675,1.865554,1.864236,1.731581,1.906112,0.690906,1.829376,1.322122,1.872468,1.893994,1.853681,1.793347,0.788227,1.871446,1.876843,1.886370,1.870625,1.889722,1.706014,1.632985,1.124964,1.881270,1.868898,0.576255,1.863481,0.919077,0.617034,1.808743,1.855228,1.859714,1.878764,1.783663,0.927015,1.797474,0.714044,1.831023,1.898511,1.893921,1.889722,1.860859,1.874610,1.809648,1.872934,1.900842
1.832601,1.347481,0.587275,0.203602,0.382535,0.214026,0.181509,1.143478,0.816084,1.934672,0.279703,1.051655,0.791425,1.779673,0.183851,0.468002,1.136172,1.966033,0.319963,0.020853,0.129871,0.391079,0.167852,0.819670,0.168597,1.946758,0.337212,0.415088,1.922403,0.217693,1.476045,0.183851,0.212953,1.885109,0.000000,0.608826,0.912344,1.864061,0.331728,0.355067,0.445466,1.400221,0.402924,0.098232,0.155638,0.886657,0.381610,0.325671,0.266931,1.730799,1.527361,0.217693,0.381610,1.893532,0.327855,0.354755,1.851925,0.521867,0.342116,0.832722,0.196470,1.973426,0.547868,1.466450,0.245084,0.273294,0.268060,0.732962,1.845411,0.179598,0.337212,0.221329,0.301220,0.074392,0.899030,0.937660,1.835285,0.141167,0.291412,1.962994,0.383556,1.893820,1.988781,0.373281,0.181403,0.217016,0.074118,0.869682,1.638061,0.648513,1.955714,0.379741,0.098597,0.091244,0.074392,0.232951,0.267752,0.466661,0.173222,0.119766
1.598982,1.089779,0.424281,0.700281,0.828311,0.691657,0.681439,0.829291,0.506552,1.818531,0.697302,0.988354,0.619243,1.675631,0.661665,0.517764,0.997190,1.850203,0.808765,0.617099,0.634640,0.848042,0.677331,1.161804,0.701998,1.776514,0.479244,0.562268,1.770117,0.540246,1.637679,0.661665,0.667536,1.779530,0.608826,0.000000,0.621820,1.692795,0.781071,0.806429,0.448073,1.057660,0.846678,0.638172,0.637180,0.676558,0.469972,0.484001,0.662650,1.443874,1.312615,0.540246,0.469972,1.717070,0.746241,0.823737,1.617715,0.457546,0.799285,0.487152,0.669779,1.863342,0.511055,1.249841,0.696723,0.660276,0.762838,0.494109,1.631578,0.697376,0.479244,0.687330,0.701993,0.619618,0.577091,0.654642,1.661902,0.639999,0.752759,1.843693,0.777497,1.704551,1.879265,0.754202,0.703013,0.727241,0.645385,0.603772,1.508500,0.429440,1.804216,0.828839,0.607577,0.615585,0.619618,0.733021,0.731244,0.543716,0.687689,0.638391
1.344555,0.731312,0.460484,1.015394,1.161500,1.008542,0.984109,0.381082,0.410723,1.716879,0.972922,1.158782,0.786030,1.628230,0.963134,0.573956,1.105383,1.686392,1.140310,0.923602,0.931434,1.145954,0.998615,1.481759,1.029381,1.578190,0.658539,0.688003,1.594672,0.798956,1.785420,0.963134,1.003524,1.737712,0.912344,0.621820,0.000000,1.429176,1.107362,1.139174,0.573758,0.772446,1.171255,0.944511,0.933184,0.363780,0.595397,0.689936,0.943806,1.298456,1.118800,0.798956,0.595397,1.484850,1.058243,1.137848,1.413105,0.460041,1.128206,0.410804,0.949388,1.728408,0.610078,0.938797,0.999707,0.951979,1.110943,0.258520,1.419247,1.029131,0.658539,0.985208,1.018350,0.912265,0.164983,0.442642,1.445059,0.935671,1.075147,1.729956,1.089687,1.463772,1.745149,1.138121,1.036536,1.067561,0.956840,0.557185,1.405188,0.356548,1.645679,1.180642,0.884960,0.904807,0.912265,1.078022,1.028564,0.676611,1.016105,0.927024
0.389412,1.099769,1.651849,1.886737,1.924377,1.884312,1.877299,1.238965,1.499989,0.804675,1.871549,1.606837,1.681348,1.085612,1.881035,1.701063,1.512949,0.624556,1.909144,1.868478,1.869188,1.911779,1.889718,1.905654,1.903501,0.520765,1.768942,1.740043,0.601890,1.826228,1.633596,1.881035,1.897410,0.975665,1.864061,1.692795,1.429176,0.000000,1.909309,1.917717,1.724536,1.047531,1.924567,1.875503,1.868698,1.450016,1.742430,1.761057,1.863304,0.833127,0.846848,1.826228,1.742430,0.500277,1.887849,1.898707,0.589342,1.681722,1.901621,1.510337,1.860594,0.680286,1.674818,1.036640,1.890742,1.865059,1.925277,1.566170,0.662581,1.899402,1.768942,1.887858,1.878402,1.865989,1.447507,1.424306,0.648287,1.867876,1.901615,0.730442,1.896338,0.483393,0.678220,1.912571,1.904988,1.910573,1.878589,1.520140,1.175771,1.604000,0.646322,1.931730,1.852092,1.862183,1.865989,1.915713,1.901570,1.749295,1.895071,1.864378
1.891764,1.484047,0.794094,0.194607,0.197323,0.162952,0.248942,1.322825,1.025122,1.925097,0.291806,1.085599,0.870324,1.769275,0.229541,0.695054,1.189205,1.968331,0.251630,0.321479,0.306888,0.398148,0.268729,0.651632,0.252725,1.973046,0.565002,0.623731,1.947252,0.432504,1.337877,0.229541,0.275332,1.854241,0.331728,0.781071,1.107362,1.909309,0.000000,0.072642,0.665783,1.531138,0.250171,0.296867,0.321001,1.087124,0.615968,0.554508,0.252518,1.772806,1.580273,0.432504,0.615968,1.933486,0.329069,0.340662,1.883695,0.731551,0.299405,1.007710,0.337167,1.961635,0.759865,1.573549,0.296515,0.287806,0.235006,0.935701,1.898134,0.252740,0.565002,0.341207,0.313875,0.321420,1.093503,1.124256,1.884082,0.288033,0.191778,1.952975,0.295247,1.935514,1.975951,0.322286,0.262245,0.236415,0.294610,1.025265,1.649096,0.862515,1.955099,0.298479,0.352390,0.329541,0.321420,0.244073,0.336785,0.642294,0.263871,0.321068
1.902103,1.508066,0.828023,0.216077,0.186882,0.196629,0.270543,1.350968,1.053346,1.923566,0.311165,1.087797,0.895994,1.769251,0.255715,0.729464,1.193541,1.967578,0.239574,0.343857,0.328317,0.390282,0.281852,0.629848,0.264955,1.976046,0.598442,0.656269,1.947115,0.460936,1.324644,0.255715,0.290461,1.853211,0.355067,0.806429,1.139174,1.917717,0.072642,0.000000,0.697979,1.552070,0.248624,0.317367,0.337893,1.118052,0.650451,0.585324,0.296558,1.787447,1.599610,0.460936,0.650451,1.937082,0.330133,0.331534,1.896040,0.765092,0.288224,1.039433,0.352575,1.959406,0.784721,1.594387,0.319432,0.319362,0.225341,0.969910,1.906894,0.262285,0.598442,0.355448,0.321224,0.344807,1.125857,1.156546,1.888075,0.312741,0.186752,1.951053,0.302321,1.941216,1.973881,0.320313,0.270176,0.239842,0.313880,1.047962,1.658888,0.895936,1.955206,0.283798,0.375266,0.352496,0.344807,0.241005,0.348030,0.675534,0.274417,0.339939
1.669462,1.103216,0.189836,0.568525,0.724134,0.568548,0.528570,0.858096,0.587811,1.898390,0.535440,1.102831,0.598580,1.757557,0.500532,0.319887,1.125239,1.898440,0.702224,0.456190,0.478023,0.712578,0.547566,1.107101,0.562978,1.834531,0.128849,0.375798,1.846197,0.281078,1.615420,0.500532,0.535714,1.866636,0.445466,0.448073,0.573758,1.724536,0.665783,0.697979,0.000000,1.161111,0.731197,0.472429,0.448392,0.580121,0.145996,0.203590,0.508130,1.576461,1.336508,0.281078,0.145996,1.775250,0.616461,0.714242,1.700653,0.239279,0.699238,0.522796,0.495023,1.920346,0.414103,1.239383,0.530869,0.517767,0.659201,0.357774,1.705249,0.568034,0.128849,0.521692,0.579643,0.444240,0.551282,0.678299,1.728474,0.471786,0.633252,1.922006,0.662620,1.759033,1.937809,0.685073,0.577720,0.606598,0.493030,0.637471,1.533386,0.272308,1.872164,0.724282,0.422323,0.434595,0.444240,0.625605,0.563846,0.306718,0.555519,0.467027
0.914480,0.773276,1.062858,1.469300,1.584791,1.461543,1.450123,0.656750,0.844272,1.425066,1.453033,1.225476,1.212678,1.485556,1.446273,1.173999,1.089892,1.314914,1.561606,1.408130,1.419438,1.575373,1.460668,1.771857,1.492656,1.165619,1.235057,1.254726,1.199284,1.332116,1.846373,1.446273,1.474044,1.499366,1.400221,1.057660,0.772446,1.047531,1.531138,1.552070,1.161111,0.000000,1.582430,1.426154,1.417986,0.916711,1.193892,1.241757,1.423007,0.978485,0.915281,1.332116,1.193892,1.053255,1.504612,1.550349,1.031603,1.094123,1.540456,0.861029,1.416976,1.365055,1.111637,0.963537,1.480179,1.428825,1.536411,0.934363,1.107608,1.479107,1.235057,1.466304,1.475883,1.403640,0.802052,0.859279,1.041268,1.419556,1.517771,1.385051,1.524354,1.063120,1.373786,1.529459,1.493993,1.508217,1.433786,0.771607,1.267242,0.992812,1.260102,1.577725,1.380150,1.396213,1.403640,1.515678,1.502574,1.249369,1.469549,1.407258
1.908896,1.533007,0.849244,0.282302,0.191170,0.297022,0.304976,1.380910,1.083142,1.903638,0.447496,1.178827,0.861497,1.735518,0.298386,0.747381,1.287049,1.968832,0.302091,0.390896,0.396023,0.382871,0.348811,0.561080,0.292100,1.973095,0.632625,0.668487,1.955398,0.509090,1.246379,0.298386,0.311923,1.814600,0.402924,0.846678,1.171255,1.924567,0.250171,0.248624,0.731197,1.582430,0.000000,0.365087,0.402582,1.117537,0.682926,0.620973,0.404727,1.775130,1.608794,0.509090,0.682926,1.963178,0.433557,0.402370,1.881520,0.814773,0.373399,1.060679,0.413082,1.957313,0.804809,1.600310,0.327276,0.411520,0.284724,0.992443,1.902198,0.310046,0.632625,0.367281,0.443368,0.398361,1.144614,1.148824,1.907563,0.343194,0.352125,1.940502,0.379332,1.940400,1.964638,0.338327,0.310633,0.279007,0.363029,1.103054,1.620742,0.921425,1.952892,0.275813,0.434280,0.406284,0.398361,0.310149,0.337746,0.645264,0.322734,0.408030
1.843872,1.376881,0.615775,0.180432,0.354038,0.197911,0.153672,1.177358,0.856637,1.937186,0.258949,1.068351,0.797233,1.779662,0.171866,0.509743,1.157346,1.971864,0.288117,0.087692,0.097453,0.358237,0.119791,0.797872,0.129183,1.951802,0.362752,0.452607,1.930503,0.225533,1.453875,0.171866,0.153568,1.883891,0.098232,0.638172,0.944511,1.875503,0.296867,0.317367,0.472429,1.426154,0.365087,0.000000,0.122300,0.916393,0.414608,0.351458,0.254685,1.740329,1.533898,0.225533,0.414608,1.906384,0.303685,0.342332,1.860992,0.546957,0.309567,0.851588,0.175868,1.975803,0.581700,1.487231,0.210944,0.270540,0.235576,0.763338,1.857298,0.115362,0.362752,0.191926,0.284639,0.057038,0.932034,0.973021,1.846520,0.120182,0.261009,1.965488,0.367921,1.904331,1.992167,0.356546,0.153067,0.159985,0.075453,0.896733,1.639035,0.682445,1.961025,0.330011,0.089675,0.057783,0.057038,0.208193,0.229825,0.478725,0.107565,0.079948
