0.000000,1.132115,1.689409,1.903211,1.928551,1.891607,1.897020,1.232864,1.441682,0.835240,1.880027,1.630126,1.730166,1.109156,1.888020,1.737261,1.507988,0.576472,1.922455,1.874422,1.882076,1.936531,1.900082,1.915737,1.912252,0.495563,1.796464,1.767059,0.577206,1.851144,1.591219,1.888020,1.910496,0.971892,1.869744,1.627339,1.442668,0.242288,1.909999,1.921787,1.757756,0.948573,1.945211,1.886248,1.891876,1.445259,1.767197,1.799807,1.862554,0.610720,0.696512,1.851144,1.767197,0.456848,1.907290,1.923637,0.442677,1.692051,1.915273,1.485703,1.884177,0.655794,1.710973,0.958175,1.898466,1.863025,1.929216,1.591006,0.689695,1.909892,1.796464,1.901288,1.888953,1.874932,1.489077,1.398127,0.684039,1.883812,1.904312,0.741402,1.903641,0.519342,0.631537,1.895347,1.914811,1.920949,1.886509,1.486928,1.127203,1.644549,0.564972,1.945865,1.861637,1.871317,1.874932,1.921605,1.914268,1.773220,1.906913,1.876697
1.132115,0.000000,1.087043,1.394669,1.490519,1.387020,1.373503,0.627825,0.805835,1.446240,1.357211,1.285713,1.300797,1.392443,1.366863,1.107831,1.212430,1.385474,1.457172,1.336790,1.349087,1.488154,1.397746,1.688499,1.418421,1.284170,1.193477,1.169449,1.294452,1.286343,1.792697,1.366863,1.410807,1.507887,1.327799,1.050669,0.730873,1.112997,1.449376,1.476704,1.145643,0.759996,1.508156,1.359352,1.383998,0.839372,1.140483,1.235235,1.337170,1.094079,1.070312,1.286343,1.140483,1.132640,1.422744,1.481563,1.173032,1.006247,1.446363,0.932425,1.386434,1.421316,1.109654,0.772970,1.397152,1.329589,1.468621,0.909026,1.105495,1.417973,1.193477,1.389273,1.389453,1.332268,0.827931,0.854102,1.150995,1.335496,1.429900,1.462889,1.414074,1.178952,1.437014,1.482929,1.420485,1.444277,1.364623,0.860508,1.339742,1.006490,1.330035,1.518056,1.313402,1.328502,1.332268,1.455384,1.417627,1.127700,1.412501,1.345061
1.689409,1.087043,0.000000,0.657081,0.762501,0.641887,0.619857,0.811851,0.682816,1.840992,0.652920,1.215300,0.487556,1.655405,0.574387,0.326648,1.242017,1.873956,0.774617,0.578281,0.597672,0.835319,0.658601,1.163224,0.664422,1.815831,0.279291,0.379966,1.843561,0.415504,1.596770,0.574387,0.635955,1.804803,0.570314,0.498652,0.537069,1.691235,0.709166,0.751007,0.181963,1.211917,0.775965,0.588862,0.575773,0.519711,0.270361,0.293122,0.580333,1.588779,1.393232,0.415504,0.270361,1.751133,0.767933,0.877592,1.667380,0.388582,0.802061,0.524367,0.608795,1.896470,0.349958,1.139718,0.634628,0.582381,0.748860,0.295780,1.660061,0.669120,0.279291,0.655217,0.698283,0.572789,0.398620,0.607588,1.707258,0.576330,0.709648,1.887191,0.715597,1.702624,1.899089,0.775347,0.682841,0.700180,0.609987,0.699234,1.399398,0.137028,1.825019,0.805315,0.556332,0.563886,0.572789,0.718046,0.680917,0.304775,0.660723,0.597192
1.903211,1.394669,0.657081,0.000000,0.237096,0.086557,0.089809,1.214888,0.976787,1.916431,0.287261,0.993296,0.790803,1.732755,0.135046,0.530115,1.115467,1.972352,0.211761,0.216273,0.194939,0.309347,0.186517,0.738459,0.197325,1.970079,0.424914,0.471606,1.942507,0.297282,1.444266,0.135046,0.212265,1.857563,0.222487,0.718373,0.987159,1.901314,0.178846,0.195043,0.521683,1.530059,0.282583,0.196224,0.198713,0.982663,0.474471,0.413453,0.269752,1.819492,1.677862,0.297282,0.474471,1.915212,0.291754,0.331202,1.902427,0.608932,0.275044,0.947181,0.221776,1.979720,0.590707,1.531130,0.202528,0.286567,0.209185,0.803611,1.841186,0.176354,0.424914,0.230767,0.272799,0.221578,0.939612,1.053400,1.862950,0.136840,0.199415,1.962811,0.322487,1.908963,1.983206,0.357275,0.192412,0.181473,0.201142,0.984844,1.600507,0.706875,1.968298,0.337638,0.245641,0.233332,0.221578,0.193351,0.228963,0.522436,0.184882,0.221529
1.928551,1.490519,0.762501,0.237096,0.000000,0.261001,0.291415,1.332822,1.103724,1.874304,0.418812,1.040196,0.772163,1.678591,0.246805,0.661894,1.186611,1.964586,0.283105,0.397339,0.377008,0.299138,0.344088,0.577370,0.295314,1.976173,0.559881,0.585798,1.958044,0.434999,1.322677,0.246805,0.285871,1.793289,0.408950,0.837967,1.124534,1.929035,0.214349,0.189373,0.645025,1.614331,0.220773,0.367852,0.342116,1.088875,0.621570,0.531103,0.406912,1.827154,1.727879,0.434999,0.621570,1.954559,0.393068,0.363479,1.905228,0.776151,0.383060,1.074444,0.383560,1.963349,0.737130,1.578920,0.315444,0.423274,0.247816,0.936628,1.854774,0.308169,0.559881,0.349646,0.402802,0.404369,1.058199,1.149124,1.910528,0.342569,0.303630,1.930957,0.381448,1.936812,1.959414,0.312684,0.287155,0.268939,0.364511,1.107914,1.531731,0.828726,1.967483,0.287769,0.440687,0.418259,0.404369,0.260640,0.311952,0.624339,0.324106,0.411908
1.891607,1.387020,0.641887,0.086557,0.261001,0.000000,0.134950,1.192803,0.955197,1.921815,0.269860,0.981687,0.787697,1.741325,0.141756,0.516059,1.096262,1.971242,0.237476,0.207582,0.186205,0.340636,0.177904,0.770193,0.208030,1.965288,0.411095,0.461858,1.940392,0.287736,1.461257,0.141756,0.229465,1.865673,0.212413,0.690172,0.967382,1.893524,0.146748,0.179337,0.506440,1.507357,0.322208,0.190634,0.193548,0.965574,0.458491,0.402225,0.230968,1.817068,1.660418,0.287736,0.458491,1.905825,0.305537,0.351839,1.898408,0.590021,0.286483,0.921692,0.214165,1.978848,0.574756,1.511187,0.220718,0.262321,0.216670,0.785991,1.844278,0.179064,0.411095,0.248214,0.268370,0.211757,0.921817,1.033941,1.858411,0.156465,0.181585,1.966026,0.317888,1.904452,1.982256,0.354052,0.204575,0.191581,0.195504,0.967586,1.595970,0.689863,1.963600,0.359925,0.229871,0.222276,0.211757,0.197706,0.253862,0.527456,0.186417,0.209396
1.897020,1.373503,0.619857,0.089809,0.291415,0.134950,0.000000,1.190443,0.951327,1.917624,0.291020,1.005635,0.775428,1.735089,0.143583,0.497288,1.120027,1.972286,0.228864,0.187827,0.169348,0.326870,0.174710,0.764499,0.198038,1.964708,0.383218,0.445724,1.936264,0.256111,1.468937,0.143583,0.203401,1.863313,0.192166,0.698613,0.954982,1.893037,0.231892,0.254095,0.480893,1.506316,0.301695,0.168954,0.159932,0.952203,0.433170,0.375008,0.261292,1.815322,1.663215,0.256111,0.433170,1.907484,0.303030,0.358636,1.895548,0.573302,0.285766,0.915232,0.172749,1.981232,0.550747,1.514723,0.184256,0.265722,0.237892,0.765962,1.833817,0.174632,0.383218,0.205470,0.280188,0.190202,0.906960,1.026524,1.845163,0.081650,0.232930,1.962571,0.322240,1.897957,1.986673,0.379150,0.200265,0.193231,0.180984,0.958946,1.600878,0.670266,1.965503,0.350594,0.210168,0.199545,0.190202,0.216309,0.213438,0.483304,0.173970,0.190545
1.232864,0.627825,0.811851,1.214888,1.332822,1.192803,1.190443,0.000000,0.437187,1.587652,1.174203,1.180819,1.120877,1.492252,1.173562,0.826015,1.101782,1.535618,1.295275,1.137126,1.150130,1.352162,1.207874,1.616547,1.242954,1.448357,0.955562,0.896058,1.454379,1.069746,1.818103,1.173562,1.236152,1.622028,1.124495,0.745433,0.377688,1.239947,1.274305,1.308716,0.899225,0.754765,1.368672,1.168023,1.185961,0.505214,0.888936,0.991296,1.137459,1.173397,1.096981,1.069746,0.888936,1.275594,1.264684,1.328000,1.283332,0.747754,1.290027,0.603355,1.189528,1.582929,0.818595,0.745398,1.215051,1.131343,1.301673,0.628880,1.256650,1.239430,0.955562,1.218850,1.203573,1.137586,0.477677,0.425362,1.308677,1.141678,1.243355,1.614002,1.247915,1.323540,1.584287,1.308864,1.246498,1.273299,1.170822,0.711339,1.327604,0.702965,1.463555,1.378319,1.108831,1.132293,1.137586,1.277637,1.257580,0.931574,1.229681,1.149454
1.441682,0.805835,0.682816,0.976787,1.103724,0.955197,0.951327,0.437187,0.000000,1.711720,0.951900,1.049944,1.052102,1.578696,0.935587,0.632621,1.014764,1.692195,1.050458,0.893199,0.902782,1.108197,0.959201,1.436112,1.003676,1.637860,0.757596,0.694113,1.598160,0.850484,1.793332,0.935587,0.992257,1.722709,0.880684,0.475869,0.417807,1.439136,1.049495,1.078029,0.724034,0.919987,1.155582,0.927704,0.950393,0.479462,0.694193,0.789836,0.907305,1.379312,1.255187,0.850484,0.694193,1.474930,1.028574,1.082046,1.491323,0.583991,1.048021,0.495075,0.953816,1.728501,0.640401,0.975892,0.965689,0.882454,1.058287,0.549368,1.462459,0.997335,0.757596,0.964664,0.973250,0.895965,0.486289,0.381470,1.461823,0.899613,1.012596,1.744893,0.998052,1.520695,1.738697,1.080437,1.001542,1.031365,0.925326,0.671312,1.430341,0.581543,1.645571,1.135946,0.867474,0.893427,0.895965,1.035219,1.009611,0.762830,0.988433,0.906764
0.835240,1.446240,1.840992,1.916431,1.874304,1.921815,1.917624,1.587652,1.711720,0.000000,1.931692,1.654443,1.756944,0.527630,1.912977,1.855580,1.644744,0.613515,1.899663,1.928796,1.932113,1.874557,1.930800,1.700930,1.911597,0.664118,1.898154,1.852221,0.758233,1.914914,1.201483,1.912977,1.908646,0.445983,1.929371,1.826999,1.743420,0.835033,1.918374,1.913988,1.881586,1.415205,1.878325,1.933838,1.925584,1.694782,1.893138,1.892701,1.934682,0.796590,1.278230,1.914914,1.893138,0.874132,1.912928,1.892094,0.718057,1.883698,1.915379,1.770887,1.928903,0.609839,1.853615,1.288520,1.916247,1.929253,1.906887,1.816378,0.757833,1.927675,1.898154,1.915032,1.923249,1.933944,1.739552,1.647997,0.916944,1.921487,1.922211,0.275300,1.915727,0.776266,0.487277,1.861997,1.912975,1.918493,1.924561,1.765891,1.035736,1.825621,0.705051,1.880510,1.940014,1.938783,1.933944,1.914376,1.910468,1.851513,1.929728,1.943175
1.880027,1.357211,0.652920,0.287261,0.418812,0.269860,0.291020,1.174203,0.951900,1.931692,0.000000,0.946602,0.810769,1.760616,0.310276,0.557124,1.042577,1.965638,0.330139,0.262483,0.256144,0.419795,0.267867,0.836488,0.291835,1.950760,0.424130,0.529871,1.931219,0.314447,1.505262,0.310276,0.311069,1.889931,0.264390,0.693092,0.935004,1.882136,0.289864,0.316632,0.511531,1.473150,0.459132,0.243104,0.267577,0.979823,0.463650,0.443179,0.193682,1.827631,1.635855,0.314447,0.463650,1.879335,0.230460,0.426193,1.902025,0.543368,0.326979,0.919730,0.298476,1.967749,0.614381,1.501607,0.273874,0.233274,0.314537,0.759356,1.848732,0.257984,0.424130,0.297028,0.171322,0.250612,0.912898,1.050121,1.828308,0.266302,0.207212,1.965889,0.286159,1.889221,1.978165,0.418961,0.289797,0.276382,0.267161,0.931690,1.602988,0.697654,1.940347,0.406994,0.257141,0.249930,0.250612,0.308477,0.301597,0.556253,0.267670,0.247468
1.630126,1.285713,1.215300,0.993296,1.040196,0.981687,1.005635,1.180819,1.049944,1.654443,0.946602,0.000000,1.397172,1.541168,1.024020,1.084144,0.293125,1.689210,0.969288,1.008973,1.007505,1.027012,1.006427,1.190917,1.035871,1.702715,1.100696,1.075879,1.602847,1.065518,1.580095,1.024020,1.058027,1.664356,1.004290,1.009179,1.167687,1.636828,1.009394,1.011764,1.141270,1.381631,1.113231,1.030773,1.035448,1.248450,1.091353,1.130055,0.969690,1.603245,1.608931,1.065518,1.091353,1.539928,0.960817,0.937986,1.708339,1.028034,0.961992,1.267721,1.019162,1.670580,1.089331,1.467057,1.040554,0.979361,1.004883,1.188772,1.591255,1.024141,1.100696,1.033639,0.953692,1.019438,1.231539,1.249897,1.565426,1.002468,0.975916,1.687415,1.015043,1.676869,1.684206,0.961880,1.018036,1.029039,1.014324,1.101304,1.566293,1.187513,1.669544,1.084822,1.018069,1.028484,1.019438,1.008161,1.049559,1.172723,1.026121,1.018122
1.730166,1.300797,0.487556,0.790803,0.772163,0.787697,0.775428,1.120877,1.052102,1.756944,0.810769,1.397172,0.000000,1.550540,0.705202,0.666936,1.449707,1.857949,0.886798,0.781375,0.789858,0.892123,0.816758,1.033700,0.775545,1.798390,0.577584,0.660952,1.877281,0.625483,1.344799,0.705202,0.729740,1.674147,0.783206,0.827006,0.896822,1.739945,0.784673,0.812943,0.540298,1.394608,0.759257,0.762228,0.725598,0.838041,0.618871,0.553182,0.757845,1.590895,1.458831,0.625483,0.618871,1.827234,0.886529,0.986773,1.644954,0.774748,0.935876,0.852711,0.780246,1.857939,0.721560,1.237433,0.759510,0.772335,0.828409,0.682892,1.670454,0.791854,0.577584,0.793664,0.844480,0.775473,0.738266,0.893738,1.789673,0.766680,0.827105,1.819435,0.821551,1.718105,1.845968,0.812113,0.797393,0.793607,0.787452,0.985054,1.249754,0.582975,1.810926,0.813444,0.784059,0.769839,0.775473,0.811829,0.781758,0.533877,0.792184,0.799085
1.109156,1.392443,1.655405,1.732755,1.678591,1.741325,1.735089,1.492252,1.578696,0.527630,1.760616,1.541168,1.550540,0.000000,1.724887,1.660335,1.591932,1.010928,1.724516,1.754082,1.757378,1.688227,1.758242,1.532193,1.723847,1.038660,1.705909,1.648489,1.099639,1.721478,1.069451,1.724887,1.713681,0.598074,1.755852,1.646568,1.612283,1.126938,1.739265,1.736778,1.692812,1.449195,1.690476,1.757696,1.743837,1.545084,1.705649,1.704701,1.762895,0.871773,1.408150,1.721478,1.705649,1.187105,1.742841,1.731688,0.946605,1.721676,1.755745,1.631807,1.761924,1.005182,1.674546,1.251511,1.733066,1.760918,1.721849,1.650983,0.894322,1.749044,1.705909,1.732212,1.751587,1.760073,1.578475,1.496214,1.216583,1.738123,1.746824,0.763964,1.750037,1.036989,0.909363,1.672632,1.726591,1.735902,1.747468,1.648987,0.951859,1.645101,1.058861,1.690444,1.773820,1.768869,1.760073,1.731918,1.724986,1.645632,1.753921,1.779559
1.888020,1.366863,0.574387,0.135046,0.246805,0.141756,0.143583,1.173562,0.935587,1.912977,0.310276,1.024020,0.705202,1.724887,0.000000,0.476192,1.134741,1.970756,0.295849,0.234596,0.220599,0.371555,0.234666,0.771759,0.235791,1.960100,0.352424,0.421667,1.943337,0.231683,1.460671,0.000000,0.220204,1.854133,0.239306,0.665050,0.933825,1.887769,0.209057,0.234847,0.441437,1.489119,0.312638,0.212922,0.186006,0.927381,0.411455,0.339859,0.249509,1.796286,1.648260,0.231683,0.411455,1.909273,0.356126,0.407336,1.877545,0.563064,0.358522,0.895268,0.233136,1.977299,0.540338,1.487724,0.213318,0.262504,0.267115,0.737461,1.833922,0.223394,0.352424,0.249970,0.321964,0.233917,0.874038,0.994959,1.856217,0.162159,0.257480,1.960717,0.325627,1.895301,1.981884,0.370364,0.239300,0.232713,0.229310,0.934160,1.550228,0.633474,1.958487,0.364653,0.253753,0.240596,0.233917,0.245460,0.253692,0.450380,0.227604,0.243911
1.737261,1.107831,0.326648,0.530115,0.661894,0.516059,0.497288,0.826015,0.632621,1.855580,0.557124,1.084144,0.666936,1.660335,0.476192,0.000000,1.146428,1.902168,0.640343,0.455475,0.459937,0.698502,0.526643,1.078807,0.550434,1.858794,0.263984,0.113673,1.859376,0.362019,1.592646,0.476192,0.539413,1.809750,0.445477,0.490900,0.589946,1.738212,0.616999,0.655637,0.291539,1.271563,0.683188,0.482970,0.490877,0.559197,0.202684,0.301122,0.514892,1.632822,1.508594,0.362019,0.202684,1.777153,0.649754,0.722805,1.735532,0.360415,0.670564,0.589382,0.524861,1.919170,0.333258,1.228465,0.534087,0.514445,0.628704,0.411925,1.669875,0.556431,0.263984,0.543442,0.579214,0.459313,0.509392,0.627903,1.744845,0.448111,0.595197,1.909039,0.629916,1.762348,1.918666,0.689986,0.557484,0.588535,0.483821,0.770456,1.470628,0.304962,1.859877,0.714276,0.442295,0.459651,0.459313,0.600202,0.577600,0.319883,0.546161,0.481638
1.507988,1.212430,1.242017,1.115467,1.186611,1.096262,1.120027,1.101782,1.014764,1.644744,1.042577,0.293125,1.449707,1.591932,1.134741,1.146428,0.000000,1.615375,1.107362,1.106013,1.109347,1.180496,1.116980,1.355124,1.159480,1.602973,1.164194,1.157911,1.515159,1.150551,1.680440,1.134741,1.180960,1.684007,1.098683,1.017813,1.117613,1.517990,1.128289,1.137115,1.186956,1.236192,1.251160,1.129973,1.134892,1.223615,1.145740,1.193938,1.054819,1.545370,1.470516,1.150551,1.145740,1.406451,1.078951,1.077264,1.622550,1.041535,1.087912,1.236323,1.109153,1.602145,1.129111,1.378938,1.149786,1.063175,1.139648,1.181731,1.539988,1.138379,1.164194,1.145784,1.058962,1.114322,1.208889,1.223495,1.438699,1.109943,1.091944,1.648239,1.122469,1.570143,1.625083,1.087569,1.145011,1.152256,1.120078,1.036461,1.563066,1.203409,1.579086,1.226964,1.101364,1.117001,1.114322,1.135948,1.170049,1.239114,1.137589,1.106875
0.576472,1.385474,1.873956,1.972352,1.964586,1.971242,1.972286,1.535618,1.692195,0.613515,1.965638,1.689210,1.857949,1.010928,1.970756,1.902168,1.615375,0.000000,1.966248,1.969090,1.970673,1.958988,1.973986,1.850419,1.977536,0.434000,1.938602,1.915260,0.384582,1.963697,1.429387,1.970756,1.976778,0.795165,1.967833,1.834844,1.704950,0.552711,1.972152,1.970463,1.916236,1.260445,1.968210,1.973788,1.975925,1.701508,1.923917,1.937696,1.966719,0.788522,1.067512,1.963697,1.923917,0.554096,1.962504,1.955316,0.583915,1.874984,1.956783,1.746186,1.970676,0.410757,1.876564,1.252375,1.971063,1.963378,1.976137,1.811563,0.745258,1.977139,1.938602,1.967471,1.963032,1.969810,1.738823,1.661909,0.733520,1.969192,1.968369,0.465416,1.965027,0.612958,0.328407,1.950383,1.975374,1.978296,1.971428,1.697120,1.233375,1.848163,0.443723,1.967812,1.964538,1.968479,1.969810,1.976454,1.971473,1.911656,1.976481,1.968557
1.922455,1.457172,0.774617,0.211761,0.283105,0.237476,0.228864,1.295275,1.050458,1.899663,0.330139,0.969288,0.886798,1.724516,0.295849,0.640343,1.107362,1.966248,0.000000,0.285009,0.278298,0.242737,0.231136,0.661516,0.216958,1.977056,0.549003,0.579425,1.938589,0.418635,1.419407,0.295849,0.261781,1.837932,0.294441,0.808450,1.090706,1.919018,0.272744,0.264816,0.643107,1.585120,0.308758,0.273802,0.290344,1.076984,0.595678,0.529216,0.367120,1.849799,1.715318,0.418635,0.595678,1.926284,0.237252,0.271382,1.927692,0.723600,0.169118,1.037350,0.289538,1.966722,0.703210,1.582597,0.243798,0.367025,0.192369,0.917568,1.860470,0.216821,0.549003,0.264818,0.262029,0.300716,1.049242,1.135521,1.871653,0.261908,0.233075,1.944247,0.341369,1.933593,1.974352,0.327184,0.197069,0.194807,0.251791,1.076566,1.615947,0.823390,1.963634,0.303565,0.331228,0.317550,0.300716,0.205790,0.240504,0.651086,0.228494,0.301134
1.874422,1.336790,0.578281,0.216273,0.397339,0.207582,0.187827,1.137126,0.893199,1.928796,0.262483,1.008973,0.781375,1.754082,0.234596,0.455475,1.106013,1.969090,0.285009,0.000000,0.145529,0.404915,0.165796,0.843618,0.162933,1.955253,0.345566,0.421542,1.930327,0.241658,1.521496,0.234596,0.224098,1.879946,0.022006,0.632335,0.898528,1.875144,0.305117,0.335761,0.438378,1.466100,0.403819,0.095306,0.192299,0.910970,0.383131,0.347787,0.237630,1.802839,1.626774,0.241658,0.383131,1.886621,0.310686,0.404610,1.884776,0.515712,0.319225,0.849652,0.207304,1.979982,0.523154,1.472618,0.233978,0.226902,0.261425,0.709784,1.834286,0.174566,0.345566,0.244014,0.265710,0.072393,0.857107,0.975442,1.828641,0.149679,0.269210,1.966897,0.314860,1.888651,1.987429,0.442809,0.173622,0.212599,0.056387,0.916069,1.606495,0.623422,1.949332,0.387181,0.109256,0.099589,0.072393,0.235340,0.265452,0.475129,0.173335,0.133982
1.882076,1.349087,0.597672,0.194939,0.377008,0.186205,0.169348,1.150130,0.902782,1.932113,0.256144,1.007505,0.789858,1.757378,0.220599,0.459937,1.109347,1.970673,0.278298,0.145529,0.000000,0.375867,0.087686,0.840029,0.194130,1.956901,0.354845,0.419436,1.928244,0.237367,1.506143,0.220599,0.194005,1.881859,0.149960,0.657193,0.913463,1.882216,0.279019,0.304421,0.457087,1.475130,0.391320,0.102523,0.163359,0.921334,0.392476,0.359198,0.247868,1.812696,1.645999,0.237367,0.392476,1.888657,0.297206,0.390562,1.894537,0.530131,0.289529,0.854859,0.198765,1.975656,0.522432,1.491790,0.206965,0.260956,0.250416,0.728312,1.833105,0.141074,0.354845,0.208819,0.251539,0.113840,0.871654,0.987691,1.831962,0.140467,0.235237,1.971129,0.332909,1.888952,1.987760,0.439395,0.193820,0.187329,0.142242,0.929868,1.622449,0.640240,1.952979,0.366728,0.112376,0.112748,0.113840,0.219749,0.240327,0.484481,0.125193,0.077735
1.936531,1.488154,0.835319,0.309347,0.299138,0.340636,0.326870,1.352162,1.108197,1.874557,0.419795,1.027012,0.892123,1.688227,0.371555,0.698502,1.180496,1.958988,0.242737,0.404915,0.375867,0.000000,0.327252,0.610332,0.309293,1.973295,0.612070,0.632455,1.930305,0.486637,1.361357,0.371555,0.323005,1.806181,0.415933,0.884563,1.151458,1.929974,0.342192,0.318327,0.705210,1.620060,0.309128,0.384172,0.368877,1.139003,0.661177,0.593335,0.458746,1.853555,1.747080,0.486637,0.661177,1.939847,0.336182,0.332968,1.929735,0.800798,0.294848,1.090334,0.386608,1.956008,0.782775,1.621157,0.291307,0.454056,0.261986,0.978066,1.861519,0.314148,0.612070,0.269945,0.374377,0.410867,1.107768,1.181414,1.880796,0.365556,0.322212,1.922376,0.383264,1.939629,1.956611,0.399447,0.298261,0.279805,0.368035,1.151332,1.607287,0.888420,1.963982,0.270870,0.444176,0.427740,0.410867,0.290826,0.230486,0.705441,0.326660,0.408814
1.900082,1.397746,0.658601,0.186517,0.344088,0.177904,0.174710,1.207874,0.959201,1.930800,0.267867,1.006427,0.816758,1.758242,0.234666,0.526643,1.116980,1.973986,0.231136,0.165796,0.087686,0.327252,0.000000,0.795357,0.156420,1.966373,0.418593,0.480438,1.933753,0.288738,1.478040,0.234666,0.171158,1.877615,0.175733,0.704338,0.979577,1.900592,0.249648,0.265973,0.518584,1.515133,0.349560,0.118614,0.166592,0.981765,0.461950,0.414265,0.266346,1.832778,1.668886,0.288738,0.461950,1.904255,0.274313,0.351292,1.911483,0.600822,0.244000,0.911764,0.191456,1.976282,0.583713,1.529758,0.201124,0.278850,0.190793,0.795379,1.853630,0.090204,0.418593,0.196355,0.246318,0.146734,0.937045,1.043165,1.847508,0.174390,0.210240,1.968989,0.317965,1.906457,1.987415,0.410308,0.152920,0.130092,0.139899,0.984588,1.635036,0.706575,1.959379,0.316487,0.164626,0.153688,0.146734,0.163194,0.216101,0.546801,0.071594,0.117878
1.915737,1.688499,1.163224,0.738459,0.577370,0.770193,0.764499,1.616547,1.436112,1.700930,0.836488,1.190917,1.033700,1.532193,0.771759,1.078807,1.355124,1.850419,0.661516,0.843618,0.840029,0.610332,0.795357,0.000000,0.722908,1.901647,1.006923,1.000962,1.885508,0.903175,1.052396,0.771759,0.728852,1.580446,0.856433,1.233978,1.480909,1.914538,0.708327,0.676648,1.075657,1.794334,0.576520,0.824157,0.805382,1.405547,1.061162,0.966908,0.865695,1.819333,1.808357,0.903175,1.061162,1.950650,0.745595,0.675508,1.864076,1.194724,0.748454,1.436225,0.821892,1.844342,1.162633,1.706574,0.757291,0.861943,0.672883,1.325027,1.805499,0.756344,1.006923,0.773521,0.801170,0.856365,1.417656,1.454155,1.910368,0.810876,0.750581,1.768999,0.745577,1.920597,1.820393,0.635117,0.717339,0.706724,0.805076,1.438282,1.452629,1.229328,1.892182,0.594287,0.895671,0.871971,0.856365,0.705297,0.720135,1.013595,0.772682,0.866344
1.912252,1.418421,0.664422,0.197325,0.295314,0.208030,0.198038,1.242954,1.003676,1.911597,0.291835,1.035871,0.775545,1.723847,0.235791,0.550434,1.159480,1.977536,0.216958,0.162933,0.194130,0.309293,0.156420,0.722908,0.000000,1.974421,0.433889,0.496706,1.950592,0.306054,1.430838,0.235791,0.143669,1.846100,0.181657,0.729224,1.014500,1.915060,0.249884,0.264557,0.528833,1.552074,0.295269,0.141351,0.206996,1.005004,0.486607,0.424616,0.292040,1.825540,1.682985,0.306054,0.486607,1.929002,0.284058,0.358823,1.907246,0.641326,0.287434,0.950447,0.245125,1.980666,0.627027,1.532963,0.211655,0.294371,0.156144,0.817438,1.855074,0.116338,0.433889,0.223610,0.271918,0.170721,0.959732,1.067258,1.873002,0.206833,0.239285,1.957533,0.303879,1.920605,1.984716,0.381790,0.071162,0.110083,0.116225,1.023005,1.594380,0.724497,1.962567,0.261094,0.225636,0.194884,0.170721,0.146697,0.205859,0.536755,0.131393,0.210497
0.495563,1.284170,1.815831,1.970079,1.976173,1.965288,1.964708,1.448357,1.637860,0.664118,1.950760,1.702715,1.798390,1.038660,1.960100,1.858794,1.602973,0.434000,1.977056,1.955253,1.956901,1.973295,1.966373,1.901647,1.974421,0.000000,1.896960,1.882831,0.493787,1.935915,1.476679,1.960100,1.971272,0.853632,1.953079,1.792476,1.615641,0.494072,1.969687,1.973141,1.866641,1.112398,1.975240,1.959909,1.961062,1.631873,1.877711,1.905780,1.945186,0.739955,0.965455,1.935915,1.877711,0.431384,1.965500,1.968535,0.519101,1.819770,1.970110,1.662744,1.955803,0.425021,1.821690,1.147666,1.961912,1.942511,1.978550,1.734269,0.653322,1.971043,1.896960,1.959201,1.959780,1.954092,1.654359,1.599516,0.594258,1.957483,1.967181,0.537626,1.952612,0.411777,0.420723,1.946772,1.975719,1.976172,1.961737,1.614349,1.207762,1.784735,0.411009,1.973804,1.945151,1.950648,1.954092,1.977864,1.967159,1.864825,1.969025,1.951900
1.796464,1.193477,0.279291,0.424914,0.559881,0.411095,0.383218,0.955562,0.757596,1.898154,0.424130,1.100696,0.577584,1.705909,0.352424,0.263984,1.164194,1.938602,0.549003,0.345566,0.354845,0.612070,0.418593,1.006923,0.433889,1.896960,0.000000,0.283772,1.901939,0.165492,1.560706,0.352424,0.411834,1.858534,0.338698,0.513974,0.675309,1.796711,0.484298,0.526950,0.121048,1.325924,0.575629,0.349873,0.336227,0.690829,0.101207,0.163604,0.356173,1.710806,1.522254,0.165492,0.101207,1.829400,0.540121,0.662494,1.792441,0.341182,0.573629,0.653888,0.382989,1.949669,0.340413,1.310181,0.404387,0.363506,0.518370,0.438532,1.752434,0.431890,0.000000,0.418208,0.470062,0.332510,0.598125,0.774718,1.773891,0.337294,0.473091,1.944748,0.495019,1.800150,1.958110,0.584248,0.452756,0.466205,0.377189,0.761473,1.498246,0.337889,1.899657,0.589275,0.320849,0.325622,0.332510,0.489268,0.447321,0.256583,0.422939,0.357213
1.767059,1.169449,0.379966,0.471606,0.585798,0.461858,0.445724,0.896058,0.694113,1.852221,0.529871,1.075879,0.660952,1.648489,0.421667,0.113673,1.157911,1.915260,0.579425,0.421542,0.419436,0.632455,0.480438,1.000962,0.496706,1.882831,0.283772,0.000000,1.880178,0.341914,1.546246,0.421667,0.484007,1.796056,0.413846,0.539749,0.682377,1.767704,0.562522,0.597426,0.332416,1.337054,0.615928,0.447206,0.450141,0.622467,0.254761,0.284921,0.493733,1.653498,1.549848,0.341914,0.254761,1.811696,0.606635,0.661528,1.759001,0.431275,0.624344,0.667608,0.489819,1.932349,0.372885,1.273668,0.485805,0.494636,0.567603,0.508929,1.689465,0.508318,0.283772,0.500098,0.542182,0.430631,0.594685,0.684502,1.781861,0.404614,0.545995,1.911360,0.593136,1.795687,1.926435,0.630211,0.500741,0.533267,0.441212,0.836668,1.466703,0.380783,1.882813,0.653065,0.421044,0.435232,0.430631,0.541167,0.529030,0.334912,0.500016,0.453456
0.577206,1.294452,1.843561,1.942507,1.958044,1.940392,1.936264,1.454379,1.598160,0.758233,1.931219,1.602847,1.877281,1.099639,1.943337,1.859376,1.515159,0.384582,1.938589,1.930327,1.928244,1.930305,1.933753,1.885508,1.950592,0.493787,1.901939,1.880178,0.000000,1.928395,1.527339,1.943337,1.949081,0.906607,1.927611,1.771885,1.629942,0.544445,1.951975,1.952318,1.880639,1.160773,1.958326,1.936372,1.940563,1.661732,1.880716,1.908613,1.925750,0.788462,1.031582,1.928395,1.880716,0.443818,1.928789,1.922034,0.641675,1.815136,1.919048,1.670802,1.929565,0.498764,1.816219,1.264172,1.940648,1.919424,1.949991,1.756942,0.751894,1.943092,1.901939,1.932211,1.930204,1.928822,1.683876,1.606419,0.635884,1.930475,1.944173,0.608456,1.932951,0.602784,0.497099,1.946726,1.947507,1.949739,1.936051,1.625477,1.363857,1.807360,0.531124,1.951887,1.920102,1.926906,1.928822,1.946790,1.940080,1.883724,1.940575,1.924679
1.851144,1.286343,0.415504,0.297282,0.434999,0.287736,0.256111,1.069746,0.850484,1.914914,0.314447,1.065518,0.625483,1.721478,0.231683,0.362019,1.150551,1.963697,0.418635,0.241658,0.237367,0.486637,0.288738,0.903175,0.306054,1.935915,0.165492,0.341914,1.928395,0.000000,1.515374,0.231683,0.279957,1.870610,0.239095,0.581951,0.804019,1.850780,0.355997,0.393621,0.261415,1.412994,0.447749,0.229012,0.184758,0.813622,0.243055,0.194656,0.254110,1.766564,1.586198,0.000000,0.243055,1.873640,0.416935,0.535297,1.847049,0.434356,0.447853,0.765464,0.256540,1.968565,0.418688,1.405532,0.284042,0.273074,0.380158,0.582551,1.801984,0.297113,0.165492,0.296423,0.354411,0.225199,0.736062,0.890003,1.815340,0.218619,0.344072,1.960656,0.388370,1.849857,1.978310,0.484712,0.323181,0.327866,0.262914,0.843882,1.539162,0.481106,1.932999,0.457121,0.226371,0.221531,0.225199,0.352393,0.324241,0.338224,0.290295,0.246008
1.591219,1.792697,1.596770,1.444266,1.322677,1.461257,1.468937,1.818103,1.793332,1.201483,1.505262,1.580095,1.344799,1.069451,1.460671,1.592646,1.680440,1.429387,1.419407,1.521496,1.506143,1.361357,1.478040,1.052396,1.430838,1.476679,1.560706,1.546246,1.527339,1.515374,0.000000,1.460671,1.418242,1.032479,1.530580,1.671914,1.784615,1.604938,1.399890,1.382585,1.585916,1.825397,1.307935,1.495126,1.474802,1.684615,1.595454,1.533050,1.519636,1.445332,1.647231,1.515374,1.595454,1.666698,1.454647,1.440107,1.458404,1.698749,1.460652,1.710218,1.500821,1.375179,1.612358,1.665972,1.449930,1.541569,1.395771,1.696821,1.413135,1.444784,1.560706,1.465593,1.484520,1.521725,1.710671,1.716457,1.699984,1.500819,1.438569,1.297603,1.473525,1.491363,1.337683,1.345169,1.434976,1.414485,1.497426,1.755083,1.291012,1.643695,1.479901,1.330178,1.546345,1.527967,1.521725,1.411354,1.428456,1.534649,1.453976,1.526933
1.888020,1.366863,0.574387,0.135046,0.246805,0.141756,0.143583,1.173562,0.935587,1.912977,0.310276,1.024020,0.705202,1.724887,0.000000,0.476192,1.134741,1.970756,0.295849,0.234596,0.220599,0.371555,0.234666,0.771759,0.235791,1.960100,0.352424,0.421667,1.943337,0.231683,1.460671,0.000000,0.220204,1.854133,0.239306,0.665050,0.933825,1.887769,0.209057,0.234847,0.441437,1.489119,0.312638,0.212922,0.186006,0.927381,0.411455,0.339859,0.249509,1.796286,1.648260,0.231683,0.411455,1.909273,0.356126,0.407336,1.877545,0.563064,0.358522,0.895268,0.233136,1.977299,0.540338,1.487724,0.213318,0.262504,0.267115,0.737461,1.833922,0.223394,0.352424,0.249970,0.321964,0.233917,0.874038,0.994959,1.856217,0.162159,0.257480,1.960717,0.325627,1.895301,1.981884,0.370364,0.239300,0.232713,0.229310,0.934160,1.550228,0.633474,1.958487,0.364653,0.253753,0.240596,0.233917,0.245460,0.253692,0.450380,0.227604,0.243911
1.910496,1.410807,0.635955,0.212265,0.285871,0.229465,0.203401,1.236152,0.992257,1.908646,0.311069,1.058027,0.729740,1.713681,0.220204,0.539413,1.180960,1.976778,0.261781,0.224098,0.194005,0.323005,0.171158,0.728852,0.143669,1.971272,0.411834,0.484007,1.949081,0.279957,1.418242,0.220204,0.000000,1.841065,0.237469,0.712778,1.001151,1.910546,0.256616,0.267436,0.504344,1.542570,0.283601,0.171702,0.199225,0.985786,0.470648,0.402085,0.302412,1.815911,1.674712,0.279957,0.470648,1.931377,0.312256,0.381643,1.899035,0.633515,0.318879,0.924373,0.263323,1.973870,0.610986,1.518007,0.195705,0.307203,0.186706,0.796504,1.844202,0.137951,0.411834,0.216184,0.302646,0.211819,0.937754,1.050572,1.875316,0.208606,0.259035,1.958580,0.313145,1.913764,1.984270,0.380768,0.144229,0.128035,0.196410,1.009297,1.577072,0.700078,1.959814,0.227533,0.251398,0.222374,0.211819,0.175160,0.200318,0.500983,0.145766,0.227577
0.971892,1.507887,1.804803,1.857563,1.793289,1.865673,1.863313,1.622028,1.722709,0.445983,1.889931,1.664356,1.674147,0.598074,1.854133,1.809750,1.684007,0.795165,1.837932,1.879946,1.881859,1.806181,1.877615,1.580446,1.846100,0.853632,1.858534,1.796056,0.906607,1.870610,1.032479,1.854133,1.841065,0.000000,1.882426,1.796289,1.758000,0.993633,1.855712,1.851832,1.848990,1.506297,1.797408,1.879903,1.879514,1.685947,1.856420,1.847800,1.891173,0.804803,1.355206,1.870610,1.856420,1.075708,1.864922,1.831284,0.790013,1.872942,1.870584,1.761110,1.889557,0.758168,1.834461,1.341126,1.860349,1.891035,1.840710,1.804143,0.784877,1.866928,1.858534,1.867240,1.877380,1.885702,1.730106,1.633216,1.198750,1.870958,1.873514,0.563945,1.869753,0.998996,0.630164,1.795184,1.846886,1.853314,1.871155,1.789649,0.975551,1.798624,0.858142,1.808904,1.896973,1.891739,1.885702,1.848104,1.851996,1.797950,1.870871,1.898540
1.869744,1.327799,0.570314,0.222487,0.408950,0.212413,0.192166,1.124495,0.880684,1.929371,0.264390,1.004290,0.783206,1.755852,0.239306,0.445477,1.098683,1.967833,0.294441,0.022006,0.149960,0.415933,0.175733,0.856433,0.181657,1.953079,0.338698,0.413846,1.927611,0.239095,1.530580,0.239306,0.237469,1.882426,0.000000,0.622694,0.885593,1.870001,0.314619,0.346231,0.430871,1.457340,0.415879,0.107594,0.197231,0.900473,0.373570,0.342238,0.237387,1.799772,1.621204,0.239095,0.373570,1.881445,0.316019,0.408806,1.882115,0.502534,0.324559,0.839127,0.208642,1.979019,0.513432,1.465932,0.242599,0.225335,0.275629,0.698821,1.831019,0.188749,0.338698,0.253334,0.268655,0.079714,0.845759,0.964667,1.823529,0.149909,0.276254,1.966862,0.321308,1.884852,1.986823,0.451747,0.190440,0.228010,0.075756,0.906331,1.607071,0.612903,1.947473,0.403122,0.106865,0.103623,0.079714,0.248564,0.277443,0.471077,0.186093,0.136914
1.627339,1.050669,0.498652,0.718373,0.837967,0.690172,0.698613,0.745433,0.475869,1.826999,0.693092,1.009179,0.827006,1.646568,0.665050,0.490900,1.017813,1.834844,0.808450,0.632335,0.657193,0.884563,0.704338,1.233978,0.729224,1.792476,0.513974,0.539749,1.771885,0.581951,1.671914,0.665050,0.712778,1.796289,0.622694,0.000000,0.551127,1.639151,0.768333,0.802444,0.493783,1.121901,0.895243,0.657625,0.680380,0.581910,0.477180,0.554137,0.621488,1.532028,1.356274,0.581951,0.477180,1.679010,0.787937,0.865896,1.644638,0.432828,0.817229,0.507885,0.691255,1.851202,0.519056,1.128709,0.702473,0.608422,0.787305,0.467804,1.635160,0.727218,0.513974,0.714784,0.721028,0.633332,0.535826,0.591633,1.669564,0.650892,0.753684,1.870708,0.739339,1.691770,1.865777,0.798450,0.732169,0.759927,0.663949,0.653693,1.450472,0.460680,1.776197,0.873901,0.615679,0.630985,0.633332,0.762026,0.750931,0.553237,0.722667,0.657203
1.442668,0.730873,0.537069,0.987159,1.124534,0.967382,0.954982,0.377688,0.417807,1.743420,0.935004,1.167687,0.896822,1.612283,0.933825,0.589946,1.117613,1.704950,1.090706,0.898528,0.913463,1.151458,0.979577,1.480909,1.014500,1.615641,0.675309,0.682377,1.629942,0.804019,1.784615,0.933825,1.001151,1.758000,0.885593,0.551127,0.000000,1.443025,1.048618,1.087355,0.612845,0.869530,1.149005,0.922198,0.941148,0.415490,0.604471,0.736667,0.891611,1.379129,1.193593,0.804019,0.604471,1.478074,1.043130,1.146928,1.473222,0.456697,1.081984,0.421384,0.953065,1.737231,0.578470,0.917194,0.976446,0.887033,1.086193,0.291574,1.445462,1.004786,0.675309,0.980241,0.976073,0.891482,0.223745,0.439064,1.456921,0.900998,1.019332,1.769648,1.019500,1.483592,1.749610,1.113643,1.023634,1.044593,0.938486,0.538505,1.402871,0.425154,1.633636,1.159385,0.860514,0.881455,0.891482,1.057926,1.021091,0.662754,0.994401,0.904282
0.242288,1.112997,1.691235,1.901314,1.929035,1.893524,1.893037,1.239947,1.439136,0.835033,1.882136,1.636828,1.739945,1.126938,1.887769,1.738212,1.517990,0.552711,1.919018,1.875144,1.882216,1.929974,1.900592,1.914538,1.915060,0.494072,1.796711,1.767704,0.544445,1.850780,1.604938,1.887769,1.910546,0.993633,1.870001,1.639151,1.443025,0.000000,1.915513,1.925031,1.758034,0.963830,1.941090,1.887279,1.890755,1.444743,1.767765,1.799683,1.868288,0.679078,0.688433,1.850780,1.767765,0.433987,1.905128,1.919826,0.491752,1.694845,1.911591,1.500611,1.882747,0.654232,1.701737,0.978831,1.896188,1.863358,1.931504,1.591009,0.673526,1.911102,1.796711,1.897511,1.890752,1.876185,1.490786,1.405703,0.621254,1.880070,1.907304,0.734970,1.899749,0.494376,0.630830,1.900481,1.917026,1.922346,1.887846,1.495033,1.189483,1.643811,0.576126,1.943352,1.861773,1.872192,1.876185,1.923930,1.911379,1.771117,1.907593,1.876041
1.909999,1.449376,0.709166,0.178846,0.214349,0.146748,0.231892,1.274305,1.049495,1.918374,0.289864,1.009394,0.784673,1.739265,0.209057,0.616999,1.128289,1.972152,0.272744,0.305117,0.279019,0.342192,0.249648,0.708327,0.249884,1.969687,0.484298,0.562522,1.951975,0.355997,1.399890,0.209057,0.256616,1.855712,0.314619,0.768333,1.048618,1.915513,0.000000,0.073772,0.574287,1.549178,0.296980,0.265871,0.254334,1.047777,0.542751,0.478466,0.257568,1.841347,1.678458,0.355997,0.542751,1.927559,0.322874,0.376696,1.912881,0.675153,0.320051,0.994292,0.285005,1.973158,0.666060,1.554223,0.262123,0.307161,0.217452,0.860287,1.867640,0.218953,0.484298,0.295356,0.304681,0.298525,1.001015,1.118898,1.880150,0.267611,0.181996,1.962235,0.313009,1.917061,1.977520,0.320175,0.250642,0.206137,0.284316,1.025703,1.581011,0.771084,1.965897,0.315907,0.324122,0.304993,0.298525,0.216328,0.276390,0.594351,0.234644,0.293189
1.921787,1.476704,0.751007,0.195043,0.189373,0.179337,0.254095,1.308716,1.078029,1.913988,0.316632,1.011764,0.812943,1.736778,0.234847,0.655637,1.137115,1.970463,0.264816,0.335761,0.304421,0.318327,0.265973,0.676648,0.264557,1.973141,0.526950,0.597426,1.952318,0.393621,1.382585,0.234847,0.267436,1.851832,0.346231,0.802444,1.087355,1.925031,0.073772,0.000000,0.616093,1.572960,0.284305,0.296051,0.278867,1.083495,0.585766,0.516182,0.304188,1.853032,1.699413,0.393621,0.585766,1.934100,0.321395,0.347083,1.922806,0.717759,0.313178,1.032141,0.311484,1.970892,0.702574,1.578765,0.274188,0.340309,0.206294,0.902941,1.876346,0.234879,0.526950,0.303135,0.318328,0.331073,1.040570,1.152160,1.885634,0.295167,0.185878,1.957946,0.315061,1.925177,1.974372,0.319320,0.257476,0.211516,0.309354,1.055084,1.589952,0.812516,1.968922,0.294168,0.358280,0.338880,0.331073,0.213743,0.279371,0.631856,0.252376,0.321823
1.757756,1.145643,0.181963,0.521683,0.645025,0.506440,0.480893,0.899225,0.724034,1.881586,0.511531,1.141270,0.540298,1.692812,0.441437,0.291539,1.186956,1.916236,0.643107,0.438378,0.457087,0.705210,0.518584,1.075657,0.528833,1.866641,0.121048,0.332416,1.880639,0.261415,1.585916,0.441437,0.504344,1.848990,0.430871,0.493783,0.612845,1.758034,0.574287,0.616093,0.000000,1.271373,0.659638,0.446522,0.429899,0.633423,0.150132,0.196754,0.438063,1.671082,1.469451,0.261415,0.150132,1.796901,0.630862,0.751099,1.749240,0.331004,0.666376,0.602145,0.468103,1.931660,0.330241,1.245806,0.497069,0.441133,0.613968,0.366821,1.725220,0.530094,0.121048,0.511783,0.561829,0.427725,0.520911,0.719768,1.742231,0.435986,0.568820,1.926553,0.577445,1.761648,1.939045,0.660418,0.548684,0.563438,0.471583,0.709076,1.461461,0.255040,1.872527,0.677107,0.413553,0.419372,0.427725,0.585389,0.540459,0.255272,0.521822,0.453221
0.948573,0.759996,1.211917,1.530059,1.614331,1.507357,1.506316,0.754765,0.919987,1.415205,1.473150,1.381631,1.394608,1.449195,1.489119,1.271563,1.236192,1.260445,1.585120,1.466100,1.475130,1.620060,1.515133,1.794334,1.552074,1.112398,1.325924,1.337054,1.160773,1.412994,1.825397,1.489119,1.542570,1.506297,1.457340,1.121901,0.869530,0.963830,1.549178,1.572960,1.271373,0.000000,1.636285,1.482541,1.490510,0.991650,1.280392,1.361125,1.439789,1.050971,0.851064,1.412994,1.280392,0.959399,1.544391,1.608672,1.039457,1.158092,1.567715,0.968500,1.481804,1.301256,1.216710,0.825300,1.505976,1.431783,1.585786,1.043314,1.126506,1.533856,1.325924,1.502577,1.507772,1.462137,0.968332,0.946962,0.983734,1.472336,1.538619,1.389377,1.510665,1.009561,1.330376,1.555863,1.553364,1.561057,1.494239,0.817740,1.232576,1.144431,1.181984,1.628635,1.434399,1.451827,1.462137,1.573518,1.535485,1.312383,1.528260,1.459906
1.945211,1.508156,0.775965,0.282583,0.220773,0.322208,0.301695,1.368672,1.155582,1.878325,0.459132,1.113231,0.759257,1.690476,0.312638,0.683188,1.251160,1.968210,0.308758,0.403819,0.391320,0.309128,0.349560,0.576520,0.295269,1.975240,0.575629,0.615928,1.958326,0.447749,1.307935,0.312638,0.283601,1.797408,0.415879,0.895243,1.149005,1.941090,0.296980,0.284305,0.659638,1.636285,0.000000,0.370927,0.341537,1.117185,0.638690,0.548234,0.457813,1.841610,1.738684,0.447749,0.638690,1.962833,0.409987,0.399495,1.911317,0.808099,0.391768,1.089400,0.376847,1.963633,0.754149,1.609400,0.341982,0.471078,0.272669,0.948847,1.857551,0.306664,0.575629,0.356295,0.432595,0.408215,1.075941,1.181198,1.904768,0.352075,0.362615,1.930429,0.429451,1.931899,1.962400,0.398688,0.298897,0.269327,0.371186,1.138302,1.569133,0.846239,1.968503,0.268297,0.445383,0.419842,0.408215,0.284515,0.315783,0.627511,0.319740,0.414954
1.886248,1.359352,0.588862,0.196224,0.367852,0.190634,0.168954,1.168023,0.927704,1.933838,0.243104,1.030773,0.762228,1.757696,0.212922,0.482970,1.129973,1.973788,0.273802,0.095306,0.102523,0.384172,0.118614,0.824157,0.141351,1.959909,0.349873,0.447206,1.936372,0.229012,1.495126,0.212922,0.171702,1.879903,0.107594,0.657625,0.922198,1.887279,0.265871,0.296051,0.446522,1.482541,0.370927,0.000000,0.158732,0.934065,0.396392,0.356282,0.224271,1.813786,1.634966,0.229012,0.396392,1.899126,0.288657,0.405978,1.892487,0.534862,0.300420,0.863466,0.192594,1.980493,0.538183,1.491727,0.194541,0.233026,0.236417,0.725721,1.842160,0.111976,0.349873,0.211214,0.248149,0.056878,0.877055,1.004980,1.839890,0.142351,0.235644,1.972344,0.308955,1.893132,1.991028,0.425908,0.160757,0.161160,0.091652,0.932238,1.609545,0.641571,1.954021,0.345868,0.095417,0.062393,0.056878,0.207438,0.225365,0.474167,0.107036,0.086678
