0.000000,1.105839,1.619993,1.883604,1.915017,1.872764,1.875900,1.181013,1.459349,0.866125,1.860211,1.656353,1.644103,1.121032,1.867380,1.691319,1.554363,0.666672,1.911489,1.847127,1.862184,1.922074,1.881447,1.904945,1.887256,0.533162,1.751493,1.728042,0.628131,1.815728,1.583623,1.867380,1.890093,0.985004,1.842505,1.649636,1.387209,0.291302,1.894920,1.910064,1.699620,1.057842,1.921010,1.860030,1.865015,1.414489,1.723126,1.751089,1.837274,0.710211,0.754330,1.815728,1.723126,0.510108,1.893255,1.902305,0.490371,1.647695,1.905334,1.485070,1.855811,0.710344,1.662158,1.007024,1.885050,1.841798,1.917160,1.531354,0.691560,1.889562,1.751493,1.887828,1.875780,1.846623,1.401966,1.379999,0.764447,1.861477,1.893386,0.786445,1.885846,0.527069,0.695594,1.884770,1.894084,1.902400,1.860131,1.510967,1.212308,1.570578,0.626572,1.931247,1.833837,1.843232,1.846623,1.906290,1.898645,1.718870,1.885451,1.852471
1.105839,0.000000,1.034478,1.413125,1.519501,1.405693,1.390175,0.673913,0.874601,1.449968,1.349971,1.300784,1.241762,1.433731,1.383171,1.093607,1.223007,1.369764,1.474436,1.338710,1.354987,1.490357,1.405413,1.700690,1.420319,1.280974,1.169036,1.169811,1.277394,1.276190,1.825573,1.383171,1.420157,1.533859,1.329682,1.111437,0.729632,1.087608,1.469569,1.500089,1.108969,0.770083,1.527943,1.363478,1.380864,0.831157,1.117506,1.214699,1.335820,1.102064,1.056057,1.276190,1.117506,1.132431,1.421377,1.465749,1.155059,1.012539,1.462290,0.944904,1.387816,1.415325,1.096832,0.845629,1.402971,1.330610,1.478698,0.875483,1.131860,1.427207,1.169036,1.392170,1.393007,1.330677,0.782715,0.881008,1.134209,1.350360,1.442183,1.453292,1.416941,1.171296,1.454294,1.507167,1.426583,1.454876,1.365307,0.962865,1.405997,0.955420,1.318332,1.530543,1.313882,1.329097,1.330677,1.460440,1.416325,1.134512,1.421702,1.348093
1.619993,1.034478,0.000000,0.695840,0.826846,0.682138,0.661504,0.731930,0.540786,1.860044,0.645773,1.054218,0.493356,1.725180,0.623197,0.311428,1.034457,1.854095,0.817163,0.575840,0.613829,0.866844,0.683094,1.190170,0.681987,1.790700,0.282117,0.384051,1.806822,0.436450,1.656077,0.623197,0.668107,1.830255,0.565690,0.396862,0.476262,1.643998,0.771401,0.819052,0.179250,1.011546,0.845843,0.601870,0.607472,0.458448,0.255938,0.317022,0.607184,1.516153,1.278513,0.436450,0.255938,1.718290,0.760921,0.837991,1.621770,0.281366,0.827237,0.416084,0.639419,1.881005,0.375104,1.092631,0.657592,0.614600,0.785315,0.262170,1.649387,0.698441,0.282117,0.672358,0.693328,0.573792,0.409514,0.534825,1.665894,0.603754,0.741544,1.888689,0.744216,1.699981,1.895609,0.786643,0.697558,0.733806,0.613915,0.552158,1.410158,0.139045,1.798392,0.844888,0.554248,0.566239,0.573792,0.754228,0.699827,0.316641,0.689175,0.604146
1.883604,1.413125,0.695840,0.000000,0.242114,0.091107,0.079272,1.236365,0.920232,1.929985,0.278505,0.890492,0.808281,1.769385,0.136774,0.571320,0.983675,1.972642,0.215640,0.220261,0.188255,0.349036,0.172273,0.729057,0.185492,1.972138,0.456826,0.506756,1.938374,0.317922,1.440704,0.136774,0.189671,1.868807,0.228356,0.640799,1.015838,1.886480,0.199574,0.216916,0.565710,1.412346,0.267147,0.195802,0.199976,0.984757,0.507174,0.433271,0.272580,1.775021,1.591810,0.317922,0.507174,1.916770,0.285336,0.314998,1.879434,0.640801,0.268596,0.899625,0.218503,1.975960,0.616223,1.510793,0.209851,0.290267,0.215240,0.839860,1.865146,0.168589,0.456826,0.243657,0.253673,0.223613,0.996177,1.033207,1.842473,0.135971,0.199203,1.963919,0.333977,1.915490,1.984649,0.347803,0.188293,0.177457,0.198367,0.906972,1.580589,0.757994,1.960160,0.320705,0.250201,0.233901,0.223613,0.198669,0.241652,0.564770,0.168723,0.217144
1.915017,1.519501,0.826846,0.242114,0.000000,0.259483,0.291611,1.358541,1.067464,1.899720,0.398034,0.940129,0.831457,1.725903,0.258237,0.707566,1.060322,1.964956,0.257749,0.392363,0.367466,0.360155,0.328762,0.558867,0.284886,1.981695,0.603757,0.625844,1.958895,0.466649,1.316165,0.258237,0.278184,1.810594,0.403279,0.772462,1.158020,1.920999,0.214489,0.188438,0.707432,1.528168,0.182008,0.363735,0.354184,1.100501,0.659805,0.579304,0.400118,1.789909,1.650497,0.466649,0.659805,1.956546,0.357382,0.350004,1.892853,0.804006,0.350837,1.037208,0.391344,1.960963,0.772638,1.557670,0.315372,0.417566,0.246669,0.979595,1.877848,0.294869,0.603757,0.361671,0.359741,0.402714,1.128961,1.141763,1.899859,0.341343,0.273433,1.943158,0.377010,1.949906,1.960885,0.294286,0.281046,0.255839,0.360977,1.044262,1.514792,0.899732,1.958854,0.264124,0.437271,0.413477,0.402714,0.262370,0.333422,0.673965,0.306946,0.403119
1.872764,1.405693,0.682138,0.091107,0.259483,0.000000,0.132903,1.218323,0.905448,1.935021,0.268714,0.885653,0.800995,1.778546,0.141661,0.559181,0.971093,1.971583,0.248289,0.223274,0.181413,0.383924,0.165781,0.754135,0.205038,1.968483,0.446438,0.498424,1.936291,0.316807,1.455036,0.141661,0.208280,1.873652,0.229607,0.613503,0.999111,1.878158,0.160616,0.196978,0.554667,1.391843,0.299827,0.199131,0.211764,0.968236,0.492982,0.428954,0.220540,1.772171,1.571505,0.316807,0.492982,1.909435,0.307926,0.329671,1.874256,0.626194,0.293845,0.870747,0.228432,1.975908,0.606973,1.492480,0.222768,0.249997,0.232625,0.823388,1.867658,0.178783,0.446438,0.266285,0.261267,0.221895,0.980545,1.013674,1.840084,0.161151,0.190209,1.966298,0.316101,1.913336,1.983915,0.354426,0.212145,0.194538,0.204565,0.898153,1.578263,0.743457,1.956832,0.343588,0.242933,0.230374,0.221895,0.210758,0.268619,0.568710,0.174494,0.211842
1.875900,1.390175,0.661504,0.079272,0.291611,0.132903,0.000000,1.209818,0.887730,1.931464,0.280626,0.897818,0.794709,1.773258,0.144486,0.543710,0.984266,1.970974,0.230208,0.190514,0.166471,0.358821,0.164930,0.753560,0.184032,1.966498,0.420793,0.484018,1.932123,0.280848,1.466061,0.144486,0.183076,1.875657,0.197707,0.620248,0.985426,1.877747,0.248511,0.270265,0.528780,1.386789,0.295149,0.169647,0.165293,0.955839,0.473166,0.395205,0.273321,1.769406,1.577931,0.280848,0.473166,1.909281,0.293514,0.335940,1.871562,0.605658,0.274896,0.870673,0.174260,1.976585,0.576536,1.492031,0.196994,0.280993,0.237078,0.807438,1.858204,0.170125,0.420793,0.220843,0.257411,0.192903,0.966496,1.004882,1.827902,0.087782,0.230702,1.964325,0.340396,1.906026,1.987277,0.365526,0.188739,0.190110,0.174794,0.878688,1.582700,0.724613,1.956583,0.335297,0.216648,0.201856,0.192903,0.217186,0.227705,0.528227,0.163352,0.188227
1.181013,0.673913,0.731930,1.236365,1.358541,1.218323,1.209818,0.000000,0.499189,1.578683,1.190460,1.172049,0.995003,1.521715,1.193041,0.788812,1.068665,1.537145,1.327157,1.133124,1.158267,1.352170,1.214803,1.621249,1.234876,1.426624,0.924988,0.873688,1.414056,1.057540,1.796752,1.193041,1.234240,1.613674,1.122117,0.799007,0.353014,1.218451,1.309294,1.348000,0.850051,0.623980,1.380168,1.166907,1.181852,0.476706,0.857131,0.954742,1.153391,1.136822,1.031837,1.057540,0.857131,1.277096,1.287374,1.311732,1.233055,0.742278,1.321617,0.595604,1.184475,1.569545,0.801800,0.799866,1.223800,1.152735,1.315370,0.571460,1.270257,1.245335,0.924988,1.219800,1.231394,1.132755,0.377308,0.428388,1.287960,1.160422,1.276705,1.594004,1.269386,1.298872,1.588770,1.318164,1.242340,1.279933,1.164347,0.731025,1.350395,0.621580,1.441250,1.382286,1.109404,1.130253,1.132755,1.287552,1.252153,0.917387,1.234169,1.153737
1.459349,0.874601,0.540786,0.920232,1.067464,0.905448,0.887730,0.499189,0.000000,1.737383,0.891557,0.951497,0.908875,1.624858,0.886189,0.512420,0.893449,1.735748,1.010205,0.808696,0.833596,1.050432,0.891873,1.383741,0.920497,1.669392,0.648941,0.585184,1.636151,0.755494,1.759559,0.886189,0.916551,1.752472,0.796043,0.483519,0.423770,1.471699,1.016352,1.053594,0.606157,0.798452,1.089523,0.848395,0.863656,0.449921,0.586132,0.661858,0.858728,1.390337,1.239844,0.755494,0.586132,1.522567,0.987605,0.992371,1.509416,0.534517,1.009808,0.462630,0.869174,1.751859,0.523168,1.054651,0.922083,0.848383,0.995836,0.473914,1.508021,0.925275,0.648941,0.910785,0.928171,0.813674,0.420492,0.360807,1.482013,0.833470,0.978633,1.762667,0.969857,1.550260,1.774380,1.022904,0.918316,0.961684,0.839372,0.601305,1.452761,0.440976,1.670400,1.075281,0.789641,0.813988,0.813674,0.967409,0.950137,0.685112,0.915519,0.833232
0.866125,1.449968,1.860044,1.929985,1.899720,1.935021,1.931464,1.578683,1.737383,0.000000,1.933260,1.689826,1.806715,0.511523,1.936293,1.855265,1.685677,0.564443,1.905752,1.937106,1.936717,1.874755,1.935252,1.730792,1.923493,0.623610,1.913007,1.858208,0.712976,1.931110,1.222780,1.936293,1.922702,0.470310,1.937180,1.856582,1.735694,0.836514,1.932835,1.928299,1.899699,1.506148,1.901084,1.941436,1.939465,1.713371,1.899853,1.911009,1.944172,0.878163,1.378766,1.931110,1.899853,0.799933,1.910615,1.898527,0.784225,1.885933,1.912688,1.793480,1.941539,0.478920,1.879414,1.353345,1.926495,1.941256,1.919827,1.816105,0.722748,1.935055,1.913007,1.921247,1.920830,1.940992,1.734764,1.675334,0.902857,1.932697,1.930577,0.255375,1.922803,0.710751,0.451466,1.882268,1.921442,1.927773,1.932882,1.805822,1.133195,1.833274,0.580081,1.898827,1.944698,1.945050,1.940992,1.926139,1.918851,1.872405,1.936047,1.947514
1.860211,1.349971,0.645773,0.278505,0.398034,0.268714,0.280626,1.190460,0.891557,1.933260,0.000000,0.857480,0.788333,1.781235,0.273797,0.567179,0.934184,1.960027,0.336229,0.274374,0.248334,0.440048,0.268306,0.831029,0.287286,1.955044,0.412984,0.529765,1.922903,0.292976,1.515054,0.273797,0.273581,1.890157,0.276450,0.628556,0.954042,1.864464,0.296464,0.325776,0.509284,1.371090,0.450452,0.251150,0.253569,0.959037,0.465741,0.422117,0.218518,1.777516,1.557225,0.292976,0.465741,1.884577,0.233813,0.405285,1.875097,0.572925,0.338441,0.858605,0.312284,1.971414,0.603113,1.474337,0.275067,0.244204,0.315392,0.776569,1.852201,0.266193,0.412984,0.305581,0.176469,0.256235,0.942563,1.016491,1.804987,0.258199,0.205225,1.958737,0.305366,1.899451,1.981294,0.423109,0.289871,0.283108,0.273283,0.877638,1.578829,0.709525,1.944646,0.386385,0.270336,0.259602,0.256235,0.300832,0.300805,0.565144,0.272140,0.255869
1.656353,1.300784,1.054218,0.890492,0.940129,0.885653,0.897818,1.172049,0.951497,1.689826,0.857480,0.000000,1.264222,1.559471,0.903314,0.935668,0.264476,1.753253,0.893266,0.898557,0.878663,0.933075,0.881857,1.188513,0.918487,1.748966,0.941033,0.920429,1.660421,0.909664,1.558294,0.903314,0.925170,1.719169,0.894927,0.914717,1.104208,1.671986,0.921101,0.927020,0.983970,1.277713,1.001345,0.910640,0.891858,1.134640,0.935575,0.963776,0.887777,1.604317,1.561976,0.909664,0.935575,1.622554,0.879942,0.885376,1.741097,0.969738,0.862544,1.118187,0.907013,1.729986,0.902428,1.521087,0.953026,0.903782,0.886768,1.063446,1.642810,0.899494,0.941033,0.927854,0.868284,0.901393,1.123578,1.130322,1.564389,0.885189,0.884353,1.721054,0.953669,1.701194,1.750604,0.875932,0.901408,0.908659,0.899594,1.005461,1.548334,1.035287,1.722986,0.959387,0.900514,0.909722,0.901393,0.882470,0.949517,1.069275,0.898114,0.896746
1.644103,1.241762,0.493356,0.808281,0.831457,0.800995,0.794709,0.995003,0.908875,1.806715,0.788333,1.264222,0.000000,1.659718,0.730101,0.642659,1.273333,1.844127,0.911992,0.757812,0.791070,0.940962,0.828443,1.083352,0.785306,1.781397,0.575706,0.650738,1.848172,0.638098,1.458157,0.730101,0.754281,1.718438,0.756408,0.682508,0.793300,1.689237,0.828358,0.865660,0.541564,1.218956,0.829008,0.758720,0.754689,0.754029,0.598568,0.580922,0.753339,1.496822,1.314981,0.638098,0.598568,1.792382,0.862640,0.950043,1.587659,0.648608,0.942492,0.717835,0.800078,1.849767,0.733236,1.140891,0.750572,0.770713,0.863803,0.623459,1.661156,0.813063,0.575706,0.797623,0.813949,0.759619,0.705518,0.781751,1.759167,0.768809,0.831807,1.845935,0.824608,1.727899,1.845581,0.819305,0.805725,0.821939,0.776221,0.841651,1.237726,0.576684,1.778697,0.858903,0.762439,0.753211,0.759619,0.848985,0.793463,0.487557,0.811712,0.790371
1.121032,1.433731,1.725180,1.769385,1.725903,1.778546,1.773258,1.521715,1.624858,0.511523,1.781235,1.559471,1.659718,0.000000,1.778869,1.691970,1.607118,0.927953,1.746461,1.784536,1.784321,1.712066,1.783844,1.553116,1.756271,1.005329,1.763402,1.682547,1.052401,1.774496,1.053474,1.778869,1.750987,0.552665,1.785695,1.704312,1.650652,1.108494,1.778347,1.774745,1.762011,1.545395,1.734293,1.789290,1.789893,1.591108,1.751587,1.761908,1.799230,0.868382,1.499793,1.774496,1.751587,1.133180,1.752048,1.741631,0.959706,1.764169,1.767012,1.680728,1.805442,0.869834,1.752720,1.301083,1.770659,1.800321,1.754876,1.698806,0.875781,1.778460,1.763402,1.766604,1.761187,1.791477,1.632950,1.546649,1.221036,1.773331,1.777310,0.730855,1.778761,1.000490,0.846974,1.710739,1.752991,1.766433,1.777655,1.722190,1.033891,1.705635,0.895417,1.731759,1.803244,1.799755,1.791477,1.764264,1.762739,1.706938,1.781378,1.808232
1.867380,1.383171,0.623197,0.136774,0.258237,0.141661,0.144486,1.193041,0.886189,1.936293,0.273797,0.903314,0.730101,1.778869,0.000000,0.516057,0.982967,1.971741,0.290169,0.203017,0.196742,0.403873,0.208598,0.763980,0.201826,1.965004,0.385779,0.457047,1.939400,0.251096,1.469375,0.000000,0.198578,1.875908,0.208212,0.589022,0.962127,1.876333,0.229778,0.257238,0.491194,1.379765,0.298584,0.188576,0.175330,0.926749,0.441868,0.372317,0.240847,1.758200,1.563822,0.251096,0.441868,1.912247,0.322714,0.360374,1.861553,0.581057,0.338116,0.847140,0.223899,1.976891,0.564308,1.468815,0.210626,0.258811,0.258539,0.774421,1.858372,0.202327,0.385779,0.251124,0.281377,0.206774,0.937979,0.981299,1.839326,0.152689,0.240671,1.968513,0.328678,1.909666,1.986067,0.356659,0.214604,0.216523,0.198184,0.863366,1.544945,0.693860,1.950805,0.346215,0.230453,0.213493,0.206774,0.235521,0.255706,0.493345,0.201317,0.215976
1.691319,1.093607,0.311428,0.571320,0.707566,0.559181,0.543710,0.788812,0.512420,1.855265,0.567179,0.935668,0.642659,1.691970,0.516057,0.000000,0.958125,1.889894,0.684554,0.455827,0.485038,0.720180,0.554079,1.089572,0.558305,1.837781,0.271413,0.121976,1.827898,0.380802,1.613587,0.516057,0.561592,1.816097,0.445259,0.360461,0.576218,1.705344,0.675969,0.717832,0.293356,1.098691,0.737829,0.497187,0.518198,0.511715,0.206844,0.304210,0.539889,1.559088,1.413800,0.380802,0.206844,1.757284,0.663045,0.686410,1.690545,0.338192,0.709260,0.519298,0.553720,1.905182,0.336488,1.187542,0.554002,0.540431,0.658438,0.410946,1.668219,0.581141,0.271413,0.553285,0.598268,0.466490,0.531225,0.564211,1.708620,0.483774,0.639853,1.898570,0.658617,1.753825,1.915147,0.679220,0.565737,0.614015,0.486721,0.652369,1.452768,0.308818,1.836815,0.741048,0.452315,0.469971,0.466490,0.629472,0.588633,0.349678,0.573327,0.500433
1.554363,1.223007,1.034457,0.983675,1.060322,0.971093,0.984266,1.068665,0.893449,1.685677,0.934184,0.264476,1.273333,1.607118,0.982967,0.958125,0.000000,1.709455,1.007572,0.968541,0.955032,1.062503,0.968068,1.334747,1.017776,1.674233,0.966380,0.966319,1.591856,0.961830,1.655200,0.982967,1.025758,1.744452,0.962086,0.917347,1.020108,1.579981,1.015162,1.027436,0.984659,1.147781,1.114048,0.984584,0.964387,1.085145,0.951296,0.990575,0.948572,1.571233,1.446736,0.961830,0.951296,1.522870,0.982084,0.995827,1.680803,0.945323,0.966232,1.061554,0.968603,1.692256,0.885134,1.457567,1.037589,0.964630,1.000881,1.016029,1.600876,0.991954,0.966380,1.015805,0.955282,0.968833,1.051351,1.075301,1.455142,0.965021,0.975744,1.692612,1.041829,1.614518,1.712085,0.988128,1.005947,1.011225,0.978946,0.933988,1.560906,1.001026,1.670543,1.084179,0.956674,0.971761,0.968833,0.987803,1.043385,1.098940,0.987098,0.959592
0.666672,1.369764,1.854095,1.972642,1.964956,1.971583,1.970974,1.537145,1.735748,0.564443,1.960027,1.753253,1.844127,0.927953,1.971741,1.889894,1.709455,0.000000,1.964815,1.966817,1.968770,1.948418,1.972771,1.849906,1.974499,0.438776,1.926525,1.908002,0.444907,1.956158,1.414690,1.971741,1.974783,0.764516,1.965766,1.868495,1.693626,0.609567,1.968863,1.967541,1.899618,1.389806,1.967083,1.970593,1.971341,1.704514,1.911410,1.928747,1.958530,0.886505,1.191145,1.956158,1.911410,0.555818,1.960310,1.957428,0.645565,1.869094,1.959766,1.774216,1.964984,0.412228,1.874711,1.281710,1.969963,1.955239,1.973038,1.791311,0.709275,1.974900,1.926525,1.964174,1.963329,1.965966,1.709065,1.687327,0.783994,1.968081,1.969758,0.457519,1.956441,0.581645,0.358679,1.954759,1.972742,1.975988,1.969142,1.742896,1.270096,1.824379,0.463391,1.965444,1.961674,1.965137,1.965966,1.972448,1.967702,1.900851,1.974230,1.966518
1.911489,1.474436,0.817163,0.215640,0.257749,0.248289,0.230208,1.327157,1.010205,1.905752,0.336229,0.893266,0.911992,1.746461,0.290169,0.684554,1.007572,1.964815,0.000000,0.314988,0.278842,0.268717,0.229067,0.633148,0.232581,1.976529,0.579908,0.611594,1.936303,0.438165,1.396190,0.290169,0.245005,1.843129,0.324295,0.753560,1.131219,1.906000,0.276719,0.260876,0.686591,1.496299,0.294073,0.289950,0.293384,1.084815,0.630838,0.547842,0.389477,1.815250,1.642049,0.438165,0.630838,1.929367,0.237161,0.289099,1.912378,0.768903,0.158447,1.011400,0.296358,1.965295,0.715638,1.562856,0.250185,0.383866,0.191763,0.964116,1.875843,0.214374,0.579908,0.275530,0.251078,0.324687,1.111839,1.127151,1.851743,0.272841,0.217388,1.942937,0.360189,1.935727,1.974101,0.310530,0.216150,0.188490,0.279596,1.016778,1.595862,0.877744,1.965452,0.270991,0.352237,0.337225,0.324687,0.201775,0.245811,0.693290,0.222335,0.309598
1.847127,1.338710,0.575840,0.220261,0.392363,0.223274,0.190514,1.133124,0.808696,1.937106,0.274374,0.898557,0.757812,1.784536,0.203017,0.455827,0.968541,1.966817,0.314988,0.000000,0.124492,0.399053,0.162502,0.838047,0.155739,1.953334,0.332487,0.407923,1.920340,0.210881,1.524132,0.203017,0.204729,1.889102,0.020911,0.524040,0.907184,1.857504,0.339896,0.369798,0.437665,1.333444,0.410122,0.083547,0.163645,0.879592,0.379124,0.317510,0.273337,1.754792,1.547813,0.210881,0.379124,1.888413,0.320619,0.365434,1.859604,0.523579,0.336767,0.785166,0.195429,1.977514,0.501862,1.442355,0.221692,0.263373,0.271887,0.722563,1.842664,0.173522,0.332487,0.220131,0.272752,0.065437,0.886526,0.924939,1.808607,0.143333,0.288300,1.965474,0.355764,1.894442,1.987503,0.413694,0.175080,0.215615,0.056208,0.825249,1.574949,0.637684,1.946594,0.384651,0.095118,0.086466,0.065437,0.242326,0.242149,0.474531,0.166525,0.114351
1.862184,1.354987,0.613829,0.188255,0.367466,0.181413,0.166471,1.158267,0.833596,1.936717,0.248334,0.878663,0.791070,1.784321,0.196742,0.485038,0.955032,1.968770,0.278842,0.124492,0.000000,0.378443,0.087324,0.826296,0.169116,1.956077,0.368227,0.433194,1.921048,0.236278,1.514475,0.196742,0.178122,1.888535,0.130262,0.556389,0.935906,1.868671,0.297535,0.324996,0.478574,1.348415,0.396607,0.094977,0.145569,0.908372,0.413650,0.352622,0.254522,1.766967,1.570475,0.236278,0.413650,1.888048,0.301863,0.337727,1.871360,0.552140,0.299029,0.809592,0.186593,1.975857,0.521728,1.461742,0.204092,0.265210,0.244106,0.758476,1.845912,0.138600,0.368227,0.203206,0.248801,0.108292,0.917414,0.957785,1.810541,0.129632,0.241721,1.966514,0.352060,1.898168,1.989147,0.396822,0.171722,0.184228,0.112592,0.842851,1.590384,0.672343,1.951052,0.362960,0.115593,0.113445,0.108292,0.213438,0.229300,0.514937,0.124475,0.081867
1.922074,1.490357,0.866844,0.349036,0.360155,0.383924,0.358821,1.352170,1.050432,1.874755,0.440048,0.933075,0.940962,1.712066,0.403873,0.720180,1.062503,1.948418,0.268717,0.399053,0.378443,0.000000,0.333491,0.649700,0.320916,1.961281,0.638453,0.649026,1.921038,0.507786,1.392645,0.403873,0.335304,1.824050,0.408098,0.800311,1.164591,1.911065,0.411875,0.390382,0.741466,1.519815,0.379963,0.387235,0.387057,1.129325,0.684620,0.611415,0.500207,1.816643,1.684528,0.507786,0.684620,1.924704,0.343283,0.304778,1.916014,0.826699,0.309154,1.053061,0.406259,1.947382,0.786982,1.588942,0.315895,0.487430,0.276689,1.004220,1.860735,0.317179,0.638453,0.272039,0.385445,0.415316,1.146069,1.165110,1.834526,0.382995,0.357856,1.913072,0.440147,1.932443,1.957237,0.396819,0.301436,0.288911,0.365649,1.074174,1.590690,0.922460,1.955333,0.294149,0.441988,0.429476,0.415316,0.301462,0.246908,0.752095,0.326725,0.406460
1.881447,1.405413,0.683094,0.172273,0.328762,0.165781,0.164930,1.214803,0.891873,1.935252,0.268306,0.881857,0.828443,1.783844,0.208598,0.554079,0.968068,1.972771,0.229067,0.162502,0.087324,0.333491,0.000000,0.781580,0.142639,1.965489,0.439163,0.496385,1.927402,0.298299,1.485666,0.208598,0.162111,1.883539,0.172877,0.607535,1.000901,1.887577,0.263934,0.281408,0.548196,1.391173,0.351012,0.123528,0.161321,0.972859,0.486564,0.418711,0.274414,1.787920,1.595391,0.298299,0.486564,1.903453,0.281966,0.302742,1.889660,0.622762,0.249706,0.868213,0.185320,1.976442,0.585737,1.502929,0.197843,0.282317,0.186479,0.826985,1.866286,0.091430,0.439163,0.195607,0.244554,0.155197,0.982956,1.012872,1.824658,0.160730,0.213865,1.964262,0.338160,1.915119,1.987765,0.370555,0.141451,0.130641,0.128912,0.899594,1.601114,0.742911,1.958103,0.314617,0.173781,0.163164,0.155197,0.160799,0.210614,0.578569,0.071164,0.123775
1.904945,1.700690,1.190170,0.729057,0.558867,0.754135,0.753560,1.621249,1.383741,1.730792,0.831029,1.188513,1.083352,1.553116,0.763980,1.089572,1.334747,1.849906,0.633148,0.838047,0.826296,0.649700,0.781580,0.000000,0.720922,1.909212,1.021051,1.001615,1.907716,0.906630,1.024985,0.763980,0.716672,1.601409,0.849256,1.160759,1.488932,1.895033,0.688990,0.655435,1.103768,1.745057,0.561936,0.817238,0.807060,1.385081,1.072649,0.977825,0.854670,1.772948,1.725123,0.906630,1.072649,1.956333,0.736082,0.708625,1.845316,1.211125,0.720136,1.379524,0.826649,1.839064,1.161534,1.633786,0.743567,0.850228,0.672222,1.339113,1.819332,0.744619,1.021051,0.772774,0.772465,0.854723,1.451065,1.411866,1.919125,0.800115,0.725646,1.796414,0.738822,1.923059,1.821152,0.622070,0.714424,0.695439,0.802719,1.384620,1.406496,1.261772,1.879689,0.582992,0.888999,0.866182,0.854723,0.704081,0.732457,1.029551,0.759491,0.857564
1.887256,1.420319,0.681987,0.185492,0.284886,0.205038,0.184032,1.234876,0.920497,1.923493,0.287286,0.918487,0.785306,1.756271,0.201826,0.558305,1.017776,1.974499,0.232581,0.155739,0.169116,0.320916,0.142639,0.720922,0.000000,1.972879,0.439352,0.491872,1.943021,0.297805,1.442525,0.201826,0.119910,1.858215,0.172778,0.620533,1.019760,1.897483,0.275556,0.291444,0.548006,1.425785,0.305281,0.130238,0.190608,0.977870,0.493401,0.421292,0.309671,1.774490,1.606449,0.297805,0.493401,1.926658,0.273901,0.318763,1.883079,0.642358,0.286201,0.890199,0.237049,1.977475,0.619605,1.497448,0.194880,0.309929,0.168678,0.833887,1.862432,0.109222,0.439352,0.204775,0.253311,0.166065,0.994449,1.019958,1.851371,0.184738,0.239337,1.959788,0.331888,1.926983,1.984697,0.345314,0.076182,0.113632,0.112712,0.930803,1.557694,0.751574,1.956686,0.265138,0.212214,0.184191,0.166065,0.159814,0.196567,0.545711,0.115282,0.190958
0.533162,1.280974,1.790700,1.972138,1.981695,1.968483,1.966498,1.426624,1.669392,0.623610,1.955044,1.748966,1.781397,1.005329,1.965004,1.837781,1.674233,0.438776,1.976529,1.953334,1.956077,1.961281,1.965489,1.909212,1.972879,0.000000,1.885480,1.865975,0.447162,1.929757,1.480614,1.965004,1.973014,0.822231,1.951090,1.828308,1.598147,0.521895,1.975619,1.979556,1.848132,1.258433,1.977819,1.958518,1.958885,1.624052,1.864276,1.891934,1.949526,0.847587,1.084319,1.929757,1.864276,0.415964,1.968458,1.964720,0.596923,1.810959,1.968605,1.676378,1.953885,0.415981,1.812044,1.210949,1.964682,1.948692,1.982393,1.713712,0.602054,1.971482,1.885480,1.958127,1.964266,1.951746,1.613861,1.604330,0.647900,1.957525,1.971896,0.501527,1.957248,0.396766,0.422366,1.954283,1.974629,1.977017,1.959271,1.676146,1.265924,1.753476,0.419379,1.978415,1.942866,1.948940,1.951746,1.980034,1.964462,1.856266,1.969044,1.951072
1.751493,1.169036,0.282117,0.456826,0.603757,0.446438,0.420793,0.924988,0.648941,1.913007,0.412984,0.941033,0.575706,1.763402,0.385779,0.271413,0.966380,1.926525,0.579908,0.332487,0.368227,0.638453,0.439163,1.021051,0.439352,1.885480,0.000000,0.293053,1.878366,0.180055,1.604983,0.385779,0.431871,1.877945,0.323272,0.392713,0.664439,1.766591,0.540786,0.587602,0.128945,1.163652,0.629225,0.356989,0.359784,0.650575,0.099961,0.165796,0.382537,1.650980,1.424503,0.180055,0.099961,1.813221,0.532854,0.615018,1.757704,0.290614,0.592336,0.574393,0.408819,1.942308,0.347314,1.271774,0.424073,0.390996,0.543441,0.445725,1.754038,0.455310,0.000000,0.431453,0.465034,0.327269,0.632118,0.724640,1.741377,0.359714,0.503797,1.943808,0.521758,1.807559,1.958840,0.578997,0.455740,0.492061,0.370561,0.645585,1.491660,0.359774,1.883531,0.614823,0.314800,0.322935,0.327269,0.513418,0.460459,0.283383,0.446155,0.361685
1.728042,1.169811,0.384051,0.506756,0.625844,0.498424,0.484018,0.873688,0.585184,1.858208,0.529765,0.920429,0.650738,1.682547,0.457047,0.121976,0.966319,1.908002,0.611594,0.407923,0.433194,0.649026,0.496385,1.001615,0.491872,1.865975,0.293053,0.000000,1.855774,0.354071,1.557630,0.457047,0.494683,1.803233,0.399317,0.399758,0.681243,1.740605,0.615714,0.654181,0.345280,1.176292,0.662991,0.448263,0.468932,0.589227,0.261362,0.288873,0.509028,1.581599,1.456232,0.354071,0.261362,1.796926,0.608680,0.618712,1.719231,0.420955,0.650622,0.604137,0.509641,1.919800,0.381901,1.236110,0.496865,0.511663,0.588958,0.518050,1.692959,0.519399,0.293053,0.501636,0.546261,0.426817,0.631052,0.630443,1.754728,0.429909,0.582121,1.907581,0.614448,1.792104,1.925193,0.598796,0.495922,0.545568,0.431237,0.713203,1.443543,0.403656,1.860869,0.668579,0.419127,0.433386,0.426817,0.562390,0.533392,0.366108,0.513698,0.460573
0.628131,1.277394,1.806822,1.938374,1.958895,1.936291,1.932123,1.414056,1.636151,0.712976,1.922903,1.660421,1.848172,1.052401,1.939400,1.827898,1.591856,0.444907,1.936303,1.920340,1.921048,1.921038,1.927402,1.907716,1.943021,0.447162,1.878366,1.855774,0.000000,1.913041,1.540964,1.939400,1.946493,0.907676,1.917640,1.808919,1.589015,0.588392,1.950123,1.951397,1.849783,1.266752,1.956608,1.927748,1.927391,1.648042,1.853271,1.886514,1.919999,0.909137,1.149386,1.913041,1.853271,0.388507,1.927510,1.923575,0.721511,1.789890,1.915369,1.691899,1.915165,0.524608,1.783294,1.311084,1.942983,1.915964,1.946095,1.715345,0.700937,1.937624,1.878366,1.929627,1.928786,1.918322,1.620597,1.617746,0.624083,1.924248,1.940576,0.587909,1.930353,0.531144,0.524783,1.953670,1.941209,1.945459,1.925930,1.658484,1.414521,1.759010,0.554174,1.953270,1.909349,1.917201,1.918322,1.942102,1.936967,1.869018,1.934530,1.916031
1.815728,1.276190,0.436450,0.317922,0.466649,0.316807,0.280848,1.057540,0.755494,1.931110,0.292976,0.909664,0.638098,1.774496,0.251096,0.380802,0.961830,1.956158,0.438165,0.210881,0.236278,0.507786,0.298299,0.906630,0.297805,1.929757,0.180055,0.354071,1.913041,0.000000,1.549497,0.251096,0.284173,1.889112,0.206065,0.469401,0.809258,1.828100,0.408301,0.448356,0.285658,1.265870,0.491981,0.220163,0.195801,0.789154,0.258566,0.194431,0.284695,1.710715,1.495626,0.000000,0.258566,1.865888,0.393767,0.480391,1.817831,0.415957,0.452412,0.700509,0.274055,1.964767,0.425500,1.372540,0.294812,0.302166,0.392263,0.604666,1.809214,0.307775,0.180055,0.298739,0.332340,0.205259,0.780940,0.850323,1.787678,0.224928,0.365065,1.962328,0.414145,1.860446,1.980891,0.463800,0.311048,0.341764,0.240402,0.734890,1.523490,0.516474,1.922145,0.468104,0.205107,0.202467,0.205259,0.363305,0.329205,0.361595,0.299460,0.234346
1.583623,1.825573,1.656077,1.440704,1.316165,1.455036,1.466061,1.796752,1.759559,1.222780,1.515054,1.558294,1.458157,1.053474,1.469375,1.613587,1.655200,1.414690,1.396190,1.524132,1.514475,1.392645,1.485666,1.024985,1.442525,1.480614,1.604983,1.557630,1.540964,1.549497,0.000000,1.469375,1.435320,0.996023,1.531558,1.637311,1.791996,1.596177,1.397758,1.377745,1.641702,1.831480,1.312003,1.504850,1.504684,1.698123,1.630932,1.573922,1.529940,1.398037,1.642627,1.549497,1.630932,1.650582,1.449085,1.445720,1.449926,1.701032,1.437304,1.702165,1.518999,1.355195,1.649717,1.611233,1.462081,1.548398,1.406689,1.729727,1.408335,1.454236,1.604983,1.487149,1.469172,1.534236,1.752074,1.693341,1.734253,1.497135,1.433383,1.324658,1.476035,1.515166,1.306587,1.333664,1.439747,1.423480,1.504375,1.707168,1.211233,1.695426,1.439641,1.351275,1.554859,1.538569,1.534236,1.426364,1.460995,1.558207,1.462959,1.537207
1.867380,1.383171,0.623197,0.136774,0.258237,0.141661,0.144486,1.193041,0.886189,1.936293,0.273797,0.903314,0.730101,1.778869,0.000000,0.516057,0.982967,1.971741,0.290169,0.203017,0.196742,0.403873,0.208598,0.763980,0.201826,1.965004,0.385779,0.457047,1.939400,0.251096,1.469375,0.000000,0.198578,1.875908,0.208212,0.589022,0.962127,1.876333,0.229778,0.257238,0.491194,1.379765,0.298584,0.188576,0.175330,0.926749,0.441868,0.372317,0.240847,1.758200,1.563822,0.251096,0.441868,1.912247,0.322714,0.360374,1.861553,0.581057,0.338116,0.847140,0.223899,1.976891,0.564308,1.468815,0.210626,0.258811,0.258539,0.774421,1.858372,0.202327,0.385779,0.251124,0.281377,0.206774,0.937979,0.981299,1.839326,0.152689,0.240671,1.968513,0.328678,1.909666,1.986067,0.356659,0.214604,0.216523,0.198184,0.863366,1.544945,0.693860,1.950805,0.346215,0.230453,0.213493,0.206774,0.235521,0.255706,0.493345,0.201317,0.215976
1.890093,1.420157,0.668107,0.189671,0.278184,0.208280,0.183076,1.234240,0.916551,1.922702,0.273581,0.925170,0.754281,1.750987,0.198578,0.561592,1.025758,1.974783,0.245005,0.204729,0.178122,0.335304,0.162111,0.716672,0.119910,1.973014,0.431871,0.494683,1.946493,0.284173,1.435320,0.198578,0.000000,1.853974,0.217435,0.615470,1.014996,1.898554,0.265925,0.284208,0.539140,1.418909,0.299567,0.160334,0.184689,0.972203,0.492018,0.409979,0.293798,1.765033,1.603684,0.284173,0.492018,1.929064,0.276606,0.332389,1.875564,0.636600,0.296858,0.877185,0.249716,1.973619,0.620687,1.486161,0.172061,0.302233,0.179668,0.826710,1.858252,0.128982,0.431871,0.206842,0.251267,0.203334,0.985890,1.015230,1.856481,0.180806,0.232134,1.961828,0.319804,1.926296,1.985685,0.332718,0.115972,0.122267,0.174315,0.921743,1.539123,0.742045,1.954630,0.232613,0.241223,0.213779,0.203334,0.174723,0.192527,0.531203,0.138973,0.215412
0.985004,1.533859,1.830255,1.868807,1.810594,1.873652,1.875657,1.613674,1.752472,0.470310,1.890157,1.719169,1.718438,0.552665,1.875908,1.816097,1.744452,0.764516,1.843129,1.889102,1.888535,1.824050,1.883539,1.601409,1.858215,0.822231,1.877945,1.803233,0.907676,1.889112,0.996023,1.875908,1.853974,0.000000,1.890970,1.822359,1.754763,0.982017,1.862249,1.858815,1.873690,1.596409,1.812749,1.888650,1.894967,1.698777,1.868856,1.870802,1.896286,0.828984,1.398879,1.889112,1.868856,1.036778,1.860148,1.849936,0.809408,1.874157,1.867617,1.780786,1.902619,0.685568,1.858519,1.345047,1.871606,1.898956,1.853520,1.809163,0.771532,1.874547,1.877945,1.879879,1.870249,1.895319,1.735010,1.652397,1.225413,1.881810,1.874962,0.605692,1.870666,0.956062,0.590022,1.807595,1.856506,1.861578,1.881411,1.815530,1.017306,1.815694,0.765450,1.822981,1.904112,1.900037,1.895319,1.862610,1.870155,1.816803,1.877873,1.905703
1.842505,1.329682,0.565690,0.228356,0.403279,0.229607,0.197707,1.122117,0.796043,1.937180,0.276450,0.894927,0.756408,1.785695,0.208212,0.445259,0.962086,1.965766,0.324295,0.020911,0.130262,0.408098,0.172877,0.849256,0.172778,1.951090,0.323272,0.399317,1.917640,0.206065,1.531558,0.208212,0.217435,1.890970,0.000000,0.513570,0.895651,1.852650,0.348720,0.379495,0.427748,1.324655,0.422426,0.096374,0.169288,0.869049,0.368287,0.308763,0.273498,1.752057,1.542084,0.206065,0.368287,1.884007,0.326288,0.369957,1.856979,0.512555,0.342795,0.774248,0.199107,1.976777,0.490734,1.436038,0.229550,0.261941,0.284405,0.711659,1.839379,0.186679,0.323272,0.228702,0.276427,0.073121,0.875369,0.914211,1.804081,0.147251,0.295493,1.965101,0.360848,1.890720,1.987025,0.420764,0.189349,0.229284,0.073793,0.815837,1.576137,0.626111,1.945332,0.398677,0.094318,0.091607,0.073121,0.253261,0.252285,0.469803,0.179494,0.119127
1.649636,1.111437,0.396862,0.640799,0.772462,0.613503,0.620248,0.799007,0.483519,1.856582,0.628556,0.914717,0.682508,1.704312,0.589022,0.360461,0.917347,1.868495,0.753560,0.524040,0.556389,0.800311,0.607535,1.160759,0.620533,1.828308,0.392713,0.399758,1.808919,0.469401,1.637311,0.589022,0.615470,1.822359,0.513570,0.000000,0.601786,1.675661,0.711542,0.755629,0.389211,1.046847,0.802505,0.554708,0.578899,0.574190,0.358723,0.425562,0.562038,1.534183,1.350747,0.469401,0.358723,1.733789,0.727796,0.738666,1.666799,0.410661,0.762414,0.456058,0.608210,1.881044,0.417766,1.193518,0.629403,0.564485,0.700089,0.459069,1.675147,0.627798,0.392713,0.633285,0.661856,0.527137,0.559723,0.574824,1.690221,0.564865,0.697377,1.889782,0.696799,1.740207,1.896162,0.733627,0.624750,0.663208,0.553424,0.625772,1.467494,0.388747,1.812639,0.787891,0.513256,0.527677,0.527137,0.671099,0.666817,0.479275,0.620727,0.557297
1.387209,0.729632,0.476262,1.015838,1.158020,0.999111,0.985426,0.353014,0.423770,1.735694,0.954042,1.104208,0.793300,1.650652,0.962127,0.576218,1.020108,1.693626,1.131219,0.907184,0.935906,1.164591,1.000901,1.488932,1.019760,1.598147,0.664439,0.681243,1.589015,0.809258,1.791996,0.962127,1.014996,1.754763,0.895651,0.601786,0.000000,1.412347,1.091225,1.134336,0.583315,0.715888,1.174032,0.937124,0.951867,0.376341,0.595578,0.719825,0.916941,1.326782,1.118795,0.809258,0.595578,1.469620,1.070058,1.124611,1.420594,0.452155,1.122283,0.413586,0.962387,1.724548,0.588183,0.921304,0.997782,0.918521,1.109005,0.263397,1.453337,1.027361,0.664439,0.996243,1.009698,0.899872,0.153678,0.432489,1.427161,0.931007,1.058094,1.747990,1.049394,1.474470,1.746929,1.132322,1.032296,1.066860,0.944452,0.562634,1.419166,0.366757,1.611359,1.178415,0.875477,0.894527,0.899872,1.078888,1.028800,0.665672,1.016660,0.923608
0.291302,1.087608,1.643998,1.886480,1.920999,1.878158,1.877747,1.218451,1.471699,0.836514,1.864464,1.671986,1.689237,1.108494,1.876333,1.705344,1.579981,0.609567,1.906000,1.857504,1.868671,1.911065,1.887577,1.895033,1.897483,0.521895,1.766591,1.740605,0.588392,1.828100,1.596177,1.876333,1.898554,0.982017,1.852650,1.675661,1.412347,0.000000,1.902478,1.914243,1.718954,1.085750,1.928450,1.870455,1.873529,1.436603,1.738305,1.765123,1.846579,0.768478,0.766008,1.828100,1.738305,0.483256,1.890161,1.899281,0.530926,1.670277,1.900768,1.515968,1.863230,0.694800,1.679921,1.030110,1.885892,1.844227,1.923202,1.556024,0.684897,1.897633,1.766591,1.887277,1.876353,1.857338,1.432065,1.411284,0.710978,1.864533,1.896687,0.755184,1.880496,0.504772,0.689427,1.895662,1.902621,1.909568,1.869308,1.539473,1.272091,1.591822,0.624960,1.932974,1.844220,1.854534,1.857338,1.913189,1.897745,1.742048,1.893668,1.860723
1.894920,1.469569,0.771401,0.199574,0.214489,0.160616,0.248511,1.309294,1.016352,1.932835,0.296464,0.921101,0.828358,1.778347,0.229778,0.675969,1.015162,1.968863,0.276719,0.339896,0.297535,0.411875,0.263934,0.688990,0.275556,1.975619,0.540786,0.615714,1.950123,0.408301,1.397758,0.229778,0.265925,1.862249,0.348720,0.711542,1.091225,1.902478,0.000000,0.083134,0.643451,1.454913,0.273850,0.299555,0.301208,1.062589,0.595633,0.533771,0.256808,1.800870,1.596177,0.408301,0.595633,1.930255,0.326532,0.370237,1.893067,0.721370,0.324855,0.954627,0.329006,1.969453,0.715448,1.537281,0.286411,0.302569,0.252088,0.911693,1.888400,0.247381,0.540786,0.338655,0.301119,0.330860,1.073940,1.111644,1.865266,0.287592,0.187907,1.962711,0.308242,1.931790,1.975821,0.344446,0.283315,0.236768,0.317038,0.978043,1.563835,0.843340,1.959255,0.313291,0.356273,0.335279,0.330860,0.250192,0.322159,0.649259,0.253141,0.318313
1.910064,1.500089,0.819052,0.216916,0.188438,0.196978,0.270265,1.348000,1.053594,1.928299,0.325776,0.927020,0.865660,1.774745,0.257238,0.717832,1.027436,1.967541,0.260876,0.369798,0.324996,0.390382,0.281408,0.655435,0.291444,1.979556,0.587602,0.654181,1.951397,0.448356,1.377745,0.257238,0.284208,1.858815,0.379495,0.755629,1.134336,1.914243,0.083134,0.000000,0.689838,1.488212,0.255070,0.329754,0.323793,1.103894,0.642300,0.574718,0.314693,1.818828,1.624068,0.448356,0.642300,1.937248,0.323152,0.344459,1.907765,0.769106,0.310084,1.001806,0.350222,1.967412,0.752300,1.564821,0.306569,0.345222,0.240573,0.958852,1.898546,0.263246,0.587602,0.350726,0.313273,0.364160,1.117589,1.152126,1.870810,0.315613,0.188335,1.958390,0.320597,1.939566,1.972362,0.345855,0.291999,0.242976,0.342325,1.014432,1.574718,0.889155,1.962248,0.296591,0.390349,0.369713,0.364160,0.246395,0.329667,0.692704,0.270569,0.347043
1.699620,1.108969,0.179250,0.565710,0.707432,0.554667,0.528780,0.850051,0.606157,1.899699,0.509284,0.983970,0.541564,1.762011,0.491194,0.293356,0.984659,1.899618,0.686591,0.437665,0.478574,0.741466,0.548196,1.103768,0.548006,1.848132,0.128945,0.345280,1.849783,0.285658,1.641702,0.491194,0.539140,1.873690,0.427748,0.389211,0.583315,1.718954,0.643451,0.689838,0.000000,1.093368,0.727911,0.463556,0.463229,0.582050,0.141993,0.214456,0.476584,1.608592,1.361344,0.285658,0.141993,1.772742,0.628198,0.713615,1.710307,0.250023,0.691620,0.508799,0.503064,1.920195,0.338967,1.208426,0.528242,0.482882,0.652082,0.358014,1.721345,0.563938,0.128945,0.535369,0.562803,0.432337,0.544788,0.662275,1.702549,0.468706,0.607956,1.925911,0.614490,1.764072,1.937536,0.672945,0.565317,0.601044,0.477570,0.586401,1.465767,0.269029,1.850183,0.716731,0.415074,0.425268,0.432337,0.622074,0.564507,0.282166,0.554254,0.464210
1.057842,0.770083,1.011546,1.412346,1.528168,1.391843,1.386789,0.623980,0.798452,1.506148,1.371090,1.277713,1.218956,1.545395,1.379765,1.098691,1.147781,1.389806,1.496299,1.333444,1.348415,1.519815,1.391173,1.745057,1.425785,1.258433,1.163652,1.176292,1.266752,1.265870,1.831480,1.379765,1.418909,1.596409,1.324655,1.046847,0.715888,1.085750,1.454913,1.488212,1.093368,0.000000,1.522110,1.353772,1.361630,0.852345,1.116443,1.193890,1.324585,1.126675,0.934118,1.265870,1.116443,1.111442,1.458782,1.473305,1.146291,1.020857,1.474859,0.824071,1.357888,1.408157,1.033660,0.971963,1.406196,1.329538,1.477715,0.869770,1.240518,1.414107,1.163652,1.396610,1.417503,1.325505,0.758174,0.802078,1.083281,1.344579,1.450318,1.475226,1.423164,1.136388,1.453894,1.478366,1.429657,1.446332,1.360725,0.773792,1.355087,0.936303,1.290953,1.526070,1.300897,1.318552,1.325505,1.460981,1.428727,1.164699,1.405554,1.332182
1.921010,1.527943,0.845843,0.267147,0.182008,0.299827,0.295149,1.380168,1.089523,1.901084,0.450452,1.001345,0.829008,1.734293,0.298584,0.737829,1.114048,1.967083,0.294073,0.410122,0.396607,0.379963,0.351012,0.561936,0.305281,1.977819,0.629225,0.662991,1.956608,0.491981,1.312003,0.298584,0.299567,1.812749,0.422426,0.802505,1.174032,1.928450,0.273850,0.255070,0.727911,1.522110,0.000000,0.380240,0.372009,1.120519,0.686114,0.600652,0.445228,1.789695,1.649853,0.491981,0.686114,1.962972,0.390042,0.400895,1.887471,0.823366,0.364091,1.045643,0.391504,1.962682,0.784695,1.581432,0.335792,0.456037,0.275620,0.994423,1.886435,0.312493,0.629225,0.369621,0.401504,0.419666,1.144268,1.155577,1.891222,0.348449,0.336066,1.939679,0.415530,1.945063,1.960440,0.356793,0.309648,0.277564,0.378964,1.053876,1.536725,0.920421,1.959535,0.270141,0.453695,0.428015,0.419666,0.297587,0.340897,0.669650,0.322616,0.419212
1.860030,1.363478,0.601870,0.195802,0.363735,0.199131,0.169647,1.166907,0.848395,1.941436,0.251150,0.910640,0.758720,1.789290,0.188576,0.497187,0.984584,1.970593,0.289950,0.083547,0.094977,0.387235,0.123528,0.817238,0.130238,1.958518,0.356989,0.448263,1.927748,0.220163,1.504850,0.188576,0.160334,1.888650,0.096374,0.554708,0.937124,1.870455,0.299555,0.329754,0.463556,1.353772,0.380240,0.000000,0.140956,0.911336,0.410510,0.344364,0.258299,1.765132,1.556534,0.220163,0.410510,1.898911,0.296324,0.363101,1.867563,0.547530,0.310870,0.806257,0.184873,1.979028,0.529818,1.461402,0.194710,0.266275,0.243666,0.750477,1.851429,0.120320,0.356989,0.204690,0.250559,0.060636,0.916680,0.963108,1.818797,0.133917,0.249831,1.969794,0.348561,1.901993,1.990809,0.393120,0.155098,0.169585,0.076804,0.843409,1.577204,0.669122,1.951030,0.347155,0.092639,0.063232,0.060636,0.215588,0.217437,0.490395,0.110781,0.078615
