0.000000,0.938955,1.583118,1.846868,1.865812,1.843595,1.836257,1.120576,1.424949,0.839772,1.848381,1.477367,1.630531,1.058851,1.820260,1.625277,1.366100,0.633485,1.880514,1.819253,1.827755,1.878230,1.850714,1.870670,1.858842,0.555897,1.703221,1.661266,0.607172,1.778951,1.508164,1.820260,1.842003,0.937912,1.814833,1.637235,1.339210,0.355187,1.877413,1.890967,1.659603,1.092110,1.883406,1.831549,1.833895,1.356359,1.671743,1.706979,1.828937,0.629336,0.905065,1.778951,1.671743,0.559340,1.880429,1.893021,0.435018,1.621958,1.882164,1.462029,1.820169,0.744599,1.618486,0.921230,1.828590,1.834078,1.889735,1.479256,0.613753,1.859889,1.703221,1.834874,1.864038,1.817461,1.366670,1.277844,0.745701,1.821083,1.880152,0.766713,1.883468,0.481933,0.735426,1.824367,1.861923,1.873096,1.831176,1.481895,1.201280,1.534803,0.631409,1.884821,1.804495,1.814033,1.817461,1.885042,1.846844,1.683890,1.854220,1.823747
0.938955,0.000000,1.141355,1.448754,1.561447,1.447600,1.421146,0.587648,0.885832,1.424124,1.467195,1.120177,1.400423,1.443182,1.433016,1.143152,1.035571,1.231390,1.501143,1.396837,1.411911,1.550093,1.451000,1.734463,1.480646,1.135094,1.248918,1.212300,1.091544,1.351181,1.821420,1.433016,1.465716,1.475290,1.388071,1.201695,0.761361,0.907529,1.531066,1.556423,1.201914,0.903379,1.560754,1.425192,1.439298,0.910258,1.194925,1.288425,1.422870,1.013006,1.047287,1.351181,1.194925,0.978999,1.522119,1.556033,1.084483,1.086046,1.494640,1.032028,1.418991,1.365318,1.118725,0.734502,1.441690,1.426113,1.532490,0.965029,0.964976,1.476847,1.248918,1.449483,1.480443,1.391002,0.853505,0.867832,1.089539,1.388402,1.506603,1.388994,1.528114,1.107592,1.353196,1.489899,1.487525,1.510917,1.420336,1.023853,1.452857,1.052903,1.254972,1.561526,1.369258,1.387701,1.391002,1.521992,1.481724,1.263008,1.462108,1.400220
1.583118,1.141355,0.000000,0.667648,0.812351,0.668222,0.627779,0.802987,0.576937,1.856622,0.687128,1.254807,0.504035,1.697538,0.602817,0.325429,1.291470,1.827500,0.788453,0.568893,0.582658,0.801268,0.639648,1.141453,0.662692,1.749689,0.272725,0.399321,1.780600,0.431162,1.636053,0.602817,0.604760,1.810132,0.560836,0.443848,0.529353,1.533711,0.776502,0.823060,0.178397,0.993942,0.784397,0.578258,0.592418,0.449432,0.247279,0.286641,0.641355,1.534761,1.174523,0.431162,0.247279,1.735278,0.790012,0.833341,1.647349,0.366642,0.777698,0.483297,0.611237,1.883119,0.368348,1.084163,0.601395,0.643728,0.777987,0.304715,1.626639,0.651814,0.272725,0.651531,0.730735,0.556401,0.412199,0.613186,1.705854,0.568896,0.760477,1.878867,0.784638,1.716725,1.891811,0.746362,0.688228,0.693239,0.599835,0.626588,1.417301,0.129548,1.823860,0.746626,0.533567,0.544283,0.556401,0.757976,0.668871,0.353188,0.634419,0.574628
1.846868,1.448754,0.667648,0.000000,0.282159,0.080390,0.091144,1.215491,0.898026,1.909809,0.303716,1.135341,0.802562,1.706698,0.140390,0.549534,1.253790,1.953935,0.232441,0.209978,0.181495,0.322510,0.187709,0.700618,0.188278,1.937100,0.436816,0.485983,1.928763,0.292856,1.487322,0.140390,0.278132,1.862379,0.215260,0.677112,0.997839,1.797158,0.202357,0.229833,0.530248,1.369505,0.291074,0.189272,0.201554,0.927234,0.488682,0.439891,0.272537,1.765481,1.481798,0.292856,0.488682,1.905634,0.330939,0.294398,1.892461,0.594907,0.282501,0.950449,0.263860,1.979865,0.585781,1.474163,0.244400,0.280753,0.259777,0.832293,1.806403,0.190215,0.436816,0.247668,0.310785,0.207561,0.962686,1.052318,1.855545,0.158835,0.244143,1.954586,0.347305,1.912529,1.984245,0.303693,0.206966,0.207776,0.191106,0.848689,1.560951,0.723394,1.962620,0.348372,0.225931,0.214365,0.207561,0.235962,0.272096,0.486500,0.189575,0.199462
1.865812,1.561447,0.812351,0.282159,0.000000,0.298546,0.341816,1.337288,1.046362,1.850272,0.461687,1.199766,0.821811,1.615455,0.265756,0.704176,1.339826,1.941600,0.336548,0.415030,0.388911,0.325056,0.368477,0.518788,0.312270,1.951104,0.618756,0.613741,1.945075,0.475493,1.327428,0.265756,0.375633,1.778744,0.425051,0.826098,1.156765,1.823725,0.261952,0.226069,0.700129,1.457732,0.250038,0.388110,0.387214,1.048746,0.679150,0.588790,0.475737,1.757937,1.520583,0.475493,0.679150,1.943823,0.435310,0.308243,1.893748,0.791786,0.415796,1.090531,0.460098,1.949623,0.760326,1.534094,0.388018,0.479523,0.303168,0.998857,1.797630,0.343153,0.618756,0.383295,0.451922,0.424758,1.104507,1.153626,1.905417,0.390908,0.357507,1.914336,0.434760,1.932466,1.952849,0.344317,0.305177,0.310408,0.382825,0.990356,1.489459,0.878216,1.946504,0.370261,0.454452,0.435030,0.424758,0.297818,0.375784,0.599189,0.357865,0.426414
1.843595,1.447600,0.668222,0.080390,0.298546,0.000000,0.142006,1.213443,0.902404,1.913447,0.277693,1.140852,0.805430,1.717550,0.169437,0.548162,1.255600,1.952346,0.234773,0.223990,0.187676,0.333380,0.191264,0.716691,0.209786,1.932760,0.441161,0.485582,1.927121,0.301601,1.495046,0.169437,0.296622,1.865619,0.228669,0.684333,0.996122,1.795845,0.173466,0.216690,0.533393,1.368454,0.319849,0.204027,0.217067,0.929334,0.490659,0.443647,0.252353,1.772685,1.483067,0.301601,0.490659,1.901933,0.320797,0.294971,1.894761,0.601250,0.268465,0.951589,0.275594,1.978326,0.592099,1.469798,0.248137,0.284330,0.270623,0.831315,1.808249,0.200275,0.441161,0.248836,0.285739,0.221147,0.959647,1.053025,1.853894,0.185092,0.222922,1.955094,0.359406,1.913044,1.981828,0.318366,0.226075,0.218276,0.205412,0.849101,1.568925,0.721638,1.961866,0.356301,0.233410,0.226402,0.221147,0.250721,0.279197,0.505989,0.200378,0.205510
1.836257,1.421146,0.627779,0.091144,0.341816,0.142006,0.000000,1.186658,0.867399,1.916288,0.315082,1.132460,0.782429,1.718427,0.161816,0.522723,1.244739,1.952803,0.251630,0.184070,0.160233,0.351954,0.177144,0.740626,0.194832,1.929554,0.394909,0.469611,1.920963,0.253985,1.511784,0.161816,0.266919,1.872631,0.187192,0.642394,0.960144,1.782781,0.266070,0.295399,0.487359,1.340535,0.311729,0.164097,0.168354,0.892729,0.445975,0.402153,0.267693,1.755526,1.459173,0.253985,0.445975,1.895383,0.353343,0.329110,1.882823,0.550781,0.295191,0.909533,0.220782,1.982292,0.544393,1.452266,0.242297,0.263196,0.286244,0.789858,1.800808,0.186150,0.394909,0.256184,0.325874,0.174001,0.926050,1.025701,1.842653,0.108712,0.274628,1.958049,0.359071,1.901824,1.986413,0.326215,0.220567,0.217634,0.174579,0.822917,1.564398,0.683154,1.960359,0.360665,0.186703,0.177495,0.174001,0.261879,0.281579,0.454153,0.179084,0.166389
1.120576,0.587648,0.802987,1.215491,1.337288,1.213443,1.186658,0.000000,0.481115,1.540858,1.243583,1.103231,1.101127,1.448049,1.176679,0.793832,1.061443,1.463256,1.289639,1.129182,1.158002,1.316433,1.204914,1.562910,1.227961,1.342935,0.946559,0.874900,1.349746,1.075078,1.771700,1.176679,1.200348,1.556728,1.119572,0.848159,0.379549,1.089712,1.327233,1.359165,0.892180,0.700715,1.346979,1.167578,1.193926,0.509986,0.880376,0.972486,1.197568,1.093681,1.026618,1.075078,0.880376,1.262173,1.305838,1.356361,1.226342,0.770632,1.287901,0.666385,1.188369,1.565875,0.784574,0.672315,1.181419,1.192516,1.303124,0.624197,1.177851,1.227900,0.946559,1.198088,1.260788,1.129850,0.466763,0.413071,1.289172,1.139925,1.299970,1.548281,1.313183,1.286039,1.573342,1.244480,1.234381,1.265321,1.156573,0.718267,1.377184,0.699391,1.451039,1.314865,1.108865,1.128453,1.129850,1.290204,1.229000,0.972734,1.211749,1.151387
1.424949,0.885832,0.576937,0.898026,1.046362,0.902404,0.867399,0.481115,0.000000,1.717063,0.943521,1.062431,0.917582,1.562319,0.862021,0.489317,1.080771,1.696188,0.972568,0.791315,0.827283,0.985023,0.877603,1.315065,0.896969,1.586253,0.653989,0.561435,1.605115,0.770698,1.719209,0.862021,0.871621,1.696999,0.782216,0.501117,0.401697,1.371921,1.032083,1.065450,0.622760,0.807078,1.054244,0.835289,0.887659,0.446944,0.589367,0.673392,0.896704,1.331684,1.165315,0.770698,0.589367,1.530434,0.988330,1.065877,1.484111,0.496022,0.969658,0.484920,0.886743,1.771540,0.482635,0.909148,0.843517,0.878838,0.985607,0.487662,1.413732,0.900246,0.653989,0.857105,0.947052,0.793372,0.441150,0.384281,1.521022,0.819165,0.996065,1.747137,0.999939,1.544325,1.780252,0.938470,0.904148,0.940577,0.819474,0.500744,1.407550,0.496886,1.681990,0.988613,0.773692,0.793051,0.793372,0.971865,0.892322,0.707012,0.882246,0.819606
0.839772,1.424124,1.856622,1.909809,1.850272,1.913447,1.916288,1.540858,1.717063,0.000000,1.931497,1.519696,1.812513,0.568578,1.900708,1.840633,1.486420,0.618329,1.901066,1.915203,1.916594,1.875352,1.914864,1.701702,1.901851,0.695142,1.906518,1.836145,0.738628,1.920512,1.164627,1.900708,1.898990,0.467487,1.915752,1.856721,1.730974,0.933663,1.911989,1.898430,1.895027,1.486065,1.888830,1.919300,1.924093,1.710841,1.896766,1.886844,1.938911,0.833978,1.393508,1.920512,1.896766,0.814335,1.910985,1.898432,0.738716,1.878904,1.917534,1.749451,1.924795,0.509485,1.847908,1.332435,1.914767,1.932380,1.890239,1.822499,0.772850,1.913534,1.906518,1.909512,1.924464,1.918676,1.742723,1.622273,0.846852,1.921146,1.916841,0.272731,1.909206,0.677646,0.510410,1.863219,1.893152,1.905798,1.909964,1.780737,1.182753,1.835520,0.531076,1.889302,1.922217,1.923116,1.918676,1.895801,1.907905,1.876428,1.915788,1.926477
1.848381,1.467195,0.687128,0.303716,0.461687,0.277693,0.315082,1.243583,0.943521,1.931497,0.000000,1.185618,0.823606,1.756267,0.361733,0.603021,1.283624,1.955429,0.309824,0.289712,0.273266,0.359892,0.268625,0.776225,0.292939,1.931132,0.465809,0.563849,1.930180,0.345188,1.524930,0.361733,0.341988,1.891933,0.292580,0.695205,1.010650,1.820538,0.287718,0.339826,0.548660,1.341739,0.454071,0.274331,0.282903,0.980027,0.512419,0.490448,0.201810,1.793855,1.513897,0.345188,0.512419,1.895422,0.205423,0.370961,1.896817,0.619996,0.261506,0.944861,0.345131,1.976867,0.630115,1.486046,0.278246,0.263868,0.327400,0.831092,1.823726,0.264449,0.465809,0.269835,0.156255,0.292228,0.980180,1.105988,1.843664,0.292181,0.238668,1.958067,0.306061,1.913590,1.976493,0.415882,0.306735,0.281333,0.285035,0.858317,1.565334,0.743889,1.958589,0.372828,0.300078,0.290502,0.292228,0.321707,0.289397,0.599939,0.265611,0.272706
1.477367,1.120177,1.254807,1.135341,1.199766,1.140852,1.132460,1.103231,1.062431,1.519696,1.185618,0.000000,1.477069,1.393918,1.160925,1.151638,0.255646,1.540598,1.107329,1.140489,1.167255,1.199071,1.175783,1.286620,1.173293,1.490171,1.185079,1.159324,1.451122,1.174934,1.564212,1.160925,1.231371,1.568701,1.137499,1.188417,1.131532,1.416734,1.184616,1.188236,1.203670,1.247710,1.250531,1.168269,1.171808,1.190436,1.172319,1.207946,1.152140,1.418870,1.432209,1.174934,1.172319,1.375022,1.166767,1.168721,1.554849,1.078323,1.138721,1.273599,1.159343,1.613832,1.097734,1.328384,1.194213,1.155223,1.193910,1.201158,1.369220,1.185116,1.185079,1.162090,1.162122,1.141095,1.224055,1.222515,1.369359,1.134895,1.172127,1.552172,1.207406,1.450944,1.598172,1.060676,1.167718,1.200207,1.143699,0.990014,1.619477,1.217250,1.541420,1.262053,1.140606,1.150399,1.141095,1.190569,1.195576,1.259907,1.183079,1.153155
1.630531,1.400423,0.504035,0.802562,0.821811,0.805430,0.782429,1.101127,0.917582,1.812513,0.823606,1.477069,0.000000,1.651544,0.721209,0.697284,1.521905,1.812958,0.907727,0.752770,0.749822,0.832954,0.769533,1.049224,0.764095,1.759358,0.601654,0.700846,1.822511,0.643126,1.423727,0.721209,0.673567,1.715173,0.753886,0.633761,0.881674,1.589687,0.841019,0.872081,0.563505,1.092548,0.792047,0.730387,0.727363,0.773489,0.629589,0.559180,0.804618,1.539600,1.164226,0.643126,0.629589,1.816643,0.886023,0.907990,1.628355,0.741760,0.907469,0.711197,0.752270,1.836559,0.728850,1.190748,0.715931,0.809144,0.840766,0.683624,1.671761,0.755507,0.601654,0.766111,0.857206,0.745267,0.739983,0.867691,1.794720,0.758897,0.871717,1.845690,0.866918,1.751389,1.851727,0.828248,0.783658,0.765903,0.763226,0.893408,1.226029,0.590944,1.800868,0.740821,0.746039,0.735239,0.745267,0.827975,0.741781,0.553045,0.748751,0.759584
1.058851,1.443182,1.697538,1.706698,1.615455,1.717550,1.718427,1.448049,1.562319,0.568578,1.756267,1.393918,1.651544,0.000000,1.687136,1.645133,1.434988,1.001764,1.712524,1.718718,1.723112,1.660454,1.722222,1.469802,1.692808,1.061691,1.725483,1.624732,1.099287,1.730609,0.988986,1.687136,1.688432,0.630671,1.720235,1.688035,1.620194,1.139331,1.719615,1.702356,1.724341,1.423821,1.677647,1.727285,1.735237,1.561488,1.719706,1.702940,1.761863,0.824000,1.399370,1.730609,1.719706,1.169126,1.730236,1.708036,0.970777,1.713067,1.746935,1.619481,1.749323,0.954219,1.659170,1.321805,1.715602,1.750729,1.676378,1.686696,0.866588,1.718175,1.725483,1.708627,1.752737,1.727504,1.621015,1.476337,1.210498,1.725080,1.738086,0.795394,1.717031,1.015058,0.956597,1.631123,1.678939,1.706245,1.710893,1.631756,1.076387,1.684704,0.937390,1.687286,1.739352,1.736562,1.727504,1.682608,1.703147,1.674270,1.721210,1.745709
1.820260,1.433016,0.602817,0.140390,0.265756,0.169437,0.161816,1.176679,0.862021,1.900708,0.361733,1.160925,0.721209,1.687136,0.000000,0.505636,1.275987,1.946253,0.310972,0.223645,0.207266,0.352088,0.232336,0.714499,0.215324,1.926088,0.387993,0.439634,1.924555,0.257236,1.469938,0.000000,0.262434,1.846515,0.228662,0.635056,0.956382,1.769387,0.264999,0.287520,0.474523,1.330238,0.295413,0.205021,0.223917,0.868638,0.445641,0.382332,0.321194,1.732905,1.434594,0.257236,0.445641,1.903828,0.395178,0.344239,1.865935,0.561300,0.358644,0.906399,0.302766,1.975284,0.543443,1.439052,0.248601,0.316646,0.309605,0.783304,1.786362,0.225650,0.387993,0.265360,0.373270,0.221924,0.908101,0.998824,1.858552,0.181803,0.317291,1.947991,0.382566,1.898464,1.979126,0.315580,0.236294,0.243249,0.214270,0.814637,1.518279,0.664517,1.953793,0.361890,0.238612,0.225168,0.221924,0.285081,0.285247,0.408582,0.222475,0.228310
1.625277,1.143152,0.325429,0.549534,0.704176,0.548162,0.522723,0.793832,0.489317,1.840633,0.603021,1.151638,0.697284,1.645133,0.505636,0.000000,1.221656,1.853672,0.665245,0.449696,0.474925,0.685478,0.535465,1.048713,0.550832,1.791688,0.286989,0.129482,1.798312,0.396305,1.629659,0.505636,0.533823,1.792692,0.439806,0.440112,0.580925,1.586277,0.685956,0.726170,0.299749,1.062741,0.706484,0.486454,0.535396,0.487690,0.237128,0.307713,0.568053,1.551179,1.294882,0.396305,0.237128,1.752378,0.692637,0.730184,1.694895,0.347072,0.668009,0.576659,0.564854,1.903271,0.308739,1.120076,0.508872,0.566814,0.656827,0.444394,1.623777,0.558925,0.286989,0.548491,0.637547,0.452635,0.522697,0.594363,1.730468,0.463665,0.659870,1.881228,0.698268,1.755372,1.912784,0.647784,0.565732,0.599874,0.476696,0.604131,1.452863,0.317190,1.846254,0.679679,0.436003,0.453275,0.452635,0.638669,0.578955,0.369286,0.542149,0.483560
1.366100,1.035571,1.291470,1.253790,1.339826,1.255600,1.244739,1.061443,1.080771,1.486420,1.283624,0.255646,1.521905,1.434988,1.275987,1.221656,0.000000,1.446580,1.234379,1.243429,1.271784,1.325136,1.284062,1.430974,1.291609,1.372115,1.252818,1.247007,1.339369,1.265925,1.629609,1.275987,1.342461,1.560966,1.238978,1.234459,1.112966,1.298315,1.304291,1.314303,1.257240,1.176275,1.373914,1.270939,1.274045,1.199469,1.232365,1.280169,1.244393,1.372863,1.353243,1.265925,1.232365,1.237766,1.277484,1.293785,1.463100,1.128382,1.252051,1.276374,1.250807,1.538592,1.162737,1.269792,1.299708,1.248684,1.322762,1.208167,1.316131,1.296049,1.252818,1.272092,1.266629,1.241397,1.217736,1.225554,1.229629,1.241951,1.286833,1.485558,1.316021,1.328368,1.521375,1.187542,1.290715,1.316174,1.251671,1.003161,1.632796,1.244112,1.450207,1.377329,1.233937,1.246749,1.241397,1.317010,1.305992,1.339117,1.291996,1.249413
0.633485,1.231390,1.827500,1.953935,1.941600,1.952346,1.952803,1.463256,1.696188,0.618329,1.955429,1.540598,1.812958,1.001764,1.946253,1.853672,1.446580,0.000000,1.956680,1.951772,1.953137,1.956033,1.959160,1.887771,1.963296,0.512496,1.901617,1.874685,0.406590,1.937954,1.407370,1.946253,1.958252,0.810010,1.950208,1.848365,1.636216,0.742542,1.958739,1.955923,1.875806,1.401608,1.953639,1.957424,1.957400,1.683985,1.882820,1.901452,1.953043,0.866453,1.252580,1.937954,1.882820,0.506126,1.953007,1.961199,0.620727,1.842965,1.953553,1.722588,1.949993,0.433298,1.842530,1.262611,1.956790,1.955630,1.960517,1.746924,0.743354,1.963561,1.901617,1.955390,1.951615,1.950420,1.661855,1.604606,0.701503,1.948681,1.956345,0.472279,1.962701,0.541577,0.345800,1.937053,1.960783,1.966026,1.954814,1.742647,1.288162,1.792969,0.420357,1.963908,1.945527,1.950271,1.950420,1.961829,1.959554,1.886408,1.962542,1.951884
1.880514,1.501143,0.788453,0.232441,0.336548,0.234773,0.251630,1.289639,0.972568,1.901066,0.309824,1.107329,0.907727,1.712524,0.310972,0.665245,1.234379,1.956680,0.000000,0.286738,0.277544,0.279436,0.245865,0.649889,0.232184,1.947870,0.561379,0.600379,1.928498,0.407845,1.466097,0.310972,0.336680,1.855812,0.295301,0.760168,1.093398,1.835757,0.260344,0.263558,0.652490,1.413243,0.349561,0.279536,0.289445,1.034387,0.611599,0.550190,0.330860,1.797898,1.556449,0.407845,0.611599,1.906244,0.269290,0.265095,1.915590,0.692831,0.149190,1.031618,0.342507,1.973205,0.684868,1.524609,0.304560,0.330663,0.227484,0.942345,1.825746,0.232854,0.561379,0.275778,0.260257,0.299202,1.070951,1.143477,1.855538,0.282945,0.222834,1.943953,0.331671,1.926686,1.973989,0.340259,0.225187,0.224677,0.257492,0.906298,1.590610,0.840674,1.961470,0.330990,0.320574,0.310033,0.299202,0.227174,0.296147,0.641961,0.244498,0.286153
1.819253,1.396837,0.568893,0.209978,0.415030,0.223990,0.184070,1.129182,0.791315,1.915203,0.289712,1.140489,0.752770,1.718718,0.223645,0.449696,1.243429,1.951772,0.286738,0.000000,0.136357,0.352492,0.172917,0.788526,0.152283,1.917204,0.333152,0.403116,1.915090,0.203072,1.534472,0.223645,0.235419,1.871858,0.018878,0.552994,0.901985,1.773113,0.348279,0.380537,0.429650,1.267730,0.398225,0.102964,0.183410,0.834248,0.379899,0.340433,0.275219,1.734065,1.451664,0.203072,0.379899,1.883626,0.334572,0.381426,1.858092,0.484886,0.295289,0.829976,0.255839,1.980196,0.477865,1.392286,0.193488,0.251911,0.277742,0.730277,1.791928,0.172105,0.333152,0.204952,0.300032,0.081808,0.867944,0.964157,1.831225,0.147024,0.305715,1.954680,0.343509,1.888920,1.985772,0.356615,0.178146,0.216520,0.052624,0.754295,1.541027,0.624018,1.949217,0.350730,0.112809,0.100848,0.081808,0.253708,0.243286,0.442149,0.162982,0.132253
1.827755,1.411911,0.582658,0.181495,0.388911,0.187676,0.160233,1.158002,0.827283,1.916594,0.273266,1.167255,0.749822,1.723112,0.207266,0.474925,1.271784,1.953137,0.277544,0.136357,0.000000,0.340739,0.081254,0.773556,0.166791,1.918835,0.351389,0.423116,1.918338,0.214686,1.523083,0.207266,0.187964,1.874036,0.142244,0.598885,0.928412,1.785096,0.304647,0.339127,0.447102,1.311680,0.373060,0.090993,0.160038,0.867456,0.400850,0.349497,0.250606,1.749629,1.466660,0.214686,0.400850,1.890614,0.319197,0.366471,1.872780,0.525976,0.280826,0.847068,0.239127,1.984818,0.510942,1.416812,0.195898,0.240320,0.265219,0.755098,1.794948,0.117640,0.351389,0.207544,0.280713,0.112635,0.885979,0.991846,1.835955,0.133397,0.263534,1.956449,0.338810,1.894300,1.986421,0.373520,0.191340,0.170768,0.122203,0.803989,1.561307,0.639046,1.960773,0.306776,0.110843,0.105522,0.112635,0.244367,0.247741,0.452255,0.095680,0.075292
1.878230,1.550093,0.801268,0.322510,0.325056,0.333380,0.351954,1.316433,0.985023,1.875352,0.359892,1.199071,0.832954,1.660454,0.352088,0.685478,1.325136,1.956033,0.279436,0.352492,0.340739,0.000000,0.301542,0.603310,0.266344,1.943754,0.597264,0.609890,1.947697,0.459995,1.384963,0.352088,0.298406,1.810183,0.363042,0.734730,1.126012,1.841466,0.331347,0.330233,0.681978,1.384634,0.348101,0.337827,0.368155,1.051053,0.647884,0.576008,0.406071,1.763220,1.534330,0.459995,0.647884,1.933908,0.297515,0.364791,1.889960,0.741120,0.314092,1.004835,0.431611,1.964927,0.717653,1.509061,0.272237,0.407639,0.237980,0.965014,1.807513,0.269980,0.597264,0.226546,0.327626,0.374983,1.088400,1.138381,1.884670,0.368172,0.330598,1.927566,0.334994,1.930695,1.964387,0.350842,0.243110,0.239449,0.322446,0.921819,1.489563,0.864987,1.954336,0.231053,0.403804,0.384010,0.374983,0.246324,0.190249,0.651184,0.282470,0.372213
1.850714,1.451000,0.639648,0.187709,0.368477,0.191264,0.177144,1.204914,0.877603,1.914864,0.268625,1.175783,0.769533,1.722222,0.232336,0.535465,1.284062,1.959160,0.245865,0.172917,0.081254,0.301542,0.000000,0.736754,0.151060,1.928509,0.414498,0.480536,1.927829,0.270019,1.497838,0.232336,0.171758,1.871663,0.182119,0.633078,0.981859,1.809519,0.284334,0.311745,0.507589,1.343718,0.342277,0.124881,0.171676,0.922232,0.464504,0.405606,0.259046,1.768999,1.493791,0.270019,0.464504,1.904442,0.287683,0.335431,1.888870,0.582641,0.251847,0.885126,0.244488,1.986363,0.570011,1.446484,0.207418,0.247788,0.216545,0.811170,1.811957,0.073545,0.414498,0.205785,0.262779,0.163300,0.940573,1.039954,1.847029,0.175375,0.243401,1.955707,0.310077,1.906992,1.986894,0.365813,0.164453,0.118275,0.143860,0.849783,1.568658,0.698362,1.966451,0.254122,0.172890,0.162092,0.163300,0.200332,0.234636,0.506451,0.051954,0.124951
1.870670,1.734463,1.141453,0.700618,0.518788,0.716691,0.740626,1.562910,1.315065,1.701702,0.776225,1.286620,1.049224,1.469802,0.714499,1.048713,1.430974,1.887771,0.649889,0.788526,0.773556,0.603310,0.736754,0.000000,0.677011,1.910760,0.984890,0.961809,1.921167,0.857117,1.099100,0.714499,0.712210,1.625175,0.798479,1.109462,1.442490,1.852619,0.635224,0.596615,1.052565,1.574203,0.593452,0.763204,0.755325,1.323608,1.038417,0.937076,0.812204,1.738085,1.626647,0.857117,1.038417,1.932626,0.703445,0.623100,1.853613,1.129336,0.717174,1.338881,0.798180,1.841109,1.082736,1.653399,0.747089,0.802914,0.623447,1.307799,1.792753,0.705576,0.984890,0.729861,0.755388,0.799903,1.398829,1.389987,1.881540,0.786576,0.699982,1.789726,0.696512,1.897877,1.854148,0.637151,0.663966,0.660673,0.756822,1.232577,1.384500,1.207566,1.861442,0.627949,0.831524,0.810271,0.799903,0.636202,0.709450,0.955564,0.722162,0.803056
1.858842,1.480646,0.662692,0.188278,0.312270,0.209786,0.194832,1.227961,0.896969,1.901851,0.292939,1.173293,0.764095,1.692808,0.215324,0.550832,1.291609,1.963296,0.232184,0.152283,0.166791,0.266344,0.151060,0.677011,0.000000,1.942072,0.438131,0.484756,1.940234,0.284196,1.458742,0.215324,0.190494,1.847780,0.168494,0.640699,1.013684,1.818025,0.279280,0.294540,0.532455,1.342494,0.315039,0.127243,0.195247,0.933074,0.494538,0.421109,0.308322,1.758949,1.502616,0.284196,0.494538,1.920895,0.298687,0.318737,1.884931,0.610448,0.264960,0.917180,0.279770,1.980671,0.586626,1.451986,0.201227,0.290533,0.169076,0.840511,1.814037,0.111178,0.438131,0.199274,0.290037,0.164888,0.969816,1.050358,1.868465,0.206286,0.258397,1.950663,0.308290,1.918288,1.985073,0.323866,0.061618,0.116151,0.109250,0.855192,1.528551,0.728221,1.959788,0.259427,0.211116,0.183228,0.164888,0.146926,0.211323,0.508787,0.126935,0.193455
0.555897,1.135094,1.749689,1.937100,1.951104,1.932760,1.929554,1.342935,1.586253,0.695142,1.931132,1.490171,1.759358,1.061691,1.926088,1.791688,1.372115,0.512496,1.947870,1.917204,1.918835,1.943754,1.928509,1.910760,1.942072,0.000000,1.841892,1.822718,0.460339,1.894564,1.474592,1.926088,1.926489,0.857049,1.914552,1.753131,1.526551,0.608370,1.949470,1.954596,1.808450,1.233956,1.956296,1.922709,1.925718,1.584556,1.817116,1.842944,1.914891,0.806870,1.146278,1.894564,1.817116,0.421224,1.942571,1.954420,0.554822,1.771567,1.942394,1.581725,1.912013,0.543368,1.765001,1.140704,1.922599,1.917074,1.955350,1.651181,0.691192,1.936180,1.841892,1.922238,1.932528,1.912352,1.559895,1.501317,0.556610,1.919255,1.943341,0.569718,1.944655,0.344993,0.532097,1.908539,1.943194,1.944390,1.923884,1.627376,1.274041,1.708894,0.471238,1.939399,1.902695,1.909898,1.912352,1.954429,1.929627,1.841511,1.932236,1.912920
1.703221,1.248918,0.272725,0.436816,0.618756,0.441161,0.394909,0.946559,0.653989,1.906518,0.465809,1.185079,0.601654,1.725483,0.387993,0.286989,1.252818,1.901617,0.561379,0.333152,0.351389,0.597264,0.414498,0.984890,0.438131,1.841892,0.000000,0.315047,1.858896,0.189773,1.605324,0.387993,0.407027,1.866924,0.324621,0.452182,0.671982,1.655337,0.557545,0.605313,0.110758,1.119507,0.591322,0.345149,0.361444,0.616464,0.092956,0.174975,0.414306,1.644876,1.304847,0.189773,0.092956,1.814938,0.569576,0.611665,1.765072,0.306359,0.551388,0.632414,0.406048,1.947599,0.316487,1.245814,0.384198,0.413654,0.556855,0.454811,1.713813,0.426455,0.000000,0.430538,0.511742,0.320818,0.611905,0.779972,1.771206,0.329204,0.532789,1.934958,0.560728,1.809495,1.953227,0.546158,0.466034,0.473206,0.366819,0.641581,1.492720,0.334190,1.902657,0.556357,0.298770,0.308656,0.320818,0.534343,0.458935,0.284245,0.408855,0.339215
1.661266,1.212300,0.399321,0.485983,0.613741,0.485582,0.469611,0.874900,0.561435,1.836145,0.563849,1.159324,0.700846,1.624732,0.439634,0.129482,1.247007,1.874685,0.600379,0.403116,0.423116,0.609890,0.480536,0.961809,0.484756,1.822718,0.315047,0.000000,1.827577,0.371809,1.579294,0.439634,0.476556,1.776722,0.395151,0.482786,0.686205,1.622342,0.620616,0.655716,0.354074,1.125129,0.634099,0.438206,0.488588,0.561922,0.296703,0.302827,0.542505,1.574693,1.330624,0.371809,0.296703,1.790288,0.642760,0.659409,1.725102,0.422175,0.616555,0.653358,0.528257,1.914567,0.369107,1.167163,0.453432,0.541449,0.586455,0.553349,1.641621,0.500843,0.315047,0.492046,0.593918,0.412178,0.623554,0.655545,1.769051,0.419125,0.601760,1.886614,0.651332,1.789545,1.924613,0.582084,0.496343,0.534889,0.422244,0.651171,1.440672,0.413835,1.866034,0.615130,0.402580,0.416439,0.412178,0.569938,0.520295,0.356583,0.486846,0.444391
0.607172,1.091544,1.780600,1.928763,1.945075,1.927121,1.920963,1.349746,1.605115,0.738628,1.930180,1.451122,1.822511,1.099287,1.924555,1.798312,1.339369,0.406590,1.928498,1.915090,1.918338,1.947697,1.927829,1.921167,1.940234,0.460339,1.858896,1.827577,0.000000,1.902468,1.506987,1.924555,1.935852,0.873663,1.912104,1.782787,1.544185,0.709771,1.946755,1.948622,1.831927,1.335125,1.945468,1.924970,1.927154,1.612987,1.833277,1.860433,1.918138,0.827985,1.251456,1.902468,1.833277,0.354551,1.933512,1.940448,0.606202,1.774453,1.925435,1.637613,1.910914,0.564582,1.783072,1.194322,1.928978,1.916592,1.945222,1.681677,0.738085,1.936747,1.858896,1.928745,1.925623,1.912334,1.587041,1.524086,0.608894,1.911413,1.932874,0.603262,1.942307,0.463408,0.502010,1.922234,1.939774,1.944999,1.921726,1.656930,1.369955,1.736170,0.531586,1.952046,1.904067,1.911868,1.912334,1.944185,1.937633,1.850942,1.933461,1.913814
1.778951,1.351181,0.431162,0.292856,0.475493,0.301601,0.253985,1.075078,0.770698,1.920512,0.345188,1.174934,0.643126,1.730609,0.257236,0.396305,1.265925,1.937954,0.407845,0.203072,0.214686,0.459995,0.270019,0.857117,0.284196,1.894564,0.189773,0.371809,1.902468,0.000000,1.555696,0.257236,0.276666,1.875779,0.199650,0.527263,0.816899,1.732281,0.410395,0.453688,0.282529,1.229445,0.454961,0.197703,0.188780,0.753911,0.264792,0.220251,0.314180,1.709542,1.389445,0.000000,0.264792,1.868791,0.433725,0.453623,1.829930,0.411872,0.407566,0.762791,0.277398,1.971564,0.421754,1.343626,0.260875,0.313460,0.399606,0.617504,1.765982,0.268901,0.189773,0.300563,0.379081,0.192566,0.764448,0.910281,1.819586,0.195915,0.383038,1.954462,0.439269,1.868189,1.976074,0.433590,0.312085,0.312641,0.226525,0.725580,1.524263,0.498889,1.940104,0.420511,0.183618,0.181220,0.192566,0.377662,0.332699,0.333101,0.256351,0.206758
1.508164,1.821420,1.636053,1.487322,1.327428,1.495046,1.511784,1.771700,1.719209,1.164627,1.524930,1.564212,1.423727,0.988986,1.469938,1.629659,1.629609,1.407370,1.466097,1.534472,1.523083,1.384963,1.497838,1.099100,1.458742,1.474592,1.605324,1.579294,1.506987,1.555696,0.000000,1.469938,1.453590,1.021664,1.541210,1.607288,1.785956,1.535968,1.430204,1.407095,1.624848,1.631108,1.356284,1.517871,1.508268,1.676191,1.636588,1.566281,1.537097,1.384167,1.458791,1.555696,1.636588,1.625832,1.477360,1.411380,1.424293,1.696960,1.502967,1.660253,1.519663,1.334319,1.649326,1.630536,1.490592,1.532602,1.412794,1.726911,1.441925,1.476232,1.605324,1.481946,1.516483,1.544384,1.743213,1.665345,1.648643,1.538579,1.481849,1.279245,1.447253,1.462673,1.320552,1.373355,1.446337,1.443320,1.515724,1.640920,1.078141,1.683370,1.387369,1.378788,1.563995,1.549134,1.544384,1.423277,1.451062,1.543822,1.487691,1.547590
1.820260,1.433016,0.602817,0.140390,0.265756,0.169437,0.161816,1.176679,0.862021,1.900708,0.361733,1.160925,0.721209,1.687136,0.000000,0.505636,1.275987,1.946253,0.310972,0.223645,0.207266,0.352088,0.232336,0.714499,0.215324,1.926088,0.387993,0.439634,1.924555,0.257236,1.469938,0.000000,0.262434,1.846515,0.228662,0.635056,0.956382,1.769387,0.264999,0.287520,0.474523,1.330238,0.295413,0.205021,0.223917,0.868638,0.445641,0.382332,0.321194,1.732905,1.434594,0.257236,0.445641,1.903828,0.395178,0.344239,1.865935,0.561300,0.358644,0.906399,0.302766,1.975284,0.543443,1.439052,0.248601,0.316646,0.309605,0.783304,1.786362,0.225650,0.387993,0.265360,0.373270,0.221924,0.908101,0.998824,1.858552,0.181803,0.317291,1.947991,0.382566,1.898464,1.979126,0.315580,0.236294,0.243249,0.214270,0.814637,1.518279,0.664517,1.953793,0.361890,0.238612,0.225168,0.221924,0.285081,0.285247,0.408582,0.222475,0.228310
1.842003,1.465716,0.604760,0.278132,0.375633,0.296622,0.266919,1.200348,0.871621,1.898990,0.341988,1.231371,0.673567,1.688432,0.262434,0.533823,1.342461,1.958252,0.336680,0.235419,0.187964,0.298406,0.171758,0.712210,0.190494,1.926489,0.407027,0.476556,1.935852,0.276666,1.453590,0.262434,0.000000,1.838983,0.245691,0.593526,0.974311,1.809184,0.357105,0.381716,0.488712,1.314354,0.354787,0.192381,0.237489,0.900294,0.462918,0.384806,0.333901,1.731107,1.480347,0.276666,0.462918,1.920281,0.352595,0.406850,1.859981,0.585198,0.349920,0.839544,0.317133,1.978730,0.563332,1.416743,0.212347,0.313408,0.246909,0.790205,1.795803,0.153958,0.407027,0.231527,0.341283,0.237738,0.917486,1.012031,1.867472,0.250575,0.342389,1.948485,0.339579,1.905964,1.980427,0.394988,0.194554,0.165217,0.217011,0.848097,1.489032,0.676980,1.959096,0.197716,0.256419,0.234293,0.237738,0.235092,0.224445,0.461133,0.142339,0.233025
0.937912,1.475290,1.810132,1.862379,1.778744,1.865619,1.872631,1.556728,1.696999,0.467487,1.891933,1.568701,1.715173,0.630671,1.846515,1.792692,1.560966,0.810010,1.855812,1.871858,1.874036,1.810183,1.871663,1.625175,1.847780,0.857049,1.866924,1.776722,0.873663,1.875779,1.021664,1.846515,1.838983,0.000000,1.873293,1.788678,1.731376,1.020936,1.856115,1.844666,1.856667,1.475167,1.816642,1.875513,1.883154,1.671458,1.862197,1.834997,1.900339,0.785878,1.381618,1.875779,1.862197,0.997835,1.875201,1.848777,0.756079,1.857814,1.883112,1.707954,1.884526,0.640085,1.819129,1.299779,1.852733,1.899148,1.833208,1.802638,0.813193,1.866737,1.866924,1.856371,1.886410,1.878911,1.719208,1.567340,1.139618,1.878843,1.874432,0.604986,1.871642,0.901486,0.659700,1.805379,1.838435,1.854699,1.865602,1.748904,1.011497,1.802066,0.682053,1.824849,1.887013,1.884234,1.878911,1.837272,1.843344,1.808462,1.869758,1.891622
1.814833,1.388071,0.560836,0.215260,0.425051,0.228669,0.187192,1.119572,0.782216,1.915752,0.292580,1.137499,0.753886,1.720235,0.228662,0.439806,1.238978,1.950208,0.295301,0.018878,0.142244,0.363042,0.182119,0.798479,0.168494,1.914552,0.324621,0.395151,1.912104,0.199650,1.541210,0.228662,0.245691,1.873293,0.000000,0.547504,0.891648,1.768049,0.356675,0.390132,0.420863,1.261732,0.405454,0.115354,0.188540,0.824051,0.369610,0.334924,0.275483,1.731215,1.446394,0.199650,0.369610,1.879712,0.341594,0.388152,1.855175,0.473699,0.303175,0.822961,0.257729,1.979610,0.469223,1.386457,0.199228,0.252209,0.291088,0.720304,1.789095,0.185648,0.324621,0.213126,0.305544,0.088468,0.858729,0.955771,1.827706,0.145283,0.313560,1.954471,0.349396,1.885849,1.985337,0.360980,0.193689,0.230862,0.068927,0.745820,1.541855,0.614630,1.947790,0.363241,0.112724,0.105453,0.088468,0.266935,0.251677,0.435590,0.174597,0.136219
1.637235,1.201695,0.443848,0.677112,0.826098,0.684333,0.642394,0.848159,0.501117,1.856721,0.695205,1.188417,0.633761,1.688035,0.635056,0.440112,1.234459,1.848365,0.760168,0.552994,0.598885,0.734730,0.633078,1.109462,0.640699,1.753131,0.452182,0.482786,1.782787,0.527263,1.607288,0.635056,0.593526,1.788678,0.547504,0.000000,0.620165,1.585874,0.791322,0.834391,0.440794,0.933032,0.781055,0.586252,0.634095,0.588324,0.426356,0.469661,0.652456,1.529953,1.235803,0.527263,0.426356,1.741965,0.748617,0.829869,1.654540,0.404628,0.751400,0.449705,0.638936,1.890496,0.431044,1.116430,0.580971,0.629630,0.730075,0.491540,1.644195,0.639508,0.452182,0.609168,0.710136,0.561518,0.586716,0.658284,1.721207,0.592645,0.772350,1.885110,0.730408,1.732681,1.901216,0.703061,0.653167,0.673944,0.582039,0.512104,1.358322,0.463272,1.826128,0.691697,0.555929,0.559371,0.561518,0.716488,0.616270,0.506802,0.623150,0.592515
1.339210,0.761361,0.529353,0.997839,1.156765,0.996122,0.960144,0.379549,0.401697,1.730974,1.010650,1.131532,0.881674,1.620194,0.956382,0.580925,1.112966,1.636216,1.093398,0.901985,0.928412,1.126012,0.981859,1.442490,1.013684,1.526551,0.671982,0.686205,1.544185,0.816899,1.785956,0.956382,0.974311,1.731376,0.891648,0.620165,0.000000,1.302128,1.110535,1.151143,0.607865,0.764058,1.144982,0.932640,0.956565,0.396647,0.602725,0.731670,0.954161,1.316628,1.089068,0.816899,0.602725,1.463004,1.094359,1.154706,1.433057,0.481564,1.076549,0.496974,0.960811,1.727832,0.548937,0.862901,0.952930,0.953737,1.103768,0.285458,1.392787,1.003434,0.671982,0.978156,1.038116,0.894431,0.203829,0.455819,1.458041,0.902919,1.080789,1.730203,1.095630,1.485276,1.734363,1.061944,1.028924,1.048063,0.935965,0.563367,1.433374,0.417759,1.635713,1.105262,0.869319,0.887741,0.894431,1.087838,1.009676,0.727060,0.984698,0.912922
0.355187,0.907529,1.533711,1.797158,1.823725,1.795845,1.782781,1.089712,1.371921,0.933663,1.820538,1.416734,1.589687,1.139331,1.769387,1.586277,1.298315,0.742542,1.835757,1.773113,1.785096,1.841466,1.809519,1.852619,1.818025,0.608370,1.655337,1.622342,0.709771,1.732281,1.535968,1.769387,1.809184,1.020936,1.768049,1.585874,1.302128,0.000000,1.837283,1.849500,1.609605,1.051661,1.832899,1.787972,1.786488,1.287438,1.624971,1.655198,1.794690,0.721238,0.730332,1.732281,1.624971,0.622446,1.853725,1.848906,0.587002,1.572705,1.845125,1.417379,1.767985,0.845338,1.565275,0.893869,1.786694,1.799237,1.859107,1.438832,0.678290,1.820729,1.655337,1.793938,1.831836,1.770474,1.330447,1.238696,0.764559,1.771078,1.840255,0.862292,1.852423,0.568421,0.844910,1.763944,1.823841,1.836023,1.786350,1.426655,1.230383,1.486735,0.718995,1.851477,1.755900,1.767000,1.770474,1.851793,1.805850,1.630779,1.814062,1.776592
1.877413,1.531066,0.776502,0.202357,0.261952,0.173466,0.266070,1.327233,1.032083,1.911989,0.287718,1.184616,0.841019,1.719615,0.264999,0.685956,1.304291,1.958739,0.260344,0.348279,0.304647,0.331347,0.284334,0.635224,0.279280,1.949470,0.557545,0.620616,1.946755,0.410395,1.430204,0.264999,0.357105,1.856115,0.356675,0.791322,1.110535,1.837283,0.000000,0.091799,0.644028,1.438715,0.306194,0.307347,0.303547,1.048866,0.615116,0.560295,0.293771,1.807582,1.528115,0.410395,0.615116,1.928901,0.307026,0.265346,1.920527,0.724350,0.285325,1.057566,0.363255,1.972408,0.716712,1.553241,0.318086,0.338634,0.284059,0.939217,1.836306,0.269631,0.557545,0.308254,0.296239,0.341056,1.071373,1.172092,1.881918,0.311855,0.206676,1.953816,0.344570,1.936719,1.974230,0.341876,0.291431,0.257593,0.323617,0.943561,1.561963,0.838481,1.968324,0.353424,0.359876,0.342980,0.341056,0.274880,0.316690,0.604375,0.281075,0.319642
1.890967,1.556423,0.823060,0.229833,0.226069,0.216690,0.295399,1.359165,1.065450,1.898430,0.339826,1.188236,0.872081,1.702356,0.287520,0.726170,1.314303,1.955923,0.263558,0.380537,0.339127,0.330233,0.311745,0.596615,0.294540,1.954596,0.605313,0.655716,1.948622,0.453688,1.407095,0.287520,0.381716,1.844666,0.390132,0.834391,1.151143,1.849500,0.091799,0.000000,0.692540,1.470727,0.291718,0.340426,0.338836,1.087964,0.663666,0.602495,0.363449,1.815594,1.551875,0.453688,0.663666,1.934875,0.324616,0.250038,1.929370,0.770053,0.295311,1.102100,0.407942,1.965947,0.756105,1.579575,0.352401,0.390749,0.281056,0.986292,1.839654,0.293392,0.605313,0.336776,0.327852,0.374652,1.112292,1.204829,1.885356,0.346061,0.209436,1.943409,0.361606,1.942051,1.968295,0.362756,0.302458,0.271433,0.350749,0.988390,1.569326,0.883553,1.965311,0.360094,0.397817,0.380123,0.374652,0.276366,0.344680,0.640393,0.308215,0.356125
1.659603,1.201914,0.178397,0.530248,0.700129,0.533393,0.487359,0.892180,0.622760,1.895027,0.548660,1.203670,0.563505,1.724341,0.474523,0.299749,1.257240,1.875806,0.652490,0.429650,0.447102,0.681978,0.507589,1.052565,0.532455,1.808450,0.110758,0.354074,1.831927,0.282529,1.624848,0.474523,0.488712,1.856667,0.420863,0.440794,0.607865,1.609605,0.644028,0.692540,0.000000,1.066942,0.669783,0.440730,0.451385,0.554902,0.116940,0.206225,0.498613,1.609256,1.251205,0.282529,0.116940,1.784324,0.653118,0.699016,1.724664,0.297611,0.640132,0.574976,0.481810,1.926957,0.320717,1.191052,0.470899,0.499945,0.650095,0.377112,1.683919,0.519499,0.110758,0.518735,0.594537,0.416824,0.534872,0.727676,1.744186,0.424272,0.623184,1.918760,0.646492,1.775326,1.933149,0.622909,0.560374,0.564749,0.463826,0.620908,1.469600,0.248243,1.875961,0.634935,0.393092,0.403492,0.416824,0.628602,0.542819,0.297791,0.501427,0.433103
1.092110,0.903379,0.993942,1.369505,1.457732,1.368454,1.340535,0.700715,0.807078,1.486065,1.341739,1.247710,1.092548,1.423821,1.330238,1.062741,1.176275,1.401608,1.413243,1.267730,1.311680,1.384634,1.343718,1.574203,1.342494,1.233956,1.119507,1.125129,1.335125,1.229445,1.631108,1.330238,1.314354,1.475167,1.261732,0.933032,0.764058,1.051661,1.438715,1.470727,1.066942,0.000000,1.452466,1.298769,1.324668,0.834287,1.077955,1.136852,1.313045,1.017400,0.888835,1.229445,1.077955,1.254708,1.389195,1.472302,1.101250,0.995141,1.405555,0.783064,1.317195,1.471331,1.007234,0.753886,1.279622,1.313084,1.403911,0.853566,1.180751,1.346572,1.119507,1.293191,1.358780,1.272842,0.799753,0.778780,1.283723,1.300103,1.416567,1.481582,1.394196,1.225294,1.488129,1.309218,1.351065,1.372144,1.293156,0.776391,1.082621,0.944888,1.342206,1.377305,1.263355,1.270915,1.272842,1.395301,1.300765,1.170473,1.337368,1.298742
1.883406,1.560754,0.784397,0.291074,0.250038,0.319849,0.311729,1.346979,1.054244,1.888830,0.454071,1.250531,0.792047,1.677647,0.295413,0.706484,1.373914,1.953639,0.349561,0.398225,0.373060,0.348101,0.342277,0.593452,0.315039,1.956296,0.591322,0.634099,1.945468,0.454961,1.356284,0.295413,0.354787,1.816642,0.405454,0.781055,1.144982,1.832899,0.306194,0.291718,0.669783,1.452466,0.000000,0.374983,0.360895,1.038801,0.649047,0.570123,0.444780,1.783720,1.504683,0.454961,0.649047,1.951674,0.441399,0.316597,1.905016,0.768547,0.408778,1.041462,0.423777,1.966312,0.750746,1.547434,0.382893,0.428332,0.305671,0.967215,1.837940,0.326426,0.591322,0.395379,0.455323,0.408501,1.093172,1.159092,1.910393,0.346371,0.376244,1.941699,0.378900,1.938882,1.966593,0.367811,0.320940,0.300944,0.375669,0.995798,1.503044,0.858317,1.962313,0.341742,0.435955,0.416020,0.408501,0.298547,0.369307,0.558791,0.333602,0.403994
1.831549,1.425192,0.578258,0.189272,0.388110,0.204027,0.164097,1.167578,0.835289,1.919300,0.274331,1.168269,0.730387,1.727285,0.205021,0.486454,1.270939,1.957424,0.279536,0.102964,0.090993,0.337827,0.124881,0.763204,0.127243,1.922709,0.345149,0.438206,1.924970,0.197703,1.517871,0.205021,0.192381,1.875513,0.115354,0.586252,0.932640,1.787972,0.307347,0.340426,0.440730,1.298769,0.374983,0.000000,0.142396,0.869381,0.401428,0.342522,0.257228,1.752062,1.462917,0.197703,0.401428,1.896262,0.323178,0.368938,1.871399,0.523756,0.284266,0.850968,0.228156,1.984290,0.511892,1.417477,0.187102,0.243608,0.263055,0.753093,1.804187,0.113128,0.345149,0.198822,0.287715,0.068592,0.889470,0.998498,1.839030,0.146211,0.272531,1.958375,0.337020,1.896597,1.988431,0.365215,0.167108,0.164052,0.085272,0.795353,1.548998,0.640306,1.958521,0.309020,0.098065,0.067784,0.068592,0.239706,0.234071,0.451702,0.106682,0.085653
