0.000000,1.071099,1.593641,1.860023,1.895811,1.855532,1.850703,1.146445,1.424265,0.844717,1.838902,1.547753,1.612953,1.105635,1.848640,1.662872,1.436038,0.709096,1.883895,1.829337,1.831228,1.894734,1.852196,1.897827,1.866543,0.537111,1.725335,1.705545,0.620454,1.787870,1.712170,1.848640,1.856274,1.002464,1.824801,1.611530,1.360639,0.533379,1.884333,1.892025,1.674815,0.955917,1.904851,1.835040,1.834329,1.404837,1.696559,1.714674,1.825100,0.700448,0.885537,1.787870,1.696559,0.555825,1.864254,1.891050,0.556540,1.610785,1.874394,1.417882,1.828936,0.762712,1.616919,0.991083,1.859929,1.829451,1.893726,1.501076,0.659469,1.863361,1.725335,1.851531,1.847456,1.824869,1.376958,1.354805,0.716525,1.838782,1.870770,0.783805,1.872401,0.553100,0.758178,1.864103,1.870340,1.876410,1.840601,1.462010,1.140563,1.543890,0.662028,1.904471,1.810464,1.820236,1.824869,1.881803,1.873021,1.716557,1.857406,1.825833
1.071099,0.000000,1.037828,1.453960,1.551378,1.447793,1.442094,0.709054,0.920880,1.403489,1.388291,1.284938,1.193195,1.390047,1.417856,1.132117,1.212909,1.350900,1.527212,1.386467,1.388028,1.518606,1.438077,1.754250,1.458778,1.223638,1.189344,1.215676,1.315115,1.298014,1.808976,1.417856,1.438913,1.522408,1.377580,1.121497,0.759204,1.055149,1.506569,1.532999,1.120970,0.777760,1.560995,1.402694,1.402542,0.850715,1.143651,1.230031,1.384734,1.104178,1.049392,1.298014,1.143651,1.128336,1.443537,1.510504,1.145198,1.050756,1.496191,0.946534,1.420508,1.377962,1.137097,0.803772,1.438531,1.400993,1.512573,0.893722,1.092064,1.460432,1.189344,1.428503,1.411955,1.375408,0.799902,0.900017,1.137661,1.405689,1.465538,1.406120,1.498553,1.141999,1.426874,1.532566,1.463802,1.486481,1.410937,1.002748,1.233331,0.970065,1.324150,1.554566,1.356827,1.371240,1.375408,1.489963,1.454708,1.196280,1.452895,1.386179
1.593641,1.037828,0.000000,0.694355,0.839943,0.691772,0.662388,0.749707,0.518891,1.851542,0.685145,1.085169,0.499576,1.707025,0.629449,0.338472,1.096560,1.854345,0.830228,0.592070,0.611316,0.847825,0.678927,1.212352,0.691876,1.769702,0.287136,0.420557,1.810841,0.437214,1.606577,0.629449,0.655184,1.820128,0.581564,0.425458,0.469951,1.642603,0.788274,0.825481,0.182050,1.063877,0.851711,0.608828,0.599459,0.455794,0.262565,0.313218,0.647703,1.489546,1.237479,0.437214,0.262565,1.717970,0.763376,0.837873,1.620851,0.276131,0.812434,0.413606,0.629987,1.876791,0.424039,1.155492,0.664852,0.665993,0.792221,0.256178,1.627564,0.697744,0.287136,0.668454,0.716447,0.584861,0.403697,0.548542,1.674650,0.611698,0.756454,1.875218,0.818926,1.693489,1.897429,0.797777,0.705024,0.734413,0.628532,0.563100,1.446275,0.138039,1.820368,0.844829,0.563581,0.574895,0.584861,0.754802,0.705972,0.357992,0.684011,0.606932
1.860023,1.453960,0.694355,0.000000,0.251758,0.087737,0.074565,1.235657,0.915761,1.931558,0.324712,1.004091,0.797866,1.764993,0.137835,0.568066,1.117054,1.976536,0.225400,0.211748,0.205284,0.368608,0.182592,0.738768,0.170149,1.961259,0.460777,0.494604,1.946061,0.325219,1.352202,0.137835,0.192658,1.856838,0.221514,0.685459,1.016070,1.878329,0.198653,0.214667,0.569856,1.458374,0.296644,0.196192,0.219911,0.983143,0.510277,0.432965,0.289864,1.754996,1.538886,0.325219,0.510277,1.917010,0.344678,0.307969,1.876623,0.644674,0.266894,0.916265,0.223486,1.970041,0.643827,1.556871,0.250517,0.298520,0.210630,0.845986,1.871553,0.174905,0.460777,0.270204,0.331811,0.218659,0.990713,1.020418,1.857150,0.137186,0.241667,1.958577,0.356448,1.918809,1.983731,0.329692,0.175603,0.176797,0.189033,0.912513,1.638228,0.756230,1.958787,0.289324,0.252264,0.231262,0.218659,0.198488,0.286129,0.532196,0.179590,0.226897
1.895811,1.551378,0.839943,0.251758,0.000000,0.261546,0.295063,1.364640,1.076702,1.904819,0.451141,1.090164,0.830751,1.725035,0.262883,0.720750,1.218978,1.962861,0.279114,0.394816,0.392905,0.371620,0.348415,0.554632,0.292253,1.974833,0.630446,0.629078,1.954132,0.497864,1.201857,0.262883,0.302087,1.795581,0.405002,0.825972,1.166435,1.918846,0.214248,0.197106,0.730122,1.574032,0.208393,0.377780,0.396558,1.108942,0.684163,0.601637,0.411719,1.771663,1.605366,0.497864,0.684163,1.957493,0.441208,0.360781,1.888674,0.818456,0.370654,1.064091,0.411555,1.954980,0.796153,1.601653,0.341631,0.412666,0.249597,0.997138,1.881191,0.314536,0.630446,0.385927,0.453806,0.410859,1.130578,1.140579,1.912560,0.342951,0.338025,1.941258,0.376909,1.951312,1.959058,0.304758,0.290106,0.275285,0.367807,1.066055,1.597964,0.910536,1.949221,0.273949,0.448511,0.422174,0.410859,0.269121,0.360441,0.636270,0.327889,0.420687
1.855532,1.447793,0.691772,0.087737,0.261546,0.000000,0.136704,1.223796,0.909297,1.931560,0.303713,1.005929,0.797451,1.768534,0.148649,0.563110,1.113919,1.973547,0.251595,0.223011,0.210790,0.387848,0.188573,0.753451,0.196978,1.960521,0.462443,0.491449,1.945853,0.334087,1.359348,0.148649,0.216736,1.859648,0.230970,0.673975,1.008219,1.875632,0.160680,0.193818,0.570199,1.448769,0.316263,0.214687,0.237993,0.977274,0.508109,0.438262,0.236418,1.752490,1.527097,0.334087,0.508109,1.912623,0.347410,0.317465,1.871933,0.639094,0.285248,0.902971,0.241326,1.970010,0.636454,1.542755,0.253353,0.253304,0.226209,0.840998,1.875633,0.196225,0.462443,0.282590,0.324861,0.231664,0.984283,1.007880,1.853469,0.169429,0.227357,1.956739,0.327021,1.914954,1.982504,0.332533,0.197805,0.199599,0.202553,0.909090,1.639804,0.752183,1.955197,0.314080,0.260353,0.244069,0.231664,0.209538,0.301463,0.543459,0.200263,0.237629
1.850703,1.442094,0.662388,0.074565,0.295063,0.136704,0.000000,1.216462,0.890648,1.936206,0.328926,1.018798,0.784224,1.770313,0.144940,0.542431,1.126373,1.977151,0.246752,0.189731,0.179496,0.367656,0.168666,0.765098,0.165135,1.956034,0.423763,0.472903,1.945823,0.287746,1.370049,0.144940,0.173183,1.866083,0.198759,0.671047,0.990096,1.871767,0.246292,0.261159,0.534196,1.443044,0.313986,0.165824,0.184685,0.954240,0.475805,0.394948,0.295985,1.752939,1.527349,0.287746,0.475805,1.913688,0.353027,0.321242,1.872799,0.614065,0.280277,0.888505,0.183898,1.972509,0.619335,1.545232,0.236554,0.297674,0.231031,0.815254,1.867665,0.166429,0.423763,0.247421,0.340494,0.189324,0.965398,0.997121,1.851144,0.088039,0.268138,1.962265,0.368603,1.912178,1.986706,0.350898,0.175939,0.179552,0.170248,0.894432,1.637942,0.726249,1.960118,0.299404,0.220551,0.199082,0.189324,0.214790,0.268274,0.498511,0.165740,0.196818
1.146445,0.709054,0.749707,1.235657,1.364640,1.223796,1.216462,0.000000,0.490920,1.536557,1.204651,1.147726,1.003092,1.472618,1.202859,0.793742,1.080183,1.534219,1.325553,1.147153,1.148525,1.350575,1.206814,1.631200,1.239964,1.393896,0.937438,0.885703,1.432831,1.061398,1.815757,1.202859,1.219935,1.600239,1.137059,0.833696,0.379133,1.229113,1.319349,1.348608,0.863714,0.668271,1.392117,1.169955,1.174517,0.499253,0.870997,0.949076,1.183820,1.131007,1.062971,1.061398,0.870997,1.283884,1.280671,1.320059,1.251965,0.743010,1.302717,0.578083,1.182271,1.550446,0.802165,0.827483,1.238193,1.202284,1.314252,0.598314,1.237931,1.241099,0.937438,1.221373,1.230915,1.141250,0.411850,0.436249,1.280970,1.175947,1.274700,1.556415,1.328423,1.286926,1.590315,1.325365,1.240950,1.275052,1.172922,0.709899,1.292917,0.639513,1.467427,1.382101,1.113714,1.136369,1.141250,1.281410,1.269466,0.974944,1.227705,1.151685
1.424265,0.920880,0.518891,0.915761,1.076702,0.909297,0.890648,0.490920,0.000000,1.718143,0.894628,0.980713,0.857585,1.600700,0.893292,0.522153,0.961590,1.737771,1.013939,0.818207,0.817848,1.056644,0.879031,1.403229,0.923249,1.636104,0.643544,0.606282,1.659075,0.748649,1.750111,0.893292,0.896667,1.752914,0.806476,0.525095,0.398344,1.491918,1.022108,1.051812,0.593600,0.841828,1.100815,0.844150,0.852587,0.466776,0.585894,0.639910,0.882659,1.366078,1.232074,0.748649,0.585894,1.529915,0.978545,1.014051,1.512508,0.494594,0.987460,0.431546,0.860919,1.747758,0.509836,1.104318,0.933203,0.899709,0.999796,0.460637,1.487472,0.916732,0.643544,0.907856,0.920093,0.815809,0.392393,0.380183,1.482688,0.844285,0.965312,1.740598,1.037246,1.535811,1.782940,1.018313,0.918954,0.954161,0.845543,0.534305,1.448072,0.418325,1.689713,1.074046,0.785510,0.810556,0.815809,0.962912,0.967854,0.715891,0.903386,0.822544
0.844717,1.403489,1.851542,1.931558,1.904819,1.931560,1.936206,1.536557,1.718143,0.000000,1.944324,1.657134,1.800514,0.542484,1.939395,1.852339,1.628093,0.526545,1.911471,1.937489,1.936190,1.902448,1.936456,1.750462,1.930735,0.587785,1.918252,1.859201,0.594461,1.940069,1.363459,1.939395,1.930104,0.489483,1.937145,1.826663,1.710736,0.786959,1.928609,1.928381,1.899674,1.425256,1.909713,1.942211,1.951351,1.708283,1.901757,1.911670,1.942606,0.850893,1.374989,1.940069,1.901757,0.748000,1.935269,1.912496,0.728078,1.873307,1.921851,1.744541,1.949723,0.405399,1.856826,1.272565,1.938536,1.944143,1.927019,1.800653,0.701670,1.937507,1.918252,1.935559,1.936006,1.941200,1.713927,1.651452,0.809931,1.938443,1.937399,0.243023,1.930699,0.669217,0.431696,1.896167,1.927731,1.933443,1.935561,1.786524,1.068125,1.821692,0.499937,1.925550,1.942037,1.943725,1.941200,1.930460,1.935273,1.884219,1.937004,1.945285
1.838902,1.388291,0.685145,0.324712,0.451141,0.303713,0.328926,1.204651,0.894628,1.944324,0.000000,0.993860,0.849557,1.811269,0.322168,0.611012,1.077605,1.954974,0.359397,0.294391,0.282418,0.447036,0.285661,0.870733,0.316729,1.945843,0.453147,0.571846,1.930243,0.336564,1.460332,0.322168,0.319934,1.907189,0.295233,0.694619,0.974734,1.854235,0.324698,0.340584,0.545573,1.430370,0.498675,0.283063,0.271378,0.981528,0.504622,0.466542,0.236192,1.778626,1.502651,0.336564,0.504622,1.877729,0.210289,0.407348,1.882042,0.596531,0.313650,0.898677,0.310616,1.963626,0.656247,1.536088,0.316959,0.249356,0.340219,0.815481,1.872703,0.295295,0.453147,0.321661,0.180571,0.282756,0.969935,1.037179,1.807606,0.304523,0.210688,1.953545,0.311411,1.892752,1.980570,0.459253,0.314822,0.312265,0.288673,0.890966,1.680993,0.742083,1.944067,0.403378,0.288946,0.284672,0.282756,0.315746,0.349814,0.601313,0.304861,0.275478
1.547753,1.284938,1.085169,1.004091,1.090164,1.005929,1.018798,1.147726,0.980713,1.657134,0.993860,0.000000,1.265698,1.585327,1.041635,1.033541,0.265433,1.695230,1.003838,1.000168,0.996906,1.143632,1.000928,1.297264,1.032802,1.645824,1.031948,1.036412,1.572284,1.011283,1.646543,1.041635,1.053268,1.664135,0.997701,0.919999,1.110760,1.611656,1.051614,1.048279,1.048769,1.166674,1.157723,1.016568,1.005823,1.200171,1.028547,1.035236,1.048990,1.443547,1.466288,1.011283,1.028547,1.517044,0.976088,1.031214,1.638510,1.024493,0.962631,1.106645,1.019299,1.659792,1.002992,1.553752,1.113770,1.070616,1.012465,1.098548,1.557065,1.016109,1.031948,1.083697,0.944451,1.004006,1.124668,1.188451,1.491520,1.020052,0.984019,1.655625,1.115380,1.635262,1.688841,0.996792,1.018990,1.030048,1.006949,0.913348,1.621066,1.062974,1.639271,1.088903,1.000145,1.008719,1.004006,1.004293,1.130617,1.160839,1.012793,0.999577
1.612953,1.193195,0.499576,0.797866,0.830751,0.797451,0.784224,1.003092,0.857585,1.800514,0.849557,1.265698,0.000000,1.654604,0.724611,0.676596,1.278626,1.833634,0.922809,0.764844,0.800922,0.916543,0.832960,1.078509,0.802012,1.760581,0.606363,0.691643,1.809876,0.670384,1.407337,0.724611,0.757398,1.685207,0.761788,0.611057,0.788501,1.689444,0.836588,0.868643,0.564124,1.217781,0.823118,0.774235,0.774782,0.748969,0.623070,0.605589,0.790019,1.450843,1.257882,0.670384,0.623070,1.776937,0.888899,0.951174,1.567747,0.656170,0.935401,0.707518,0.800823,1.846019,0.737407,1.207163,0.746559,0.793067,0.871198,0.624619,1.611317,0.824015,0.606363,0.794690,0.866577,0.772532,0.684667,0.776310,1.746186,0.763660,0.867417,1.833326,0.877992,1.712812,1.842107,0.824139,0.821695,0.835400,0.789052,0.830863,1.318519,0.571449,1.782925,0.881616,0.776320,0.766436,0.772532,0.849867,0.788221,0.496271,0.816859,0.802086
1.105635,1.390047,1.707025,1.764993,1.725035,1.768534,1.770313,1.472618,1.600700,0.542484,1.811269,1.585327,1.654604,0.000000,1.774980,1.680863,1.618245,0.915195,1.745919,1.779435,1.776584,1.732512,1.776911,1.573355,1.759061,0.981393,1.764139,1.675585,0.983908,1.781099,1.204328,1.774980,1.754198,0.606957,1.779477,1.681421,1.620280,1.075946,1.769257,1.771071,1.754204,1.486035,1.740278,1.784394,1.802222,1.581978,1.748356,1.756376,1.796980,0.896113,1.497764,1.781099,1.748356,1.103621,1.798710,1.749025,0.955793,1.747113,1.768722,1.619022,1.809639,0.843398,1.715065,1.218991,1.778841,1.798479,1.760643,1.678298,0.903897,1.776708,1.764139,1.776735,1.796510,1.784160,1.606050,1.510030,1.156696,1.773288,1.792330,0.746954,1.786751,1.007354,0.860852,1.726593,1.755000,1.769277,1.775654,1.723896,0.986502,1.686277,0.875797,1.764318,1.793315,1.791032,1.784160,1.767118,1.772858,1.706969,1.775506,1.798676
1.848640,1.417856,0.629449,0.137835,0.262883,0.148649,0.144940,1.202859,0.893292,1.939395,0.322168,1.041635,0.724611,1.774980,0.000000,0.522586,1.143561,1.973663,0.306625,0.198998,0.207106,0.390895,0.211694,0.771232,0.189645,1.956052,0.397940,0.455221,1.948054,0.269647,1.366243,0.000000,0.184254,1.865029,0.204298,0.653427,0.967431,1.871822,0.234554,0.255750,0.503222,1.437033,0.308700,0.189792,0.201106,0.925269,0.452507,0.381506,0.265100,1.743810,1.515938,0.269647,0.452507,1.917765,0.373472,0.355068,1.861945,0.591749,0.340728,0.874961,0.231515,1.974046,0.598630,1.515691,0.230011,0.277181,0.249397,0.784964,1.859662,0.202880,0.397940,0.261521,0.358227,0.206082,0.937816,0.980162,1.858629,0.147749,0.280350,1.965421,0.361481,1.911731,1.986891,0.354482,0.204627,0.212087,0.194727,0.886111,1.613685,0.698846,1.954808,0.323504,0.234350,0.212516,0.206082,0.224967,0.273602,0.453073,0.204331,0.224083
1.662872,1.132117,0.338472,0.568066,0.720750,0.563110,0.542431,0.793742,0.522153,1.852339,0.611012,1.033541,0.676596,1.680863,0.522586,0.000000,1.093994,1.891949,0.694026,0.469584,0.471786,0.719816,0.543425,1.116213,0.565515,1.820234,0.289172,0.133203,1.844946,0.388633,1.567019,0.522586,0.545754,1.823053,0.458109,0.500902,0.574716,1.694296,0.685488,0.720747,0.311185,1.170305,0.752765,0.496904,0.513740,0.506343,0.223912,0.301661,0.564933,1.570881,1.382223,0.388633,0.223912,1.761421,0.696345,0.673442,1.709083,0.330119,0.692672,0.549838,0.539403,1.893563,0.381278,1.232428,0.583332,0.583536,0.659776,0.427877,1.669158,0.575782,0.289172,0.568026,0.650776,0.470141,0.540727,0.569120,1.720123,0.491383,0.656774,1.891110,0.724505,1.756020,1.919521,0.699721,0.565093,0.610001,0.497074,0.662576,1.475663,0.329942,1.856502,0.744827,0.449586,0.469399,0.470141,0.625065,0.617712,0.373637,0.564041,0.491569
1.436038,1.212909,1.096560,1.117054,1.218978,1.113919,1.126373,1.080183,0.961590,1.628093,1.077605,0.265433,1.278626,1.618245,1.143561,1.093994,0.000000,1.628324,1.134043,1.095332,1.097729,1.265572,1.108885,1.429713,1.148245,1.553021,1.086464,1.118162,1.486158,1.089212,1.732912,1.143561,1.165764,1.664370,1.091223,0.939711,1.063604,1.519262,1.162703,1.162412,1.081743,1.032537,1.273002,1.114242,1.098163,1.189040,1.076416,1.090673,1.130827,1.380283,1.352281,1.089212,1.076416,1.402579,1.074136,1.160723,1.551210,1.037651,1.081998,1.078904,1.104437,1.606980,1.030870,1.500499,1.207157,1.151105,1.139862,1.082916,1.490009,1.126986,1.086464,1.178637,1.035861,1.098527,1.085469,1.174230,1.370109,1.121486,1.086156,1.601513,1.211699,1.524398,1.630187,1.118161,1.139026,1.146884,1.108751,0.856360,1.627551,1.063272,1.569646,1.211855,1.086502,1.098748,1.098527,1.125029,1.229214,1.222194,1.122166,1.090624
0.709096,1.350900,1.854345,1.976536,1.962861,1.973547,1.977151,1.534219,1.737771,0.526545,1.954974,1.695230,1.833634,0.915195,1.973663,1.891949,1.628324,0.000000,1.969035,1.970834,1.971038,1.955789,1.975791,1.856664,1.978366,0.473833,1.930309,1.911521,0.442142,1.957561,1.495794,1.973663,1.976351,0.772992,1.969520,1.861554,1.691982,0.656519,1.969240,1.967925,1.901482,1.328456,1.969994,1.973012,1.972865,1.716853,1.916382,1.928716,1.956485,0.911695,1.262366,1.957561,1.916382,0.550922,1.957467,1.963001,0.648984,1.871187,1.966409,1.756058,1.969415,0.385537,1.865748,1.230236,1.971032,1.960112,1.976101,1.790191,0.705401,1.976661,1.930309,1.965789,1.955606,1.969904,1.707935,1.690923,0.745566,1.974996,1.965522,0.440506,1.959593,0.562055,0.327580,1.958574,1.975807,1.977735,1.973562,1.739671,1.132475,1.825253,0.397574,1.972270,1.964783,1.968460,1.969904,1.975828,1.970631,1.916724,1.975885,1.968936
1.883895,1.527212,0.830228,0.225400,0.279114,0.251595,0.246752,1.325553,1.013939,1.911471,0.359397,1.003838,0.922809,1.745919,0.306625,0.694026,1.134043,1.969035,0.000000,0.316052,0.295611,0.336545,0.239497,0.644752,0.227703,1.967539,0.595529,0.609938,1.938538,0.448728,1.308785,0.306625,0.265592,1.835556,0.325980,0.800886,1.134099,1.896164,0.260928,0.242545,0.703034,1.542177,0.337221,0.291599,0.316652,1.096581,0.646853,0.565614,0.392410,1.787844,1.587325,0.448728,0.646853,1.929220,0.310875,0.284469,1.909550,0.772123,0.156226,1.031142,0.321168,1.954993,0.754485,1.626774,0.329809,0.393972,0.200310,0.979366,1.888336,0.219210,0.595529,0.334538,0.317479,0.323009,1.115739,1.129168,1.865735,0.285818,0.231789,1.939738,0.375071,1.937997,1.971415,0.315923,0.221665,0.194014,0.279837,1.020947,1.666210,0.888636,1.955888,0.265074,0.353427,0.335164,0.323009,0.212137,0.338194,0.675736,0.232582,0.315437
1.829337,1.386467,0.592070,0.211748,0.394816,0.223011,0.189731,1.147153,0.818207,1.937489,0.294391,1.000168,0.764844,1.779435,0.198998,0.469584,1.095332,1.970834,0.316052,0.000000,0.121439,0.404043,0.152644,0.843805,0.145261,1.942152,0.346451,0.416494,1.936230,0.220151,1.437585,0.198998,0.194733,1.887828,0.019911,0.600218,0.916212,1.851228,0.332607,0.353089,0.455348,1.388473,0.422151,0.078649,0.157836,0.884820,0.393784,0.330296,0.287515,1.742562,1.500377,0.220151,0.393784,1.893784,0.343870,0.338934,1.862117,0.534480,0.317585,0.819326,0.190571,1.971744,0.540752,1.497765,0.261379,0.293152,0.262359,0.740801,1.851571,0.158383,0.346451,0.244622,0.321070,0.064816,0.895422,0.935328,1.822300,0.148116,0.278716,1.959817,0.392001,1.892733,1.989862,0.387330,0.163786,0.197284,0.054299,0.830316,1.633664,0.652188,1.955452,0.354497,0.096925,0.081663,0.064816,0.225522,0.287523,0.466671,0.153305,0.109336
1.831228,1.388028,0.611316,0.205284,0.392905,0.210790,0.179496,1.148525,0.817848,1.936190,0.282418,0.996906,0.800922,1.776584,0.207106,0.471786,1.097729,1.971038,0.295611,0.121439,0.000000,0.387010,0.087679,0.850655,0.170213,1.940991,0.360251,0.413186,1.933134,0.232432,1.443288,0.207106,0.171281,1.888643,0.121977,0.617577,0.923184,1.850928,0.322021,0.338992,0.473830,1.399819,0.426455,0.095131,0.146058,0.882472,0.403602,0.345324,0.271060,1.752554,1.515531,0.232432,0.403602,1.889677,0.346954,0.322160,1.872395,0.540904,0.297974,0.830062,0.178807,1.971165,0.550126,1.504269,0.262452,0.280455,0.254292,0.754660,1.851069,0.142368,0.360251,0.241729,0.318680,0.100982,0.907123,0.939864,1.821973,0.132926,0.267113,1.959545,0.383241,1.896061,1.989626,0.405285,0.174476,0.186039,0.108070,0.851675,1.643663,0.665509,1.958653,0.356276,0.104738,0.104945,0.100982,0.217922,0.286534,0.484254,0.128774,0.079577
1.894734,1.518606,0.847825,0.368608,0.371620,0.387848,0.367656,1.350575,1.056644,1.902448,0.447036,1.143632,0.916543,1.732512,0.390895,0.719816,1.265572,1.955789,0.336545,0.404043,0.387010,0.000000,0.343630,0.692099,0.325801,1.959971,0.621010,0.644344,1.943814,0.497698,1.270465,0.390895,0.335204,1.831437,0.412266,0.846889,1.157581,1.912922,0.397104,0.384900,0.723572,1.567952,0.390355,0.380782,0.392893,1.099599,0.670069,0.613697,0.464983,1.828380,1.642769,0.497698,0.670069,1.935803,0.413019,0.339232,1.927217,0.815382,0.376671,1.058370,0.412284,1.955795,0.803103,1.620130,0.288299,0.438190,0.301484,0.993491,1.881197,0.324285,0.621010,0.264574,0.459799,0.407271,1.131393,1.143716,1.872136,0.371719,0.408229,1.933579,0.393005,1.928895,1.964472,0.422658,0.318157,0.298924,0.372776,1.093502,1.646075,0.909811,1.957221,0.289633,0.433785,0.417560,0.407271,0.321724,0.216351,0.675772,0.338733,0.405507
1.852196,1.438077,0.678927,0.182592,0.348415,0.188573,0.168666,1.206814,0.879031,1.936456,0.285661,1.000928,0.832960,1.776911,0.211694,0.543425,1.108885,1.975791,0.239497,0.152644,0.087679,0.343630,0.000000,0.798953,0.135709,1.952852,0.430245,0.478524,1.938896,0.291954,1.406820,0.211694,0.156335,1.881706,0.159870,0.658917,0.990705,1.873250,0.281350,0.289082,0.542572,1.439725,0.378650,0.115825,0.164448,0.949434,0.477211,0.414071,0.278371,1.771629,1.540745,0.291954,0.477211,1.906252,0.320470,0.284291,1.890505,0.613436,0.247766,0.888521,0.185552,1.973157,0.605557,1.546371,0.246727,0.279805,0.192912,0.823765,1.872865,0.087700,0.430245,0.230247,0.304877,0.142772,0.973077,0.998466,1.838036,0.148518,0.233926,1.959678,0.347090,1.912946,1.989158,0.366600,0.137953,0.124287,0.118567,0.905096,1.660147,0.735842,1.963640,0.300884,0.163417,0.151260,0.142772,0.164178,0.262060,0.540256,0.075844,0.120577
1.897827,1.754250,1.212352,0.738768,0.554632,0.753451,0.765098,1.631200,1.403229,1.750462,0.870733,1.297264,1.078509,1.573355,0.771232,1.116213,1.429713,1.856664,0.644752,0.843805,0.850655,0.692099,0.798953,0.000000,0.733581,1.909802,1.055096,1.017847,1.893730,0.939511,0.867070,0.771232,0.744209,1.588447,0.854540,1.189008,1.503363,1.905224,0.673070,0.648109,1.133055,1.776292,0.575003,0.831342,0.849678,1.417280,1.107440,1.015670,0.864623,1.766245,1.700389,0.939511,1.107440,1.952472,0.810478,0.715536,1.849366,1.229112,0.737969,1.395437,0.854548,1.823057,1.187555,1.698174,0.768398,0.850302,0.675905,1.365390,1.839198,0.760765,1.055096,0.807328,0.841751,0.866319,1.459191,1.417586,1.928249,0.809682,0.757919,1.806284,0.733398,1.925550,1.817296,0.616220,0.731627,0.713446,0.814136,1.391976,1.501041,1.281891,1.844952,0.616989,0.901609,0.876718,0.866319,0.708273,0.764241,1.009716,0.775480,0.873420
1.866543,1.458778,0.691876,0.170149,0.292253,0.196978,0.165135,1.239964,0.923249,1.930735,0.316729,1.032802,0.802012,1.759061,0.189645,0.565515,1.148245,1.978366,0.227703,0.145261,0.170213,0.325801,0.135709,0.733581,0.000000,1.962201,0.447343,0.492999,1.951815,0.304244,1.354357,0.189645,0.133550,1.862943,0.160209,0.685852,1.021969,1.886253,0.263089,0.272145,0.557972,1.471059,0.325469,0.126355,0.193727,0.977907,0.501297,0.429333,0.312645,1.766234,1.553394,0.304244,0.501297,1.927749,0.324002,0.283447,1.886900,0.645010,0.266299,0.914787,0.226434,1.971875,0.641693,1.550178,0.236561,0.309561,0.162528,0.845936,1.874313,0.101725,0.447343,0.235440,0.328072,0.157241,0.997562,1.022398,1.861483,0.165366,0.248708,1.959395,0.341730,1.925262,1.987922,0.327501,0.072775,0.101955,0.107035,0.932377,1.630910,0.758994,1.964210,0.245843,0.205907,0.175566,0.157241,0.147997,0.246621,0.522350,0.111018,0.184219
0.537111,1.223638,1.769702,1.961259,1.974833,1.960521,1.956034,1.393896,1.636104,0.587785,1.945843,1.645824,1.760581,0.981393,1.956052,1.820234,1.553021,0.473833,1.967539,1.942152,1.940991,1.959971,1.952852,1.909802,1.962201,0.000000,1.868485,1.853531,0.397265,1.915220,1.603022,1.956052,1.958158,0.827332,1.939877,1.773724,1.568675,0.522824,1.972241,1.975362,1.829002,1.180963,1.970186,1.946147,1.945059,1.602761,1.845018,1.871215,1.942290,0.810884,1.119831,1.915220,1.845018,0.426841,1.953875,1.960026,0.571035,1.787084,1.959514,1.633352,1.942388,0.458773,1.793262,1.151926,1.959663,1.944436,1.974938,1.682460,0.548241,1.960271,1.868485,1.951550,1.946905,1.939541,1.588397,1.577379,0.573106,1.948025,1.962321,0.480328,1.955488,0.409135,0.452087,1.954074,1.964718,1.966911,1.947900,1.649403,1.148033,1.729728,0.457748,1.973173,1.930331,1.936761,1.939541,1.971168,1.959129,1.858004,1.956734,1.938092
1.725335,1.189344,0.287136,0.460777,0.630446,0.462443,0.423763,0.937438,0.643544,1.918252,0.453147,1.031948,0.606363,1.764139,0.397940,0.289172,1.086464,1.930309,0.595529,0.346451,0.360251,0.621010,0.430245,1.055096,0.447343,1.868485,0.000000,0.317077,1.890310,0.174909,1.541542,0.397940,0.419907,1.881311,0.336333,0.472178,0.661774,1.756606,0.564904,0.599694,0.127494,1.225044,0.642445,0.357876,0.343468,0.638340,0.100964,0.155813,0.426858,1.637031,1.373803,0.174909,0.100964,1.813125,0.535883,0.602599,1.761445,0.287898,0.575962,0.589123,0.387076,1.940710,0.415018,1.327089,0.437056,0.443115,0.552004,0.450988,1.750671,0.450839,0.000000,0.432148,0.494158,0.331722,0.633127,0.733121,1.757991,0.365295,0.524154,1.940017,0.595917,1.805405,1.962146,0.602881,0.462205,0.490740,0.380737,0.659636,1.554597,0.362527,1.904724,0.613834,0.312911,0.322610,0.331722,0.516071,0.473143,0.294330,0.438051,0.354421
1.705545,1.215676,0.420557,0.494604,0.629078,0.491449,0.472903,0.885703,0.606282,1.859201,0.571846,1.036412,0.691643,1.675585,0.455221,0.133203,1.118162,1.911521,0.609938,0.416494,0.413186,0.644344,0.478524,1.017847,0.492999,1.853531,0.317077,0.000000,1.872093,0.363174,1.503993,0.455221,0.470852,1.811493,0.406878,0.547148,0.689478,1.736320,0.612320,0.645145,0.371532,1.251684,0.672960,0.441352,0.462926,0.595962,0.285204,0.297882,0.524443,1.603040,1.432412,0.363174,0.285204,1.804699,0.648020,0.595597,1.743798,0.417257,0.625963,0.637301,0.490690,1.908895,0.424148,1.285321,0.523915,0.542494,0.581063,0.543839,1.698922,0.507536,0.317077,0.511888,0.606118,0.423700,0.650421,0.644818,1.767532,0.428073,0.594815,1.904359,0.666396,1.798098,1.932469,0.610485,0.488317,0.534547,0.436412,0.733296,1.477092,0.434969,1.877852,0.664896,0.409841,0.425774,0.423700,0.548812,0.558959,0.373613,0.498109,0.444940
0.620454,1.315115,1.810841,1.946061,1.954132,1.945853,1.945823,1.432831,1.659075,0.594461,1.930243,1.572284,1.809876,0.983908,1.948054,1.844946,1.486158,0.442142,1.938538,1.936230,1.933134,1.943814,1.938896,1.893730,1.951815,0.397265,1.890310,1.872093,0.000000,1.922591,1.599038,1.948054,1.951082,0.808108,1.934304,1.789712,1.613897,0.641515,1.955116,1.952975,1.859379,1.220957,1.960208,1.938924,1.936557,1.667440,1.869026,1.892262,1.937139,0.840124,1.204595,1.922591,1.869026,0.441747,1.929125,1.937993,0.667754,1.810737,1.927418,1.677700,1.932687,0.474604,1.803184,1.273249,1.954007,1.942285,1.952588,1.729317,0.657679,1.944870,1.890310,1.943482,1.923208,1.933183,1.633708,1.633289,0.597359,1.942185,1.940061,0.475415,1.951141,0.529243,0.450606,1.941881,1.950779,1.950664,1.940272,1.669356,1.249733,1.768172,0.461805,1.958775,1.924670,1.931268,1.933183,1.950518,1.952214,1.896311,1.941963,1.929742
1.787870,1.298014,0.437214,0.325219,0.497864,0.334087,0.287746,1.061398,0.748649,1.940069,0.336564,1.011283,0.670384,1.781099,0.269647,0.388633,1.089212,1.957561,0.448728,0.220151,0.232432,0.497698,0.291954,0.939511,0.304244,1.915220,0.174909,0.363174,1.922591,0.000000,1.480446,0.269647,0.279390,1.891463,0.213524,0.535362,0.804435,1.817072,0.430852,0.458506,0.282256,1.320716,0.518748,0.218808,0.184612,0.776183,0.254093,0.195340,0.329924,1.694705,1.440460,0.000000,0.254093,1.863451,0.404247,0.472834,1.819516,0.409353,0.434378,0.710509,0.254553,1.963693,0.477354,1.423378,0.316240,0.345862,0.404474,0.606388,1.809200,0.306217,0.174909,0.306642,0.368226,0.201748,0.779312,0.856247,1.805367,0.231181,0.385809,1.961818,0.479243,1.859786,1.983783,0.475175,0.319750,0.344080,0.247421,0.749648,1.598365,0.515554,1.935995,0.468392,0.195897,0.194100,0.201748,0.370296,0.349894,0.349116,0.295495,0.225414
1.712170,1.808976,1.606577,1.352202,1.201857,1.359348,1.370049,1.815757,1.750111,1.363459,1.460332,1.646543,1.407337,1.204328,1.366243,1.567019,1.732912,1.495794,1.308785,1.437585,1.443288,1.270465,1.406820,0.867070,1.354357,1.603022,1.541542,1.503993,1.599038,1.480446,0.000000,1.366243,1.356821,1.134724,1.445088,1.609974,1.784023,1.682577,1.291288,1.278840,1.581042,1.861921,1.177101,1.426724,1.431319,1.694253,1.572022,1.520608,1.432521,1.556954,1.684157,1.480446,1.572022,1.720483,1.403783,1.346416,1.550488,1.660762,1.358553,1.699354,1.431705,1.471257,1.593784,1.620915,1.346185,1.422198,1.317626,1.699950,1.564205,1.379041,1.541542,1.381483,1.428249,1.451204,1.739313,1.670894,1.764281,1.401962,1.375379,1.447164,1.334617,1.624902,1.412273,1.249091,1.354392,1.345938,1.419409,1.735264,1.310411,1.660531,1.514122,1.255463,1.479261,1.458830,1.451204,1.342427,1.331651,1.448532,1.386599,1.462172
1.848640,1.417856,0.629449,0.137835,0.262883,0.148649,0.144940,1.202859,0.893292,1.939395,0.322168,1.041635,0.724611,1.774980,0.000000,0.522586,1.143561,1.973663,0.306625,0.198998,0.207106,0.390895,0.211694,0.771232,0.189645,1.956052,0.397940,0.455221,1.948054,0.269647,1.366243,0.000000,0.184254,1.865029,0.204298,0.653427,0.967431,1.871822,0.234554,0.255750,0.503222,1.437033,0.308700,0.189792,0.201106,0.925269,0.452507,0.381506,0.265100,1.743810,1.515938,0.269647,0.452507,1.917765,0.373472,0.355068,1.861945,0.591749,0.340728,0.874961,0.231515,1.974046,0.598630,1.515691,0.230011,0.277181,0.249397,0.784964,1.859662,0.202880,0.397940,0.261521,0.358227,0.206082,0.937816,0.980162,1.858629,0.147749,0.280350,1.965421,0.361481,1.911731,1.986891,0.354482,0.204627,0.212087,0.194727,0.886111,1.613685,0.698846,1.954808,0.323504,0.234350,0.212516,0.206082,0.224967,0.273602,0.453073,0.204331,0.224083
1.856274,1.438913,0.655184,0.192658,0.302087,0.216736,0.173183,1.219935,0.896667,1.930104,0.319934,1.053268,0.757398,1.754198,0.184254,0.545754,1.165764,1.976351,0.265592,0.194733,0.171281,0.335204,0.156335,0.744209,0.133550,1.958158,0.419907,0.470852,1.951082,0.279390,1.356821,0.184254,0.000000,1.855198,0.203765,0.659231,0.997081,1.881528,0.279046,0.293869,0.526974,1.454703,0.328104,0.154616,0.191298,0.942066,0.478812,0.399250,0.303620,1.751917,1.540691,0.279390,0.478812,1.928486,0.346956,0.325751,1.874915,0.618349,0.302627,0.885994,0.234805,1.973856,0.626159,1.525851,0.210713,0.298946,0.201133,0.817138,1.861675,0.137846,0.419907,0.232506,0.344114,0.191130,0.967810,0.989287,1.865297,0.154997,0.282199,1.960696,0.348521,1.922470,1.987634,0.335095,0.139228,0.139405,0.169321,0.919620,1.601026,0.727249,1.960973,0.248938,0.225404,0.197693,0.191130,0.183618,0.232864,0.469836,0.141995,0.204159
1.002464,1.522408,1.820128,1.856838,1.795581,1.859648,1.866083,1.600239,1.752914,0.489483,1.907189,1.664135,1.685207,0.606957,1.865029,1.823053,1.664370,0.772992,1.835556,1.887828,1.888643,1.831437,1.881706,1.588447,1.862943,0.827332,1.881311,1.811493,0.808108,1.891463,1.134724,1.865029,1.855198,0.000000,1.888932,1.794876,1.750753,1.021855,1.847572,1.847403,1.869710,1.527709,1.803732,1.889028,1.898624,1.720705,1.873953,1.867768,1.894243,0.860173,1.426123,1.891463,1.873953,1.024568,1.878510,1.850604,0.818379,1.868972,1.859955,1.750528,1.900440,0.687492,1.844462,1.317578,1.866955,1.896292,1.851963,1.805820,0.799109,1.874627,1.881311,1.879795,1.884280,1.895049,1.724573,1.645390,1.152745,1.877765,1.880491,0.614077,1.871245,0.962046,0.613283,1.796479,1.860267,1.863156,1.883746,1.799336,0.931066,1.807694,0.727177,1.838016,1.903056,1.898869,1.895049,1.859813,1.867833,1.818858,1.874906,1.903683
1.824801,1.377580,0.581564,0.221514,0.405002,0.230970,0.198759,1.137059,0.806476,1.937145,0.295233,0.997701,0.761788,1.779477,0.204298,0.458109,1.091223,1.969520,0.325980,0.019911,0.121977,0.412266,0.159870,0.854540,0.160209,1.939877,0.336333,0.406878,1.934304,0.213524,1.445088,0.204298,0.203765,1.888932,0.000000,0.592446,0.905114,1.847318,0.342757,0.364059,0.445088,1.380666,0.433602,0.086775,0.161264,0.873537,0.382328,0.320723,0.287701,1.739505,1.495768,0.213524,0.382328,1.890229,0.348672,0.345433,1.859559,0.524080,0.325158,0.809689,0.195661,1.971332,0.529619,1.490897,0.266597,0.295108,0.273972,0.729751,1.847631,0.168597,0.336333,0.249449,0.322845,0.067895,0.884245,0.925170,1.818986,0.153780,0.285244,1.959372,0.400206,1.889323,1.989375,0.393801,0.175926,0.208787,0.069890,0.822188,1.632769,0.640659,1.954314,0.368205,0.091712,0.081806,0.067895,0.235391,0.294058,0.461308,0.162527,0.109862
1.611530,1.121497,0.425458,0.685459,0.825972,0.673975,0.671047,0.833696,0.525095,1.826663,0.694619,0.919999,0.611057,1.681421,0.653427,0.500902,0.939711,1.861554,0.800886,0.600218,0.617577,0.846889,0.658917,1.189008,0.685852,1.773724,0.472178,0.547148,1.789712,0.535362,1.609974,0.653427,0.659231,1.794876,0.592446,0.000000,0.627759,1.683379,0.761901,0.793181,0.444132,1.045607,0.843612,0.623078,0.633126,0.672754,0.460080,0.483615,0.657677,1.467854,1.298236,0.535362,0.460080,1.715883,0.752620,0.799734,1.639415,0.455505,0.772239,0.485633,0.654256,1.863284,0.492242,1.288138,0.697228,0.663402,0.754298,0.500380,1.646638,0.681751,0.472178,0.693378,0.703243,0.603576,0.578444,0.652962,1.654869,0.631228,0.733069,1.845687,0.795663,1.712263,1.885453,0.750644,0.688087,0.713477,0.628492,0.571800,1.512661,0.431045,1.812031,0.820410,0.591052,0.599608,0.603576,0.722490,0.736197,0.550563,0.670572,0.620800
1.360639,0.759204,0.469951,1.016070,1.166435,1.008219,0.990096,0.379133,0.398344,1.710736,0.974734,1.110760,0.788501,1.620280,0.967431,0.574716,1.063604,1.691982,1.134099,0.916212,0.923184,1.157581,0.990705,1.503363,1.021969,1.568675,0.661774,0.689478,1.613897,0.804435,1.784023,0.967431,0.997081,1.750753,0.905114,0.627759,0.000000,1.413647,1.105842,1.139218,0.576443,0.776247,1.183053,0.937029,0.938530,0.365107,0.592717,0.698285,0.947406,1.317663,1.114674,0.804435,0.592717,1.478146,1.065239,1.124100,1.432136,0.445274,1.104305,0.401568,0.952239,1.716612,0.612749,0.966359,1.008180,0.966451,1.110142,0.261215,1.429340,1.021874,0.661774,0.994621,1.014913,0.904334,0.164717,0.432161,1.433002,0.942720,1.059918,1.720880,1.113083,1.470209,1.749716,1.139124,1.029805,1.061611,0.948949,0.533584,1.386491,0.358811,1.642763,1.177275,0.875685,0.896235,0.904334,1.075106,1.041399,0.714955,1.007530,0.917780
0.533379,1.055149,1.642603,1.878329,1.918846,1.875632,1.871767,1.229113,1.491918,0.786959,1.854235,1.611656,1.689444,1.075946,1.871822,1.694296,1.519262,0.656519,1.896164,1.851228,1.850928,1.912922,1.873250,1.905224,1.886253,0.522824,1.756606,1.736320,0.641515,1.817072,1.682577,1.871822,1.881528,1.021855,1.847318,1.683379,1.413647,0.000000,1.900493,1.910368,1.711684,1.090920,1.914336,1.857253,1.858776,1.435471,1.726877,1.754170,1.850882,0.829957,0.886373,1.817072,1.726877,0.504057,1.876325,1.887480,0.583487,1.659565,1.881503,1.503301,1.850225,0.667125,1.674285,0.978620,1.885383,1.859633,1.916438,1.549054,0.706189,1.884282,1.756606,1.883631,1.857790,1.846725,1.441178,1.422169,0.629181,1.860716,1.878997,0.728577,1.898258,0.506146,0.735540,1.907710,1.889807,1.897041,1.860440,1.529986,1.186229,1.593088,0.663036,1.921903,1.831871,1.842386,1.846725,1.904868,1.898456,1.750129,1.878908,1.845045
1.884333,1.506569,0.788274,0.198653,0.214248,0.160680,0.246292,1.319349,1.022108,1.928609,0.324698,1.051614,0.836588,1.769257,0.234554,0.685488,1.162703,1.969240,0.260928,0.332607,0.322021,0.397104,0.281350,0.673070,0.263089,1.972241,0.564904,0.612320,1.955116,0.430852,1.291288,0.234554,0.279046,1.847572,0.342757,0.761901,1.105842,1.900493,0.000000,0.079031,0.666096,1.517218,0.270903,0.312357,0.326268,1.078800,0.618089,0.548548,0.264132,1.778555,1.551807,0.430852,0.618089,1.933908,0.352019,0.339456,1.888150,0.739408,0.303641,0.992111,0.335786,1.965584,0.747778,1.590359,0.294808,0.275974,0.238371,0.936513,1.900071,0.265367,0.564904,0.341211,0.349384,0.336999,1.083927,1.110301,1.873985,0.284850,0.228548,1.950872,0.275674,1.933437,1.974272,0.327309,0.264848,0.245375,0.307089,0.993964,1.646766,0.858083,1.955970,0.286244,0.369926,0.346519,0.336999,0.245934,0.332859,0.621450,0.278338,0.339750
1.892025,1.532999,0.825481,0.214667,0.197106,0.193818,0.261159,1.348608,1.051812,1.928381,0.340584,1.048279,0.868643,1.771071,0.255750,0.720747,1.162412,1.967925,0.242545,0.353089,0.338992,0.384900,0.289082,0.648109,0.272145,1.975362,0.599694,0.645145,1.952975,0.458506,1.278840,0.255750,0.293869,1.847403,0.364059,0.793181,1.139218,1.910368,0.079031,0.000000,0.700614,1.538634,0.267563,0.329049,0.338110,1.111761,0.654415,0.579882,0.310781,1.793318,1.573470,0.458506,0.654415,1.937455,0.350596,0.330744,1.901262,0.773350,0.290351,1.029108,0.345346,1.964028,0.773566,1.615433,0.316420,0.312796,0.223852,0.973073,1.907962,0.269737,0.599694,0.352251,0.354762,0.357064,1.118492,1.146636,1.878873,0.304789,0.221766,1.950131,0.285919,1.939607,1.971944,0.326126,0.272197,0.244278,0.323748,1.017432,1.660852,0.894118,1.955719,0.273123,0.389344,0.365946,0.357064,0.237904,0.342814,0.656854,0.283090,0.353901
1.674815,1.120970,0.182050,0.569856,0.730122,0.570199,0.534196,0.863714,0.593600,1.899674,0.545573,1.048769,0.564124,1.754204,0.503222,0.311185,1.081743,1.901482,0.703034,0.455348,0.473830,0.723572,0.542572,1.133055,0.557972,1.829002,0.127494,0.371532,1.859379,0.282256,1.581042,0.503222,0.526974,1.869710,0.445088,0.444132,0.576443,1.711684,0.666096,0.700614,0.000000,1.153852,0.739927,0.468706,0.451826,0.566631,0.141680,0.211977,0.522485,1.586252,1.315936,0.282256,0.141680,1.772534,0.626491,0.708349,1.710220,0.242300,0.679013,0.515957,0.492201,1.916854,0.407553,1.263000,0.538980,0.538985,0.660293,0.356515,1.706305,0.561369,0.127494,0.535416,0.583200,0.442392,0.541741,0.673281,1.720408,0.477902,0.624256,1.919071,0.691473,1.760005,1.939610,0.692479,0.573066,0.600876,0.491746,0.602271,1.520933,0.268699,1.871800,0.716024,0.420646,0.431393,0.442392,0.623554,0.574800,0.308346,0.547874,0.463406
0.955917,0.777760,1.063877,1.458374,1.574032,1.448769,1.443044,0.668271,0.841828,1.425256,1.430370,1.166674,1.217781,1.486035,1.437033,1.170305,1.032537,1.328456,1.542177,1.388473,1.399819,1.567952,1.439725,1.776292,1.471059,1.180963,1.225044,1.251684,1.220957,1.320716,1.861921,1.437033,1.454703,1.527709,1.380666,1.045607,0.776247,1.090920,1.517218,1.538634,1.153852,0.000000,1.577032,1.406055,1.404346,0.932127,1.180501,1.237891,1.401926,0.994507,0.967841,1.320716,1.180501,1.066825,1.481143,1.534772,1.070677,1.072547,1.510678,0.867902,1.407934,1.368440,1.110604,0.997534,1.470312,1.415661,1.518033,0.927376,1.148358,1.459780,1.225044,1.453803,1.445246,1.381958,0.809547,0.880407,1.053425,1.411670,1.488280,1.386956,1.518474,1.086142,1.394275,1.508715,1.473261,1.489480,1.413445,0.788607,1.264855,0.991955,1.260059,1.557216,1.359306,1.374998,1.381958,1.495823,1.492481,1.265557,1.449073,1.387119
1.904851,1.560995,0.851711,0.296644,0.208393,0.316263,0.313986,1.392117,1.100815,1.909713,0.498675,1.157723,0.823118,1.740278,0.308700,0.752765,1.273002,1.969994,0.337221,0.422151,0.426455,0.390355,0.378650,0.575003,0.325469,1.970186,0.642445,0.672960,1.960208,0.518748,1.177101,0.308700,0.328104,1.803732,0.433602,0.843612,1.183053,1.914336,0.270903,0.267563,0.739927,1.577032,0.000000,0.399884,0.417446,1.116466,0.697031,0.625640,0.447284,1.786245,1.585377,0.518748,0.697031,1.965490,0.474989,0.410456,1.887552,0.840012,0.399732,1.065472,0.417572,1.957605,0.813494,1.620521,0.348413,0.433660,0.299857,1.004082,1.901500,0.340984,0.642445,0.396778,0.499381,0.434028,1.146611,1.148351,1.902427,0.352730,0.402769,1.940889,0.393292,1.942211,1.960203,0.364367,0.336107,0.307101,0.397208,1.085662,1.614186,0.927952,1.955496,0.273170,0.470890,0.442061,0.434028,0.324390,0.353431,0.620427,0.354114,0.442573
1.835040,1.402694,0.608828,0.196192,0.377780,0.214687,0.165824,1.169955,0.844150,1.942211,0.283063,1.016568,0.774235,1.784394,0.189792,0.496904,1.114242,1.973012,0.291599,0.078649,0.095131,0.380782,0.115825,0.831342,0.126355,1.946147,0.357876,0.441352,1.938924,0.218808,1.426724,0.189792,0.154616,1.889028,0.086775,0.623078,0.937029,1.857253,0.312357,0.329049,0.468706,1.406055,0.399884,0.000000,0.125261,0.901890,0.411220,0.340898,0.279464,1.751575,1.502423,0.218808,0.411220,1.901127,0.326910,0.335345,1.869671,0.549332,0.291710,0.834099,0.165085,1.975202,0.562004,1.512748,0.237865,0.286297,0.244019,0.759325,1.859445,0.113550,0.357876,0.222629,0.309683,0.055066,0.917837,0.959558,1.830601,0.126200,0.261021,1.963831,0.378029,1.900829,1.992140,0.383657,0.150499,0.160301,0.069477,0.850919,1.639013,0.673191,1.961284,0.326375,0.089418,0.057540,0.055066,0.211490,0.261130,0.471415,0.104455,0.074806
