0.000000,1.089918,1.660499,1.900965,1.923488,1.890539,1.894788,1.214344,1.447939,0.862065,1.875065,1.684196,1.686527,1.116917,1.883428,1.711600,1.594344,0.612266,1.924814,1.864844,1.875146,1.932133,1.894977,1.907810,1.901821,0.515590,1.779394,1.744631,0.596008,1.838679,1.565024,1.883428,1.902771,0.980553,1.860244,1.645908,1.419078,0.261854,1.908726,1.921871,1.736907,1.009617,1.935466,1.876935,1.885376,1.406233,1.747719,1.781729,1.857597,0.645733,0.676681,1.838679,1.747719,0.514663,1.905052,1.904291,0.473460,1.679309,1.917666,1.469569,1.881581,0.660211,1.704471,0.952271,1.900304,1.859820,1.926343,1.565091,0.671894,1.904177,1.779394,1.900343,1.890035,1.864300,1.449553,1.377659,0.736033,1.878871,1.909590,0.768436,1.896908,0.529473,0.653921,1.892614,1.907298,1.915674,1.877528,1.551764,1.185023,1.613259,0.570827,1.941686,1.851909,1.860945,1.864300,1.916346,1.912786,1.742493,1.900034,1.868800
1.089918,0.000000,1.074868,1.422470,1.527386,1.414249,1.399324,0.614702,0.811033,1.443856,1.369897,1.313982,1.280839,1.423350,1.395909,1.106968,1.237391,1.356856,1.487770,1.355804,1.366826,1.510207,1.417661,1.704915,1.437423,1.264668,1.198154,1.178763,1.270490,1.299823,1.820306,1.395909,1.431780,1.514630,1.346821,1.086291,0.717463,1.077227,1.479224,1.510687,1.147285,0.719082,1.535828,1.379336,1.401379,0.826929,1.141385,1.241337,1.347936,1.096862,1.034744,1.299823,1.141385,1.107383,1.441837,1.469683,1.153563,1.020104,1.477145,0.931582,1.404126,1.388556,1.142636,0.749639,1.415668,1.341917,1.494112,0.898025,1.088528,1.442894,1.198154,1.408974,1.409468,1.348047,0.802684,0.842148,1.128818,1.360131,1.458026,1.450794,1.427130,1.161767,1.432362,1.514439,1.441049,1.470580,1.382569,0.951760,1.377459,0.992031,1.295570,1.548399,1.330607,1.345918,1.348047,1.476328,1.435466,1.143857,1.435732,1.363335
1.660499,1.074868,0.000000,0.684127,0.811709,0.669316,0.643295,0.770987,0.638638,1.849911,0.656598,1.103063,0.491650,1.702797,0.609499,0.303257,1.102781,1.860881,0.799708,0.561835,0.601628,0.859845,0.668354,1.166877,0.664269,1.802725,0.279777,0.366450,1.840346,0.430835,1.651604,0.609499,0.651973,1.817303,0.551933,0.461860,0.514140,1.676426,0.754224,0.802526,0.186940,1.147081,0.815049,0.588550,0.595425,0.522491,0.257002,0.303696,0.595945,1.578255,1.370197,0.430835,0.257002,1.739235,0.765986,0.826506,1.663847,0.345951,0.824419,0.515800,0.627173,1.890160,0.358503,1.109914,0.652639,0.599237,0.765540,0.289939,1.634072,0.680274,0.279777,0.668867,0.703869,0.563861,0.407799,0.589199,1.695770,0.589250,0.737980,1.887957,0.734360,1.716576,1.900450,0.798716,0.680160,0.715074,0.598524,0.618581,1.416652,0.137065,1.814444,0.830844,0.547297,0.557100,0.563861,0.731321,0.699885,0.316212,0.669189,0.595364
1.900965,1.422470,0.684127,0.000000,0.247370,0.085135,0.087677,1.237799,0.980928,1.917968,0.286722,0.876623,0.813180,1.753942,0.138634,0.573353,0.972835,1.969556,0.206790,0.226066,0.204193,0.346826,0.188607,0.715735,0.195251,1.971476,0.447041,0.509786,1.947860,0.310497,1.462229,0.138634,0.199997,1.858364,0.232810,0.695119,1.020637,1.901949,0.185661,0.207885,0.544367,1.511636,0.265038,0.204742,0.196375,1.021571,0.505031,0.432717,0.270311,1.820642,1.673106,0.310497,0.505031,1.916254,0.287661,0.306373,1.905970,0.633346,0.278266,0.970039,0.214910,1.977458,0.594603,1.531750,0.224985,0.291827,0.210717,0.835254,1.841319,0.177189,0.447041,0.249721,0.272474,0.232015,0.984546,1.078150,1.864838,0.145114,0.203666,1.961083,0.337888,1.925303,1.983088,0.373771,0.189519,0.181242,0.207923,0.924392,1.597256,0.744081,1.967979,0.329915,0.258403,0.243228,0.232015,0.193307,0.253762,0.555905,0.184320,0.229834
1.923488,1.527386,0.811709,0.247370,0.000000,0.266985,0.300938,1.361919,1.121770,1.875047,0.430664,0.922975,0.818420,1.695045,0.258227,0.718164,1.045840,1.959512,0.281019,0.409698,0.401121,0.363857,0.362697,0.538319,0.304567,1.974894,0.600509,0.636832,1.961324,0.469899,1.328244,0.258227,0.296960,1.788718,0.421393,0.822990,1.165138,1.928432,0.216668,0.193050,0.688346,1.601202,0.199867,0.384409,0.359412,1.134214,0.666956,0.572108,0.412277,1.817370,1.715825,0.469899,0.666956,1.955838,0.399574,0.376196,1.901946,0.804843,0.391184,1.105734,0.387629,1.961865,0.748940,1.583602,0.341357,0.431121,0.257319,0.980735,1.856836,0.318966,0.600509,0.380735,0.412685,0.422984,1.116514,1.183686,1.915412,0.358655,0.310789,1.929279,0.401643,1.950865,1.956793,0.317615,0.297549,0.276706,0.378194,1.048084,1.517742,0.885081,1.964619,0.276152,0.459593,0.435678,0.422984,0.277023,0.350613,0.666304,0.336893,0.430882
1.890539,1.414249,0.669316,0.085135,0.266985,0.000000,0.132213,1.215698,0.958947,1.921722,0.272693,0.867114,0.809059,1.760749,0.143448,0.559052,0.955985,1.968054,0.236169,0.221345,0.193380,0.374332,0.178555,0.743560,0.206820,1.967148,0.434658,0.498529,1.944090,0.304392,1.477033,0.143448,0.212222,1.863318,0.226791,0.667017,1.001350,1.893759,0.155744,0.194241,0.531169,1.491903,0.305272,0.200920,0.197000,1.003794,0.490207,0.422701,0.228544,1.815980,1.656366,0.304392,0.490207,1.906953,0.306126,0.323477,1.900231,0.615541,0.298650,0.945054,0.211766,1.976343,0.580975,1.511146,0.236627,0.262612,0.222212,0.819091,1.842003,0.180620,0.434658,0.266089,0.275656,0.223819,0.967267,1.057565,1.860418,0.164400,0.192463,1.963090,0.329255,1.920890,1.982337,0.377679,0.204058,0.191822,0.205415,0.910559,1.594320,0.727948,1.963412,0.350571,0.245257,0.234157,0.223819,0.199337,0.274378,0.559238,0.185278,0.219558
1.894788,1.399324,0.643295,0.087677,0.300938,0.132213,0.000000,1.210274,0.951601,1.920603,0.284476,0.890047,0.793443,1.758905,0.142593,0.538700,0.978795,1.969805,0.222851,0.191543,0.173957,0.361058,0.174091,0.744958,0.190728,1.966176,0.401984,0.481743,1.943712,0.264301,1.491341,0.142593,0.189361,1.866287,0.196788,0.673429,0.985502,1.894927,0.238513,0.266276,0.499605,1.485312,0.288760,0.172299,0.154585,0.990899,0.461253,0.391674,0.262225,1.818052,1.660797,0.264301,0.461253,1.908929,0.291334,0.327825,1.900479,0.592850,0.283886,0.936562,0.167556,1.979163,0.552226,1.514262,0.209175,0.271740,0.234015,0.794382,1.833596,0.172852,0.401984,0.223499,0.272587,0.195316,0.948901,1.048975,1.847848,0.087912,0.235733,1.961877,0.335678,1.916323,1.986681,0.396650,0.189701,0.191359,0.181151,0.894627,1.598447,0.703963,1.965313,0.343898,0.218599,0.204390,0.195316,0.210344,0.239517,0.513563,0.170274,0.193689
1.214344,0.614702,0.770987,1.237799,1.361919,1.215698,1.210274,0.000000,0.479120,1.598680,1.183130,1.188712,1.058154,1.534832,1.195127,0.794962,1.103670,1.530341,1.320675,1.135684,1.152853,1.357349,1.212354,1.615788,1.240849,1.441345,0.938085,0.875887,1.452426,1.064165,1.825397,1.195127,1.237571,1.632510,1.122965,0.780933,0.363621,1.230270,1.303113,1.342922,0.876090,0.744021,1.377190,1.168829,1.188851,0.466359,0.866934,0.976326,1.145898,1.201933,1.070649,1.064165,0.866934,1.282996,1.279717,1.291948,1.294482,0.755441,1.317021,0.592847,1.197002,1.567088,0.834471,0.721353,1.227786,1.143040,1.313208,0.594761,1.236981,1.244768,0.938085,1.226293,1.223069,1.135094,0.424327,0.413712,1.317754,1.157173,1.272718,1.614837,1.261668,1.333548,1.588586,1.325835,1.246853,1.279768,1.169698,0.784077,1.379137,0.661583,1.446876,1.388168,1.108686,1.131103,1.135094,1.283664,1.262268,0.919907,1.233259,1.151195
1.447939,0.811033,0.638638,0.980928,1.121770,0.958947,0.951601,0.479120,0.000000,1.730035,0.927527,0.967893,1.009029,1.626079,0.946507,0.591153,0.908790,1.701162,1.056024,0.868996,0.884072,1.100238,0.943006,1.420476,0.980505,1.645904,0.724434,0.661971,1.622975,0.824079,1.803958,0.946507,0.974871,1.745457,0.855575,0.498025,0.450564,1.453793,1.059107,1.096309,0.688812,0.888998,1.144063,0.906766,0.931403,0.484475,0.657765,0.755864,0.893179,1.430560,1.266362,0.824079,0.657765,1.486814,1.017448,1.015337,1.531700,0.591873,1.051455,0.500275,0.942812,1.723933,0.645130,0.999634,0.975874,0.876826,1.045602,0.526687,1.458496,0.980728,0.724434,0.963535,0.964079,0.871428,0.481068,0.402318,1.475102,0.891826,1.023591,1.753055,0.994288,1.549867,1.749113,1.070823,0.976626,1.016370,0.901661,0.691933,1.479252,0.540871,1.645625,1.128885,0.846079,0.870853,0.871428,1.017173,1.006696,0.746653,0.970814,0.886784
0.862065,1.443856,1.849911,1.917968,1.875047,1.921722,1.920603,1.598680,1.730035,0.000000,1.932057,1.705275,1.770100,0.491173,1.919393,1.852266,1.709513,0.600655,1.895078,1.927545,1.932137,1.862936,1.929605,1.700595,1.911247,0.654584,1.905131,1.850959,0.751774,1.922659,1.172061,1.919393,1.911871,0.455814,1.927905,1.849083,1.750831,0.845963,1.916180,1.911347,1.891435,1.453217,1.879361,1.933886,1.930829,1.701032,1.896587,1.898227,1.935274,0.835897,1.311744,1.922659,1.896587,0.857280,1.913698,1.889150,0.755239,1.894984,1.910563,1.775835,1.933661,0.592167,1.870781,1.329285,1.918494,1.931052,1.904871,1.823628,0.767335,1.926158,1.905131,1.915800,1.922238,1.933920,1.742499,1.661130,0.904551,1.924261,1.921366,0.259753,1.915011,0.741221,0.489668,1.858532,1.910633,1.916446,1.922903,1.803744,1.071296,1.830272,0.702636,1.880890,1.939708,1.939003,1.933920,1.912849,1.909398,1.861458,1.928773,1.942964
1.875065,1.369897,0.656598,0.286722,0.430664,0.272693,0.284476,1.183130,0.927527,1.932057,0.000000,0.844766,0.816248,1.781179,0.306171,0.575145,0.913682,1.961494,0.336821,0.281744,0.248142,0.446316,0.261197,0.825844,0.299979,1.954515,0.422465,0.543592,1.930463,0.305361,1.532515,0.306171,0.284466,1.887502,0.283674,0.651179,0.950633,1.878164,0.301789,0.334726,0.510839,1.444109,0.458504,0.253288,0.261216,1.001708,0.471564,0.443094,0.196995,1.823371,1.631575,0.305361,0.471564,1.877686,0.228896,0.404684,1.900373,0.554477,0.337436,0.923236,0.302307,1.962978,0.614561,1.492926,0.269265,0.234944,0.328294,0.772147,1.839202,0.263898,0.422465,0.297694,0.168929,0.259950,0.935741,1.053198,1.827633,0.263707,0.207467,1.963792,0.290003,1.904112,1.977687,0.452710,0.296455,0.284202,0.280839,0.868202,1.597013,0.711066,1.939270,0.404074,0.269766,0.260602,0.259950,0.315454,0.307213,0.570445,0.269601,0.252479
1.684196,1.313982,1.103063,0.876623,0.922975,0.867114,0.890047,1.188712,0.967893,1.705275,0.844766,0.000000,1.292350,1.562624,0.901168,0.976440,0.260938,1.757728,0.879391,0.907344,0.883384,0.907971,0.882590,1.123898,0.922488,1.759949,0.974009,0.958088,1.680811,0.928601,1.547667,0.901168,0.928225,1.710739,0.904419,0.915962,1.136351,1.699120,0.893817,0.897879,1.016918,1.335020,0.986228,0.914716,0.904161,1.201047,0.973960,1.003877,0.871486,1.657857,1.641607,0.928601,0.973960,1.630231,0.858450,0.839192,1.772521,0.971525,0.857197,1.192476,0.911450,1.729147,0.981055,1.509228,0.939106,0.890848,0.881912,1.105262,1.642015,0.898867,0.974009,0.913963,0.850200,0.908522,1.168969,1.181443,1.630540,0.883394,0.866355,1.745433,0.925897,1.735381,1.740879,0.843745,0.904517,0.904378,0.908512,1.002064,1.529289,1.085808,1.739850,0.959606,0.907348,0.915744,0.908522,0.887082,0.938156,1.063826,0.900895,0.900226
1.686527,1.280839,0.491650,0.813180,0.818420,0.809059,0.793443,1.058154,1.009029,1.770100,0.816248,1.292350,0.000000,1.601425,0.725816,0.662015,1.319778,1.843485,0.905204,0.760756,0.804394,0.937149,0.836367,1.051343,0.778381,1.781591,0.585019,0.660914,1.871813,0.644782,1.431099,0.725816,0.755362,1.687827,0.760483,0.764196,0.849613,1.718284,0.827834,0.861094,0.545386,1.325398,0.814344,0.764052,0.750437,0.816532,0.618341,0.569878,0.769966,1.547392,1.409259,0.644782,0.618341,1.811645,0.883667,0.963101,1.617993,0.717145,0.953734,0.831776,0.795015,1.860196,0.705133,1.173181,0.768081,0.779791,0.848499,0.664187,1.643451,0.809145,0.585019,0.809354,0.845042,0.770027,0.724497,0.857884,1.776174,0.775193,0.847224,1.824373,0.837927,1.727899,1.846270,0.827623,0.798031,0.814630,0.775524,0.881523,1.228386,0.582985,1.795271,0.849276,0.777978,0.765952,0.770027,0.831164,0.804507,0.522275,0.809140,0.804351
1.116917,1.423350,1.702797,1.753942,1.695045,1.760749,1.758905,1.534832,1.626079,0.491173,1.781179,1.562624,1.601425,0.000000,1.753646,1.687185,1.615505,0.962724,1.735542,1.772122,1.779550,1.698821,1.777803,1.523483,1.741846,1.012706,1.746425,1.674773,1.074109,1.760339,1.032975,1.753646,1.737951,0.537880,1.773646,1.696129,1.658716,1.128446,1.755575,1.753061,1.740125,1.500641,1.705968,1.778995,1.775627,1.586458,1.742065,1.741670,1.783072,0.883037,1.457265,1.760339,1.742065,1.162080,1.762589,1.734497,0.959854,1.764770,1.768591,1.671999,1.790603,0.959150,1.728741,1.311222,1.760564,1.782989,1.736772,1.698392,0.881770,1.767071,1.746425,1.760257,1.770350,1.781510,1.626502,1.541883,1.208234,1.762265,1.767553,0.714487,1.768691,1.026761,0.871363,1.683243,1.741040,1.752377,1.764928,1.705577,0.979285,1.690326,1.024307,1.708981,1.795558,1.790847,1.781510,1.748143,1.749594,1.686100,1.772769,1.801443
1.883428,1.395909,0.609499,0.138634,0.258227,0.143448,0.142593,1.195127,0.946507,1.919393,0.306171,0.901168,0.725816,1.753646,0.000000,0.521606,0.984401,1.968927,0.293871,0.220808,0.229264,0.409944,0.237023,0.743143,0.217922,1.962641,0.381056,0.461790,1.950372,0.252911,1.480156,0.000000,0.212658,1.857756,0.226028,0.645228,0.967654,1.890004,0.223100,0.254375,0.471500,1.469719,0.292929,0.209319,0.183226,0.966031,0.446237,0.367443,0.246333,1.797323,1.640900,0.252911,0.446237,1.913745,0.349645,0.367536,1.881337,0.580278,0.363979,0.922912,0.217451,1.977725,0.545261,1.483790,0.233496,0.264375,0.262044,0.772383,1.835438,0.219015,0.381056,0.269317,0.321671,0.230700,0.924264,1.023070,1.862743,0.166179,0.266735,1.962385,0.340580,1.915867,1.982956,0.379972,0.222827,0.227556,0.217026,0.871474,1.547842,0.679073,1.957335,0.357945,0.255309,0.238310,0.230700,0.239169,0.277286,0.480584,0.222794,0.245320
1.711600,1.106968,0.303257,0.573353,0.718164,0.559052,0.538700,0.794962,0.591153,1.852266,0.575145,0.976440,0.662015,1.687185,0.521606,0.000000,1.007173,1.889006,0.679360,0.456216,0.482188,0.732478,0.552297,1.089760,0.563003,1.843029,0.268998,0.122106,1.852412,0.382628,1.636921,0.521606,0.562324,1.814041,0.444295,0.429537,0.577251,1.718042,0.674140,0.718713,0.288578,1.216902,0.727523,0.497588,0.520706,0.552423,0.203711,0.306275,0.532400,1.616773,1.475307,0.382628,0.203711,1.763263,0.668733,0.684278,1.725439,0.354455,0.711488,0.576440,0.553934,1.907440,0.326484,1.196562,0.564309,0.529828,0.659798,0.400581,1.644960,0.580246,0.268998,0.569747,0.607000,0.467618,0.508524,0.602353,1.729260,0.478955,0.643295,1.900236,0.657755,1.767158,1.916978,0.714322,0.570102,0.614496,0.489592,0.698904,1.480112,0.290391,1.843393,0.744846,0.451817,0.469933,0.467618,0.625892,0.607111,0.348389,0.569635,0.498920
1.594344,1.237391,1.102781,0.972835,1.045840,0.955985,0.978795,1.103670,0.908790,1.709513,0.913682,0.260938,1.319778,1.615505,0.984401,1.007173,0.000000,1.714557,0.991635,0.977340,0.956474,1.036301,0.964998,1.270494,1.020901,1.689913,1.008676,1.010490,1.618755,0.985234,1.643165,0.984401,1.027396,1.744268,0.971564,0.909644,1.067786,1.613990,0.989274,0.998344,1.032791,1.205972,1.101639,0.987493,0.977482,1.160004,0.997707,1.040933,0.933329,1.633417,1.536251,0.985234,0.997707,1.534051,0.949571,0.946184,1.722709,0.956091,0.953959,1.145258,0.975652,1.686786,0.989677,1.437760,1.022664,0.950669,0.991694,1.072884,1.609010,0.987675,1.008676,0.998528,0.927749,0.975877,1.120986,1.138645,1.530244,0.964350,0.955484,1.725033,1.008206,1.655947,1.703333,0.951880,1.006736,1.003395,0.987741,0.935256,1.542247,1.072725,1.681227,1.081863,0.962655,0.977003,0.975877,0.988060,1.031095,1.102719,0.985990,0.960385
0.612266,1.356856,1.860881,1.969556,1.959512,1.968054,1.969805,1.530341,1.701162,0.600655,1.961494,1.757728,1.843485,0.962724,1.968927,1.889006,1.714557,0.000000,1.966276,1.967111,1.966746,1.949787,1.971037,1.851932,1.974287,0.448617,1.930594,1.904908,0.397725,1.958776,1.396833,1.968927,1.973213,0.791265,1.966004,1.850575,1.691800,0.562606,1.965861,1.964647,1.908114,1.302030,1.963743,1.970344,1.972650,1.680597,1.914034,1.930084,1.959065,0.793655,1.081941,1.958776,1.914034,0.559457,1.962873,1.954542,0.575624,1.870710,1.959200,1.737513,1.967931,0.402728,1.879149,1.252868,1.967618,1.956672,1.972715,1.797613,0.746889,1.974472,1.930594,1.963991,1.963947,1.965864,1.717275,1.655587,0.737846,1.967013,1.968597,0.464793,1.957475,0.566295,0.355727,1.949655,1.972534,1.975526,1.968988,1.745400,1.260224,1.832394,0.451792,1.964649,1.961026,1.964737,1.965864,1.972644,1.966814,1.899850,1.973496,1.965326
1.924814,1.487770,0.799708,0.206790,0.281019,0.236169,0.222851,1.320675,1.056024,1.895078,0.336821,0.879391,0.905204,1.735542,0.293871,0.679360,0.991635,1.966276,0.000000,0.312740,0.280269,0.265547,0.227012,0.634702,0.232694,1.976223,0.565267,0.611034,1.942724,0.425403,1.421032,0.293871,0.247459,1.834598,0.322273,0.792962,1.125114,1.919528,0.267797,0.258991,0.661608,1.575784,0.287324,0.287029,0.282633,1.115911,0.621046,0.542519,0.373241,1.853315,1.715322,0.425403,0.621046,1.927093,0.234085,0.288546,1.932050,0.751178,0.169413,1.060023,0.282628,1.965368,0.696026,1.593027,0.246455,0.374827,0.203029,0.949407,1.860439,0.214662,0.565267,0.266238,0.263563,0.319090,1.091171,1.160523,1.866594,0.268281,0.218421,1.938931,0.353110,1.940899,1.973695,0.354841,0.218147,0.191098,0.276626,1.025290,1.615131,0.857124,1.968640,0.280086,0.347940,0.333000,0.319090,0.213588,0.243795,0.681417,0.223753,0.307973
1.864844,1.355804,0.561835,0.226066,0.409698,0.221345,0.191543,1.135684,0.868996,1.927545,0.281744,0.907344,0.760756,1.772122,0.220808,0.456216,0.977340,1.967111,0.312740,0.000000,0.131372,0.409071,0.160333,0.834395,0.158296,1.954695,0.321645,0.411451,1.934821,0.202261,1.542155,0.220808,0.206407,1.880663,0.021908,0.577473,0.909608,1.871727,0.334545,0.369148,0.416229,1.431795,0.403885,0.085445,0.162140,0.915209,0.374107,0.313363,0.253820,1.800504,1.618958,0.202261,0.374107,1.891129,0.321083,0.369262,1.884394,0.519937,0.343250,0.844970,0.189817,1.978322,0.491622,1.460364,0.230053,0.245199,0.272858,0.713345,1.828648,0.171973,0.321645,0.227953,0.284543,0.066004,0.871361,0.963896,1.827884,0.146808,0.290762,1.963277,0.345932,1.901749,1.988237,0.448487,0.174392,0.214575,0.056839,0.847564,1.594139,0.621742,1.949539,0.388156,0.101430,0.090057,0.066004,0.239469,0.258779,0.471031,0.164408,0.122729
1.875146,1.366826,0.601628,0.204193,0.401121,0.193380,0.173957,1.152853,0.884072,1.932137,0.248142,0.883384,0.804394,1.779550,0.229264,0.482188,0.956474,1.966746,0.280269,0.131372,0.000000,0.394948,0.089225,0.830982,0.189027,1.956873,0.358077,0.435715,1.931950,0.231279,1.540961,0.229264,0.189999,1.884732,0.134340,0.604982,0.930061,1.878152,0.306699,0.338874,0.459988,1.441823,0.405644,0.101661,0.154016,0.938920,0.404853,0.352505,0.240784,1.811252,1.636465,0.231279,0.404853,1.886207,0.292994,0.342343,1.895205,0.536416,0.300230,0.861668,0.182949,1.973756,0.513797,1.476843,0.215664,0.254068,0.260243,0.743494,1.829199,0.148148,0.358077,0.215024,0.247391,0.110604,0.898892,0.990948,1.829795,0.135263,0.248160,1.967630,0.347906,1.905479,1.989278,0.444320,0.185029,0.196127,0.128152,0.858633,1.614848,0.655491,1.950190,0.378583,0.111739,0.112500,0.110604,0.223552,0.251808,0.511473,0.131249,0.080341
1.932133,1.510207,0.859845,0.346826,0.363857,0.374332,0.361058,1.357349,1.100238,1.862936,0.446316,0.907971,0.937149,1.698821,0.409944,0.732478,1.036301,1.949787,0.265547,0.409071,0.394948,0.000000,0.344500,0.621246,0.327362,1.960597,0.636146,0.663993,1.927971,0.507914,1.397538,0.409944,0.344698,1.807511,0.418953,0.838143,1.173869,1.922939,0.396841,0.379114,0.727914,1.595537,0.372974,0.396655,0.392852,1.170490,0.689215,0.612888,0.480718,1.849870,1.741203,0.507914,0.689215,1.926814,0.350415,0.315601,1.930058,0.823768,0.317952,1.107681,0.403902,1.949065,0.782949,1.614980,0.309511,0.472251,0.286475,1.003989,1.853743,0.326151,0.636146,0.275602,0.393187,0.424390,1.141449,1.202684,1.857439,0.389225,0.355084,1.908706,0.426951,1.940448,1.955492,0.404712,0.307370,0.295431,0.374207,1.080844,1.606985,0.916610,1.960663,0.292996,0.454689,0.440193,0.424390,0.311081,0.244273,0.751708,0.339221,0.421367
1.894977,1.417661,0.668354,0.188607,0.362697,0.178555,0.174091,1.212354,0.943006,1.929605,0.261197,0.882590,0.836367,1.777803,0.237023,0.552297,0.964998,1.971037,0.227012,0.160333,0.089225,0.344500,0.000000,0.784168,0.155182,1.965984,0.426722,0.499338,1.937991,0.287711,1.510648,0.237023,0.169789,1.879513,0.169479,0.656458,0.998280,1.897872,0.272593,0.294806,0.526416,1.484497,0.362592,0.121661,0.158319,1.002838,0.478136,0.413131,0.262040,1.831502,1.662580,0.287711,0.478136,1.902309,0.265273,0.309908,1.912657,0.609157,0.248134,0.922122,0.174626,1.975576,0.574592,1.518538,0.206423,0.273444,0.198740,0.814013,1.851534,0.096833,0.426722,0.199729,0.237424,0.150819,0.966758,1.048642,1.844210,0.167483,0.213525,1.964992,0.333124,1.921992,1.988523,0.413029,0.146444,0.138407,0.132852,0.914317,1.624490,0.725858,1.958336,0.326127,0.167926,0.158080,0.150819,0.165939,0.226028,0.574681,0.077736,0.120636
1.907810,1.704915,1.166877,0.715735,0.538319,0.743560,0.744958,1.615788,1.420476,1.700595,0.825844,1.123898,1.051343,1.523483,0.743143,1.089760,1.270494,1.851932,0.634702,0.834395,0.830982,0.621246,0.784168,0.000000,0.713115,1.898861,1.001992,1.005547,1.889324,0.892485,1.059727,0.743143,0.710314,1.581233,0.847245,1.183677,1.482373,1.905909,0.675899,0.640404,1.072380,1.774058,0.559364,0.813210,0.789194,1.410992,1.062089,0.962654,0.845072,1.794086,1.776784,0.892485,1.062089,1.948819,0.730849,0.712907,1.852195,1.190321,0.723963,1.425904,0.804975,1.850389,1.133806,1.699802,0.738372,0.840241,0.659843,1.326467,1.807237,0.740874,1.001992,0.758853,0.782699,0.848804,1.429091,1.451282,1.909093,0.794705,0.720832,1.773438,0.729292,1.920502,1.823950,0.609051,0.709529,0.689100,0.796460,1.363625,1.417226,1.237290,1.896290,0.560837,0.886688,0.862894,0.848804,0.697521,0.712093,1.016247,0.760363,0.857612
1.901821,1.437423,0.664269,0.195251,0.304567,0.206820,0.190728,1.240849,0.980505,1.911247,0.299979,0.922488,0.778381,1.741846,0.217922,0.563003,1.020901,1.974287,0.232694,0.158296,0.189027,0.327362,0.155182,0.713115,0.000000,1.973042,0.428219,0.499896,1.954194,0.290640,1.457339,0.217922,0.128717,1.846660,0.176738,0.673656,1.025503,1.910098,0.270765,0.291339,0.524324,1.517774,0.302098,0.137166,0.187956,1.013664,0.490790,0.411289,0.293963,1.816413,1.672279,0.290640,0.490790,1.930088,0.283945,0.335736,1.903107,0.642243,0.300418,0.949185,0.227373,1.980382,0.603390,1.520430,0.204907,0.296110,0.170625,0.827334,1.850677,0.114825,0.428219,0.214046,0.275673,0.170259,0.980501,1.060044,1.871009,0.196383,0.245854,1.955100,0.326583,1.933088,1.985550,0.380694,0.075478,0.115029,0.113130,0.948948,1.576115,0.734786,1.962206,0.263843,0.221918,0.191725,0.170259,0.157094,0.208787,0.543746,0.125760,0.205946
0.515590,1.264668,1.802725,1.971476,1.974894,1.967148,1.966176,1.441345,1.645904,0.654584,1.954515,1.759949,1.781591,1.012706,1.962641,1.843029,1.689913,0.448617,1.976223,1.954695,1.956873,1.960597,1.965984,1.898861,1.973042,0.000000,1.892337,1.868785,0.472370,1.933486,1.447797,1.962641,1.972671,0.836383,1.952514,1.810027,1.609101,0.493751,1.971924,1.975007,1.859667,1.155970,1.974633,1.959601,1.961133,1.607849,1.870810,1.896846,1.949872,0.775718,0.983226,1.933486,1.870810,0.445708,1.969697,1.960992,0.546911,1.821586,1.970314,1.655675,1.957073,0.420761,1.826859,1.158017,1.964783,1.947949,1.979895,1.726819,0.647533,1.971038,1.892337,1.959174,1.963656,1.954002,1.634818,1.587584,0.626162,1.957809,1.970724,0.527056,1.954299,0.388499,0.416561,1.941164,1.975004,1.975915,1.960554,1.669576,1.219802,1.768807,0.413826,1.976449,1.945053,1.950861,1.954002,1.978634,1.965170,1.858137,1.968601,1.952291
1.779394,1.198154,0.279777,0.447041,0.600509,0.434658,0.401984,0.938085,0.724434,1.905131,0.422465,0.974009,0.585019,1.746425,0.381056,0.268998,1.008676,1.930594,0.565267,0.321645,0.358077,0.636146,0.426722,1.001992,0.428219,1.892337,0.000000,0.286364,1.903169,0.175919,1.610312,0.381056,0.420820,1.866386,0.312260,0.456060,0.676050,1.788876,0.527055,0.575840,0.121269,1.278449,0.605870,0.345799,0.351610,0.703438,0.105259,0.163900,0.366800,1.704772,1.508297,0.175919,0.105259,1.823610,0.534618,0.605174,1.791115,0.312823,0.591487,0.657664,0.394908,1.945762,0.342018,1.286335,0.421362,0.373635,0.531593,0.447687,1.737283,0.440911,0.000000,0.431856,0.471885,0.319358,0.620645,0.769285,1.770270,0.344582,0.499736,1.944775,0.511716,1.820095,1.959944,0.601142,0.444142,0.478376,0.359814,0.677985,1.502954,0.350713,1.892163,0.609924,0.309020,0.315240,0.319358,0.497979,0.466153,0.276330,0.429508,0.354360
1.744631,1.178763,0.366450,0.509786,0.636832,0.498529,0.481743,0.875887,0.661971,1.850959,0.543592,0.958088,0.660914,1.674773,0.461790,0.122106,1.010490,1.904908,0.611034,0.411451,0.435715,0.663993,0.499338,1.005547,0.499896,1.868785,0.286364,0.000000,1.875998,0.356806,1.584250,0.461790,0.498320,1.799378,0.401626,0.472354,0.680803,1.750689,0.613932,0.655439,0.331105,1.289365,0.653780,0.452671,0.473256,0.622684,0.257657,0.285281,0.504151,1.636377,1.515469,0.356806,0.257657,1.801434,0.620610,0.619492,1.750459,0.431781,0.658510,0.658357,0.512146,1.923316,0.358424,1.250074,0.512463,0.503795,0.591939,0.507420,1.667989,0.522596,0.286364,0.522658,0.564228,0.431018,0.604979,0.667346,1.772181,0.428505,0.588782,1.905387,0.617584,1.803268,1.926569,0.640119,0.504035,0.549486,0.437063,0.758294,1.472030,0.378925,1.868903,0.673966,0.422404,0.437157,0.431018,0.560931,0.555707,0.361529,0.514735,0.463700
0.596008,1.270490,1.840346,1.947860,1.961324,1.944090,1.943712,1.452426,1.622975,0.751774,1.930463,1.680811,1.871813,1.074109,1.950372,1.852412,1.618755,0.397725,1.942724,1.934821,1.931950,1.927971,1.937991,1.889324,1.954194,0.472370,1.903169,1.875998,0.000000,1.931927,1.501958,1.950372,1.957176,0.907682,1.932173,1.805998,1.624174,0.545640,1.953416,1.953805,1.881492,1.209151,1.962609,1.940711,1.945152,1.650899,1.878484,1.909417,1.926657,0.834300,1.046242,1.931927,1.878484,0.445647,1.932164,1.923105,0.667191,1.818110,1.921476,1.675270,1.935345,0.490300,1.826909,1.257252,1.948621,1.921978,1.953730,1.751263,0.760045,1.947999,1.903169,1.938578,1.931958,1.932756,1.668912,1.611458,0.654311,1.936434,1.947581,0.606334,1.932298,0.568930,0.486618,1.950121,1.951999,1.954330,1.940110,1.688736,1.391950,1.799629,0.525248,1.959089,1.924075,1.931124,1.932756,1.950343,1.944426,1.885308,1.945639,1.928853
1.838679,1.299823,0.430835,0.310497,0.469899,0.304392,0.264301,1.064165,0.824079,1.922659,0.305361,0.928601,0.644782,1.760339,0.252911,0.382628,0.985234,1.958776,0.425403,0.202261,0.231279,0.507914,0.287711,0.892485,0.290640,1.933486,0.175919,0.356806,1.931927,0.000000,1.560308,0.252911,0.279835,1.878489,0.197187,0.526509,0.815895,1.847192,0.394257,0.437321,0.271199,1.370734,0.470766,0.211711,0.188674,0.837842,0.259366,0.199870,0.264046,1.763084,1.577217,0.000000,0.259366,1.870822,0.397683,0.473195,1.848589,0.421877,0.454044,0.776720,0.257314,1.967115,0.414251,1.393008,0.296062,0.282982,0.384608,0.601582,1.793179,0.295656,0.175919,0.302660,0.343122,0.199185,0.767883,0.894306,1.813160,0.212382,0.360183,1.962348,0.404330,1.870382,1.980793,0.492158,0.303441,0.330813,0.231913,0.756615,1.539227,0.504864,1.929582,0.468569,0.201684,0.197450,0.199185,0.353059,0.339631,0.359905,0.285437,0.230018
1.565024,1.820306,1.651604,1.462229,1.328244,1.477033,1.491341,1.825397,1.803958,1.172061,1.532515,1.547667,1.431099,1.032975,1.480156,1.636921,1.643165,1.396833,1.421032,1.542155,1.540961,1.397538,1.510648,1.059727,1.457339,1.447797,1.610312,1.584250,1.501958,1.560308,0.000000,1.480156,1.454996,0.973311,1.550578,1.669642,1.811932,1.584650,1.414376,1.392979,1.637333,1.834723,1.337282,1.523404,1.514045,1.711737,1.644045,1.577821,1.547010,1.380818,1.630994,1.560308,1.644045,1.639462,1.473638,1.480907,1.420804,1.720751,1.464735,1.733045,1.532484,1.360084,1.635500,1.679682,1.483136,1.566130,1.419732,1.742110,1.399976,1.472337,1.610312,1.503276,1.501402,1.551716,1.756276,1.733033,1.697183,1.522985,1.453393,1.268407,1.497482,1.487924,1.296801,1.344298,1.459021,1.439981,1.520475,1.727473,1.227841,1.695224,1.448922,1.355976,1.574448,1.557291,1.551716,1.441322,1.469728,1.573134,1.484226,1.558539
1.883428,1.395909,0.609499,0.138634,0.258227,0.143448,0.142593,1.195127,0.946507,1.919393,0.306171,0.901168,0.725816,1.753646,0.000000,0.521606,0.984401,1.968927,0.293871,0.220808,0.229264,0.409944,0.237023,0.743143,0.217922,1.962641,0.381056,0.461790,1.950372,0.252911,1.480156,0.000000,0.212658,1.857756,0.226028,0.645228,0.967654,1.890004,0.223100,0.254375,0.471500,1.469719,0.292929,0.209319,0.183226,0.966031,0.446237,0.367443,0.246333,1.797323,1.640900,0.252911,0.446237,1.913745,0.349645,0.367536,1.881337,0.580278,0.363979,0.922912,0.217451,1.977725,0.545261,1.483790,0.233496,0.264375,0.262044,0.772383,1.835438,0.219015,0.381056,0.269317,0.321671,0.230700,0.924264,1.023070,1.862743,0.166179,0.266735,1.962385,0.340580,1.915867,1.982956,0.379972,0.222827,0.227556,0.217026,0.871474,1.547842,0.679073,1.957335,0.357945,0.255309,0.238310,0.230700,0.239169,0.277286,0.480584,0.222794,0.245320
1.902771,1.431780,0.651973,0.199997,0.296960,0.212222,0.189361,1.237571,0.974871,1.911871,0.284466,0.928225,0.755362,1.737951,0.212658,0.562324,1.027396,1.973213,0.247459,0.206407,0.189999,0.344698,0.169789,0.710314,0.128717,1.972671,0.420820,0.498320,1.957176,0.279835,1.454996,0.212658,0.000000,1.844356,0.219199,0.662006,1.017857,1.908963,0.262273,0.284623,0.517145,1.507738,0.301620,0.165243,0.187116,1.003431,0.486187,0.404318,0.281638,1.808528,1.668384,0.279835,0.486187,1.931694,0.284117,0.338367,1.897359,0.631748,0.310418,0.934129,0.243397,1.975768,0.606042,1.504338,0.187162,0.288236,0.178267,0.816704,1.842554,0.134631,0.420820,0.218482,0.272077,0.206741,0.971009,1.054264,1.877566,0.189407,0.240656,1.958766,0.311771,1.933912,1.986200,0.367193,0.115648,0.125384,0.178294,0.935767,1.556676,0.724619,1.959046,0.235736,0.247109,0.218885,0.206741,0.168527,0.211684,0.527641,0.146392,0.224896
0.980553,1.514630,1.817303,1.858364,1.788718,1.863318,1.866287,1.632510,1.745457,0.455814,1.887502,1.710739,1.687827,0.537880,1.857756,1.814041,1.744268,0.791265,1.834598,1.880663,1.884732,1.807511,1.879513,1.581233,1.846660,0.836383,1.866386,1.799378,0.907682,1.878489,0.973311,1.857756,1.844356,0.000000,1.883038,1.811905,1.763151,0.991987,1.848497,1.844348,1.860108,1.541021,1.798924,1.881103,1.883854,1.687906,1.862549,1.857720,1.886649,0.781031,1.344009,1.878489,1.862549,1.070097,1.864382,1.843676,0.783909,1.878248,1.866759,1.764103,1.892978,0.760775,1.842058,1.364302,1.863579,1.887922,1.839191,1.811152,0.794183,1.866153,1.866386,1.871967,1.875226,1.887799,1.736393,1.646781,1.208054,1.874012,1.870135,0.579431,1.864379,0.974625,0.624162,1.787058,1.847234,1.851189,1.872130,1.809652,0.981147,1.808620,0.855172,1.804493,1.898889,1.893661,1.887799,1.849334,1.856419,1.805971,1.871759,1.901049
1.860244,1.346821,0.551933,0.232810,0.421393,0.226791,0.196788,1.122965,0.855575,1.927905,0.283674,0.904419,0.760483,1.773646,0.226028,0.444295,0.971564,1.966004,0.322273,0.021908,0.134340,0.418953,0.169479,0.847245,0.176738,1.952514,0.312260,0.401626,1.932173,0.197187,1.550578,0.226028,0.219199,1.883038,0.000000,0.567425,0.896423,1.866683,0.343955,0.379523,0.406537,1.422908,0.415678,0.097816,0.167663,0.904374,0.362441,0.305395,0.254428,1.797945,1.613675,0.197187,0.362441,1.886165,0.326359,0.372549,1.882108,0.507083,0.348581,0.833527,0.193196,1.977147,0.480809,1.454164,0.238307,0.244528,0.286648,0.701412,1.824895,0.185532,0.312260,0.236811,0.287529,0.072250,0.858955,0.952298,1.822756,0.147800,0.297848,1.963105,0.351601,1.897817,1.987644,0.457623,0.190420,0.229159,0.075456,0.837903,1.595557,0.609539,1.947727,0.403321,0.097991,0.093346,0.072250,0.252096,0.269991,0.465666,0.176971,0.124816
1.645908,1.086291,0.461860,0.695119,0.822990,0.667017,0.673429,0.780933,0.498025,1.849083,0.651179,0.915962,0.764196,1.696129,0.645228,0.429537,0.909644,1.850575,0.792962,0.577473,0.604982,0.838143,0.656458,1.183677,0.673656,1.810027,0.456060,0.472354,1.805998,0.526509,1.669642,0.645228,0.662006,1.811905,0.567425,0.000000,0.598260,1.668979,0.754300,0.797552,0.446028,1.113201,0.859005,0.604494,0.633857,0.606309,0.420855,0.498650,0.592924,1.572269,1.391498,0.526509,0.420855,1.713168,0.748377,0.767906,1.683414,0.423771,0.800382,0.533769,0.657612,1.862560,0.518284,1.152471,0.675331,0.589241,0.742928,0.474393,1.637592,0.676286,0.456060,0.676400,0.688543,0.579057,0.571089,0.619871,1.700604,0.617019,0.737061,1.886537,0.716541,1.738738,1.881776,0.766342,0.673802,0.710413,0.609350,0.632898,1.472666,0.442771,1.794820,0.830922,0.564129,0.577792,0.579057,0.713482,0.711758,0.512952,0.669778,0.605377
1.419078,0.717463,0.514140,1.020637,1.165138,1.001350,0.985502,0.363621,0.450564,1.750831,0.950633,1.136351,0.849613,1.658716,0.967654,0.577251,1.067786,1.691800,1.125114,0.909608,0.930061,1.173869,0.998280,1.482373,1.025503,1.609101,0.676050,0.680803,1.624174,0.815895,1.811932,0.967654,1.017857,1.763151,0.896423,0.598260,0.000000,1.430409,1.089691,1.134298,0.609758,0.840676,1.171071,0.937974,0.959196,0.396613,0.600096,0.740091,0.910057,1.391337,1.177502,0.815895,0.600096,1.475869,1.065115,1.112325,1.472483,0.467790,1.119027,0.440427,0.972144,1.720950,0.621667,0.871450,1.000894,0.908117,1.109650,0.273214,1.423918,1.026120,0.676050,1.003126,1.002705,0.902604,0.196816,0.441193,1.461027,0.928192,1.058538,1.765884,1.041634,1.499889,1.746726,1.146249,1.035969,1.066920,0.949866,0.609097,1.436896,0.405936,1.613480,1.186092,0.874960,0.894910,0.902604,1.075814,1.040116,0.667915,1.013656,0.920650
0.261854,1.077227,1.676426,1.901949,1.928432,1.893759,1.894927,1.230270,1.453793,0.845963,1.878164,1.699120,1.718284,1.128446,1.890004,1.718042,1.613990,0.562606,1.919528,1.871727,1.878152,1.922939,1.897872,1.905909,1.910098,0.493751,1.788876,1.750689,0.545640,1.847192,1.584650,1.890004,1.908963,0.991987,1.866683,1.668979,1.430409,0.000000,1.915160,1.925911,1.749612,1.034377,1.940075,1.883949,1.890510,1.421835,1.756172,1.790749,1.865541,0.722244,0.695579,1.847192,1.756172,0.456138,1.902657,1.901787,0.525838,1.690984,1.912028,1.495348,1.885514,0.644818,1.710702,0.978855,1.898924,1.862446,1.932472,1.579124,0.648162,1.909970,1.788876,1.898444,1.889743,1.871417,1.465827,1.399377,0.665598,1.879979,1.909858,0.747933,1.892327,0.496392,0.648537,1.903955,1.913781,1.921317,1.883575,1.571873,1.251587,1.624780,0.579688,1.944252,1.857707,1.868153,1.871417,1.923151,1.910897,1.758846,1.905331,1.872755
1.908726,1.479224,0.754224,0.185661,0.216668,0.155744,0.238513,1.303113,1.059107,1.916180,0.301789,0.893817,0.827834,1.755575,0.223100,0.674140,0.989274,1.965861,0.267797,0.334545,0.306699,0.396841,0.272593,0.675899,0.270765,1.971924,0.527055,0.613932,1.953416,0.394257,1.414376,0.223100,0.262273,1.848497,0.343955,0.754300,1.089691,1.915160,0.000000,0.080335,0.617394,1.537516,0.285564,0.296252,0.281269,1.094467,0.591188,0.518612,0.267682,1.835395,1.675085,0.394257,0.591188,1.926144,0.330148,0.375791,1.911041,0.706330,0.332086,1.026052,0.299697,1.969201,0.686287,1.557240,0.292683,0.317225,0.238679,0.905688,1.865417,0.244680,0.527055,0.332898,0.317136,0.328894,1.057666,1.150589,1.883089,0.285316,0.193208,1.957322,0.327604,1.934052,1.974054,0.356283,0.270250,0.229620,0.311715,0.972056,1.573084,0.824303,1.963635,0.315643,0.356086,0.335396,0.328894,0.238890,0.318695,0.637733,0.258293,0.322842
1.921871,1.510687,0.802526,0.207885,0.193050,0.194241,0.266276,1.342922,1.096309,1.911347,0.334726,0.897879,0.861094,1.753061,0.254375,0.718713,0.998344,1.964647,0.258991,0.369148,0.338874,0.379114,0.294806,0.640404,0.291339,1.975007,0.575840,0.655439,1.953805,0.437321,1.392979,0.254375,0.284623,1.844348,0.379523,0.797552,1.134298,1.925911,0.080335,0.000000,0.665119,1.566283,0.269231,0.331053,0.309111,1.135747,0.639872,0.561188,0.321256,1.851011,1.698415,0.437321,0.639872,1.932968,0.334185,0.356663,1.922990,0.755196,0.324036,1.070794,0.326518,1.967029,0.726398,1.585790,0.312449,0.357642,0.233020,0.954122,1.877909,0.265846,0.575840,0.347104,0.334579,0.366401,1.102856,1.190714,1.888178,0.318614,0.198875,1.952242,0.338328,1.941297,1.970066,0.356228,0.284541,0.240986,0.341468,1.008079,1.582713,0.871792,1.966787,0.299238,0.394305,0.373703,0.366401,0.242317,0.326923,0.681361,0.281192,0.355812
1.736907,1.147285,0.186940,0.544367,0.688346,0.531169,0.499605,0.876090,0.688812,1.891435,0.510839,1.016918,0.545386,1.740125,0.471500,0.288578,1.032791,1.908114,0.661608,0.416229,0.459988,0.727914,0.526416,1.072380,0.524324,1.859667,0.121269,0.331105,1.881492,0.271199,1.637333,0.471500,0.517145,1.860108,0.406537,0.446028,0.609758,1.749612,0.617394,0.665119,0.000000,1.217313,0.691379,0.442505,0.444002,0.646889,0.146100,0.199405,0.453070,1.667485,1.454685,0.271199,0.146100,1.790376,0.623716,0.694178,1.749759,0.292914,0.682777,0.608046,0.479650,1.928045,0.333244,1.224507,0.514841,0.457125,0.627208,0.376947,1.709065,0.538717,0.121269,0.524771,0.562314,0.414989,0.543985,0.714031,1.736733,0.443778,0.593920,1.928294,0.595633,1.781077,1.941260,0.677176,0.541691,0.575645,0.455395,0.624269,1.471665,0.270019,1.865071,0.699726,0.401035,0.408789,0.414989,0.594754,0.558346,0.270469,0.527577,0.448606
1.009617,0.719082,1.147081,1.511636,1.601202,1.491903,1.485312,0.744021,0.888998,1.453217,1.444109,1.335020,1.325398,1.500641,1.469719,1.216902,1.205972,1.302030,1.575784,1.431795,1.441823,1.595537,1.484497,1.774058,1.517774,1.155970,1.278449,1.289365,1.209151,1.370734,1.834723,1.469719,1.507738,1.541021,1.422908,1.113201,0.840676,1.034377,1.537516,1.566283,1.217313,0.000000,1.609120,1.448079,1.460864,0.945754,1.230657,1.315573,1.415329,1.134762,0.941439,1.370734,1.230657,1.017444,1.521850,1.539988,1.124686,1.131849,1.554937,0.945733,1.460299,1.320466,1.193846,0.849793,1.494931,1.411605,1.555425,0.990589,1.131105,1.502533,1.278449,1.483216,1.489190,1.425931,0.909206,0.921980,1.031667,1.444097,1.534280,1.417315,1.489656,1.086714,1.362912,1.529273,1.517240,1.531632,1.460605,0.862217,1.294523,1.080792,1.215955,1.606673,1.400398,1.416448,1.425931,1.539117,1.514487,1.257718,1.495063,1.426556
1.935466,1.535828,0.815049,0.265038,0.199867,0.305272,0.288760,1.377190,1.144063,1.879361,0.458504,0.986228,0.814344,1.705968,0.292929,0.727523,1.101639,1.963743,0.287324,0.403885,0.405644,0.372974,0.362592,0.559364,0.302098,1.974633,0.605870,0.653780,1.962609,0.470766,1.337282,0.292929,0.301620,1.798924,0.415678,0.859005,1.171071,1.940075,0.285564,0.269231,0.691379,1.609120,0.000000,0.379738,0.352402,1.147980,0.672752,0.578148,0.457914,1.827299,1.730118,0.470766,0.672752,1.961331,0.395157,0.412444,1.907347,0.812624,0.372890,1.105200,0.371922,1.966501,0.741595,1.607351,0.353879,0.470508,0.270558,0.980279,1.860206,0.316183,0.605870,0.374266,0.419637,0.417479,1.119561,1.193067,1.903975,0.345918,0.345990,1.929381,0.439501,1.946681,1.960061,0.393253,0.303570,0.279538,0.374448,1.059254,1.548454,0.889324,1.967822,0.275868,0.452980,0.428111,0.417479,0.291671,0.349011,0.654725,0.330869,0.424188
1.876935,1.379336,0.588550,0.204742,0.384409,0.200920,0.172299,1.168829,0.906766,1.933886,0.253288,0.914716,0.764052,1.778995,0.209319,0.497588,0.987493,1.970344,0.287029,0.085445,0.101661,0.396655,0.121661,0.813210,0.137166,1.959601,0.345799,0.452671,1.940711,0.211711,1.523404,0.209319,0.165243,1.881103,0.097816,0.604494,0.937974,1.883949,0.296252,0.331053,0.442505,1.448079,0.379738,0.000000,0.140455,0.946471,0.403783,0.341491,0.236694,1.810402,1.626914,0.211711,0.403783,1.900661,0.289686,0.366782,1.892041,0.539849,0.314717,0.866531,0.176667,1.979285,0.520885,1.479228,0.200604,0.246296,0.247104,0.739491,1.837715,0.118145,0.345799,0.208747,0.254634,0.060888,0.901744,1.001909,1.840023,0.137919,0.251987,1.969297,0.336057,1.909557,1.991538,0.428063,0.156195,0.169527,0.082186,0.860081,1.596222,0.653562,1.952946,0.353782,0.096018,0.064265,0.060888,0.213946,0.232329,0.487229,0.107133,0.085674
