0.000000,1.142377,1.679213,1.902252,1.927410,1.891251,1.894647,1.232464,1.449352,0.831802,1.876177,1.648839,1.731771,1.087579,1.887723,1.725023,1.530988,0.596009,1.916602,1.865453,1.878898,1.913510,1.896871,1.901437,1.903860,0.494750,1.784146,1.755896,0.600142,1.843526,1.534099,1.887723,1.901169,0.968312,1.861102,1.642831,1.445950,0.266926,1.911829,1.924538,1.744866,0.992334,1.945358,1.879686,1.884514,1.468687,1.754451,1.790173,1.860460,0.611044,0.711927,1.843526,1.754451,0.491905,1.904601,1.921964,0.435574,1.691269,1.911123,1.473760,1.871016,0.650629,1.706031,1.000728,1.884466,1.859369,1.922666,1.580737,0.728396,1.903790,1.784146,1.886054,1.887358,1.867871,1.489730,1.389659,0.673678,1.881807,1.905567,0.734647,1.899754,0.509904,0.647028,1.884475,1.905116,1.914333,1.877432,1.471774,1.128291,1.637085,0.573494,1.929534,1.855449,1.864735,1.867871,1.917332,1.894734,1.778587,1.901686,1.872407
1.142377,0.000000,1.046388,1.385080,1.495417,1.372335,1.358520,0.582305,0.789320,1.494656,1.325279,1.351771,1.293860,1.446408,1.360864,1.073732,1.282285,1.394328,1.437924,1.301887,1.320698,1.467149,1.369340,1.686002,1.388745,1.308330,1.158205,1.139301,1.284161,1.254334,1.798458,1.360864,1.381288,1.546014,1.293890,1.057056,0.694638,1.146454,1.439137,1.468310,1.107487,0.805700,1.514241,1.326065,1.353401,0.828852,1.104304,1.197800,1.310371,1.129559,1.111832,1.254334,1.104304,1.144071,1.403148,1.461711,1.182160,0.984190,1.417781,0.870843,1.353593,1.433106,1.068879,0.701839,1.368372,1.301957,1.438675,0.869129,1.126851,1.386780,1.158205,1.365230,1.365069,1.297891,0.781106,0.812963,1.181270,1.315951,1.407326,1.490406,1.389622,1.232115,1.459163,1.494332,1.389443,1.415360,1.329203,0.901772,1.403702,0.965195,1.338667,1.484300,1.278340,1.294278,1.297891,1.428260,1.391558,1.126273,1.383116,1.313377
1.679213,1.046388,0.000000,0.675628,0.790255,0.660764,0.634411,0.806152,0.670182,1.835902,0.648201,1.253003,0.495828,1.651885,0.597073,0.333730,1.290732,1.876565,0.770389,0.567974,0.603914,0.818127,0.661718,1.175001,0.655557,1.820441,0.275054,0.394224,1.835418,0.419076,1.621845,0.597073,0.631972,1.798648,0.560782,0.537764,0.517035,1.687015,0.734108,0.778602,0.178239,1.168926,0.797620,0.586581,0.580536,0.472549,0.263088,0.292721,0.582469,1.598171,1.415079,0.419076,0.263088,1.751280,0.767346,0.873397,1.668548,0.391136,0.791099,0.515154,0.618330,1.884402,0.346709,1.094936,0.625442,0.582734,0.741321,0.280850,1.671673,0.662647,0.275054,0.648666,0.705513,0.567425,0.381411,0.596451,1.714740,0.585189,0.724188,1.880408,0.704711,1.725511,1.898544,0.818320,0.676829,0.693524,0.600591,0.753905,1.412814,0.131016,1.820901,0.775632,0.554731,0.560915,0.567425,0.718246,0.670038,0.332157,0.657411,0.599809
1.902252,1.385080,0.675628,0.000000,0.245154,0.084978,0.090462,1.217553,0.958727,1.903274,0.275890,0.992522,0.796135,1.714309,0.136179,0.546632,1.123945,1.973905,0.195921,0.221324,0.187493,0.309993,0.168925,0.736057,0.173453,1.973590,0.444243,0.484267,1.947943,0.305808,1.476318,0.136179,0.202966,1.848952,0.230383,0.702695,0.989823,1.895781,0.179903,0.201410,0.538729,1.489154,0.308063,0.190335,0.196730,0.942098,0.494886,0.426367,0.268391,1.833860,1.685927,0.305808,0.494886,1.916260,0.280726,0.305520,1.913776,0.609790,0.262561,0.956457,0.230352,1.980696,0.594846,1.478474,0.222438,0.291189,0.186132,0.824882,1.841273,0.156224,0.444243,0.234128,0.264687,0.220346,0.947833,1.050727,1.871708,0.144352,0.197218,1.959279,0.308743,1.920561,1.983143,0.387004,0.174992,0.156366,0.196356,0.998799,1.577385,0.723747,1.968885,0.309911,0.247365,0.232859,0.220346,0.179145,0.246421,0.506229,0.165482,0.218589
1.927410,1.495417,0.790255,0.245154,0.000000,0.270524,0.298904,1.339197,1.087092,1.851350,0.437520,1.036035,0.784033,1.647724,0.252520,0.684127,1.192917,1.961826,0.285566,0.417753,0.384000,0.313240,0.345411,0.566016,0.300978,1.976618,0.589695,0.604640,1.962580,0.459415,1.348605,0.252520,0.291925,1.777380,0.430270,0.825129,1.135539,1.921276,0.223081,0.200964,0.672868,1.568464,0.228977,0.381663,0.358690,1.050294,0.650056,0.555397,0.424519,1.837346,1.730502,0.459415,0.650056,1.957380,0.402510,0.362195,1.914283,0.786474,0.393172,1.082985,0.400273,1.966533,0.737326,1.534460,0.347455,0.441128,0.254758,0.965210,1.853497,0.312127,0.589695,0.360273,0.417898,0.421499,1.074912,1.146289,1.912426,0.353290,0.326306,1.922375,0.384043,1.936636,1.957537,0.326911,0.294437,0.268981,0.380462,1.108953,1.502688,0.854062,1.968621,0.268180,0.456424,0.434121,0.421499,0.270008,0.336678,0.614333,0.325717,0.423516
1.891251,1.372335,0.660764,0.084978,0.270524,0.000000,0.134505,1.195129,0.938489,1.907920,0.264208,0.986415,0.794573,1.722831,0.142714,0.532506,1.109788,1.971665,0.229934,0.216059,0.184381,0.344714,0.167259,0.771827,0.191052,1.967804,0.432147,0.475700,1.945380,0.299067,1.493869,0.142714,0.227637,1.858993,0.223916,0.679946,0.967744,1.887602,0.153803,0.190479,0.524410,1.468579,0.346569,0.188706,0.196980,0.923118,0.480444,0.416433,0.235302,1.833474,1.672649,0.299067,0.480444,1.906059,0.301034,0.332682,1.910326,0.589983,0.281944,0.932376,0.222625,1.979048,0.580062,1.457350,0.242393,0.270894,0.202678,0.805863,1.843766,0.166759,0.432147,0.249901,0.266488,0.213118,0.928527,1.032951,1.863988,0.165222,0.187186,1.961629,0.311492,1.914488,1.982119,0.392908,0.195328,0.176037,0.194814,0.983626,1.574341,0.706420,1.963700,0.338585,0.233897,0.224187,0.213118,0.193353,0.272243,0.509343,0.174888,0.209581
1.894647,1.358520,0.634411,0.090462,0.298904,0.134505,0.000000,1.190923,0.931510,1.907821,0.271250,1.002795,0.774585,1.720928,0.140207,0.511887,1.126181,1.975485,0.209681,0.185777,0.161306,0.322375,0.158298,0.765092,0.169416,1.968488,0.399076,0.455961,1.941935,0.259166,1.502565,0.140207,0.192669,1.854907,0.193179,0.678013,0.953498,1.886843,0.234205,0.262220,0.494206,1.463451,0.328490,0.157095,0.153586,0.910594,0.450310,0.384511,0.252249,1.826750,1.668369,0.259166,0.450310,1.908209,0.287516,0.330753,1.905226,0.570143,0.266664,0.922965,0.185057,1.981269,0.555382,1.459922,0.195408,0.266420,0.214215,0.783015,1.832332,0.151509,0.399076,0.207318,0.266634,0.182790,0.910682,1.022334,1.857794,0.090013,0.227922,1.960883,0.305977,1.913293,1.986836,0.409268,0.179668,0.167664,0.169670,0.971221,1.576240,0.683155,1.965554,0.324661,0.208770,0.194381,0.182790,0.201379,0.226236,0.464264,0.152713,0.186023
1.232464,0.582305,0.806152,1.217553,1.339197,1.195129,1.190923,0.000000,0.459951,1.587769,1.157289,1.238190,1.132119,1.487853,1.176918,0.812397,1.175788,1.546803,1.280823,1.113453,1.146041,1.315783,1.199908,1.601482,1.221101,1.460324,0.944108,0.885894,1.456657,1.061325,1.805552,1.176918,1.219190,1.625166,1.101745,0.789188,0.379423,1.257211,1.283413,1.320262,0.887852,0.760392,1.376145,1.154012,1.177881,0.545512,0.877194,0.978442,1.126637,1.195166,1.141505,1.061325,0.877194,1.292771,1.253106,1.315739,1.291289,0.748548,1.273755,0.577798,1.176984,1.569643,0.812423,0.722797,1.191751,1.118119,1.279832,0.622759,1.286289,1.222608,0.944108,1.197593,1.197837,1.120978,0.487790,0.421871,1.327767,1.138895,1.245696,1.605811,1.227954,1.368088,1.592898,1.323464,1.223825,1.255362,1.147098,0.759459,1.330993,0.701629,1.457608,1.340352,1.096873,1.118998,1.120978,1.263804,1.229759,0.954761,1.216359,1.142164
1.449352,0.789320,0.670182,0.958727,1.087092,0.938489,0.931510,0.459951,0.000000,1.719982,0.911524,1.068622,1.041977,1.574977,0.914751,0.606318,1.048987,1.718194,1.011701,0.848491,0.882950,1.040991,0.935345,1.397262,0.959441,1.654917,0.731985,0.663829,1.628775,0.821881,1.777769,0.914751,0.955925,1.719423,0.837222,0.465666,0.430713,1.449536,1.039505,1.072635,0.698666,0.881349,1.148660,0.894383,0.922183,0.483304,0.670801,0.759203,0.875049,1.398630,1.267391,0.821881,0.670801,1.502236,0.993740,1.049699,1.508806,0.563424,1.009799,0.478308,0.919766,1.728515,0.623375,0.922956,0.918146,0.853538,1.014360,0.553001,1.483653,0.961277,0.731985,0.918874,0.944389,0.860538,0.506799,0.382587,1.511959,0.878856,0.998955,1.753943,0.959345,1.576650,1.754171,1.062965,0.955395,0.992904,0.880531,0.651281,1.383295,0.579019,1.650240,1.078153,0.838655,0.861897,0.860538,1.000599,0.955217,0.762019,0.957051,0.883287
0.831802,1.494656,1.835902,1.903274,1.851350,1.907920,1.907821,1.587769,1.719982,0.000000,1.926133,1.645229,1.753832,0.514823,1.895132,1.845546,1.631899,0.636612,1.895652,1.921128,1.925232,1.865344,1.923355,1.671375,1.904592,0.666933,1.890858,1.841747,0.777681,1.910005,1.110441,1.895132,1.896506,0.477304,1.921500,1.829091,1.750839,0.857223,1.901242,1.896934,1.874418,1.432021,1.856962,1.926581,1.918419,1.721270,1.884708,1.886171,1.918212,0.766310,1.225913,1.910005,1.884708,0.916979,1.909639,1.888293,0.712340,1.881552,1.916756,1.748316,1.917664,0.668328,1.831699,1.356772,1.908484,1.912320,1.898872,1.812822,0.809575,1.918482,1.890858,1.908223,1.921721,1.928008,1.746267,1.646807,0.897096,1.913350,1.918454,0.296363,1.900773,0.705999,0.555088,1.832929,1.901893,1.908522,1.916788,1.722482,1.013120,1.823605,0.721086,1.865807,1.933863,1.932744,1.928008,1.905873,1.900119,1.855933,1.921535,1.937206
1.876177,1.325279,0.648201,0.275890,0.437520,0.264208,0.271250,1.157289,0.911524,1.926133,0.000000,0.956187,0.808365,1.754814,0.301647,0.544317,1.054841,1.964241,0.320856,0.253482,0.236915,0.422386,0.251744,0.854768,0.284727,1.949766,0.422371,0.517662,1.931361,0.305754,1.547671,0.301647,0.310414,1.888446,0.256356,0.657907,0.908552,1.869602,0.309922,0.339968,0.509479,1.417553,0.471949,0.230603,0.258066,0.908754,0.459836,0.432947,0.204994,1.834540,1.644153,0.305754,0.459836,1.873005,0.228155,0.429504,1.903685,0.519906,0.312978,0.909986,0.294837,1.966182,0.583119,1.439495,0.279079,0.250925,0.310721,0.752038,1.838170,0.243705,0.422371,0.285486,0.166326,0.239129,0.891496,1.027755,1.830984,0.240418,0.220130,1.967385,0.301579,1.895672,1.978579,0.460543,0.289631,0.267226,0.257440,0.932960,1.595241,0.685628,1.939367,0.401444,0.240754,0.235872,0.239129,0.305535,0.310189,0.517972,0.251247,0.227474
1.648839,1.351771,1.253003,0.992522,1.036035,0.986415,1.002795,1.238190,1.068622,1.645229,0.956187,0.000000,1.429021,1.517261,1.022179,1.123741,0.293785,1.685089,0.958935,1.005879,1.010882,1.002826,1.003839,1.152254,1.023207,1.702065,1.126849,1.112442,1.619466,1.079432,1.540661,1.022179,1.047968,1.656745,1.003718,1.006837,1.216497,1.636528,1.005798,1.007852,1.168818,1.337025,1.101089,1.025182,1.038983,1.268697,1.122418,1.152621,0.969160,1.605941,1.589140,1.079432,1.122418,1.560524,0.961261,0.935156,1.715604,1.048029,0.960789,1.268661,1.018547,1.682512,1.082512,1.483365,1.038574,0.974634,0.993792,1.232757,1.613652,1.012246,1.126849,1.015076,0.964394,1.016478,1.286766,1.282536,1.577724,0.999083,0.991202,1.694388,0.997671,1.673861,1.692829,0.940733,1.004208,1.015272,1.008374,1.076427,1.530095,1.233681,1.675133,1.051996,1.017993,1.025010,1.016478,0.999955,1.029324,1.181539,1.016337,1.016475
1.731771,1.293860,0.495828,0.796135,0.784033,0.794573,0.774585,1.132119,1.041977,1.753832,0.808365,1.429021,0.000000,1.551672,0.712596,0.678771,1.493469,1.861053,0.874173,0.769790,0.785289,0.866787,0.810212,1.039619,0.763081,1.808138,0.579360,0.674435,1.873441,0.625376,1.377420,0.712596,0.717508,1.671258,0.772410,0.847386,0.899118,1.741607,0.793739,0.822980,0.544533,1.355008,0.752116,0.754846,0.721780,0.806595,0.622072,0.551686,0.757278,1.606748,1.477169,0.625376,0.622072,1.836934,0.882647,0.978556,1.652832,0.778347,0.923512,0.848857,0.780542,1.856469,0.716211,1.226883,0.742676,0.766459,0.817400,0.687136,1.690124,0.779645,0.579360,0.773715,0.849651,0.767011,0.745221,0.893597,1.791332,0.760125,0.833673,1.814994,0.799500,1.733885,1.850371,0.834885,0.787388,0.780444,0.776217,1.011929,1.277872,0.591817,1.816587,0.773477,0.776891,0.761933,0.767011,0.805157,0.758864,0.533545,0.781568,0.792739
1.087579,1.446408,1.651885,1.714309,1.647724,1.722831,1.720928,1.487853,1.574977,0.514823,1.754814,1.517261,1.551672,0.000000,1.698580,1.647729,1.564523,1.034769,1.715586,1.742701,1.749350,1.667740,1.749314,1.490345,1.714999,1.035270,1.699010,1.635021,1.122310,1.717762,0.965654,1.698580,1.697663,0.611828,1.744054,1.643707,1.619534,1.119363,1.718702,1.717817,1.685957,1.410583,1.659834,1.749501,1.735819,1.559277,1.696519,1.696174,1.739172,0.831898,1.318581,1.717762,1.696519,1.223778,1.739177,1.726588,0.935861,1.716282,1.756087,1.597376,1.746525,1.042933,1.636648,1.317428,1.720111,1.737838,1.711050,1.648920,0.951595,1.736556,1.699010,1.719133,1.753657,1.753603,1.590456,1.487496,1.197785,1.726021,1.749312,0.772890,1.726852,0.972661,0.960208,1.628729,1.711081,1.721967,1.736618,1.570556,0.888941,1.645310,1.065591,1.663838,1.766533,1.762098,1.753603,1.720962,1.706264,1.651528,1.743184,1.772550
1.887723,1.360864,0.597073,0.136179,0.252520,0.142714,0.140207,1.176918,0.914751,1.895132,0.301647,1.022179,0.712596,1.698580,0.000000,0.493699,1.144484,1.973084,0.272054,0.232398,0.208270,0.353055,0.213024,0.763868,0.207154,1.964284,0.374829,0.434159,1.949877,0.244690,1.485853,0.000000,0.197754,1.842258,0.239923,0.651792,0.939975,1.883206,0.212784,0.243558,0.461972,1.444513,0.327135,0.204047,0.182974,0.882361,0.433435,0.354688,0.245678,1.810772,1.659651,0.244690,0.433435,1.912299,0.342484,0.386708,1.889908,0.566607,0.341806,0.902114,0.238876,1.979124,0.537477,1.437454,0.220355,0.260472,0.242526,0.762864,1.837723,0.197348,0.374829,0.238300,0.316543,0.229935,0.886079,0.989555,1.863499,0.160585,0.261107,1.954542,0.299264,1.906155,1.982459,0.385605,0.215452,0.201659,0.217703,0.948378,1.523643,0.654249,1.960283,0.321399,0.253428,0.238061,0.229935,0.229528,0.251487,0.434650,0.201763,0.238598
1.725023,1.073732,0.333730,0.546632,0.684127,0.532506,0.511887,0.812397,0.606318,1.845546,0.544317,1.123741,0.678771,1.647729,0.493699,0.000000,1.193830,1.904827,0.636764,0.437324,0.462315,0.678259,0.523679,1.079120,0.532607,1.863898,0.266843,0.116773,1.856960,0.362654,1.617643,0.493699,0.527800,1.803334,0.428269,0.503422,0.577768,1.732747,0.642172,0.684437,0.293274,1.228236,0.709087,0.474612,0.490547,0.516174,0.209754,0.291790,0.512871,1.640735,1.517227,0.362654,0.209754,1.779045,0.646024,0.712907,1.736598,0.354598,0.662371,0.572659,0.526390,1.910408,0.325434,1.164675,0.524944,0.514740,0.612821,0.423744,1.677945,0.544135,0.266843,0.536507,0.581607,0.448077,0.508444,0.607199,1.755155,0.457841,0.609204,1.900175,0.620977,1.783936,1.920464,0.732053,0.541536,0.575702,0.464926,0.803537,1.461199,0.313497,1.855847,0.680046,0.436537,0.452510,0.448077,0.592647,0.567696,0.343679,0.536778,0.481377
1.530988,1.282285,1.290732,1.123945,1.192917,1.109788,1.126181,1.175788,1.048987,1.631899,1.054841,0.293785,1.493469,1.564523,1.144484,1.193830,0.000000,1.607969,1.101617,1.108255,1.119877,1.157043,1.121223,1.324286,1.152270,1.599415,1.196778,1.202332,1.528587,1.171423,1.638560,1.144484,1.179145,1.675373,1.103473,1.031989,1.179922,1.519036,1.133768,1.141826,1.222682,1.205840,1.249933,1.130695,1.145127,1.262913,1.183103,1.226386,1.062587,1.556365,1.466246,1.171423,1.183103,1.423221,1.081445,1.078210,1.635260,1.071958,1.088669,1.251394,1.115380,1.606452,1.139996,1.409158,1.152211,1.065096,1.133665,1.235587,1.569061,1.133498,1.196778,1.132653,1.072025,1.116568,1.277871,1.271312,1.446298,1.115380,1.109640,1.648886,1.108754,1.572273,1.627491,1.076239,1.137512,1.145410,1.119338,1.034175,1.534729,1.260985,1.581071,1.201213,1.107180,1.119309,1.116568,1.134188,1.153769,1.260240,1.134812,1.111454
0.596009,1.394328,1.876565,1.973905,1.961826,1.971665,1.975485,1.546803,1.718194,0.636612,1.964241,1.685089,1.861053,1.034769,1.973084,1.904827,1.607969,0.000000,1.967431,1.970853,1.973670,1.960483,1.976837,1.844183,1.979412,0.430252,1.939742,1.917732,0.379114,1.965830,1.397618,1.973084,1.979510,0.809262,1.969496,1.852924,1.716443,0.605179,1.969981,1.967472,1.918003,1.341469,1.969657,1.975966,1.978235,1.743892,1.925338,1.940800,1.966483,0.795973,1.090573,1.965830,1.925338,0.553632,1.961348,1.955306,0.595629,1.883072,1.957413,1.761119,1.971347,0.392338,1.891969,1.317541,1.972224,1.962667,1.977014,1.814324,0.754873,1.979877,1.939742,1.971855,1.961279,1.971565,1.747041,1.679965,0.720656,1.973666,1.964783,0.449009,1.966110,0.617318,0.304446,1.946778,1.976908,1.980541,1.973174,1.709732,1.247711,1.852014,0.434833,1.973428,1.967031,1.970776,1.971565,1.977983,1.973942,1.924507,1.979775,1.971314
1.916602,1.437924,0.770389,0.195921,0.285566,0.229934,0.209681,1.280823,1.011701,1.895652,0.320856,0.958935,0.874173,1.715586,0.272054,0.636764,1.101617,1.967431,0.000000,0.285489,0.274065,0.255493,0.229184,0.676932,0.213537,1.976682,0.550319,0.573935,1.944158,0.409672,1.458914,0.272054,0.257950,1.832759,0.295487,0.758218,1.069856,1.904586,0.277617,0.275530,0.639873,1.521022,0.325218,0.270671,0.283086,1.018600,0.597271,0.522046,0.361422,1.849151,1.704914,0.409672,0.597271,1.923452,0.233195,0.256720,1.928037,0.701017,0.170338,1.025215,0.291323,1.968345,0.684354,1.521249,0.247722,0.369742,0.189467,0.913252,1.848928,0.213149,0.550319,0.254053,0.253346,0.299941,1.033481,1.115369,1.883108,0.244957,0.246426,1.949821,0.345432,1.938743,1.975120,0.354663,0.193537,0.191957,0.252605,1.050865,1.583656,0.816161,1.961022,0.297756,0.329498,0.315185,0.299941,0.203678,0.249057,0.614079,0.224227,0.298672
1.865453,1.301887,0.567974,0.221324,0.417753,0.216059,0.185777,1.113453,0.848491,1.921128,0.253482,1.005879,0.769790,1.742701,0.232398,0.437324,1.108255,1.970853,0.285489,0.000000,0.144157,0.403476,0.168639,0.863338,0.161938,1.955150,0.340647,0.400866,1.931786,0.229426,1.558621,0.232398,0.228475,1.871844,0.020715,0.589374,0.868579,1.859126,0.332311,0.366865,0.430643,1.406358,0.432717,0.103104,0.189136,0.835544,0.375811,0.333171,0.241348,1.803863,1.625799,0.229426,0.375811,1.880254,0.312741,0.397136,1.884247,0.487718,0.314811,0.836530,0.219397,1.976231,0.499242,1.398689,0.236336,0.244852,0.260443,0.699875,1.821477,0.177941,0.340647,0.240800,0.265761,0.080513,0.831277,0.947157,1.838499,0.141456,0.287452,1.966732,0.324140,1.898782,1.985997,0.480279,0.175261,0.216719,0.056494,0.913564,1.584840,0.607084,1.945399,0.381715,0.113663,0.107205,0.080513,0.238502,0.274310,0.435122,0.175674,0.140860
1.878898,1.320698,0.603914,0.187493,0.384000,0.184381,0.161306,1.146041,0.882950,1.925232,0.236915,1.010882,0.785289,1.749350,0.208270,0.462315,1.119877,1.973670,0.274065,0.144157,0.000000,0.379509,0.085720,0.848182,0.177440,1.958466,0.361944,0.419377,1.931819,0.235066,1.543525,0.208270,0.195527,1.878080,0.151681,0.641084,0.900323,1.874787,0.287249,0.315874,0.462379,1.433111,0.412741,0.090672,0.162331,0.875391,0.399447,0.362650,0.239908,1.824182,1.653830,0.235066,0.399447,1.886144,0.291617,0.372820,1.902500,0.518397,0.280841,0.862919,0.216710,1.973497,0.519611,1.436032,0.219512,0.262404,0.238605,0.732958,1.828532,0.127104,0.361944,0.217359,0.247271,0.102796,0.864025,0.984561,1.841508,0.137233,0.234997,1.970675,0.322253,1.903007,1.988569,0.479226,0.186794,0.174738,0.134141,0.944144,1.602842,0.642685,1.951758,0.349610,0.111064,0.105785,0.102796,0.217227,0.259842,0.458733,0.116335,0.075809
1.913510,1.467149,0.818127,0.309993,0.313240,0.344714,0.322375,1.315783,1.040991,1.865344,0.422386,1.002826,0.866787,1.667740,0.353055,0.678259,1.157043,1.960483,0.255493,0.403476,0.379509,0.000000,0.337299,0.633752,0.315552,1.966608,0.605548,0.606793,1.939349,0.476215,1.397252,0.353055,0.327021,1.788829,0.413237,0.795086,1.118351,1.896197,0.366782,0.358539,0.691729,1.519130,0.338720,0.388082,0.366882,1.054480,0.652493,0.576099,0.460111,1.829063,1.694345,0.476215,0.652493,1.934828,0.346002,0.352104,1.913472,0.765476,0.314531,1.052080,0.383248,1.957348,0.745287,1.532332,0.285954,0.470813,0.277716,0.963888,1.837043,0.323275,0.605548,0.254752,0.378453,0.416026,1.080635,1.129014,1.896131,0.359263,0.363314,1.927128,0.406475,1.936816,1.955628,0.389522,0.299067,0.292300,0.370609,1.073308,1.542151,0.869016,1.957239,0.289315,0.446542,0.431058,0.416026,0.300341,0.221098,0.659191,0.333283,0.415236
1.896871,1.369340,0.661718,0.168925,0.345411,0.167259,0.158298,1.199908,0.935345,1.923355,0.251744,1.003839,0.810212,1.749314,0.213024,0.523679,1.121223,1.976837,0.229184,0.168639,0.085720,0.337299,0.000000,0.805293,0.144740,1.967601,0.423817,0.475010,1.937830,0.285469,1.517673,0.213024,0.175977,1.874104,0.180003,0.681891,0.963221,1.892055,0.255122,0.274628,0.521747,1.470668,0.367345,0.116462,0.166009,0.932761,0.466482,0.414307,0.258388,1.842598,1.675109,0.285469,0.466482,1.901098,0.269954,0.332183,1.918688,0.585412,0.240508,0.917613,0.210331,1.974790,0.577711,1.473829,0.216472,0.280283,0.180201,0.796881,1.847131,0.081063,0.423817,0.206358,0.242421,0.144993,0.926428,1.036464,1.855848,0.164435,0.211139,1.968819,0.310078,1.917734,1.988256,0.448600,0.149625,0.121039,0.138552,0.990894,1.612935,0.705447,1.957838,0.304258,0.167256,0.154322,0.144993,0.161290,0.242260,0.517357,0.068195,0.120192
1.901437,1.686002,1.175001,0.736057,0.566016,0.771827,0.765092,1.601482,1.397262,1.671375,0.854768,1.152254,1.039619,1.490345,0.763868,1.079120,1.324286,1.844183,0.676932,0.863338,0.848182,0.633752,0.805293,0.000000,0.744387,1.895134,1.022443,1.000010,1.886905,0.917647,1.086285,0.763868,0.738699,1.552716,0.874976,1.196164,1.472149,1.891585,0.714907,0.684829,1.089788,1.723070,0.572582,0.840818,0.818641,1.365614,1.072624,0.978681,0.877421,1.806028,1.785906,0.917647,1.072624,1.945266,0.757389,0.685046,1.859846,1.190081,0.768912,1.429917,0.832583,1.849466,1.151676,1.670374,0.781224,0.876528,0.690854,1.332667,1.790619,0.770191,1.022443,0.785062,0.812796,0.875500,1.415187,1.429338,1.901607,0.814179,0.774374,1.760026,0.771963,1.898060,1.815609,0.625316,0.732544,0.721059,0.825654,1.389532,1.401297,1.235430,1.891853,0.613157,0.910795,0.888940,0.875500,0.718175,0.743334,1.001179,0.784503,0.879348
1.903860,1.388745,0.655557,0.173453,0.300978,0.191052,0.169416,1.221101,0.959441,1.904592,0.284727,1.023207,0.763081,1.714999,0.207154,0.532607,1.152270,1.979412,0.213537,0.161938,0.177440,0.315552,0.144740,0.744387,0.000000,1.974438,0.429818,0.474661,1.952735,0.293603,1.473981,0.207154,0.144243,1.839163,0.179939,0.685752,0.987162,1.897845,0.260595,0.281413,0.522957,1.490792,0.313418,0.137088,0.193885,0.931591,0.480233,0.410853,0.286677,1.826378,1.675201,0.293603,0.480233,1.923190,0.287181,0.344716,1.907594,0.615425,0.285215,0.938429,0.244884,1.980668,0.599752,1.464712,0.216730,0.302257,0.153749,0.808867,1.841282,0.110796,0.429818,0.217690,0.271732,0.169259,0.936308,1.040653,1.879698,0.181650,0.251623,1.959002,0.312199,1.925917,1.985230,0.411283,0.069170,0.108393,0.115236,1.007796,1.573240,0.709826,1.961481,0.257766,0.219772,0.191631,0.169259,0.141556,0.221696,0.492100,0.124089,0.203262
0.494750,1.308330,1.820441,1.973590,1.976618,1.967804,1.968488,1.460324,1.654917,0.666933,1.949766,1.702065,1.808138,1.035270,1.964284,1.863898,1.599415,0.430252,1.976682,1.955150,1.958466,1.966608,1.967601,1.895134,1.974438,0.000000,1.899000,1.887231,0.485382,1.938458,1.431122,1.964284,1.970161,0.852885,1.952911,1.808138,1.632174,0.527194,1.969965,1.973539,1.869266,1.180266,1.978141,1.960287,1.961990,1.675040,1.880250,1.908787,1.943947,0.725347,0.966605,1.938458,1.880250,0.441539,1.964328,1.966636,0.513812,1.829000,1.969938,1.665046,1.953619,0.425403,1.831297,1.220381,1.960014,1.940620,1.977738,1.740721,0.686959,1.971130,1.899000,1.958427,1.959259,1.954441,1.667827,1.609162,0.573658,1.961461,1.967607,0.515530,1.953405,0.404446,0.418107,1.940679,1.974185,1.975848,1.961633,1.616202,1.211820,1.791524,0.421764,1.972327,1.945854,1.951215,1.954441,1.977765,1.963313,1.881252,1.969775,1.953070
1.784146,1.158205,0.275054,0.444243,0.589695,0.432147,0.399076,0.944108,0.731985,1.890858,0.422371,1.126849,0.579360,1.699010,0.374829,0.266843,1.196778,1.939742,0.550319,0.340647,0.361944,0.605548,0.423817,1.022443,0.429818,1.899000,0.000000,0.291413,1.896650,0.172974,1.590685,0.374829,0.411232,1.851943,0.334441,0.523267,0.654125,1.785800,0.512911,0.558524,0.117686,1.275217,0.601786,0.350671,0.343030,0.629641,0.096114,0.155179,0.358874,1.714865,1.527724,0.172974,0.096114,1.826145,0.545005,0.659787,1.791074,0.331923,0.568418,0.644218,0.399018,1.941850,0.317783,1.254180,0.404125,0.369896,0.515815,0.432581,1.755388,0.428077,0.000000,0.419886,0.482745,0.331198,0.580602,0.757691,1.780521,0.347824,0.493024,1.940216,0.491187,1.814574,1.958216,0.631834,0.452325,0.462865,0.372988,0.793543,1.496690,0.329235,1.897034,0.565177,0.321766,0.325785,0.331198,0.492968,0.448319,0.253379,0.421929,0.361765
1.755896,1.139301,0.394224,0.484267,0.604640,0.475700,0.455961,0.885894,0.663829,1.841747,0.517662,1.112442,0.674435,1.635021,0.434159,0.116773,1.202332,1.917732,0.573935,0.400866,0.419377,0.606793,0.475010,1.000010,0.474661,1.887231,0.291413,0.000000,1.879595,0.343681,1.575236,0.434159,0.470535,1.788725,0.394403,0.538190,0.672683,1.760218,0.586376,0.625389,0.340060,1.287255,0.639586,0.435118,0.448238,0.579677,0.264362,0.283370,0.493557,1.661769,1.552632,0.343681,0.264362,1.814759,0.602006,0.649580,1.761502,0.424334,0.615799,0.651103,0.487668,1.926498,0.362901,1.210122,0.474797,0.496772,0.549471,0.521960,1.694896,0.492672,0.291413,0.487595,0.543587,0.415942,0.597413,0.664684,1.791122,0.410871,0.560277,1.903246,0.584770,1.815361,1.928923,0.671423,0.480712,0.517177,0.418979,0.852534,1.452855,0.394605,1.880894,0.616745,0.412139,0.424618,0.415942,0.531784,0.514556,0.348225,0.487445,0.450195
0.600142,1.284161,1.835418,1.947943,1.962580,1.945380,1.941935,1.456657,1.628775,0.777681,1.931361,1.619466,1.873441,1.122310,1.949877,1.856960,1.528587,0.379114,1.944158,1.931786,1.931819,1.939349,1.937830,1.886905,1.952735,0.485382,1.896650,1.879595,0.000000,1.926930,1.505744,1.949877,1.951897,0.933856,1.929059,1.798059,1.631546,0.611227,1.955966,1.955058,1.873802,1.267471,1.965132,1.938471,1.943013,1.696879,1.876283,1.904811,1.928282,0.805699,1.084070,1.926930,1.876283,0.420691,1.931825,1.926196,0.644486,1.817285,1.923447,1.684156,1.932573,0.464653,1.829792,1.308935,1.943045,1.919742,1.954293,1.749348,0.756727,1.947571,1.896650,1.938140,1.931381,1.929676,1.680715,1.621444,0.611933,1.935945,1.941952,0.596609,1.936029,0.599480,0.484737,1.952079,1.951486,1.954286,1.937822,1.659187,1.382255,1.801037,0.514300,1.958547,1.922078,1.928470,1.929676,1.951712,1.945815,1.890383,1.945073,1.927669
1.843526,1.254334,0.419076,0.305808,0.459415,0.299067,0.259166,1.061325,0.821881,1.910005,0.305754,1.079432,0.625376,1.717762,0.244690,0.362654,1.171423,1.965830,0.409672,0.229426,0.235066,0.476215,0.285469,0.917647,0.293603,1.938458,0.172974,0.343681,1.926930,0.000000,1.552970,0.244690,0.277610,1.864458,0.228184,0.570216,0.785752,1.840216,0.378850,0.420203,0.267768,1.360133,0.470684,0.220422,0.184361,0.753774,0.245886,0.192670,0.255421,1.774027,1.591813,0.000000,0.245886,1.870915,0.413141,0.525821,1.849997,0.421781,0.432302,0.764246,0.266976,1.963526,0.404513,1.349769,0.279879,0.281997,0.369855,0.581950,1.800191,0.284473,0.172974,0.289125,0.356803,0.214707,0.722955,0.875686,1.824047,0.217368,0.357804,1.959276,0.383878,1.865923,1.978297,0.529408,0.316168,0.316661,0.250982,0.860624,1.533277,0.478796,1.932183,0.432682,0.218021,0.212014,0.214707,0.348635,0.322109,0.315372,0.280700,0.240637
1.534099,1.798458,1.621845,1.476318,1.348605,1.493869,1.502565,1.805552,1.777769,1.110441,1.547671,1.540661,1.377420,0.965654,1.485853,1.617643,1.638560,1.397618,1.458914,1.558621,1.543525,1.397252,1.517673,1.086285,1.473981,1.431122,1.590685,1.575236,1.505744,1.552970,0.000000,1.485853,1.455451,0.958750,1.566204,1.670143,1.789790,1.542600,1.432205,1.417480,1.611912,1.743836,1.331638,1.535733,1.515590,1.678529,1.621020,1.566824,1.547444,1.383035,1.558096,1.552970,1.621020,1.641416,1.495052,1.479075,1.416010,1.709267,1.507805,1.705260,1.535264,1.351900,1.623046,1.674688,1.488141,1.566999,1.443463,1.710981,1.400841,1.486615,1.590685,1.495794,1.529317,1.561305,1.728154,1.704436,1.641302,1.534120,1.490909,1.241547,1.501736,1.400980,1.305476,1.345681,1.474151,1.456833,1.537522,1.692039,1.201042,1.667041,1.445032,1.367369,1.583302,1.566360,1.561305,1.455951,1.460138,1.554143,1.494647,1.565306
1.887723,1.360864,0.597073,0.136179,0.252520,0.142714,0.140207,1.176918,0.914751,1.895132,0.301647,1.022179,0.712596,1.698580,0.000000,0.493699,1.144484,1.973084,0.272054,0.232398,0.208270,0.353055,0.213024,0.763868,0.207154,1.964284,0.374829,0.434159,1.949877,0.244690,1.485853,0.000000,0.197754,1.842258,0.239923,0.651792,0.939975,1.883206,0.212784,0.243558,0.461972,1.444513,0.327135,0.204047,0.182974,0.882361,0.433435,0.354688,0.245678,1.810772,1.659651,0.244690,0.433435,1.912299,0.342484,0.386708,1.889908,0.566607,0.341806,0.902114,0.238876,1.979124,0.537477,1.437454,0.220355,0.260472,0.242526,0.762864,1.837723,0.197348,0.374829,0.238300,0.316543,0.229935,0.886079,0.989555,1.863499,0.160585,0.261107,1.954542,0.299264,1.906155,1.982459,0.385605,0.215452,0.201659,0.217703,0.948378,1.523643,0.654249,1.960283,0.321399,0.253428,0.238061,0.229935,0.229528,0.251487,0.434650,0.201763,0.238598
1.901169,1.381288,0.631972,0.202966,0.291925,0.227637,0.192669,1.219190,0.955925,1.896506,0.310414,1.047968,0.717508,1.697663,0.197754,0.527800,1.179145,1.979510,0.257950,0.228475,0.195527,0.327021,0.175977,0.738699,0.144243,1.970161,0.411232,0.470535,1.951897,0.277610,1.455451,0.197754,0.000000,1.830700,0.241665,0.681187,0.978965,1.896790,0.273257,0.290755,0.501932,1.481503,0.301056,0.179810,0.204406,0.923824,0.467195,0.395325,0.298357,1.816023,1.671613,0.277610,0.467195,1.927436,0.315936,0.377323,1.899761,0.614791,0.317436,0.917981,0.277767,1.971250,0.587559,1.459557,0.210681,0.312380,0.188234,0.790882,1.835810,0.136663,0.411232,0.220947,0.310407,0.219434,0.920348,1.029249,1.881284,0.198630,0.281933,1.956794,0.313789,1.918080,1.984470,0.406678,0.148157,0.124632,0.201106,0.997076,1.549581,0.691109,1.956968,0.202333,0.257893,0.230002,0.219434,0.183317,0.222079,0.465975,0.146426,0.234849
0.968312,1.546014,1.798648,1.848952,1.777380,1.858993,1.854907,1.625166,1.719423,0.477304,1.888446,1.656745,1.671258,0.611828,1.842258,1.803334,1.675373,0.809262,1.832759,1.871844,1.878080,1.788829,1.874104,1.552716,1.839163,0.852885,1.851943,1.788725,0.933856,1.864458,0.958750,1.842258,1.830700,0.000000,1.874489,1.787906,1.763971,0.984246,1.847524,1.843789,1.840914,1.491908,1.780514,1.873888,1.872480,1.698418,1.850682,1.839199,1.884103,0.763024,1.286226,1.864458,1.850682,1.105622,1.864313,1.828402,0.766267,1.866465,1.872311,1.743115,1.877572,0.788517,1.820594,1.386196,1.847884,1.883045,1.834729,1.800609,0.802095,1.861169,1.851943,1.851590,1.878727,1.880032,1.738088,1.629134,1.195270,1.863243,1.876198,0.592635,1.860742,0.954961,0.666557,1.767941,1.837016,1.846697,1.863562,1.734383,0.942740,1.796740,0.870991,1.792913,1.891490,1.885945,1.880032,1.841546,1.833458,1.794614,1.865955,1.894151
1.861102,1.293890,0.560782,0.230383,0.430270,0.223916,0.193179,1.101745,0.837222,1.921500,0.256356,1.003718,0.772410,1.744054,0.239923,0.428269,1.103473,1.969496,0.295487,0.020715,0.151681,0.413237,0.180003,0.874976,0.179939,1.952911,0.334441,0.394403,1.929059,0.228184,1.566204,0.239923,0.241665,1.874489,0.000000,0.581348,0.856571,1.854517,0.342933,0.377973,0.423572,1.398112,0.444247,0.116143,0.195919,0.825818,0.366975,0.328584,0.242754,1.801193,1.621037,0.228184,0.366975,1.875482,0.318770,0.402845,1.881650,0.475358,0.320914,0.826041,0.222954,1.974973,0.489691,1.392534,0.244199,0.243594,0.274599,0.689597,1.818965,0.192340,0.334441,0.249756,0.270508,0.088529,0.821055,0.937320,1.833506,0.144277,0.295351,1.966428,0.327827,1.895188,1.985355,0.489295,0.191738,0.231919,0.074698,0.905819,1.585678,0.597588,1.943166,0.395651,0.113953,0.112856,0.088529,0.252357,0.284306,0.432608,0.188918,0.146075
1.642831,1.057056,0.537764,0.702695,0.825129,0.679946,0.678013,0.789188,0.465666,1.829091,0.657907,1.006837,0.847386,1.643707,0.651792,0.503422,1.031989,1.852924,0.758218,0.589374,0.641084,0.795086,0.681891,1.196164,0.685752,1.808138,0.523267,0.538190,1.798059,0.570216,1.670143,0.651792,0.681187,1.787906,0.581348,0.000000,0.598794,1.639596,0.765580,0.802525,0.510607,1.065935,0.881385,0.631341,0.657901,0.563109,0.495180,0.547284,0.602758,1.560555,1.374538,0.570216,0.495180,1.699497,0.747268,0.827519,1.668168,0.437164,0.772625,0.543793,0.662806,1.849887,0.534521,1.100565,0.646985,0.591771,0.739730,0.530179,1.652364,0.693656,0.523267,0.652539,0.694934,0.604822,0.603639,0.620155,1.704124,0.627609,0.747807,1.873920,0.692743,1.739555,1.873329,0.776912,0.685446,0.721873,0.621033,0.647776,1.413101,0.513262,1.783162,0.808236,0.593988,0.606733,0.604822,0.724286,0.679771,0.559216,0.693531,0.637620
1.445950,0.694638,0.517035,0.989823,1.135539,0.967744,0.953498,0.379423,0.430713,1.750839,0.908552,1.216497,0.899118,1.619534,0.939975,0.577768,1.179922,1.716443,1.069856,0.868579,0.900323,1.118351,0.963221,1.472149,0.987162,1.632174,0.654125,0.672683,1.631546,0.785752,1.789790,0.939975,0.978965,1.763971,0.856571,0.598794,0.000000,1.460130,1.054308,1.095620,0.590016,0.878017,1.159178,0.900998,0.924950,0.412347,0.585478,0.711171,0.873465,1.404180,1.242400,0.785752,0.585478,1.489263,1.024793,1.128303,1.484212,0.453139,1.055150,0.402807,0.937867,1.728048,0.570873,0.873910,0.949101,0.867919,1.059540,0.282270,1.470639,0.981642,0.654125,0.958340,0.961967,0.867273,0.218532,0.434787,1.483236,0.893867,1.011369,1.769359,0.992625,1.532332,1.757255,1.131993,0.997943,1.021147,0.908735,0.642980,1.420653,0.409455,1.632891,1.118794,0.839998,0.860103,0.867273,1.038310,0.993634,0.680578,0.973882,0.888101
0.266926,1.146454,1.687015,1.895781,1.921276,1.887602,1.886843,1.257211,1.449536,0.857223,1.869602,1.636528,1.741607,1.119363,1.883206,1.732747,1.519036,0.605179,1.904586,1.859126,1.874787,1.896197,1.892055,1.891585,1.897845,0.527194,1.785800,1.760218,0.611227,1.840216,1.542600,1.883206,1.896790,0.984246,1.854517,1.639596,1.460130,0.000000,1.908466,1.919907,1.747878,0.997861,1.937271,1.873809,1.878401,1.473986,1.758133,1.791369,1.858309,0.677907,0.630341,1.840216,1.758133,0.512581,1.893257,1.907840,0.510073,1.692813,1.899371,1.491048,1.864176,0.672513,1.704367,1.015313,1.874786,1.853659,1.915923,1.592176,0.726573,1.898425,1.785800,1.875395,1.880855,1.862190,1.507177,1.406641,0.674545,1.875138,1.901529,0.751746,1.885343,0.560294,0.657668,1.877073,1.898369,1.908586,1.871421,1.466450,1.163148,1.646022,0.608052,1.921945,1.849679,1.858943,1.862190,1.910769,1.882242,1.775355,1.896422,1.866205
1.911829,1.439137,0.734108,0.179903,0.223081,0.153803,0.234205,1.283413,1.039505,1.901242,0.309922,1.005798,0.793739,1.718702,0.212784,0.642172,1.133768,1.969981,0.277617,0.332311,0.287249,0.366782,0.255122,0.714907,0.260595,1.969965,0.512911,0.586376,1.955966,0.378850,1.432205,0.212784,0.273257,1.847524,0.342933,0.765580,1.054308,1.908466,0.000000,0.077237,0.600347,1.513562,0.311921,0.281912,0.272523,1.007274,0.571272,0.502622,0.277266,1.857673,1.691859,0.378850,0.571272,1.926449,0.333866,0.373295,1.925046,0.682794,0.329734,1.011790,0.306720,1.974118,0.672655,1.510966,0.302761,0.327030,0.234237,0.884097,1.866099,0.229397,0.512911,0.310885,0.319939,0.316923,1.011912,1.125718,1.879981,0.277895,0.200419,1.957004,0.323009,1.919640,1.975986,0.356131,0.270121,0.214678,0.307201,1.043773,1.563528,0.792476,1.967455,0.314187,0.340158,0.320897,0.316923,0.235804,0.313439,0.576078,0.241834,0.303618
1.924538,1.468310,0.778602,0.201410,0.200964,0.190479,0.262220,1.320262,1.072635,1.896934,0.339968,1.007852,0.822980,1.717817,0.243558,0.684437,1.141826,1.967472,0.275530,0.366865,0.315874,0.358539,0.274628,0.684829,0.281413,1.973539,0.558524,0.625389,1.955058,0.420203,1.417480,0.243558,0.290755,1.843789,0.377973,0.802525,1.095620,1.919907,0.077237,0.000000,0.645654,1.542137,0.298098,0.315977,0.302951,1.048829,0.617111,0.544335,0.326439,1.869187,1.714137,0.420203,0.617111,1.932842,0.334470,0.346401,1.934956,0.728913,0.325694,1.053135,0.341624,1.971653,0.713373,1.540201,0.323670,0.362784,0.230874,0.929008,1.874904,0.250216,0.558524,0.330891,0.335178,0.352928,1.053699,1.162642,1.885348,0.309163,0.202366,1.952104,0.329130,1.927853,1.972064,0.361124,0.284925,0.226233,0.337144,1.078958,1.575696,0.836406,1.970611,0.304362,0.377760,0.358349,0.352928,0.238523,0.329568,0.618122,0.263564,0.335587
1.744866,1.107487,0.178239,0.538729,0.672868,0.524410,0.494206,0.887852,0.698666,1.874418,0.509479,1.168818,0.544533,1.685957,0.461972,0.293274,1.222682,1.918003,0.639873,0.430643,0.462379,0.691729,0.521747,1.089788,0.522957,1.869266,0.117686,0.340060,1.873802,0.267768,1.611912,0.461972,0.501932,1.840914,0.423572,0.510607,0.590016,1.747878,0.600347,0.645654,0.000000,1.218736,0.681561,0.445703,0.435413,0.571904,0.139657,0.193285,0.439914,1.674236,1.478195,0.267768,0.139657,1.794728,0.632402,0.748318,1.747201,0.327278,0.656579,0.588766,0.479990,1.922340,0.305052,1.194488,0.491613,0.445340,0.608898,0.356095,1.730685,0.523975,0.117686,0.508681,0.571482,0.424837,0.500887,0.699945,1.749294,0.443724,0.586926,1.921168,0.572228,1.778627,1.938787,0.702781,0.545511,0.557718,0.465012,0.746498,1.465366,0.244134,1.869708,0.651074,0.412842,0.418029,0.424837,0.586799,0.534458,0.266086,0.518557,0.456068
0.992334,0.805700,1.168926,1.489154,1.568464,1.468579,1.463451,0.760392,0.881349,1.432021,1.417553,1.337025,1.355008,1.410583,1.444513,1.228236,1.205840,1.341469,1.521022,1.406358,1.433111,1.519130,1.470668,1.723070,1.490792,1.180266,1.275217,1.287255,1.267471,1.360133,1.743836,1.444513,1.481503,1.491908,1.398112,1.065935,0.878017,0.997861,1.513562,1.542137,1.218736,0.000000,1.597079,1.433141,1.438091,0.973707,1.234734,1.303706,1.387301,1.055838,0.836123,1.360133,1.234734,1.060817,1.487494,1.556344,1.080340,1.118179,1.510662,0.923098,1.423154,1.334856,1.178181,0.820681,1.431669,1.383533,1.525350,1.025157,1.194766,1.481704,1.275217,1.427807,1.457322,1.412241,0.972107,0.905636,1.116772,1.428050,1.505708,1.429143,1.454552,1.114851,1.380389,1.478695,1.488585,1.505363,1.434915,0.739078,1.131064,1.113708,1.224965,1.550492,1.389182,1.404445,1.412241,1.518409,1.448858,1.280277,1.477961,1.418059
1.945358,1.514241,0.797620,0.308063,0.228977,0.346569,0.328490,1.376145,1.148660,1.856962,0.471949,1.101089,0.752116,1.659834,0.327135,0.709087,1.249933,1.969657,0.325218,0.432717,0.412741,0.338720,0.367345,0.572582,0.313418,1.978141,0.601786,0.639586,1.965132,0.470684,1.331638,0.327135,0.301056,1.780514,0.444247,0.881385,1.159178,1.937271,0.311921,0.298098,0.681561,1.597079,0.000000,0.399420,0.369741,1.083920,0.665023,0.572031,0.471790,1.848706,1.740444,0.470684,0.665023,1.967399,0.417306,0.398370,1.919834,0.815199,0.410062,1.102696,0.422713,1.964443,0.767808,1.569966,0.373134,0.483805,0.292244,0.973268,1.858036,0.330690,0.601786,0.382708,0.447971,0.436520,1.090775,1.185295,1.914556,0.373418,0.380194,1.922782,0.412739,1.935614,1.958868,0.408819,0.320947,0.289585,0.399206,1.152584,1.533967,0.868268,1.966252,0.260794,0.474723,0.448656,0.436520,0.305768,0.349059,0.614470,0.339471,0.442316
1.879686,1.326065,0.586581,0.190335,0.381663,0.188706,0.157095,1.154012,0.894383,1.926581,0.230603,1.025182,0.754846,1.749501,0.204047,0.474612,1.130695,1.975966,0.270671,0.103104,0.090672,0.388082,0.116462,0.840818,0.137088,1.960287,0.350671,0.435118,1.938471,0.220422,1.535733,0.204047,0.179810,1.873888,0.116143,0.631341,0.900998,1.873809,0.281912,0.315977,0.445703,1.433141,0.399420,0.000000,0.150733,0.870412,0.396145,0.349219,0.222147,1.820985,1.638230,0.220422,0.396145,1.892728,0.290714,0.391896,1.896800,0.516335,0.294027,0.864615,0.202442,1.977699,0.525531,1.426241,0.207328,0.245723,0.234064,0.723831,1.832120,0.111556,0.350671,0.216667,0.247978,0.056873,0.859671,0.989469,1.847545,0.133501,0.242436,1.972037,0.314002,1.904145,1.990485,0.464118,0.164136,0.161251,0.093954,0.939216,1.591866,0.633617,1.952479,0.339518,0.093206,0.062306,0.056873,0.209833,0.247070,0.438262,0.107872,0.082681
