0.000000,1.109047,1.691464,1.904739,1.926831,1.894310,1.898470,1.222231,1.435863,0.814576,1.880381,1.646270,1.740274,1.074603,1.887915,1.727247,1.525646,0.587375,1.916549,1.864743,1.881221,1.912059,1.897906,1.898896,1.903082,0.503614,1.795000,1.757018,0.591275,1.852689,1.523475,1.887915,1.896581,0.915845,1.860563,1.629179,1.441113,0.265004,1.916166,1.928929,1.758098,1.028468,1.948416,1.879878,1.893689,1.459273,1.764650,1.803583,1.861466,0.604855,0.699842,1.852689,1.764650,0.471918,1.904904,1.931684,0.399290,1.690166,1.913257,1.497168,1.879805,0.636429,1.707265,0.962827,1.879004,1.857511,1.923932,1.589384,0.713951,1.905092,1.795000,1.880520,1.889862,1.868072,1.493159,1.385423,0.668742,1.885952,1.911996,0.711609,1.896252,0.495614,0.640620,1.881321,1.903865,1.915748,1.876372,1.488048,1.142249,1.648572,0.538094,1.926797,1.856064,1.864935,1.868072,1.919507,1.889903,1.794119,1.902297,1.874140
1.109047,0.000000,1.090973,1.395974,1.513732,1.386595,1.368839,0.548578,0.750275,1.484094,1.341655,1.295790,1.355790,1.463240,1.375844,1.098324,1.211870,1.373602,1.437408,1.302978,1.327259,1.469945,1.369068,1.703739,1.390940,1.283983,1.198463,1.165327,1.233086,1.291209,1.843574,1.375844,1.378551,1.526568,1.295214,1.037078,0.695945,1.103779,1.464858,1.491437,1.152342,0.813150,1.542517,1.327968,1.377440,0.848425,1.138972,1.241220,1.312726,1.124527,1.093539,1.291209,1.138972,1.096280,1.413267,1.472145,1.179654,0.989172,1.423423,0.918829,1.363303,1.415443,1.076263,0.711722,1.368114,1.292026,1.447499,0.899598,1.129044,1.390295,1.198463,1.366173,1.383925,1.299884,0.806690,0.824048,1.140328,1.329498,1.433639,1.460979,1.380463,1.223910,1.450066,1.490650,1.391985,1.421768,1.328790,0.941665,1.456590,1.001757,1.298684,1.481797,1.278768,1.295518,1.299884,1.436275,1.392532,1.194812,1.383511,1.314662
1.691464,1.090973,0.000000,0.641989,0.767372,0.634929,0.604881,0.838472,0.683584,1.844143,0.623146,1.203391,0.495404,1.666587,0.571043,0.324621,1.248821,1.885508,0.744447,0.540482,0.573388,0.785919,0.626636,1.158080,0.621517,1.822077,0.272562,0.383291,1.836441,0.413631,1.625066,0.571043,0.587200,1.800465,0.534226,0.502416,0.545779,1.685400,0.713419,0.760078,0.181742,1.179110,0.784460,0.551446,0.564653,0.499609,0.256750,0.292624,0.542149,1.609478,1.430397,0.413631,0.256750,1.768043,0.744879,0.839498,1.688200,0.394702,0.770225,0.515293,0.587584,1.895065,0.333435,1.157851,0.582302,0.536574,0.724017,0.292094,1.678499,0.626918,0.272562,0.618979,0.692500,0.537678,0.399135,0.613388,1.732122,0.563300,0.715094,1.885294,0.663009,1.741032,1.909278,0.772769,0.646313,0.661089,0.571061,0.750262,1.408063,0.136889,1.829402,0.731678,0.524959,0.528879,0.537678,0.696792,0.633537,0.339878,0.618213,0.567066
1.904739,1.395974,0.641989,0.000000,0.257352,0.082213,0.089480,1.213704,0.965263,1.904314,0.274689,0.976294,0.765624,1.723261,0.134802,0.522425,1.114121,1.974329,0.203659,0.222814,0.183782,0.311316,0.166576,0.745919,0.170364,1.965391,0.412964,0.463350,1.946424,0.283500,1.502970,0.134802,0.205063,1.860444,0.231698,0.717398,0.983943,1.893539,0.184688,0.205816,0.502037,1.455990,0.307420,0.189793,0.191763,0.940158,0.466004,0.395616,0.266427,1.826412,1.704379,0.283500,0.466004,1.917819,0.288045,0.297034,1.913329,0.604650,0.271356,0.932778,0.225338,1.979547,0.580287,1.496261,0.230462,0.297961,0.201797,0.801455,1.842205,0.155300,0.412964,0.247762,0.276708,0.220060,0.927503,1.036449,1.872891,0.139992,0.208152,1.958013,0.317071,1.925379,1.982883,0.385167,0.177302,0.156845,0.198291,0.964918,1.546149,0.691643,1.963655,0.300478,0.247161,0.232547,0.220060,0.186012,0.251239,0.470742,0.163259,0.216880
1.926831,1.513732,0.767372,0.257352,0.000000,0.273061,0.312272,1.340475,1.101524,1.848862,0.439018,1.037752,0.751425,1.650127,0.257757,0.668219,1.203205,1.963080,0.298658,0.429508,0.390614,0.316592,0.355977,0.570355,0.313186,1.972401,0.571095,0.587959,1.962534,0.442336,1.366906,0.257757,0.308654,1.785947,0.441396,0.851737,1.136670,1.921815,0.216566,0.191996,0.649245,1.544726,0.230366,0.396069,0.350033,1.051330,0.634212,0.532745,0.437661,1.829558,1.748841,0.442336,0.634212,1.959751,0.411959,0.343424,1.913250,0.787533,0.405385,1.068305,0.401475,1.963243,0.731382,1.548261,0.363771,0.465678,0.264546,0.953137,1.853449,0.322367,0.571095,0.375760,0.423638,0.435708,1.062782,1.136447,1.913602,0.361426,0.325940,1.920062,0.408870,1.940766,1.954379,0.348910,0.305776,0.276633,0.393657,1.086186,1.464212,0.833498,1.966233,0.267792,0.469808,0.448550,0.435708,0.277443,0.350455,0.581608,0.337073,0.435465
1.894310,1.386595,0.634929,0.082213,0.273061,0.000000,0.134519,1.197415,0.951301,1.905021,0.266926,0.977196,0.765606,1.727182,0.148730,0.511925,1.109479,1.972524,0.218345,0.219116,0.184758,0.333287,0.164884,0.765017,0.181492,1.960878,0.409365,0.455084,1.944847,0.286098,1.512713,0.148730,0.220624,1.863838,0.227283,0.704813,0.970219,1.886220,0.158232,0.194396,0.497638,1.442163,0.340302,0.190350,0.200916,0.925742,0.459431,0.393756,0.243798,1.825107,1.693403,0.286098,0.459431,1.911295,0.299570,0.324022,1.909196,0.593449,0.280745,0.916991,0.228163,1.977111,0.573181,1.477203,0.239098,0.287334,0.210151,0.790659,1.842476,0.160465,0.409365,0.255069,0.274897,0.218174,0.915270,1.021654,1.868131,0.166281,0.197314,1.958214,0.321242,1.920760,1.981108,0.386418,0.189678,0.167037,0.195848,0.960715,1.541789,0.681811,1.959119,0.316854,0.240156,0.229483,0.218174,0.195011,0.266279,0.478961,0.168086,0.213835
1.898470,1.368839,0.604881,0.089480,0.312272,0.134519,0.000000,1.189312,0.940943,1.910056,0.268957,0.978920,0.748854,1.731365,0.142605,0.497180,1.107884,1.974316,0.224583,0.191681,0.163085,0.332518,0.159088,0.782399,0.169893,1.960390,0.372939,0.448199,1.938553,0.243142,1.530743,0.142605,0.201030,1.869057,0.199077,0.689732,0.948701,1.885122,0.237597,0.263721,0.461121,1.429506,0.329183,0.158653,0.155977,0.916021,0.426078,0.359761,0.243464,1.821008,1.688142,0.243142,0.426078,1.908628,0.298285,0.322492,1.906804,0.565412,0.274860,0.901523,0.180772,1.980874,0.546365,1.482210,0.217594,0.265452,0.228979,0.760988,1.836052,0.152228,0.372939,0.235581,0.282029,0.183841,0.892582,1.014619,1.858268,0.087778,0.238203,1.959829,0.309028,1.918102,1.986696,0.409331,0.185170,0.170906,0.176290,0.935562,1.548923,0.654405,1.960426,0.319884,0.210310,0.195104,0.183841,0.208010,0.243595,0.435206,0.153764,0.185320
1.222231,0.548578,0.838472,1.213704,1.340475,1.197415,1.189312,0.000000,0.440400,1.575726,1.158327,1.183385,1.160179,1.485783,1.179217,0.825271,1.116125,1.534860,1.268727,1.105961,1.144137,1.301546,1.192002,1.596588,1.210657,1.448949,0.971550,0.898946,1.436158,1.087270,1.813473,1.179217,1.199702,1.597174,1.094995,0.771696,0.375801,1.229759,1.292156,1.328482,0.922116,0.775876,1.385367,1.144287,1.196993,0.544987,0.899784,1.011429,1.118011,1.183592,1.133055,1.087270,0.899784,1.289708,1.243441,1.327194,1.286551,0.744727,1.266691,0.626315,1.187168,1.569137,0.816524,0.733924,1.169101,1.102506,1.279646,0.639370,1.270294,1.212948,0.971550,1.181518,1.199689,1.113733,0.505074,0.441706,1.319929,1.141977,1.257123,1.586627,1.211190,1.363206,1.592749,1.302095,1.214082,1.248008,1.137604,0.783467,1.348095,0.729596,1.437314,1.319988,1.089028,1.110087,1.113733,1.263217,1.210011,1.000931,1.204035,1.135150
1.435863,0.750275,0.683584,0.965263,1.101524,0.951301,0.940943,0.440400,0.000000,1.710437,0.924339,1.014118,1.050269,1.577592,0.927566,0.612873,0.988092,1.705800,1.017089,0.852173,0.891440,1.040004,0.938779,1.404895,0.959245,1.629711,0.755679,0.677155,1.607885,0.855566,1.785180,0.927566,0.947109,1.697968,0.841874,0.460035,0.402074,1.423076,1.057209,1.090638,0.723583,0.852770,1.164884,0.893311,0.955877,0.458548,0.686301,0.792030,0.873938,1.371898,1.261582,0.855566,0.686301,1.494740,0.997747,1.083645,1.490037,0.559483,1.018782,0.486979,0.943584,1.724166,0.621825,0.916763,0.904404,0.847110,1.029185,0.540094,1.457472,0.963010,0.755679,0.913546,0.960318,0.861304,0.491034,0.377280,1.501458,0.893866,1.022923,1.738062,0.954882,1.560087,1.750903,1.048585,0.958348,0.998115,0.882579,0.638335,1.377282,0.587348,1.625552,1.070965,0.839070,0.860334,0.861304,1.012799,0.943223,0.799827,0.954923,0.885462
0.814576,1.484094,1.844143,1.904314,1.848862,1.905021,1.910056,1.575726,1.710437,0.000000,1.918040,1.640605,1.769457,0.504912,1.894607,1.847631,1.622350,0.639417,1.893485,1.917926,1.922573,1.865872,1.920761,1.669612,1.904361,0.677594,1.894319,1.842467,0.775338,1.908332,1.112459,1.894607,1.895873,0.471239,1.918123,1.829310,1.741495,0.866056,1.896307,1.891307,1.880054,1.435359,1.863755,1.924523,1.915941,1.712534,1.888584,1.887699,1.913374,0.768498,1.218573,1.908332,1.888584,0.889433,1.904181,1.888191,0.701033,1.873429,1.913458,1.756685,1.919452,0.655271,1.832818,1.308402,1.905612,1.910169,1.891415,1.816755,0.787834,1.916117,1.894319,1.903146,1.913001,1.925861,1.749880,1.651420,0.851913,1.913915,1.909977,0.284192,1.898253,0.688773,0.541715,1.835866,1.899814,1.906146,1.913926,1.729170,1.048357,1.830841,0.710067,1.868888,1.930397,1.930014,1.925861,1.900229,1.898571,1.866601,1.919278,1.934045
1.880381,1.341655,0.623146,0.274689,0.439018,0.266926,0.268957,1.158327,0.924339,1.918040,0.000000,0.943805,0.783655,1.752442,0.308278,0.515856,1.055829,1.967264,0.301910,0.253606,0.230389,0.396239,0.242010,0.836622,0.273535,1.941060,0.397538,0.489209,1.932596,0.293878,1.563420,0.308278,0.295618,1.887506,0.256306,0.686122,0.913767,1.867906,0.318162,0.349731,0.482508,1.385039,0.465280,0.231275,0.262150,0.909293,0.435675,0.411210,0.223513,1.823244,1.667537,0.293878,0.435675,1.880688,0.208697,0.412714,1.901849,0.528343,0.308409,0.892422,0.303408,1.962505,0.574724,1.461752,0.262650,0.278539,0.311093,0.737825,1.831541,0.235715,0.397538,0.275442,0.164967,0.245302,0.880027,1.015195,1.837294,0.232892,0.229424,1.961708,0.303134,1.902895,1.977257,0.441138,0.279339,0.257132,0.255391,0.909008,1.554561,0.660769,1.931627,0.377744,0.248814,0.243629,0.245302,0.301154,0.289466,0.494246,0.240769,0.231732
1.646270,1.295790,1.203391,0.976294,1.037752,0.977196,0.978920,1.183385,1.014118,1.640605,0.943805,0.000000,1.401088,1.505215,1.010263,1.061243,0.302590,1.690371,0.928199,0.975519,0.984363,0.965719,0.980203,1.133190,0.996095,1.682617,1.082288,1.056826,1.635761,1.052928,1.553422,1.010263,1.013614,1.647667,0.972963,1.005320,1.160264,1.618504,1.012021,1.017808,1.123406,1.273375,1.085267,0.994329,1.027275,1.193601,1.069936,1.115983,0.957948,1.574367,1.579905,1.052928,1.069936,1.571140,0.923083,0.952054,1.696585,1.004601,0.938937,1.204652,1.008287,1.688520,1.041256,1.431821,0.991110,0.964915,0.979343,1.172242,1.566321,0.987451,1.082288,0.968917,0.941687,0.984635,1.233363,1.224213,1.570339,0.968368,0.985478,1.694259,0.984900,1.661082,1.704115,0.904478,0.979673,0.993726,0.978603,1.034468,1.491903,1.178570,1.656506,1.021275,0.984184,0.992215,0.984635,0.985378,0.980028,1.149401,0.988619,0.987606
1.740274,1.355790,0.495404,0.765624,0.751425,0.765606,0.748854,1.160179,1.050269,1.769457,0.783655,1.401088,0.000000,1.572901,0.682033,0.670260,1.473426,1.875832,0.854899,0.750565,0.757680,0.838906,0.778746,1.026386,0.737551,1.816099,0.572610,0.659290,1.876073,0.606644,1.374857,0.682033,0.687189,1.682691,0.753780,0.821389,0.923122,1.742817,0.762090,0.793062,0.541178,1.371071,0.736614,0.730245,0.690491,0.823491,0.617357,0.538460,0.722774,1.626793,1.484721,0.606644,0.617357,1.851892,0.871569,0.928628,1.678863,0.784616,0.907645,0.846677,0.741399,1.869274,0.696378,1.295385,0.713920,0.731372,0.798992,0.701398,1.704077,0.748863,0.572610,0.753355,0.839573,0.747398,0.759646,0.899617,1.809112,0.742279,0.818395,1.827065,0.764856,1.750490,1.861307,0.799179,0.762992,0.750303,0.754860,1.013216,1.276539,0.596073,1.834887,0.739235,0.757148,0.741393,0.747398,0.783081,0.735745,0.519337,0.748807,0.767435
1.074603,1.463240,1.666587,1.723261,1.650127,1.727182,1.731365,1.485783,1.577592,0.504912,1.752442,1.505215,1.572901,0.000000,1.704672,1.660101,1.548973,1.026001,1.722894,1.747252,1.753839,1.677800,1.753326,1.493157,1.721105,1.026646,1.710940,1.645765,1.110136,1.722295,0.974906,1.704672,1.704997,0.596490,1.748691,1.657830,1.618701,1.122042,1.719917,1.717015,1.698548,1.405465,1.674078,1.754092,1.738193,1.559055,1.709989,1.702855,1.740650,0.825542,1.323303,1.722295,1.709989,1.198708,1.740950,1.731650,0.927546,1.716175,1.763476,1.614072,1.753099,1.021971,1.645386,1.281110,1.726222,1.742589,1.706676,1.661751,0.927840,1.740505,1.710940,1.722920,1.752184,1.758471,1.602084,1.502862,1.156677,1.734965,1.746478,0.752010,1.730458,0.963817,0.936499,1.637775,1.715490,1.725481,1.740887,1.579539,0.895752,1.660199,1.048915,1.673113,1.770182,1.766215,1.758471,1.718632,1.714238,1.671221,1.747336,1.776139
1.887915,1.375844,0.571043,0.134802,0.257757,0.148730,0.142605,1.179217,0.927566,1.894607,0.308278,1.010263,0.682033,1.704672,0.000000,0.476947,1.140846,1.973281,0.276904,0.240481,0.213469,0.348884,0.216495,0.771830,0.205560,1.958313,0.353956,0.420285,1.947272,0.233977,1.503808,0.000000,0.193725,1.848254,0.248116,0.666828,0.940182,1.879168,0.220099,0.250672,0.435370,1.421691,0.326318,0.210152,0.187511,0.885460,0.413878,0.336606,0.252387,1.804710,1.673784,0.233977,0.413878,1.915869,0.350879,0.377032,1.890659,0.566761,0.350215,0.886008,0.237709,1.978745,0.527047,1.462060,0.223412,0.272472,0.260369,0.746199,1.838803,0.197713,0.353956,0.251659,0.332310,0.238991,0.870797,0.980008,1.867497,0.166252,0.279317,1.952246,0.306680,1.910551,1.981966,0.383415,0.217481,0.201934,0.225317,0.922292,1.491780,0.629592,1.957405,0.303747,0.263007,0.246661,0.238991,0.241496,0.252598,0.401767,0.200591,0.245491
1.727247,1.098324,0.324621,0.522425,0.668219,0.511925,0.497180,0.825271,0.612873,1.847631,0.515856,1.061243,0.670260,1.660101,0.476947,0.000000,1.139195,1.904069,0.615046,0.411251,0.441089,0.654189,0.496310,1.066997,0.501685,1.861745,0.275195,0.119456,1.850978,0.374022,1.634762,0.476947,0.485244,1.803291,0.403248,0.479478,0.583640,1.727885,0.626105,0.668589,0.296056,1.220017,0.711338,0.442510,0.497678,0.530289,0.213667,0.301893,0.470542,1.636383,1.533048,0.374022,0.213667,1.786560,0.619376,0.705405,1.740321,0.342150,0.643369,0.576521,0.520971,1.913847,0.320667,1.191969,0.481654,0.469806,0.599048,0.414304,1.682784,0.513223,0.275195,0.508877,0.564857,0.420081,0.503688,0.611855,1.760780,0.450464,0.600530,1.897394,0.585110,1.794265,1.925459,0.695434,0.513929,0.548430,0.437188,0.786634,1.448660,0.303572,1.850920,0.638334,0.408810,0.421683,0.420081,0.575033,0.532046,0.368810,0.502626,0.454522
1.525646,1.211870,1.248821,1.114121,1.203205,1.109479,1.107884,1.116125,0.988092,1.622350,1.055829,0.302590,1.473426,1.548973,1.140846,1.139195,0.000000,1.607725,1.076461,1.083997,1.100831,1.126549,1.103715,1.309978,1.131132,1.570574,1.161256,1.155972,1.541888,1.157805,1.646512,1.140846,1.149628,1.657015,1.078884,1.026879,1.124256,1.490438,1.150711,1.162810,1.186688,1.136753,1.240718,1.105630,1.145560,1.189033,1.138136,1.202276,1.058289,1.520915,1.449055,1.157805,1.138136,1.432068,1.054541,1.104971,1.609768,1.037422,1.072645,1.188853,1.113852,1.611039,1.103613,1.358185,1.110577,1.057664,1.129846,1.177637,1.513182,1.115839,1.161256,1.094444,1.062723,1.090464,1.226902,1.212407,1.437136,1.092055,1.117261,1.643392,1.097918,1.552594,1.637970,1.042659,1.119755,1.131839,1.095499,0.998583,1.499075,1.211594,1.553456,1.176314,1.079007,1.092078,1.090464,1.129047,1.110920,1.239676,1.113307,1.088608
0.587375,1.373602,1.885508,1.974329,1.963080,1.972524,1.974316,1.534860,1.705800,0.639417,1.967264,1.690371,1.875832,1.026001,1.973281,1.904069,1.607725,0.000000,1.966408,1.967516,1.971805,1.958559,1.975232,1.848266,1.977706,0.455194,1.943142,1.917345,0.387262,1.967832,1.389408,1.973281,1.979719,0.787690,1.966114,1.849922,1.710564,0.617626,1.973839,1.970629,1.924806,1.361807,1.969355,1.974858,1.977504,1.737310,1.927194,1.945563,1.968516,0.812113,1.072019,1.967832,1.927194,0.518259,1.962317,1.957871,0.604336,1.878782,1.958680,1.769408,1.970517,0.394702,1.887190,1.283872,1.971978,1.961934,1.972542,1.819040,0.748721,1.980028,1.943142,1.967707,1.961222,1.969168,1.750079,1.679164,0.704185,1.971405,1.965683,0.451843,1.963967,0.605867,0.302390,1.948647,1.974516,1.980840,1.969825,1.724685,1.290323,1.859032,0.436291,1.975074,1.964573,1.968952,1.969168,1.974500,1.972360,1.934217,1.979772,1.969699
1.916549,1.437408,0.744447,0.203659,0.298658,0.218345,0.224583,1.268727,1.017089,1.893485,0.301910,0.928199,0.854899,1.722894,0.276904,0.615046,1.076461,1.966408,0.000000,0.285796,0.269549,0.263134,0.228813,0.694591,0.223932,1.969277,0.523621,0.556004,1.942341,0.389203,1.497321,0.276904,0.273574,1.851926,0.294505,0.783705,1.057697,1.906062,0.266782,0.261379,0.608444,1.478205,0.342925,0.278451,0.277891,1.019614,0.571076,0.496304,0.356030,1.841748,1.732047,0.389203,0.571076,1.916908,0.232245,0.241929,1.926274,0.684597,0.163198,1.008523,0.300303,1.965157,0.672424,1.525926,0.271178,0.380537,0.191653,0.890506,1.849837,0.218896,0.523621,0.266999,0.242982,0.304645,1.013386,1.104073,1.873852,0.249438,0.226694,1.945585,0.359742,1.940566,1.972637,0.371538,0.200669,0.198723,0.255724,1.005937,1.558419,0.787695,1.953276,0.301412,0.329866,0.319192,0.304645,0.200849,0.266258,0.590374,0.230595,0.297355
1.864743,1.302978,0.540482,0.222814,0.429508,0.219116,0.191681,1.105961,0.852173,1.917926,0.253606,0.975519,0.750565,1.747252,0.240481,0.411251,1.083997,1.967516,0.285796,0.000000,0.143865,0.399720,0.164386,0.872569,0.157818,1.944823,0.315434,0.380620,1.926647,0.226633,1.584231,0.240481,0.222334,1.879197,0.020375,0.604064,0.859252,1.853037,0.340984,0.375516,0.401209,1.368195,0.443256,0.100769,0.213317,0.832350,0.347168,0.317257,0.230381,1.792599,1.644514,0.226633,0.347168,1.879279,0.317631,0.400800,1.880669,0.479192,0.316751,0.814901,0.237172,1.974396,0.480841,1.414322,0.231206,0.241965,0.276365,0.674299,1.817177,0.173987,0.315434,0.247059,0.281077,0.082240,0.809406,0.931528,1.836612,0.150517,0.303452,1.961566,0.323635,1.900299,1.984345,0.473036,0.173975,0.217468,0.054962,0.875402,1.560074,0.576678,1.935912,0.370375,0.112205,0.105861,0.082240,0.248239,0.269857,0.414681,0.167448,0.138748
1.881221,1.327259,0.573388,0.183782,0.390614,0.184758,0.163085,1.144137,0.891440,1.922573,0.230389,0.984363,0.757680,1.753839,0.213469,0.441089,1.100831,1.971805,0.269549,0.143865,0.000000,0.372608,0.080135,0.848730,0.166229,1.950563,0.333475,0.402485,1.929528,0.223747,1.567175,0.213469,0.179053,1.885111,0.151906,0.656325,0.896582,1.871784,0.291495,0.320483,0.429248,1.401886,0.415573,0.082245,0.181565,0.877242,0.371864,0.339919,0.231454,1.814971,1.674880,0.223747,0.371864,1.888972,0.285639,0.373835,1.900567,0.514788,0.279771,0.843677,0.229602,1.971855,0.511512,1.452673,0.210986,0.262466,0.250059,0.709927,1.828267,0.117226,0.333475,0.221684,0.252601,0.101437,0.845405,0.973475,1.843437,0.139218,0.245047,1.966488,0.322123,1.908429,1.988081,0.469205,0.181031,0.168752,0.132591,0.911148,1.573991,0.612418,1.944344,0.326380,0.112369,0.102782,0.101437,0.222878,0.250379,0.433267,0.102864,0.074647
1.912059,1.469945,0.785919,0.311316,0.316592,0.333287,0.332518,1.301546,1.040004,1.865872,0.396239,0.965719,0.838906,1.677800,0.348884,0.654189,1.126549,1.958559,0.263134,0.399720,0.372608,0.000000,0.334111,0.651498,0.316186,1.960160,0.576712,0.585973,1.937951,0.453418,1.437943,0.348884,0.330848,1.807037,0.408909,0.809101,1.103252,1.896277,0.351831,0.340543,0.656135,1.474405,0.357987,0.387123,0.361948,1.048194,0.625657,0.545380,0.447284,1.819195,1.718539,0.453418,0.625657,1.929267,0.331885,0.350527,1.909869,0.747185,0.316072,1.031461,0.390352,1.954080,0.730761,1.531918,0.290290,0.472576,0.273588,0.938460,1.837917,0.322368,0.576712,0.250715,0.359728,0.413393,1.057207,1.113222,1.888850,0.360232,0.342111,1.924736,0.410441,1.940561,1.953683,0.396556,0.298098,0.291568,0.368683,1.023000,1.506393,0.837296,1.947896,0.283533,0.442099,0.427765,0.413393,0.292307,0.220471,0.635164,0.333126,0.410447
1.897906,1.369068,0.626636,0.166576,0.355977,0.164884,0.159088,1.192002,0.938779,1.920761,0.242010,0.980203,0.778746,1.753326,0.216495,0.496310,1.103715,1.975232,0.228813,0.164386,0.080135,0.334111,0.000000,0.810892,0.135770,1.958763,0.389186,0.452365,1.935911,0.265277,1.544028,0.216495,0.167433,1.883552,0.175726,0.696491,0.952748,1.888988,0.258473,0.279315,0.483228,1.434409,0.370708,0.111046,0.178362,0.928536,0.432672,0.385001,0.249461,1.832000,1.695793,0.265277,0.432672,1.901931,0.266315,0.337252,1.915250,0.574710,0.241571,0.892397,0.224513,1.973340,0.564018,1.484365,0.214040,0.282130,0.195654,0.768107,1.844785,0.074328,0.389186,0.212328,0.245168,0.140788,0.902108,1.020346,1.854965,0.160140,0.217077,1.964916,0.314438,1.920945,1.987538,0.444523,0.145673,0.118999,0.135108,0.953150,1.584015,0.670108,1.950356,0.286263,0.163932,0.149790,0.140788,0.169996,0.236601,0.484613,0.059271,0.116983
1.898896,1.703739,1.158080,0.745919,0.570355,0.765017,0.782399,1.596588,1.404895,1.669612,0.836622,1.133190,1.026386,1.493157,0.771830,1.066997,1.309978,1.848266,0.694591,0.872569,0.848730,0.651498,0.810892,0.000000,0.761696,1.886317,1.005968,0.985317,1.889165,0.900215,1.115673,0.771830,0.762508,1.581055,0.882993,1.217556,1.470352,1.899365,0.694028,0.663407,1.069727,1.683055,0.600810,0.852997,0.808891,1.365254,1.059205,0.954127,0.871458,1.795562,1.812100,0.900215,1.059205,1.937689,0.762608,0.662398,1.853442,1.188752,0.776392,1.407387,0.836956,1.840426,1.150780,1.661806,0.800731,0.886685,0.691151,1.324502,1.782643,0.779826,1.005968,0.798982,0.803095,0.886212,1.408463,1.420192,1.887372,0.825652,0.753082,1.760268,0.787682,1.895347,1.808568,0.651277,0.747030,0.729713,0.837572,1.356977,1.365836,1.221317,1.887546,0.642101,0.918784,0.899390,0.886212,0.717832,0.764174,0.980618,0.795641,0.885479
1.903082,1.390940,0.621517,0.170364,0.313186,0.181492,0.169893,1.210657,0.959245,1.904361,0.273535,0.996095,0.737551,1.721105,0.205560,0.501685,1.131132,1.977706,0.223932,0.157818,0.166229,0.316186,0.135770,0.761696,0.000000,1.965195,0.395611,0.447546,1.948729,0.268947,1.503452,0.205560,0.151016,1.852212,0.175396,0.697135,0.974259,1.893754,0.258592,0.280385,0.485225,1.451235,0.324005,0.134461,0.191401,0.923741,0.446167,0.379246,0.271883,1.815947,1.693947,0.268947,0.446167,1.920842,0.295592,0.336390,1.905151,0.602780,0.291368,0.910083,0.245543,1.979462,0.576720,1.475896,0.221784,0.300386,0.169992,0.780573,1.838126,0.104518,0.395611,0.227338,0.279551,0.165445,0.911165,1.021533,1.876599,0.178055,0.255060,1.956697,0.317633,1.927335,1.983884,0.411843,0.070862,0.108715,0.112359,0.967237,1.547718,0.675285,1.954313,0.253261,0.214454,0.187790,0.165445,0.148262,0.225574,0.457755,0.116612,0.196655
0.503614,1.283983,1.822077,1.965391,1.972401,1.960878,1.960390,1.448949,1.629711,0.677594,1.941060,1.682617,1.816099,1.026646,1.958313,1.861745,1.570574,0.455194,1.969277,1.944823,1.950563,1.960160,1.958763,1.886317,1.965195,0.000000,1.898273,1.885164,0.495125,1.938079,1.412570,1.958313,1.958739,0.832260,1.942632,1.779195,1.621783,0.522883,1.964560,1.969260,1.871030,1.198686,1.975319,1.949198,1.961165,1.662767,1.878581,1.909275,1.929259,0.730891,0.934980,1.938079,1.878581,0.450613,1.955345,1.967342,0.509147,1.822191,1.961420,1.657322,1.950182,0.462777,1.829210,1.190041,1.947280,1.922512,1.971158,1.737361,0.668237,1.962235,1.898273,1.947783,1.951726,1.943084,1.666832,1.605600,0.558392,1.953959,1.962697,0.529507,1.937390,0.374365,0.463599,1.925500,1.965566,1.968053,1.951427,1.625353,1.248887,1.792956,0.429211,1.965117,1.934572,1.939556,1.943084,1.971212,1.952021,1.888513,1.960523,1.943081
1.795000,1.198463,0.272562,0.412964,0.571095,0.409365,0.372939,0.971550,0.755679,1.894319,0.397538,1.082288,0.572610,1.710940,0.353956,0.275195,1.161256,1.943142,0.523621,0.315434,0.333475,0.576712,0.389186,1.005968,0.395611,1.898273,0.000000,0.297248,1.898137,0.173324,1.601386,0.353956,0.364322,1.857653,0.310364,0.520165,0.680980,1.785708,0.494872,0.541745,0.111239,1.271037,0.592073,0.314922,0.331156,0.661423,0.098940,0.161205,0.314601,1.722412,1.549683,0.173324,0.098940,1.839229,0.521564,0.627540,1.804861,0.349885,0.546072,0.648092,0.373373,1.947408,0.327229,1.307237,0.362712,0.322282,0.500615,0.440116,1.763407,0.391302,0.000000,0.396732,0.472210,0.303418,0.593423,0.774496,1.792314,0.329322,0.485487,1.940414,0.447552,1.829005,1.964154,0.590155,0.422596,0.429995,0.345376,0.782575,1.481564,0.328897,1.898976,0.517578,0.294476,0.294804,0.303418,0.472435,0.415229,0.265569,0.381402,0.329821
1.757018,1.165327,0.383291,0.463350,0.587959,0.455084,0.448199,0.898946,0.677155,1.842467,0.489209,1.056826,0.659290,1.645765,0.420285,0.119456,1.155972,1.917345,0.556004,0.380620,0.402485,0.585973,0.452365,0.985317,0.447546,1.885164,0.297248,0.000000,1.874735,0.353036,1.590909,0.420285,0.431533,1.789419,0.375237,0.527804,0.679135,1.757844,0.567465,0.606884,0.339223,1.277727,0.644986,0.408726,0.456293,0.592663,0.267412,0.287823,0.454933,1.655243,1.570772,0.353036,0.267412,1.821985,0.576877,0.642937,1.762660,0.416031,0.599470,0.652538,0.486082,1.927947,0.367254,1.229802,0.434921,0.459349,0.536520,0.514630,1.699206,0.465139,0.297248,0.464005,0.526242,0.394535,0.593468,0.668108,1.795462,0.410926,0.549591,1.900163,0.555330,1.824319,1.932488,0.639659,0.456664,0.492004,0.396884,0.835172,1.435694,0.385927,1.876058,0.576871,0.391668,0.400545,0.394535,0.515366,0.482313,0.364463,0.457400,0.429452
0.591275,1.233086,1.836441,1.946424,1.962534,1.944847,1.938553,1.436158,1.607885,0.775338,1.932596,1.635761,1.876073,1.110136,1.947272,1.850978,1.541888,0.387262,1.942341,1.926647,1.929528,1.937951,1.935911,1.889165,1.948729,0.495125,1.898137,1.874735,0.000000,1.928610,1.494088,1.947272,1.948359,0.897727,1.924004,1.783128,1.616353,0.606440,1.958479,1.957637,1.877041,1.283495,1.960065,1.934397,1.944705,1.679547,1.875701,1.906249,1.928495,0.789707,1.048798,1.928610,1.875701,0.406196,1.929282,1.934299,0.623432,1.808459,1.922152,1.684325,1.933559,0.471706,1.825837,1.265744,1.939013,1.917628,1.950651,1.745790,0.732388,1.945617,1.898137,1.931944,1.929483,1.924390,1.673279,1.609272,0.611408,1.931573,1.942380,0.600905,1.934138,0.574605,0.494248,1.951106,1.947523,1.952532,1.932721,1.671806,1.408154,1.800566,0.509844,1.958360,1.917171,1.923581,1.924390,1.949084,1.941196,1.893388,1.943382,1.924663
1.852689,1.291209,0.413631,0.283500,0.442336,0.286098,0.243142,1.087270,0.855566,1.908332,0.293878,1.052928,0.606644,1.722295,0.233977,0.374022,1.157805,1.967832,0.389203,0.226633,0.223747,0.453418,0.265277,0.900215,0.268947,1.938079,0.173324,0.353036,1.928610,0.000000,1.560376,0.233977,0.238477,1.867355,0.227201,0.591687,0.811591,1.842176,0.365108,0.407522,0.260233,1.353378,0.458701,0.204035,0.173282,0.783646,0.251923,0.193275,0.239322,1.776058,1.616584,0.000000,0.251923,1.884186,0.396674,0.493329,1.859299,0.445188,0.417154,0.767839,0.250014,1.965288,0.423430,1.395454,0.254902,0.270214,0.359857,0.588340,1.806393,0.256722,0.173324,0.285482,0.353904,0.212688,0.732802,0.891869,1.836244,0.210153,0.355640,1.957214,0.361178,1.879122,1.980414,0.501742,0.295202,0.289509,0.243032,0.849959,1.507201,0.476740,1.933178,0.388779,0.220268,0.208194,0.212688,0.333943,0.302632,0.306125,0.250795,0.231733
1.523475,1.843574,1.625066,1.502970,1.366906,1.512713,1.530743,1.813473,1.785180,1.112459,1.563420,1.553422,1.374857,0.974906,1.503808,1.634762,1.646512,1.389408,1.497321,1.584231,1.567175,1.437943,1.544028,1.115673,1.503452,1.412570,1.601386,1.590909,1.494088,1.560376,0.000000,1.503808,1.490296,0.973804,1.591458,1.676577,1.803024,1.544188,1.443700,1.428617,1.616566,1.736713,1.357767,1.562415,1.526487,1.688850,1.636665,1.570436,1.562166,1.377630,1.564061,1.560376,1.636665,1.620326,1.528922,1.489953,1.402230,1.730759,1.542488,1.704308,1.549077,1.321666,1.639022,1.670601,1.524317,1.584949,1.465372,1.724639,1.410813,1.515301,1.601386,1.529990,1.552775,1.586011,1.737428,1.706092,1.622201,1.560636,1.506925,1.233104,1.527363,1.393729,1.277804,1.378776,1.503415,1.484496,1.564403,1.693789,1.166564,1.675688,1.433897,1.405310,1.608163,1.591658,1.586011,1.478392,1.498494,1.558873,1.524964,1.590464
1.887915,1.375844,0.571043,0.134802,0.257757,0.148730,0.142605,1.179217,0.927566,1.894607,0.308278,1.010263,0.682033,1.704672,0.000000,0.476947,1.140846,1.973281,0.276904,0.240481,0.213469,0.348884,0.216495,0.771830,0.205560,1.958313,0.353956,0.420285,1.947272,0.233977,1.503808,0.000000,0.193725,1.848254,0.248116,0.666828,0.940182,1.879168,0.220099,0.250672,0.435370,1.421691,0.326318,0.210152,0.187511,0.885460,0.413878,0.336606,0.252387,1.804710,1.673784,0.233977,0.413878,1.915869,0.350879,0.377032,1.890659,0.566761,0.350215,0.886008,0.237709,1.978745,0.527047,1.462060,0.223412,0.272472,0.260369,0.746199,1.838803,0.197713,0.353956,0.251659,0.332310,0.238991,0.870797,0.980008,1.867497,0.166252,0.279317,1.952246,0.306680,1.910551,1.981966,0.383415,0.217481,0.201934,0.225317,0.922292,1.491780,0.629592,1.957405,0.303747,0.263007,0.246661,0.238991,0.241496,0.252598,0.401767,0.200591,0.245491
1.896581,1.378551,0.587200,0.205063,0.308654,0.220624,0.201030,1.199702,0.947109,1.895873,0.295618,1.013614,0.687189,1.704997,0.193725,0.485244,1.149628,1.979719,0.273574,0.222334,0.179053,0.330848,0.167433,0.762508,0.151016,1.958739,0.364322,0.431533,1.948359,0.238477,1.490296,0.193725,0.000000,1.844172,0.234634,0.685462,0.955565,1.889982,0.273713,0.294923,0.451085,1.437607,0.329395,0.176903,0.197132,0.905322,0.422227,0.353265,0.282372,1.804921,1.688455,0.238477,0.422227,1.921390,0.327152,0.370600,1.895802,0.590383,0.333806,0.882639,0.278499,1.969344,0.554838,1.464120,0.212164,0.311366,0.208951,0.752909,1.828424,0.137877,0.364322,0.223020,0.316887,0.215846,0.885635,1.003230,1.873577,0.199627,0.289090,1.953489,0.320890,1.916860,1.982943,0.407826,0.153947,0.135316,0.197928,0.946291,1.522227,0.645785,1.949053,0.200695,0.249169,0.224197,0.215846,0.195690,0.224773,0.423883,0.141564,0.224760
0.915845,1.526568,1.800465,1.860444,1.785947,1.863838,1.869057,1.597174,1.697968,0.471239,1.887506,1.647667,1.682691,0.596490,1.848254,1.803291,1.657015,0.787690,1.851926,1.879197,1.885111,1.807037,1.883552,1.581055,1.852212,0.832260,1.857653,1.789419,0.897727,1.867355,0.973804,1.848254,1.844172,0.000000,1.881456,1.777297,1.741980,0.966425,1.849685,1.845715,1.845233,1.476403,1.801482,1.882575,1.878146,1.674543,1.855334,1.840706,1.883278,0.715239,1.255116,1.867355,1.855334,1.050893,1.875322,1.840580,0.711273,1.856443,1.887492,1.735316,1.885857,0.755707,1.818093,1.302430,1.857521,1.886083,1.841457,1.796848,0.767411,1.871563,1.857653,1.858276,1.881945,1.886992,1.728557,1.614547,1.138747,1.875295,1.878505,0.573724,1.871767,0.901795,0.629914,1.785284,1.848872,1.857859,1.872274,1.727985,0.968798,1.798427,0.840317,1.813510,1.897027,1.892421,1.886992,1.849780,1.844986,1.804348,1.876837,1.901155
1.860563,1.295214,0.534226,0.231698,0.441396,0.227283,0.199077,1.094995,0.841874,1.918123,0.256306,0.972963,0.753780,1.748691,0.248116,0.403248,1.078884,1.966114,0.294505,0.020375,0.151906,0.408909,0.175726,0.882993,0.175396,1.942632,0.310364,0.375237,1.924004,0.227201,1.591458,0.248116,0.234634,1.881456,0.000000,0.596843,0.848021,1.848357,0.351504,0.386521,0.395161,1.360295,0.454667,0.113425,0.220655,0.823532,0.339314,0.314288,0.231940,1.790215,1.639815,0.227201,0.339314,1.874787,0.322406,0.406765,1.878171,0.467468,0.322030,0.805698,0.241605,1.973146,0.472084,1.409013,0.237925,0.240399,0.289740,0.664764,1.814704,0.188047,0.310364,0.255194,0.285114,0.090473,0.799936,0.922515,1.831851,0.154059,0.311023,1.961069,0.326198,1.896957,1.983697,0.481250,0.189858,0.232040,0.072837,0.867980,1.561000,0.567947,1.933680,0.383639,0.112837,0.111553,0.090473,0.261472,0.279133,0.413607,0.180411,0.143994
1.629179,1.037078,0.502416,0.717398,0.851737,0.704813,0.689732,0.771696,0.460035,1.829310,0.686122,1.005320,0.821389,1.657830,0.666828,0.479478,1.026879,1.849922,0.783705,0.604064,0.656325,0.809101,0.696491,1.217556,0.697135,1.779195,0.520165,0.527804,1.783128,0.591687,1.676577,0.666828,0.685462,1.777297,0.596843,0.000000,0.559510,1.608866,0.796477,0.836226,0.498107,1.028371,0.897033,0.637280,0.687962,0.501653,0.480270,0.554804,0.617238,1.540360,1.350696,0.591687,0.480270,1.696728,0.771174,0.866534,1.652207,0.426203,0.803204,0.486734,0.679178,1.848953,0.504151,1.108507,0.641677,0.599726,0.777291,0.477495,1.627162,0.706960,0.520165,0.660462,0.730343,0.612703,0.552301,0.575833,1.698503,0.645962,0.789079,1.867850,0.706695,1.719851,1.871899,0.775148,0.704289,0.739902,0.634878,0.614499,1.390239,0.473885,1.772703,0.816969,0.600683,0.611423,0.612703,0.756844,0.678426,0.546402,0.701608,0.646206
1.441113,0.695945,0.545779,0.983943,1.136670,0.970219,0.948701,0.375801,0.402074,1.741495,0.913767,1.160264,0.923122,1.618701,0.940182,0.583640,1.124256,1.710564,1.057697,0.859252,0.896582,1.103252,0.952748,1.470352,0.974259,1.621783,0.680980,0.679135,1.616353,0.811591,1.803024,0.940182,0.955565,1.741980,0.848021,0.559510,0.000000,1.437449,1.065817,1.107631,0.623012,0.880160,1.167297,0.889671,0.942761,0.414419,0.607681,0.745356,0.863411,1.396141,1.245098,0.811591,0.607681,1.490751,1.020610,1.129891,1.485819,0.454607,1.050542,0.436086,0.943334,1.728079,0.565504,0.917682,0.926048,0.847457,1.060384,0.297591,1.459884,0.970714,0.680980,0.944740,0.970936,0.859009,0.222440,0.430601,1.485526,0.894401,1.029724,1.754709,0.971003,1.535760,1.758085,1.106666,0.985832,1.012953,0.897233,0.656756,1.422056,0.430883,1.618109,1.095471,0.831647,0.850567,0.859009,1.037872,0.975010,0.725272,0.959687,0.880254
0.265004,1.103779,1.685400,1.893539,1.921815,1.886220,1.885122,1.229759,1.423076,0.866056,1.867906,1.618504,1.742817,1.122042,1.879168,1.727885,1.490438,0.617626,1.906062,1.853037,1.871784,1.896277,1.888988,1.899365,1.893754,0.522883,1.785708,1.757844,0.606440,1.842176,1.544188,1.879168,1.889982,0.966425,1.848357,1.608866,1.437449,0.000000,1.909670,1.922014,1.748120,1.006207,1.939232,1.868432,1.881752,1.454748,1.756220,1.794755,1.850488,0.679574,0.598682,1.842176,1.756220,0.481346,1.892375,1.915394,0.494246,1.679466,1.901520,1.488090,1.864910,0.681950,1.697234,0.966356,1.868146,1.841862,1.916007,1.583067,0.729138,1.896639,1.785708,1.868638,1.879972,1.855817,1.494886,1.394804,0.656202,1.872858,1.904662,0.753162,1.875289,0.533527,0.677383,1.869782,1.895009,1.908095,1.865988,1.462669,1.179741,1.643170,0.591855,1.920374,1.843436,1.852427,1.855817,1.910469,1.875945,1.783337,1.893830,1.861682
1.916166,1.464858,0.713419,0.184688,0.216566,0.158232,0.237597,1.292156,1.057209,1.896307,0.318162,1.012021,0.762090,1.719917,0.220099,0.626105,1.150711,1.973839,0.266782,0.340984,0.291495,0.351831,0.258473,0.694028,0.258592,1.964560,0.494872,0.567465,1.958479,0.365108,1.443700,0.220099,0.273713,1.849685,0.351504,0.796477,1.065817,1.909670,0.000000,0.079799,0.578976,1.493949,0.295241,0.292313,0.266367,1.013743,0.556861,0.481856,0.299364,1.851265,1.714344,0.365108,0.556861,1.935224,0.336112,0.350045,1.925495,0.696122,0.332124,1.000223,0.307623,1.971166,0.671890,1.535414,0.305808,0.355770,0.238358,0.877816,1.865026,0.230970,0.494872,0.318511,0.328852,0.329912,1.006336,1.117252,1.887305,0.280649,0.208186,1.953444,0.340360,1.927979,1.974228,0.352389,0.269555,0.209054,0.314466,1.031771,1.525538,0.774737,1.965588,0.290811,0.354463,0.335303,0.329912,0.236925,0.312145,0.544861,0.244094,0.315585
1.928929,1.491437,0.760078,0.205816,0.191996,0.194396,0.263721,1.328482,1.090638,1.891307,0.349731,1.017808,0.793062,1.717015,0.250672,0.668589,1.162810,1.970629,0.261379,0.375516,0.320483,0.340543,0.279315,0.663407,0.280385,1.969260,0.541745,0.606884,1.957637,0.407522,1.428617,0.250672,0.294923,1.845715,0.386521,0.836226,1.107631,1.922014,0.079799,0.000000,0.626207,1.523435,0.274563,0.327940,0.296863,1.056533,0.603370,0.525191,0.351504,1.862587,1.737458,0.407522,0.603370,1.941307,0.336349,0.320481,1.935623,0.742351,0.325849,1.043630,0.344270,1.968570,0.712069,1.564112,0.330670,0.395127,0.231733,0.923947,1.874049,0.253599,0.541745,0.338753,0.342718,0.366283,1.048807,1.154676,1.893209,0.309187,0.205955,1.948462,0.351213,1.936671,1.969687,0.363115,0.283836,0.221721,0.344434,1.068199,1.537774,0.819923,1.968920,0.281431,0.392614,0.373698,0.366283,0.237551,0.330127,0.587677,0.268571,0.348650
1.758098,1.152342,0.181742,0.502037,0.649245,0.497638,0.461121,0.922116,0.723583,1.880054,0.482508,1.123406,0.541178,1.698548,0.435370,0.296056,1.186688,1.924806,0.608444,0.401209,0.429248,0.656135,0.483228,1.069727,0.485225,1.871030,0.111239,0.339223,1.877041,0.260233,1.616566,0.435370,0.451085,1.845233,0.395161,0.498107,0.623012,1.748120,0.578976,0.626207,0.000000,1.224929,0.666011,0.406645,0.415764,0.606472,0.134186,0.195139,0.396647,1.686580,1.497924,0.260233,0.134186,1.811762,0.605256,0.710260,1.766152,0.342271,0.630801,0.594436,0.445838,1.931514,0.308478,1.256632,0.444468,0.396559,0.590118,0.369484,1.739147,0.483630,0.111239,0.477905,0.556799,0.393256,0.520700,0.722620,1.765267,0.418277,0.576302,1.923886,0.525989,1.794728,1.947802,0.655327,0.512008,0.521089,0.433327,0.741837,1.455865,0.249765,1.876658,0.599951,0.381171,0.383386,0.393256,0.563236,0.494775,0.275056,0.474388,0.419893
1.028468,0.813150,1.179110,1.455990,1.544726,1.442163,1.429506,0.775876,0.852770,1.435359,1.385039,1.273375,1.371071,1.405465,1.421691,1.220017,1.136753,1.361807,1.478205,1.368195,1.401886,1.474405,1.434409,1.683055,1.451235,1.198686,1.271037,1.277727,1.283495,1.353378,1.736713,1.421691,1.437607,1.476403,1.360295,1.028371,0.880160,1.006207,1.493949,1.523435,1.224929,0.000000,1.576811,1.394910,1.422540,0.973057,1.227007,1.303321,1.345951,1.084708,0.853051,1.353378,1.227007,1.103925,1.446029,1.531340,1.120792,1.098544,1.471930,0.928443,1.400785,1.367075,1.168145,0.854516,1.381629,1.333340,1.491657,1.026627,1.195730,1.442954,1.271037,1.383689,1.425997,1.376129,0.984215,0.913919,1.135318,1.396510,1.484328,1.432805,1.399650,1.145395,1.410534,1.426938,1.448882,1.467822,1.395695,0.757116,1.157388,1.120141,1.244357,1.502358,1.353328,1.367745,1.376129,1.485385,1.400939,1.295402,1.438688,1.382821
1.948416,1.542517,0.784460,0.307420,0.230366,0.340302,0.329183,1.385367,1.164884,1.863755,0.465280,1.085267,0.736614,1.674078,0.326318,0.711338,1.240718,1.969355,0.342925,0.443256,0.415573,0.357987,0.370708,0.600810,0.324005,1.975319,0.592073,0.644986,1.960065,0.458701,1.357767,0.326318,0.329395,1.801482,0.454667,0.897033,1.167297,1.939232,0.295241,0.274563,0.666011,1.576811,0.000000,0.408522,0.354380,1.101798,0.658355,0.556183,0.468862,1.849433,1.758687,0.458701,0.658355,1.967329,0.432240,0.363161,1.927394,0.821592,0.416650,1.091232,0.408131,1.964748,0.766029,1.600848,0.404886,0.488470,0.295607,0.968921,1.868408,0.334540,0.592073,0.413982,0.455219,0.444734,1.087900,1.189303,1.915922,0.375738,0.371264,1.925770,0.424005,1.942983,1.957575,0.428094,0.331309,0.292416,0.410323,1.132514,1.515857,0.857410,1.968378,0.276269,0.482765,0.457312,0.444734,0.304350,0.381398,0.592174,0.346245,0.446801
1.879878,1.327968,0.551446,0.189793,0.396069,0.190350,0.158653,1.144287,0.893311,1.924523,0.231275,0.994329,0.730245,1.754092,0.210152,0.442510,1.105630,1.974858,0.278451,0.100769,0.082245,0.387123,0.111046,0.852997,0.134461,1.949198,0.314922,0.408726,1.934397,0.204035,1.562415,0.210152,0.176903,1.882575,0.113425,0.637280,0.889671,1.868432,0.292313,0.327940,0.406645,1.394910,0.408522,0.000000,0.168777,0.864580,0.359552,0.322329,0.209107,1.810586,1.657822,0.204035,0.359552,1.891648,0.304060,0.387937,1.894490,0.506991,0.304472,0.834855,0.211510,1.976285,0.504372,1.442232,0.210569,0.240710,0.253489,0.694341,1.827845,0.113317,0.314922,0.228362,0.268729,0.055558,0.834009,0.969901,1.846302,0.133947,0.264177,1.968078,0.314390,1.906007,1.989525,0.457466,0.165307,0.167442,0.092879,0.899771,1.565926,0.597098,1.944638,0.330535,0.090785,0.061377,0.055558,0.222855,0.248418,0.407106,0.104901,0.079040
