0.000000,1.074121,1.578005,1.853911,1.891593,1.849949,1.843786,1.131450,1.422701,0.861060,1.839017,1.536118,1.597713,1.099735,1.841603,1.644787,1.429197,0.731080,1.885577,1.823797,1.827075,1.890946,1.848714,1.898769,1.862293,0.549193,1.711542,1.689482,0.633918,1.777830,1.680538,1.841603,1.852359,1.013428,1.819245,1.595254,1.349732,0.499505,1.880578,1.889410,1.660200,0.952533,1.897329,1.831578,1.828167,1.382991,1.682397,1.702402,1.824554,0.720648,0.864580,1.777830,1.682397,0.561273,1.863926,1.888198,0.567617,1.608095,1.877703,1.413470,1.822684,0.779759,1.594812,0.991800,1.858081,1.824920,1.889146,1.488943,0.653322,1.860656,1.711542,1.853120,1.849254,1.821098,1.363346,1.332315,0.733895,1.831213,1.870643,0.809054,1.865540,0.571437,0.768030,1.865985,1.864508,1.873330,1.835663,1.445289,1.132084,1.529338,0.695425,1.900591,1.807495,1.817146,1.821098,1.876980,1.870460,1.692293,1.855025,1.822962
1.074121,0.000000,1.011774,1.430507,1.527234,1.423633,1.416218,0.666266,0.864194,1.426585,1.365694,1.298085,1.190327,1.402183,1.391830,1.087782,1.233999,1.357526,1.499203,1.357295,1.363211,1.493498,1.414414,1.717290,1.433936,1.259735,1.158528,1.170931,1.316633,1.269703,1.820485,1.391830,1.417248,1.523405,1.348187,1.090464,0.730696,1.078349,1.488910,1.513605,1.092967,0.773692,1.541112,1.379487,1.377598,0.804695,1.110134,1.196339,1.358932,1.101559,1.055936,1.269703,1.110134,1.145068,1.421501,1.492392,1.152066,1.028338,1.482602,0.927976,1.401073,1.410801,1.090233,0.814332,1.416536,1.365515,1.488057,0.870610,1.096193,1.439385,1.158528,1.401423,1.391050,1.350546,0.772523,0.841436,1.172721,1.376864,1.447511,1.433682,1.450945,1.165434,1.439174,1.515251,1.434264,1.464652,1.381839,0.974887,1.266265,0.940019,1.350841,1.533780,1.333304,1.348658,1.350546,1.464908,1.430209,1.154855,1.432263,1.364209
1.578005,1.011774,0.000000,0.698311,0.839981,0.693984,0.665190,0.733645,0.501528,1.856679,0.679216,1.123798,0.503537,1.722451,0.629737,0.338916,1.128530,1.846678,0.827776,0.591781,0.613475,0.846438,0.682129,1.198257,0.694274,1.774736,0.284665,0.420055,1.800097,0.436355,1.644735,0.629737,0.659546,1.813358,0.580955,0.427763,0.452814,1.651105,0.793415,0.829169,0.180724,1.044584,0.851882,0.612035,0.599083,0.453325,0.260386,0.310838,0.642222,1.469164,1.239354,0.436355,0.260386,1.716601,0.753787,0.850765,1.607679,0.261551,0.821553,0.397929,0.634240,1.879586,0.435303,1.139161,0.662971,0.656518,0.793640,0.248259,1.624238,0.702784,0.284665,0.661588,0.707768,0.586458,0.390806,0.542754,1.680692,0.611985,0.760166,1.878032,0.803229,1.691709,1.893583,0.797540,0.705718,0.739011,0.628613,0.584751,1.459774,0.131149,1.820888,0.847079,0.565582,0.577610,0.586458,0.755792,0.701344,0.341757,0.688999,0.610391
1.853911,1.430507,0.698311,0.000000,0.249230,0.083055,0.076286,1.233378,0.906949,1.935207,0.306894,1.036749,0.799966,1.779636,0.138242,0.581664,1.139129,1.974978,0.213343,0.212763,0.202621,0.364550,0.182357,0.728890,0.174216,1.964252,0.467744,0.508773,1.941053,0.329459,1.395542,0.138242,0.195884,1.852671,0.222261,0.691498,1.012374,1.885212,0.197029,0.213096,0.575639,1.445260,0.288089,0.194626,0.217260,0.989758,0.517677,0.438763,0.271675,1.742369,1.541613,0.329459,0.517677,1.916974,0.327026,0.317561,1.870230,0.635066,0.263753,0.907995,0.223100,1.968021,0.663348,1.546197,0.241826,0.291317,0.209828,0.845218,1.870866,0.175300,0.467744,0.251655,0.314858,0.216367,0.988762,1.026471,1.861407,0.140262,0.237610,1.959714,0.354264,1.917099,1.982890,0.319474,0.180761,0.178823,0.190517,0.928105,1.648245,0.758638,1.958730,0.290353,0.247762,0.227928,0.216367,0.198196,0.277724,0.544073,0.178410,0.223176
1.891593,1.527234,0.839981,0.249230,0.000000,0.256810,0.294425,1.359157,1.063722,1.905202,0.438513,1.120479,0.828497,1.735503,0.263237,0.727554,1.239244,1.961643,0.266786,0.390694,0.387700,0.373474,0.345121,0.546011,0.287615,1.976234,0.634866,0.636120,1.952283,0.502150,1.252592,0.263237,0.299464,1.789993,0.401323,0.826014,1.159254,1.923490,0.210944,0.195166,0.733109,1.563902,0.199575,0.371755,0.397865,1.110142,0.687579,0.603896,0.400681,1.758173,1.608431,0.502150,0.687579,1.956939,0.431603,0.364881,1.880746,0.805469,0.364517,1.052234,0.411300,1.953276,0.812053,1.585657,0.334742,0.409719,0.250063,0.992368,1.880701,0.311065,0.634866,0.372877,0.441383,0.404447,1.124467,1.140174,1.914807,0.343834,0.331986,1.939873,0.383604,1.949986,1.959441,0.295938,0.289090,0.273114,0.362556,1.078186,1.605889,0.908335,1.948850,0.276974,0.440824,0.415123,0.404447,0.268061,0.355607,0.647131,0.323565,0.414548
1.849949,1.423633,0.693984,0.083055,0.256810,0.000000,0.133063,1.221501,0.900911,1.935269,0.290914,1.039571,0.796336,1.783026,0.142432,0.573857,1.138051,1.972996,0.237953,0.219804,0.201595,0.385983,0.182802,0.740815,0.193995,1.962519,0.466621,0.502677,1.940995,0.335723,1.402765,0.142432,0.212897,1.855005,0.227836,0.679624,1.003404,1.880817,0.163584,0.194852,0.573675,1.436326,0.302716,0.208789,0.233014,0.980330,0.512696,0.441785,0.226366,1.739867,1.529650,0.335723,0.512696,1.913042,0.332804,0.324285,1.865580,0.628598,0.281135,0.896086,0.238943,1.968099,0.657304,1.531563,0.247603,0.254965,0.222376,0.838349,1.874071,0.192936,0.466621,0.269933,0.309693,0.225012,0.980950,1.012554,1.858054,0.167335,0.224793,1.958209,0.332613,1.914620,1.981942,0.325832,0.198895,0.198315,0.198541,0.925600,1.648387,0.752835,1.955772,0.313021,0.252116,0.236521,0.225012,0.205134,0.295529,0.548754,0.194042,0.229401
1.843786,1.416218,0.665190,0.076286,0.294425,0.133063,0.000000,1.212084,0.879435,1.940132,0.310125,1.052034,0.786603,1.785199,0.145331,0.553965,1.148731,1.975439,0.238476,0.190684,0.176413,0.362123,0.168838,0.757070,0.171353,1.958947,0.429541,0.484654,1.940642,0.290844,1.414204,0.145331,0.179458,1.862131,0.199523,0.676026,0.984806,1.878438,0.246323,0.261702,0.538863,1.428094,0.307200,0.164978,0.181133,0.959540,0.481969,0.399633,0.276393,1.739808,1.529429,0.290844,0.481969,1.913089,0.336955,0.330852,1.865791,0.602998,0.281577,0.878224,0.184334,1.970397,0.635669,1.533581,0.227078,0.288717,0.231443,0.813516,1.866145,0.168481,0.429541,0.225617,0.325734,0.187311,0.961876,1.000697,1.855438,0.089684,0.266453,1.963618,0.364401,1.910098,1.985526,0.342059,0.180525,0.183107,0.171647,0.908244,1.648320,0.727264,1.959913,0.302408,0.215475,0.196048,0.187311,0.215784,0.258680,0.508858,0.166479,0.193057
1.131450,0.666266,0.733645,1.233378,1.359157,1.221501,1.212084,0.000000,0.506216,1.559154,1.202733,1.172535,0.994148,1.498778,1.195413,0.780786,1.105825,1.531028,1.327054,1.145704,1.148257,1.339802,1.206379,1.622908,1.240442,1.407690,0.920863,0.875901,1.418593,1.047692,1.814215,1.195413,1.219504,1.601382,1.135050,0.825733,0.380546,1.238491,1.319166,1.347832,0.847217,0.628293,1.382162,1.171428,1.164463,0.482989,0.856266,0.935752,1.179219,1.119561,1.050925,1.047692,0.856266,1.286870,1.271760,1.327020,1.247465,0.751941,1.312357,0.587533,1.176726,1.561859,0.783051,0.832433,1.231554,1.190308,1.309685,0.590936,1.234090,1.242397,0.920863,1.214686,1.226335,1.142230,0.407339,0.435042,1.306657,1.169059,1.277628,1.576791,1.308641,1.291308,1.586884,1.324720,1.237368,1.275375,1.172844,0.720873,1.308560,0.629581,1.478822,1.377554,1.116428,1.138590,1.142230,1.277720,1.258862,0.939254,1.229219,1.153829
1.422701,0.864194,0.501528,0.906949,1.063722,0.900911,0.879435,0.506216,0.000000,1.738612,0.886832,1.025131,0.849787,1.624717,0.879013,0.507680,1.007892,1.736921,1.008782,0.810760,0.814203,1.038638,0.875209,1.381278,0.918367,1.654749,0.621721,0.594294,1.649906,0.728801,1.755070,0.879013,0.890692,1.750343,0.798456,0.503898,0.410767,1.503676,1.016927,1.045327,0.573919,0.822489,1.081834,0.842244,0.836823,0.456343,0.566418,0.619852,0.868473,1.359286,1.233270,0.728801,0.566418,1.535765,0.963360,1.016704,1.511474,0.505096,0.995699,0.448029,0.852342,1.756004,0.489795,1.104636,0.922941,0.872849,0.986968,0.455681,1.485875,0.914489,0.621721,0.895880,0.912867,0.812969,0.396679,0.381094,1.512171,0.829794,0.965638,1.760807,0.998155,1.543008,1.782492,1.017555,0.906641,0.949546,0.839852,0.556582,1.470768,0.408633,1.704923,1.061156,0.786499,0.810511,0.812969,0.951373,0.951256,0.669944,0.902319,0.823020
0.861060,1.426585,1.856679,1.935207,1.905202,1.935269,1.940132,1.559154,1.738612,0.000000,1.949035,1.647672,1.800523,0.527924,1.942205,1.858855,1.622513,0.512779,1.915580,1.942576,1.941767,1.902549,1.940464,1.752697,1.934177,0.588001,1.922170,1.865711,0.596185,1.943449,1.304196,1.942205,1.932653,0.490926,1.942167,1.832468,1.728178,0.792971,1.930495,1.929504,1.904095,1.440566,1.909440,1.947083,1.953630,1.718008,1.906674,1.915933,1.946832,0.875783,1.376103,1.943449,1.906674,0.758932,1.936203,1.916291,0.746818,1.887118,1.925860,1.761202,1.952672,0.433987,1.860391,1.296218,1.939944,1.945233,1.928477,1.810432,0.717766,1.940965,1.922170,1.938495,1.937783,1.946572,1.727972,1.666621,0.816472,1.942281,1.940404,0.240203,1.929159,0.681220,0.415890,1.897314,1.930931,1.936110,1.940666,1.795258,1.058676,1.830187,0.494774,1.924568,1.948382,1.949224,1.946572,1.932530,1.935450,1.884678,1.940761,1.950931
1.839017,1.365694,0.679216,0.306894,0.438513,0.290914,0.310125,1.202733,0.886832,1.949035,0.000000,1.027382,0.839432,1.821882,0.303438,0.610443,1.105897,1.959175,0.344753,0.277587,0.260435,0.439466,0.268915,0.852583,0.298932,1.949254,0.445179,0.571429,1.929671,0.323584,1.492508,0.303438,0.302114,1.902898,0.279105,0.688947,0.967681,1.856454,0.316153,0.332396,0.539188,1.423084,0.474644,0.264623,0.252956,0.976737,0.498614,0.458455,0.235125,1.769239,1.505267,0.323584,0.498614,1.879869,0.204061,0.400494,1.877941,0.582682,0.302165,0.891361,0.290479,1.961475,0.671663,1.523496,0.306456,0.253208,0.324580,0.807529,1.871233,0.280654,0.445179,0.312275,0.175803,0.263582,0.963451,1.036379,1.815865,0.286369,0.202046,1.958276,0.320580,1.895570,1.983259,0.457333,0.298800,0.298811,0.271113,0.906858,1.688267,0.736415,1.950520,0.391411,0.270731,0.265955,0.263582,0.299228,0.339381,0.587763,0.288590,0.255985
1.536118,1.298085,1.123798,1.036749,1.120479,1.039571,1.052034,1.172535,1.025131,1.647672,1.027382,0.000000,1.298187,1.583117,1.076289,1.080784,0.258505,1.683968,1.045304,1.043151,1.037872,1.166847,1.040456,1.322338,1.074804,1.633513,1.069612,1.084056,1.546803,1.044853,1.632893,1.076289,1.091853,1.655695,1.040399,0.962684,1.143729,1.597939,1.078697,1.077281,1.085860,1.162182,1.182611,1.057773,1.038710,1.241654,1.069974,1.075851,1.076697,1.441776,1.464153,1.044853,1.069974,1.498390,1.010623,1.059273,1.635502,1.065591,0.996801,1.137007,1.051038,1.624742,1.036336,1.569808,1.148411,1.101863,1.044556,1.136202,1.543825,1.053097,1.069612,1.121021,0.990348,1.047086,1.160116,1.229138,1.482756,1.055526,1.020576,1.644187,1.143471,1.611768,1.667611,1.032516,1.057803,1.065635,1.051462,0.934185,1.621970,1.104145,1.623312,1.117840,1.043503,1.051476,1.047086,1.039505,1.163589,1.198406,1.050945,1.040546
1.597713,1.190327,0.503537,0.799966,0.828497,0.796336,0.786603,0.994148,0.849787,1.800523,0.839432,1.298187,0.000000,1.666155,0.724828,0.684898,1.303510,1.823866,0.911090,0.760297,0.797747,0.915792,0.829834,1.060547,0.796513,1.764788,0.612220,0.698465,1.806773,0.674761,1.460429,0.724828,0.753586,1.677356,0.757399,0.614817,0.779376,1.707370,0.837079,0.866472,0.570191,1.215633,0.826426,0.768640,0.774359,0.756344,0.628244,0.606967,0.780991,1.424525,1.267350,0.674761,0.628244,1.778911,0.875389,0.961923,1.550548,0.641034,0.931652,0.687500,0.800285,1.854660,0.761103,1.184115,0.732942,0.783048,0.871427,0.622936,1.618551,0.821337,0.612220,0.774625,0.846582,0.766052,0.680187,0.781587,1.746355,0.765006,0.860478,1.830281,0.866956,1.713878,1.842424,0.811706,0.819180,0.833321,0.783318,0.854403,1.331711,0.573417,1.779366,0.879829,0.769336,0.759557,0.766052,0.848774,0.774750,0.509224,0.813508,0.797343
1.099735,1.402183,1.722451,1.779636,1.735503,1.783026,1.785199,1.498778,1.624717,0.527924,1.821882,1.583117,1.666155,0.000000,1.788055,1.700242,1.616441,0.883435,1.759613,1.795279,1.793029,1.741239,1.791639,1.584653,1.774353,0.968871,1.778118,1.695161,0.956098,1.793834,1.151791,1.788055,1.767380,0.588553,1.794983,1.697815,1.643953,1.073397,1.781593,1.782183,1.768423,1.487964,1.750750,1.800253,1.813447,1.602526,1.763618,1.771055,1.806941,0.903466,1.497531,1.793834,1.763618,1.095899,1.804905,1.763762,0.956586,1.769068,1.782906,1.642956,1.823733,0.832738,1.727404,1.244977,1.790838,1.805397,1.771577,1.696390,0.898803,1.790812,1.778118,1.788844,1.805373,1.800398,1.627182,1.536092,1.154282,1.787432,1.805291,0.729516,1.789337,0.994653,0.827815,1.736765,1.769260,1.782535,1.792028,1.737213,0.979107,1.704334,0.847467,1.772460,1.810310,1.807302,1.800398,1.778835,1.782817,1.719700,1.790044,1.814929
1.841603,1.391830,0.629737,0.138242,0.263237,0.142432,0.145331,1.195413,0.879013,1.942205,0.303438,1.076289,0.724828,1.788055,0.000000,0.531109,1.167403,1.971321,0.299687,0.196093,0.203274,0.387857,0.211809,0.762403,0.191726,1.958911,0.402456,0.463946,1.943762,0.273114,1.412759,0.000000,0.189033,1.860243,0.201655,0.654212,0.959057,1.878168,0.234489,0.256786,0.506253,1.422983,0.303672,0.186441,0.200414,0.927897,0.456730,0.383875,0.242984,1.729121,1.518220,0.273114,0.456730,1.916711,0.360023,0.365377,1.853219,0.576872,0.343137,0.861046,0.232327,1.972373,0.614489,1.500187,0.218757,0.265662,0.251030,0.780593,1.858092,0.204689,0.402456,0.239274,0.344190,0.201017,0.931344,0.979926,1.862390,0.148429,0.278344,1.966104,0.356091,1.909514,1.986120,0.347469,0.205603,0.215217,0.191694,0.899290,1.623993,0.697015,1.954775,0.327519,0.227034,0.207073,0.201017,0.226242,0.263588,0.462173,0.205424,0.219787
1.644787,1.087782,0.338916,0.581664,0.727554,0.573857,0.553965,0.780786,0.507680,1.858855,0.610443,1.080784,0.684898,1.700242,0.531109,0.000000,1.130521,1.881397,0.701945,0.480375,0.486457,0.720681,0.557780,1.109515,0.580077,1.823396,0.291091,0.133177,1.829285,0.393973,1.602458,0.531109,0.565416,1.814735,0.468320,0.513245,0.565987,1.696426,0.698108,0.732563,0.314289,1.141369,0.756121,0.513362,0.519997,0.500576,0.226063,0.304341,0.566210,1.549656,1.374312,0.393973,0.226063,1.756474,0.690103,0.697318,1.694649,0.336730,0.715352,0.547688,0.552040,1.896850,0.386157,1.218002,0.586991,0.579624,0.670189,0.425610,1.661092,0.592777,0.291091,0.566378,0.645948,0.484908,0.533615,0.562562,1.727985,0.500278,0.670113,1.894009,0.713706,1.751330,1.911180,0.705979,0.576446,0.625961,0.508654,0.691729,1.490541,0.329715,1.856413,0.757139,0.465201,0.485841,0.484908,0.636117,0.617943,0.353724,0.581067,0.507903
1.429197,1.233999,1.128530,1.139129,1.239244,1.138051,1.148731,1.105825,1.007892,1.622513,1.105897,0.258505,1.303510,1.616441,1.167403,1.130521,0.000000,1.623951,1.164276,1.127328,1.126802,1.280945,1.136691,1.445934,1.178064,1.542620,1.114533,1.154271,1.466742,1.112852,1.716037,1.167403,1.192645,1.659313,1.123191,0.975906,1.094608,1.506445,1.181594,1.182753,1.110410,1.035667,1.287572,1.144265,1.121091,1.224135,1.108524,1.122119,1.154613,1.383490,1.351256,1.112852,1.108524,1.389099,1.102496,1.178318,1.552218,1.073588,1.105994,1.108352,1.125959,1.575390,1.057855,1.518127,1.233160,1.177982,1.161297,1.116369,1.479686,1.152895,1.114533,1.208141,1.074274,1.130431,1.118492,1.210749,1.365133,1.146142,1.113504,1.594997,1.235127,1.507105,1.613800,1.145194,1.166287,1.171541,1.141548,0.873974,1.626660,1.098811,1.559224,1.230944,1.118978,1.130474,1.130431,1.149257,1.253561,1.247418,1.148818,1.120385
0.731080,1.357526,1.846678,1.974978,1.961643,1.972996,1.975439,1.531028,1.736921,0.512779,1.959175,1.683968,1.823866,0.883435,1.971321,1.881397,1.623951,0.000000,1.970476,1.968123,1.969713,1.958083,1.975069,1.855468,1.975684,0.463626,1.924419,1.902140,0.459653,1.954712,1.458973,1.971321,1.973777,0.773765,1.966882,1.852265,1.688102,0.618048,1.970059,1.968705,1.894975,1.339954,1.967917,1.971887,1.972358,1.701113,1.909342,1.923299,1.961185,0.931627,1.259429,1.954712,1.909342,0.553041,1.960869,1.961618,0.657274,1.871841,1.969335,1.760092,1.969098,0.407546,1.856473,1.229630,1.973788,1.960606,1.974553,1.783615,0.696354,1.976345,1.924419,1.971295,1.959257,1.968377,1.701302,1.677135,0.743597,1.972554,1.967367,0.444054,1.958033,0.580509,0.336876,1.963682,1.972930,1.977059,1.970863,1.730948,1.112738,1.817457,0.421178,1.970748,1.964112,1.967480,1.968377,1.973654,1.972939,1.903594,1.975678,1.968532
1.885577,1.499203,0.827776,0.213343,0.266786,0.237953,0.238476,1.327054,1.008782,1.915580,0.344753,1.045304,0.911090,1.759613,0.299687,0.701945,1.164276,1.970476,0.000000,0.312207,0.292851,0.326518,0.237046,0.631821,0.219633,1.972620,0.597137,0.618637,1.939162,0.449736,1.344845,0.299687,0.259221,1.830665,0.323222,0.795897,1.132381,1.903728,0.246603,0.230772,0.703672,1.533395,0.309026,0.287255,0.313169,1.099662,0.649269,0.566340,0.378400,1.779290,1.592660,0.449736,0.649269,1.931837,0.296785,0.287031,1.904339,0.765276,0.166609,1.024016,0.315262,1.954675,0.770817,1.610938,0.318715,0.381893,0.184815,0.976136,1.889960,0.215187,0.597137,0.322934,0.309352,0.319007,1.112505,1.131956,1.874034,0.281050,0.228023,1.942245,0.366799,1.940162,1.972645,0.308724,0.210957,0.186794,0.274937,1.039541,1.675075,0.887042,1.960487,0.250559,0.350375,0.331594,0.319007,0.198508,0.324857,0.674924,0.230299,0.313330
1.823797,1.357295,0.591781,0.212763,0.390694,0.219804,0.190684,1.145704,0.810760,1.942576,0.277587,1.043151,0.760297,1.795279,0.196093,0.480375,1.127328,1.968123,0.312207,0.000000,0.125663,0.397630,0.158760,0.829806,0.148342,1.947145,0.349827,0.427802,1.931205,0.222552,1.476967,0.196093,0.200486,1.882363,0.020420,0.601569,0.912872,1.858748,0.332009,0.352519,0.457966,1.374991,0.410383,0.085360,0.152824,0.888600,0.398230,0.332069,0.270862,1.729393,1.502723,0.222552,0.398230,1.894541,0.324457,0.355134,1.854284,0.526750,0.327870,0.811927,0.189538,1.972484,0.561456,1.483451,0.249092,0.277143,0.260245,0.738322,1.851071,0.166386,0.349827,0.223677,0.303103,0.067217,0.892409,0.939241,1.829783,0.148017,0.280098,1.962559,0.378335,1.892618,1.988691,0.381404,0.163751,0.202871,0.056515,0.853864,1.645149,0.652236,1.958220,0.353113,0.099088,0.085850,0.067217,0.223542,0.272791,0.465281,0.161485,0.115852
1.827075,1.363211,0.613475,0.202621,0.387700,0.201595,0.176413,1.148257,0.814203,1.941767,0.260435,1.037872,0.797747,1.793029,0.203274,0.486457,1.126802,1.969713,0.292851,0.125663,0.000000,0.373388,0.087024,0.840577,0.172883,1.946000,0.366316,0.428125,1.930439,0.235126,1.481690,0.203274,0.176230,1.884883,0.127620,0.621008,0.922262,1.861032,0.315786,0.334207,0.478804,1.387338,0.413524,0.096198,0.137035,0.891370,0.411882,0.350337,0.247598,1.740921,1.518816,0.235126,0.411882,1.891124,0.329586,0.331668,1.865832,0.534656,0.305570,0.821345,0.171983,1.971183,0.569739,1.491139,0.242694,0.265196,0.249478,0.755792,1.852155,0.143317,0.366316,0.210487,0.303783,0.102585,0.906691,0.946690,1.829556,0.130988,0.264292,1.962379,0.373008,1.896534,1.989007,0.393623,0.171890,0.185701,0.111164,0.873131,1.655363,0.668609,1.960808,0.352474,0.103276,0.105771,0.102585,0.214558,0.264980,0.488429,0.130730,0.079898
1.890946,1.493498,0.846438,0.364550,0.373474,0.385983,0.362123,1.339802,1.038638,1.902549,0.439466,1.166847,0.915792,1.741239,0.387857,0.720681,1.280945,1.958083,0.326518,0.397630,0.373388,0.000000,0.333201,0.688695,0.319559,1.958019,0.621777,0.644471,1.942226,0.497420,1.321978,0.387857,0.327931,1.827417,0.406714,0.846326,1.145914,1.913170,0.400434,0.388786,0.723517,1.555419,0.386423,0.370877,0.391462,1.095285,0.669807,0.613711,0.461130,1.817012,1.644456,0.497420,0.669807,1.933742,0.416000,0.327032,1.921093,0.798705,0.368891,1.044460,0.411426,1.949725,0.811995,1.605196,0.289728,0.446226,0.299160,0.986360,1.876322,0.315964,0.621777,0.257302,0.460097,0.397403,1.121380,1.136989,1.872578,0.366972,0.406813,1.932523,0.413036,1.927633,1.964918,0.422272,0.313599,0.292916,0.363950,1.095799,1.651101,0.904601,1.955798,0.294711,0.420922,0.406553,0.397403,0.318498,0.222344,0.681245,0.328568,0.392759
1.848714,1.414414,0.682129,0.182357,0.345121,0.182802,0.168838,1.206379,0.875209,1.940464,0.268915,1.040456,0.829834,1.791639,0.211809,0.557780,1.136691,1.975069,0.237046,0.158760,0.087024,0.333201,0.000000,0.789649,0.139517,1.956317,0.438286,0.493174,1.936928,0.298482,1.447404,0.211809,0.161125,1.877441,0.167373,0.663095,0.989507,1.882132,0.277227,0.286267,0.548945,1.428894,0.366295,0.116604,0.163698,0.957517,0.486419,0.421041,0.262284,1.760049,1.544620,0.298482,0.486419,1.907390,0.308518,0.292444,1.883849,0.607027,0.254293,0.880041,0.183220,1.971910,0.626542,1.532735,0.231100,0.273990,0.190101,0.824910,1.873473,0.089432,0.438286,0.203985,0.294751,0.144320,0.972383,1.004636,1.844130,0.152148,0.232510,1.961146,0.346445,1.913423,1.988636,0.356261,0.138647,0.125024,0.123045,0.924782,1.670220,0.739121,1.964826,0.298713,0.161619,0.151174,0.144320,0.163249,0.244913,0.547785,0.077601,0.119415
1.898769,1.717290,1.198257,0.728890,0.546011,0.740815,0.757070,1.622908,1.381278,1.752697,0.852583,1.322338,1.060547,1.584653,0.762403,1.109515,1.445934,1.855468,0.631821,0.829806,0.840577,0.688695,0.789649,0.000000,0.719514,1.915554,1.046885,1.012306,1.897444,0.933408,0.931902,0.762403,0.731765,1.585692,0.840686,1.171093,1.490064,1.911129,0.661670,0.637020,1.123387,1.765278,0.564243,0.818211,0.842013,1.406365,1.097425,1.004475,0.845973,1.754650,1.702662,0.933408,1.097425,1.953235,0.792417,0.714810,1.841285,1.209978,0.728694,1.377306,0.845590,1.831864,1.190085,1.673627,0.753382,0.828966,0.666722,1.348676,1.843490,0.750797,1.046885,0.789664,0.820395,0.852118,1.443921,1.407033,1.930796,0.801220,0.744876,1.807025,0.717029,1.926355,1.823614,0.606079,0.719321,0.703446,0.799969,1.398148,1.511983,1.267025,1.850050,0.606580,0.888050,0.862861,0.852118,0.697240,0.749608,1.005836,0.765975,0.862260
1.862293,1.433936,0.694274,0.174216,0.287615,0.193995,0.171353,1.240442,0.918367,1.934177,0.298932,1.074804,0.796513,1.774353,0.191726,0.580077,1.178064,1.975684,0.219633,0.148342,0.172883,0.319559,0.139517,0.719514,0.000000,1.966205,0.455820,0.508279,1.949027,0.313088,1.398670,0.191726,0.137217,1.857184,0.164082,0.689287,1.020621,1.895874,0.260476,0.269250,0.564430,1.460693,0.313044,0.126191,0.195502,0.984942,0.509971,0.435621,0.296764,1.753016,1.557748,0.313088,0.509971,1.929358,0.304291,0.300208,1.878903,0.637972,0.272062,0.907046,0.227705,1.972900,0.665751,1.534870,0.218480,0.298259,0.161143,0.845683,1.875773,0.106899,0.455820,0.207224,0.308030,0.156271,0.996330,1.028910,1.867407,0.172648,0.245355,1.960091,0.334916,1.925879,1.987270,0.313761,0.076910,0.106292,0.108257,0.955772,1.641243,0.761387,1.965283,0.242393,0.203892,0.173797,0.156271,0.146670,0.226704,0.530774,0.115324,0.184946
0.549193,1.259735,1.774736,1.964252,1.976234,1.962519,1.958947,1.407690,1.654749,0.588001,1.949254,1.633513,1.764788,0.968871,1.958911,1.823396,1.542620,0.463626,1.972620,1.947145,1.946000,1.958019,1.956317,1.915554,1.966205,0.000000,1.871708,1.856261,0.413871,1.917889,1.559570,1.958911,1.962420,0.836709,1.944999,1.779444,1.583288,0.535335,1.972850,1.976148,1.832914,1.198060,1.972041,1.950808,1.947478,1.612726,1.849362,1.875048,1.944875,0.835930,1.118200,1.917889,1.849362,0.433263,1.957087,1.962160,0.588640,1.799727,1.964345,1.644409,1.944653,0.473649,1.789567,1.174866,1.959497,1.945939,1.977279,1.693498,0.565374,1.963477,1.871708,1.952204,1.950908,1.944866,1.601187,1.586294,0.574189,1.951213,1.964816,0.479115,1.954998,0.418438,0.436094,1.954116,1.967481,1.969519,1.952655,1.649979,1.141753,1.737783,0.447239,1.974432,1.936040,1.942170,1.944866,1.974277,1.958314,1.859000,1.960442,1.943143
1.711542,1.158528,0.284665,0.467744,0.634866,0.466621,0.429541,0.920863,0.621721,1.922170,0.445179,1.069612,0.612220,1.778118,0.402456,0.291091,1.114533,1.924419,0.597137,0.349827,0.366316,0.621777,0.438286,1.046885,0.455820,1.871708,0.000000,0.318632,1.880333,0.177171,1.583256,0.402456,0.432013,1.875548,0.339171,0.473564,0.645033,1.760690,0.572312,0.606863,0.126907,1.203243,0.645839,0.366114,0.346831,0.635333,0.100269,0.155101,0.418352,1.618656,1.372160,0.177171,0.100269,1.809369,0.528118,0.618460,1.749495,0.264823,0.588781,0.570825,0.394886,1.939772,0.423686,1.310327,0.438417,0.434710,0.558024,0.441915,1.745278,0.460971,0.000000,0.426181,0.487871,0.337761,0.620516,0.725614,1.762004,0.368977,0.531264,1.941775,0.585065,1.800589,1.958419,0.605580,0.467709,0.500509,0.385198,0.673694,1.566666,0.355758,1.904726,0.622301,0.318248,0.330076,0.337761,0.521987,0.472546,0.288587,0.448278,0.361992
1.689482,1.170931,0.420055,0.508773,0.636120,0.502677,0.484654,0.875901,0.594294,1.865711,0.571429,1.084056,0.698465,1.695161,0.463946,0.133177,1.154271,1.902140,0.618637,0.427802,0.428125,0.644471,0.493174,1.012306,0.508279,1.856261,0.318632,0.000000,1.858019,0.368541,1.539870,0.463946,0.492301,1.803122,0.417660,0.558762,0.683096,1.737791,0.625253,0.657455,0.373902,1.224862,0.674489,0.458237,0.469096,0.590618,0.286596,0.300147,0.526457,1.582499,1.424355,0.368541,0.286596,1.800149,0.642005,0.620181,1.730046,0.421954,0.649418,0.635500,0.502818,1.912175,0.430362,1.270958,0.526545,0.539893,0.592159,0.541383,1.691432,0.525209,0.318632,0.508964,0.600871,0.438624,0.644612,0.639656,1.775920,0.437402,0.608490,1.907245,0.657958,1.794269,1.924679,0.617190,0.500579,0.551350,0.448448,0.762018,1.491808,0.434280,1.878202,0.678165,0.425237,0.442205,0.438624,0.560787,0.558283,0.353650,0.515567,0.461197
0.633918,1.316633,1.800097,1.941053,1.952283,1.940995,1.940642,1.418593,1.649906,0.596185,1.929671,1.546803,1.806773,0.956098,1.943762,1.829285,1.466742,0.459653,1.939162,1.931205,1.930439,1.942226,1.936928,1.897444,1.949027,0.413871,1.880333,1.858019,0.000000,1.915455,1.559384,1.943762,1.949672,0.820997,1.929049,1.775691,1.604335,0.594403,1.951773,1.950802,1.849086,1.222866,1.958424,1.936518,1.932832,1.650332,1.857842,1.882871,1.934949,0.863730,1.190630,1.915455,1.857842,0.424794,1.929240,1.934357,0.685415,1.807693,1.927851,1.674094,1.928500,0.489699,1.782145,1.281023,1.954063,1.936339,1.949838,1.719489,0.646594,1.943215,1.880333,1.945586,1.924525,1.930166,1.623493,1.613625,0.593222,1.936587,1.939040,0.496242,1.943367,0.522443,0.464899,1.945467,1.946310,1.948822,1.936198,1.650567,1.246180,1.756779,0.500537,1.957901,1.922451,1.929153,1.930166,1.947540,1.952480,1.882981,1.940831,1.927931
1.777830,1.269703,0.436355,0.329459,0.502150,0.335723,0.290844,1.047692,0.728801,1.943449,0.323584,1.044853,0.674761,1.793834,0.273114,0.393973,1.112852,1.954712,0.449736,0.222552,0.235126,0.497420,0.298482,0.933408,0.313088,1.917889,0.177171,0.368541,1.915455,0.000000,1.523103,0.273114,0.290840,1.887095,0.215539,0.534790,0.790599,1.820809,0.436109,0.464474,0.282827,1.301826,0.520517,0.225220,0.186859,0.775943,0.256236,0.197121,0.315483,1.679225,1.440644,0.000000,0.256236,1.860234,0.396918,0.484374,1.810066,0.388477,0.444090,0.692570,0.260647,1.960157,0.487082,1.407933,0.317795,0.337341,0.409141,0.599355,1.804613,0.314707,0.177171,0.298825,0.364107,0.205598,0.768946,0.851312,1.808793,0.232918,0.391687,1.963434,0.471759,1.855317,1.981706,0.477566,0.324430,0.352513,0.251252,0.757761,1.609119,0.510955,1.936061,0.476195,0.196827,0.198885,0.205598,0.375101,0.350002,0.352697,0.304131,0.229523
1.680538,1.820485,1.644735,1.395542,1.252592,1.402765,1.414204,1.814215,1.755070,1.304196,1.492508,1.632893,1.460429,1.151791,1.412759,1.602458,1.716037,1.458973,1.344845,1.476967,1.481690,1.321978,1.447404,0.931902,1.398670,1.559570,1.583256,1.539870,1.559384,1.523103,0.000000,1.412759,1.401359,1.094429,1.483631,1.650491,1.794949,1.642592,1.334448,1.323095,1.620335,1.856872,1.238384,1.465779,1.475627,1.718531,1.610439,1.562117,1.467866,1.538110,1.677625,1.523103,1.610439,1.685013,1.441254,1.381322,1.527451,1.681549,1.386064,1.715375,1.476637,1.413478,1.623008,1.628032,1.396649,1.467130,1.364848,1.724577,1.528897,1.419239,1.583256,1.427924,1.463449,1.489354,1.756368,1.687117,1.723197,1.446057,1.411846,1.390804,1.388399,1.576919,1.368245,1.289573,1.401924,1.388702,1.460011,1.740179,1.281535,1.690071,1.459917,1.308200,1.514469,1.495777,1.489354,1.388120,1.387064,1.509930,1.425852,1.498392
1.841603,1.391830,0.629737,0.138242,0.263237,0.142432,0.145331,1.195413,0.879013,1.942205,0.303438,1.076289,0.724828,1.788055,0.000000,0.531109,1.167403,1.971321,0.299687,0.196093,0.203274,0.387857,0.211809,0.762403,0.191726,1.958911,0.402456,0.463946,1.943762,0.273114,1.412759,0.000000,0.189033,1.860243,0.201655,0.654212,0.959057,1.878168,0.234489,0.256786,0.506253,1.422983,0.303672,0.186441,0.200414,0.927897,0.456730,0.383875,0.242984,1.729121,1.518220,0.273114,0.456730,1.916711,0.360023,0.365377,1.853219,0.576872,0.343137,0.861046,0.232327,1.972373,0.614489,1.500187,0.218757,0.265662,0.251030,0.780593,1.858092,0.204689,0.402456,0.239274,0.344190,0.201017,0.931344,0.979926,1.862390,0.148429,0.278344,1.966104,0.356091,1.909514,1.986120,0.347469,0.205603,0.215217,0.191694,0.899290,1.623993,0.697015,1.954775,0.327519,0.227034,0.207073,0.201017,0.226242,0.263588,0.462173,0.205424,0.219787
1.852359,1.417248,0.659546,0.195884,0.299464,0.212897,0.179458,1.219504,0.890692,1.932653,0.302114,1.091853,0.753586,1.767380,0.189033,0.565416,1.192645,1.973777,0.259221,0.200486,0.176230,0.327931,0.161125,0.731765,0.137217,1.962420,0.432013,0.492301,1.949672,0.290840,1.401359,0.189033,0.000000,1.849862,0.210447,0.659533,0.995802,1.893209,0.275450,0.289790,0.535950,1.446394,0.320541,0.155202,0.195140,0.952957,0.491330,0.408444,0.280539,1.738194,1.547517,0.290840,0.491330,1.929505,0.332676,0.338726,1.866619,0.609658,0.304885,0.874240,0.236405,1.972578,0.651906,1.509471,0.188991,0.281626,0.199617,0.818385,1.863837,0.140558,0.432013,0.198328,0.330571,0.192029,0.967276,0.997233,1.870410,0.164453,0.278591,1.961095,0.336002,1.921948,1.987791,0.322936,0.138819,0.140433,0.173952,0.938710,1.612183,0.731340,1.961011,0.242423,0.225193,0.197742,0.192029,0.183187,0.209584,0.486286,0.146272,0.206401
1.013428,1.523405,1.813358,1.852671,1.789993,1.855005,1.862131,1.601382,1.750343,0.490926,1.902898,1.655695,1.677356,0.588553,1.860243,1.814735,1.659313,0.773765,1.830665,1.882363,1.884883,1.827417,1.877441,1.585692,1.857184,0.836709,1.875548,1.803122,0.820997,1.887095,1.094429,1.860243,1.849862,0.000000,1.883412,1.787865,1.750465,1.024454,1.843283,1.842710,1.863983,1.534599,1.799367,1.884497,1.894550,1.712624,1.867405,1.861197,1.889978,0.868705,1.425431,1.887095,1.867405,1.034518,1.872742,1.847941,0.825394,1.867642,1.857003,1.750883,1.897255,0.726406,1.836514,1.321269,1.861336,1.888406,1.847239,1.801079,0.812105,1.870375,1.875548,1.874408,1.877353,1.890303,1.721378,1.638117,1.159232,1.873265,1.875945,0.619267,1.861694,0.975569,0.623730,1.791685,1.854662,1.858520,1.878188,1.797066,0.922614,1.801665,0.735917,1.832679,1.899025,1.894482,1.890303,1.854775,1.861863,1.810450,1.870823,1.900145
1.819245,1.348187,0.580955,0.222261,0.401323,0.227836,0.199523,1.135050,0.798456,1.942167,0.279105,1.040399,0.757399,1.794983,0.201655,0.468320,1.123191,1.966882,0.323222,0.020420,0.127620,0.406714,0.167373,0.840686,0.164082,1.944999,0.339171,0.417660,1.929049,0.215539,1.483631,0.201655,0.210447,1.883412,0.000000,0.593052,0.901240,1.854262,0.342289,0.363883,0.447258,1.366967,0.422272,0.095190,0.157101,0.876854,0.386251,0.322134,0.271419,1.726537,1.497944,0.215539,0.386251,1.890764,0.329993,0.361590,1.851794,0.516117,0.336166,0.802200,0.195176,1.971760,0.549766,1.476558,0.256647,0.278959,0.272271,0.726843,1.846855,0.177644,0.339171,0.232043,0.306235,0.072530,0.880804,0.928436,1.826504,0.153422,0.287556,1.962207,0.386145,1.888932,1.988163,0.389610,0.176317,0.215200,0.073027,0.845310,1.644254,0.640284,1.957397,0.367436,0.096409,0.088661,0.072530,0.233800,0.281636,0.459030,0.172068,0.118513
1.595254,1.090464,0.427763,0.691498,0.826014,0.679624,0.676026,0.825733,0.503898,1.832468,0.688947,0.962684,0.614817,1.697815,0.654212,0.513245,0.975906,1.852265,0.795897,0.601569,0.621008,0.846326,0.663095,1.171093,0.689287,1.779444,0.473564,0.558762,1.775691,0.534790,1.650491,0.654212,0.659533,1.787865,0.593052,0.000000,0.619476,1.694401,0.770371,0.797859,0.445931,1.027399,0.846428,0.626787,0.631403,0.674908,0.462532,0.482826,0.648143,1.445346,1.304383,0.534790,0.462532,1.714580,0.740833,0.815024,1.627022,0.446069,0.779285,0.474141,0.660235,1.864582,0.512847,1.274853,0.695917,0.646926,0.754415,0.496412,1.642913,0.687006,0.473564,0.684267,0.693743,0.605710,0.572880,0.658042,1.660384,0.632574,0.737784,1.849415,0.770884,1.708875,1.882009,0.752403,0.688789,0.717947,0.630757,0.588138,1.526444,0.431885,1.809888,0.818877,0.594455,0.602854,0.605710,0.722304,0.730143,0.547067,0.675854,0.625400
1.349732,0.730696,0.452814,1.012374,1.159254,1.003404,0.984806,0.380546,0.410767,1.728178,0.967681,1.143729,0.779376,1.643953,0.959057,0.565987,1.094608,1.688102,1.132381,0.912872,0.922262,1.145914,0.989507,1.490064,1.020621,1.583288,0.645033,0.683096,1.604335,0.790599,1.794949,0.959057,0.995802,1.750465,0.901240,0.619476,0.000000,1.428429,1.102678,1.135593,0.559404,0.750112,1.172401,0.936837,0.927769,0.362995,0.578347,0.684799,0.937474,1.305953,1.110804,0.790599,0.578347,1.482675,1.051433,1.131609,1.426479,0.451539,1.111648,0.403889,0.945476,1.726625,0.601973,0.963308,0.998224,0.949584,1.104411,0.252448,1.431028,1.021862,0.645033,0.983718,1.004979,0.903519,0.162462,0.439518,1.453319,0.935057,1.059628,1.735943,1.089152,1.473878,1.748402,1.134555,1.024806,1.060528,0.947029,0.557598,1.404192,0.349428,1.652895,1.171136,0.876745,0.896760,0.903519,1.070032,1.027791,0.680643,1.008002,0.918718
0.499505,1.078349,1.651105,1.885212,1.923490,1.880817,1.878438,1.238491,1.503676,0.792971,1.856454,1.597939,1.707370,1.073397,1.878168,1.696426,1.506445,0.618048,1.903728,1.858748,1.861032,1.913170,1.882132,1.911129,1.895874,0.535335,1.760690,1.737791,0.594403,1.820809,1.642592,1.878168,1.893209,1.024454,1.854262,1.694401,1.428429,0.000000,1.904390,1.914724,1.717320,1.083733,1.921867,1.867419,1.863464,1.446820,1.731532,1.759451,1.852352,0.849486,0.875847,1.820809,1.731532,0.483405,1.875918,1.896270,0.599348,1.676058,1.891544,1.520812,1.857375,0.677693,1.664053,1.024022,1.890305,1.858465,1.922352,1.561694,0.693902,1.893162,1.760690,1.888067,1.860266,1.856714,1.456053,1.430092,0.632437,1.866639,1.885279,0.730734,1.891589,0.472519,0.702734,1.910692,1.897234,1.905267,1.869117,1.530674,1.190609,1.603343,0.654873,1.929212,1.842657,1.853191,1.856714,1.911603,1.902393,1.753306,1.888519,1.855560
1.880578,1.488910,0.793415,0.197029,0.210944,0.163584,0.246323,1.319166,1.016927,1.930495,0.316153,1.078697,0.837079,1.781593,0.234489,0.698108,1.181594,1.970059,0.246603,0.332009,0.315786,0.400434,0.277227,0.661670,0.260476,1.972850,0.572312,0.625253,1.951773,0.436109,1.334448,0.234489,0.275450,1.843283,0.342289,0.770371,1.102678,1.904390,0.000000,0.078132,0.672402,1.508179,0.257178,0.307554,0.326206,1.084114,0.625496,0.555516,0.262477,1.768061,1.555255,0.436109,0.625496,1.934625,0.341842,0.341259,1.883333,0.730456,0.290987,0.987112,0.334729,1.961896,0.770500,1.581160,0.294869,0.290814,0.236839,0.935864,1.899367,0.261124,0.572312,0.337146,0.337944,0.332357,1.082674,1.117489,1.876655,0.287328,0.222723,1.950673,0.302945,1.933112,1.974343,0.320469,0.269365,0.243247,0.305683,1.009522,1.653131,0.861135,1.955904,0.286549,0.363365,0.340248,0.332357,0.243937,0.334429,0.633365,0.271539,0.332556
1.889410,1.513605,0.829169,0.213096,0.195166,0.194852,0.261702,1.347832,1.045327,1.929504,0.332396,1.077281,0.866472,1.782183,0.256786,0.732563,1.182753,1.968705,0.230772,0.352519,0.334207,0.388786,0.286267,0.637020,0.269250,1.976148,0.606863,0.657455,1.950802,0.464474,1.323095,0.256786,0.289790,1.842710,0.363883,0.797859,1.135593,1.914724,0.078132,0.000000,0.706314,1.530434,0.254453,0.324701,0.339843,1.116280,0.661349,0.586227,0.307478,1.782990,1.578091,0.464474,0.661349,1.938143,0.342964,0.332525,1.895966,0.763905,0.280185,1.022513,0.345253,1.960144,0.795426,1.603693,0.316335,0.322531,0.222169,0.971565,1.907436,0.266290,0.606863,0.348231,0.346637,0.352895,1.116150,1.151996,1.881439,0.307638,0.217515,1.949499,0.308833,1.939363,1.972388,0.321141,0.274864,0.242244,0.322184,1.032045,1.667006,0.895902,1.955802,0.272142,0.383638,0.360457,0.352895,0.235558,0.343721,0.668252,0.277933,0.348114
1.660200,1.092967,0.180724,0.575639,0.733109,0.573675,0.538863,0.847217,0.573919,1.904095,0.539188,1.085860,0.570191,1.768423,0.506253,0.314289,1.110410,1.894975,0.703672,0.457966,0.478804,0.723517,0.548945,1.123387,0.564430,1.832914,0.126907,0.373902,1.849086,0.282827,1.620335,0.506253,0.535950,1.863983,0.447258,0.445931,0.559404,1.717320,0.672402,0.706314,0.000000,1.132623,0.742572,0.475150,0.453601,0.565199,0.142305,0.211522,0.515342,1.567381,1.315178,0.282827,0.142305,1.769344,0.618701,0.723029,1.697943,0.219655,0.690205,0.497440,0.498133,1.916706,0.417209,1.246743,0.539089,0.530378,0.664698,0.348099,1.701596,0.569476,0.126907,0.529553,0.576946,0.447132,0.529492,0.667325,1.724979,0.480459,0.630074,1.921343,0.678955,1.755649,1.935859,0.694172,0.576975,0.608607,0.495221,0.618235,1.533446,0.262881,1.871886,0.722049,0.425288,0.437350,0.447132,0.627828,0.572743,0.299783,0.556091,0.469685
0.952533,0.773692,1.044584,1.445260,1.563902,1.436326,1.428094,0.628293,0.822489,1.440566,1.423084,1.162182,1.215633,1.487964,1.422983,1.141369,1.035667,1.339954,1.533395,1.374991,1.387338,1.555419,1.428894,1.765278,1.460693,1.198060,1.203243,1.224862,1.222866,1.301826,1.856872,1.422983,1.446394,1.534599,1.366967,1.027399,0.750112,1.083733,1.508179,1.530434,1.132623,0.000000,1.565750,1.395607,1.390515,0.901690,1.158044,1.217710,1.393040,0.995590,0.955397,1.301826,1.158044,1.069675,1.474145,1.525454,1.076463,1.060426,1.505853,0.853620,1.394673,1.378679,1.076971,1.002050,1.460595,1.403512,1.507586,0.909607,1.143599,1.450585,1.203243,1.444367,1.439717,1.370694,0.788577,0.844853,1.072406,1.395840,1.481093,1.407407,1.501676,1.093467,1.402574,1.505484,1.460139,1.480326,1.400799,0.757426,1.277200,0.971531,1.281755,1.550173,1.348551,1.364890,1.370694,1.485509,1.482263,1.235068,1.439919,1.376600
1.897329,1.541112,0.851882,0.288089,0.199575,0.302716,0.307200,1.382162,1.081834,1.909440,0.474644,1.182611,0.826426,1.750750,0.303672,0.756121,1.287572,1.967917,0.309026,0.410383,0.413524,0.386423,0.366295,0.564243,0.313044,1.972041,0.645839,0.674489,1.958424,0.520517,1.238384,0.303672,0.320541,1.799367,0.422272,0.846428,1.172401,1.921867,0.257178,0.254453,0.742572,1.565750,0.000000,0.384770,0.414203,1.117740,0.698765,0.625341,0.423998,1.770788,1.587684,0.520517,0.698765,1.965292,0.456184,0.409312,1.878955,0.820888,0.379638,1.047619,0.413119,1.958208,0.824945,1.605731,0.328084,0.423245,0.297015,0.998152,1.902092,0.327470,0.645839,0.366322,0.474299,0.419151,1.138650,1.145160,1.901757,0.347956,0.384895,1.937991,0.394790,1.939746,1.961189,0.336884,0.330133,0.295683,0.383421,1.093439,1.622725,0.924454,1.952825,0.276299,0.453667,0.425882,0.419151,0.319678,0.338855,0.638628,0.339481,0.427112
1.831578,1.379487,0.612035,0.194626,0.371755,0.208789,0.164978,1.171428,0.842244,1.947083,0.264623,1.057773,0.768640,1.800253,0.186441,0.513362,1.144265,1.971887,0.287255,0.085360,0.096198,0.370877,0.116604,0.818211,0.126191,1.950808,0.366114,0.458237,1.936518,0.225220,1.465779,0.186441,0.155202,1.884497,0.095190,0.626787,0.936837,1.867419,0.307554,0.324701,0.475150,1.395607,0.384770,0.000000,0.119135,0.910984,0.421125,0.348276,0.261932,1.740057,1.507350,0.225220,0.421125,1.903279,0.309005,0.345751,1.863043,0.543525,0.297966,0.827127,0.160469,1.975004,0.586763,1.499286,0.220216,0.274946,0.238380,0.760727,1.860915,0.114496,0.366114,0.195752,0.294356,0.056239,0.917947,0.967801,1.837960,0.127580,0.258797,1.966152,0.370047,1.902053,1.991785,0.372612,0.148166,0.159468,0.073407,0.874386,1.649583,0.677118,1.963465,0.320086,0.088149,0.056649,0.056239,0.206525,0.241187,0.476359,0.105842,0.075547
