0.000000,1.041693,1.581149,1.856231,1.892875,1.851974,1.845827,1.132411,1.410930,0.849980,1.833137,1.544026,1.604007,1.105604,1.844566,1.658385,1.429583,0.699514,1.880396,1.822469,1.827633,1.890475,1.847866,1.898127,1.861449,0.561569,1.719806,1.701441,0.610256,1.781394,1.706405,1.844566,1.850976,1.005833,1.818042,1.605558,1.345115,0.541876,1.882733,1.889884,1.665724,0.953206,1.903793,1.829780,1.828482,1.394405,1.691549,1.706073,1.815631,0.713827,0.903367,1.781394,1.691549,0.562625,1.861284,1.889460,0.564785,1.602499,1.870540,1.414824,1.824506,0.764352,1.621710,0.975006,1.853743,1.817735,1.888112,1.486727,0.669705,1.859183,1.719806,1.846160,1.844539,1.819031,1.361038,1.343846,0.711046,1.833619,1.868821,0.783530,1.864990,0.552801,0.761991,1.866729,1.865077,1.872396,1.834458,1.464801,1.168894,1.531379,0.655632,1.897208,1.804601,1.814498,1.819031,1.876089,1.867687,1.712524,1.853398,1.820999
1.041693,0.000000,1.065015,1.472528,1.569319,1.469799,1.458071,0.727356,0.926408,1.381413,1.402240,1.275323,1.222414,1.381128,1.439636,1.165016,1.203281,1.316990,1.538251,1.403263,1.407116,1.530387,1.453373,1.757006,1.474391,1.217331,1.220120,1.245376,1.273147,1.320829,1.831499,1.439636,1.452188,1.495548,1.394915,1.125868,0.790611,1.000778,1.532143,1.556742,1.150357,0.793376,1.589040,1.420915,1.417481,0.885370,1.178642,1.254204,1.399222,1.068676,1.042672,1.320829,1.178642,1.112040,1.457530,1.518234,1.120999,1.082568,1.513574,0.978273,1.435234,1.349823,1.176204,0.821506,1.456420,1.409427,1.525018,0.928301,1.077848,1.477346,1.220120,1.446501,1.430197,1.394580,0.827029,0.917763,1.122339,1.424007,1.489289,1.375839,1.507712,1.152378,1.403998,1.563240,1.478048,1.502369,1.426633,1.051498,1.283330,0.996154,1.306060,1.558200,1.376158,1.390694,1.394580,1.501956,1.474225,1.228993,1.469828,1.404773
1.581149,1.065015,0.000000,0.701474,0.849135,0.703630,0.663567,0.743671,0.505490,1.846881,0.680747,1.097693,0.506895,1.706024,0.639557,0.352436,1.108987,1.845998,0.830080,0.593117,0.620639,0.850049,0.682542,1.212692,0.693505,1.778771,0.300233,0.434666,1.792150,0.442155,1.645693,0.639557,0.653533,1.813439,0.583381,0.407476,0.471588,1.598059,0.803074,0.838067,0.186857,1.065029,0.872768,0.611328,0.598722,0.449667,0.278239,0.316685,0.643933,1.445374,1.186883,0.442155,0.278239,1.720371,0.760353,0.839044,1.596189,0.279172,0.813564,0.404222,0.631251,1.872164,0.474014,1.163763,0.664550,0.657145,0.792211,0.256782,1.632124,0.700957,0.300233,0.672248,0.719014,0.587819,0.408584,0.526005,1.673563,0.614554,0.765059,1.866194,0.813170,1.706793,1.892216,0.847086,0.706600,0.737460,0.629879,0.581264,1.488619,0.139498,1.816376,0.829265,0.566865,0.577504,0.587819,0.754878,0.709273,0.369445,0.686994,0.611646
1.856231,1.472528,0.701474,0.000000,0.255870,0.088892,0.081447,1.237459,0.914792,1.929934,0.325197,1.011108,0.807352,1.763941,0.138390,0.554700,1.125093,1.981041,0.223422,0.215387,0.204578,0.366716,0.182596,0.733234,0.171485,1.963979,0.454363,0.481522,1.944362,0.327151,1.374895,0.138390,0.193516,1.855763,0.224617,0.678229,1.021446,1.860371,0.200834,0.216723,0.570782,1.455837,0.306115,0.199745,0.227483,0.984110,0.499956,0.438589,0.298223,1.737442,1.518922,0.327151,0.499956,1.918636,0.340730,0.294933,1.868380,0.646465,0.268042,0.904873,0.231722,1.969818,0.634638,1.566222,0.252489,0.309631,0.208153,0.851360,1.873616,0.175533,0.454363,0.272039,0.329173,0.222258,0.998403,1.012521,1.860327,0.141859,0.237702,1.957733,0.356078,1.925538,1.983620,0.361177,0.174903,0.176147,0.191142,0.904848,1.641040,0.761590,1.960224,0.280160,0.256013,0.235514,0.222258,0.197104,0.287672,0.527021,0.181367,0.230158
1.892875,1.569319,0.849135,0.255870,0.000000,0.260960,0.305244,1.366501,1.076672,1.901149,0.459717,1.094351,0.840779,1.720842,0.263091,0.705442,1.224748,1.970033,0.289988,0.401472,0.395987,0.374327,0.354103,0.547645,0.297943,1.975089,0.625732,0.613014,1.955566,0.502868,1.219635,0.263091,0.312317,1.792278,0.410955,0.823714,1.172590,1.907988,0.213686,0.198014,0.733193,1.573564,0.204385,0.386146,0.409376,1.113454,0.674762,0.611048,0.423745,1.759842,1.595300,0.502868,0.674762,1.957887,0.447823,0.350749,1.883547,0.824201,0.384242,1.056455,0.423920,1.953935,0.781924,1.609532,0.349574,0.428630,0.252461,1.003209,1.880363,0.322025,0.625732,0.392534,0.457751,0.418011,1.137730,1.133526,1.915027,0.351172,0.340649,1.939944,0.383888,1.955107,1.958544,0.319169,0.294316,0.281965,0.373332,1.060597,1.591191,0.916853,1.950286,0.284773,0.456509,0.430999,0.418011,0.273080,0.367289,0.632225,0.336424,0.428799
1.851974,1.469799,0.703630,0.088892,0.260960,0.000000,0.145051,1.228864,0.910811,1.928927,0.304977,1.010893,0.810561,1.766641,0.150215,0.552931,1.120547,1.977915,0.249596,0.229382,0.214274,0.384988,0.190943,0.744148,0.198722,1.964034,0.460244,0.481090,1.943963,0.340638,1.379010,0.150215,0.219527,1.856982,0.237018,0.669525,1.017528,1.858843,0.161466,0.192513,0.575666,1.449556,0.323493,0.221671,0.249975,0.983736,0.501715,0.449539,0.246302,1.736875,1.510637,0.340638,0.501715,1.914691,0.344214,0.303374,1.865091,0.646636,0.289452,0.896570,0.254306,1.969174,0.629856,1.554298,0.255695,0.265108,0.221085,0.850560,1.878259,0.198413,0.460244,0.286092,0.322612,0.239104,0.995547,1.003460,1.856985,0.178809,0.223934,1.954986,0.324915,1.922458,1.981863,0.361918,0.196763,0.199139,0.206493,0.906201,1.643963,0.761742,1.956609,0.304129,0.268516,0.252680,0.239104,0.205338,0.304060,0.543504,0.204369,0.245085
1.845827,1.458071,0.663567,0.081447,0.305244,0.145051,0.000000,1.214268,0.887455,1.935362,0.325595,1.029022,0.788443,1.770515,0.149015,0.528367,1.136652,1.980237,0.246665,0.191231,0.178415,0.369238,0.169143,0.765517,0.167091,1.958464,0.413369,0.460574,1.942403,0.284453,1.398371,0.149015,0.171687,1.866230,0.199730,0.661317,0.990615,1.849655,0.253223,0.268921,0.529807,1.437553,0.330068,0.165074,0.186018,0.948875,0.462102,0.394087,0.302167,1.730463,1.500018,0.284453,0.462102,1.914840,0.346269,0.314729,1.861067,0.608798,0.278791,0.872552,0.186171,1.972829,0.611625,1.551427,0.237032,0.307446,0.233857,0.815218,1.869189,0.166776,0.413369,0.248683,0.336079,0.188643,0.968648,0.985745,1.853138,0.086368,0.264795,1.961465,0.369299,1.918492,1.986640,0.391656,0.178316,0.180937,0.171756,0.883033,1.643635,0.726570,1.961351,0.289958,0.219528,0.197820,0.188643,0.218368,0.269193,0.488341,0.165481,0.196218
1.132411,0.727356,0.743671,1.237459,1.366501,1.228864,1.214268,0.000000,0.491034,1.531697,1.194905,1.155787,0.998127,1.474150,1.205746,0.807783,1.087267,1.517632,1.323817,1.144438,1.153918,1.350782,1.207751,1.630932,1.237429,1.411160,0.941563,0.899953,1.404034,1.060579,1.838148,1.205746,1.216278,1.591148,1.135001,0.834131,0.368086,1.177712,1.326273,1.353573,0.861647,0.688850,1.403709,1.167887,1.170944,0.508564,0.877126,0.947782,1.173918,1.085120,1.006594,1.060579,0.877126,1.289985,1.273895,1.323664,1.224329,0.741886,1.302282,0.597583,1.180734,1.546577,0.840995,0.828600,1.232629,1.188683,1.311323,0.587178,1.247328,1.240344,0.941563,1.220683,1.226974,1.139465,0.403773,0.433480,1.275233,1.175215,1.276584,1.542872,1.320098,1.304138,1.583709,1.356728,1.239286,1.274319,1.170643,0.736286,1.362140,0.634439,1.463828,1.368140,1.112583,1.134256,1.139465,1.278188,1.267562,0.981518,1.226728,1.152038
1.410930,0.926408,0.505490,0.914792,1.076672,0.910811,0.887455,0.491034,0.000000,1.716112,0.879085,0.988655,0.853059,1.603469,0.892368,0.525980,0.966399,1.729991,1.011205,0.812585,0.821370,1.055273,0.878970,1.402313,0.919257,1.650424,0.635250,0.614278,1.640866,0.742529,1.769908,0.892368,0.891956,1.750636,0.801386,0.526211,0.378257,1.450380,1.024769,1.052055,0.579413,0.851076,1.111610,0.839166,0.848855,0.469291,0.575843,0.633091,0.867794,1.338785,1.176939,0.742529,0.575843,1.534018,0.967418,1.020062,1.495588,0.481074,0.984641,0.435557,0.861539,1.747261,0.542870,1.106030,0.922908,0.882006,0.995218,0.435137,1.497557,0.913791,0.635250,0.903502,0.909862,0.810819,0.382189,0.374908,1.478295,0.842447,0.960497,1.732873,1.026520,1.546557,1.779647,1.051832,0.915857,0.951543,0.841044,0.544559,1.496651,0.404231,1.689742,1.058682,0.780763,0.804843,0.810819,0.957694,0.961467,0.714280,0.900734,0.819849
0.849980,1.381413,1.846881,1.929934,1.901149,1.928927,1.935362,1.531697,1.716112,0.000000,1.942573,1.649529,1.793680,0.536532,1.936557,1.849839,1.619011,0.522065,1.912870,1.935379,1.935644,1.902497,1.935920,1.753429,1.928884,0.585163,1.915993,1.856792,0.604434,1.937918,1.338704,1.936557,1.929572,0.485042,1.935019,1.829293,1.703488,0.835764,1.926135,1.925772,1.896487,1.430407,1.904773,1.940792,1.950678,1.709549,1.899231,1.909976,1.938441,0.892030,1.396881,1.937918,1.899231,0.743786,1.935459,1.914138,0.751414,1.871769,1.923738,1.750802,1.949481,0.406933,1.855208,1.255969,1.936058,1.939898,1.925467,1.793467,0.692156,1.936637,1.915993,1.934212,1.934599,1.939341,1.704759,1.652190,0.799783,1.937295,1.936541,0.242257,1.929380,0.645825,0.434433,1.888963,1.926154,1.932587,1.933630,1.789040,1.062999,1.816315,0.494207,1.927454,1.940649,1.942270,1.939341,1.928664,1.933626,1.883292,1.936285,1.944495
1.833137,1.402240,0.680747,0.325197,0.459717,0.304977,0.325595,1.194905,0.879085,1.942573,0.000000,1.003509,0.852986,1.808941,0.322203,0.586317,1.087674,1.960281,0.359856,0.286553,0.274883,0.445042,0.279588,0.871906,0.313017,1.947973,0.437804,0.548509,1.927551,0.327983,1.486072,0.322203,0.315494,1.905850,0.286761,0.674678,0.970554,1.832090,0.334428,0.352168,0.536233,1.421148,0.508306,0.280320,0.266195,0.968854,0.485254,0.460030,0.238745,1.752148,1.478244,0.327983,0.485254,1.878480,0.212195,0.390278,1.869079,0.587956,0.316915,0.874337,0.306315,1.962632,0.645832,1.541146,0.318541,0.251864,0.335606,0.811355,1.872596,0.294667,0.437804,0.320069,0.184607,0.277365,0.967298,1.013265,1.810419,0.298091,0.219313,1.952453,0.305686,1.899521,1.980763,0.492787,0.309440,0.311882,0.281026,0.879705,1.686631,0.735953,1.943680,0.393825,0.283940,0.281251,0.277365,0.312024,0.351089,0.590146,0.304367,0.272505
1.544026,1.275323,1.097693,1.011108,1.094351,1.010893,1.029022,1.155787,0.988655,1.649529,1.003509,0.000000,1.278162,1.576117,1.047352,1.031137,0.266705,1.693984,1.012427,1.009872,1.005211,1.149041,1.009592,1.297592,1.041471,1.643354,1.036739,1.035486,1.570580,1.021270,1.629871,1.047352,1.062108,1.658379,1.007245,0.927066,1.117248,1.608753,1.055888,1.051889,1.057094,1.156808,1.161521,1.026417,1.019083,1.212526,1.029799,1.048081,1.057757,1.442181,1.471961,1.021270,1.029799,1.513337,0.984245,1.036246,1.635665,1.035757,0.971850,1.109151,1.033018,1.652836,0.996792,1.559457,1.121491,1.080634,1.019070,1.105774,1.554832,1.024272,1.036739,1.091825,0.951376,1.013842,1.133649,1.189985,1.492824,1.030120,0.990011,1.651152,1.123354,1.632382,1.683811,1.000664,1.026590,1.037535,1.016085,0.899691,1.608181,1.073210,1.631512,1.097722,1.010505,1.019192,1.013842,1.011126,1.138323,1.168132,1.021838,1.009785
1.604007,1.222414,0.506895,0.807352,0.840779,0.810561,0.788443,0.998127,0.853059,1.793680,0.852986,1.278162,0.000000,1.650546,0.736038,0.685427,1.292629,1.825757,0.926964,0.770464,0.811186,0.922458,0.839061,1.081031,0.806349,1.765598,0.619533,0.700837,1.793333,0.679005,1.452229,0.736038,0.759664,1.673790,0.767908,0.601716,0.793916,1.653302,0.852771,0.883927,0.574118,1.218820,0.841526,0.780599,0.777765,0.749476,0.636580,0.614898,0.794210,1.403696,1.225476,0.679005,0.636580,1.778781,0.891757,0.951584,1.540785,0.665050,0.941747,0.706635,0.803151,1.840320,0.764967,1.212508,0.752016,0.794538,0.875091,0.630992,1.610341,0.830492,0.619533,0.803098,0.874393,0.779203,0.688428,0.759779,1.745870,0.768888,0.880628,1.823439,0.878793,1.724614,1.836044,0.866063,0.826330,0.841567,0.794201,0.843785,1.351818,0.576673,1.777386,0.874139,0.783827,0.773429,0.779203,0.854120,0.796779,0.506663,0.822711,0.810452
1.105604,1.381128,1.706024,1.763941,1.720842,1.766641,1.770515,1.474150,1.603469,0.536532,1.808941,1.576117,1.650546,0.000000,1.772891,1.680488,1.607857,0.915347,1.748006,1.778232,1.777631,1.733092,1.777641,1.573395,1.757556,0.982312,1.762786,1.675298,0.985090,1.780300,1.189289,1.772891,1.754997,0.596036,1.778334,1.688624,1.618007,1.101268,1.767182,1.768417,1.753010,1.501060,1.736348,1.783921,1.802967,1.590579,1.746543,1.757263,1.793037,0.939435,1.505383,1.780300,1.746543,1.101083,1.798676,1.751935,0.975644,1.748735,1.772833,1.630318,1.811112,0.843587,1.715231,1.208733,1.776415,1.794069,1.759112,1.674639,0.899440,1.776712,1.762786,1.776087,1.794378,1.783430,1.601892,1.517294,1.145858,1.773746,1.791162,0.738733,1.784915,0.996453,0.858839,1.721692,1.753982,1.769062,1.774422,1.733156,0.996954,1.684597,0.879368,1.765840,1.793300,1.790776,1.783430,1.765263,1.771482,1.707992,1.775785,1.799104
1.844566,1.439636,0.639557,0.138390,0.263091,0.150215,0.149015,1.205746,0.892368,1.936557,0.322203,1.047352,0.736038,1.772891,0.000000,0.509200,1.150864,1.977799,0.305230,0.202307,0.209802,0.388147,0.212280,0.763427,0.188329,1.959867,0.392942,0.441720,1.945301,0.274439,1.388812,0.000000,0.184324,1.861816,0.207440,0.646585,0.974875,1.853298,0.238522,0.258225,0.506570,1.437420,0.317468,0.194969,0.211041,0.930141,0.443001,0.391575,0.271357,1.725249,1.497350,0.274439,0.443001,1.919963,0.370642,0.341335,1.853427,0.597696,0.345037,0.866865,0.241385,1.973142,0.592325,1.526254,0.230705,0.284523,0.243261,0.792285,1.861861,0.204016,0.392942,0.264267,0.356920,0.211352,0.947024,0.972489,1.861854,0.154046,0.280296,1.963226,0.358014,1.919729,1.986203,0.387739,0.201263,0.210975,0.195341,0.883242,1.620191,0.706279,1.956002,0.311256,0.240999,0.219676,0.211352,0.219362,0.275695,0.450200,0.206983,0.230507
1.658385,1.165016,0.352436,0.554700,0.705442,0.552931,0.528367,0.807783,0.525980,1.849839,0.586317,1.031137,0.685427,1.680488,0.509200,0.000000,1.095298,1.888489,0.678007,0.455455,0.465899,0.706961,0.531073,1.101024,0.549019,1.837162,0.283816,0.132414,1.834214,0.380759,1.590046,0.509200,0.526357,1.817133,0.444810,0.489054,0.589460,1.666910,0.678290,0.709967,0.312258,1.186280,0.754923,0.481974,0.503882,0.536921,0.215747,0.307261,0.542314,1.546817,1.350405,0.380759,0.215747,1.770612,0.672968,0.660960,1.698697,0.342566,0.680947,0.567862,0.533207,1.894200,0.405603,1.249114,0.561840,0.559200,0.642096,0.437773,1.680105,0.559972,0.283816,0.555767,0.630663,0.457080,0.557461,0.574780,1.725557,0.480429,0.643188,1.886465,0.705672,1.774740,1.919351,0.725301,0.547855,0.593746,0.481639,0.675859,1.511404,0.343245,1.859346,0.716376,0.438244,0.456523,0.457080,0.605566,0.603998,0.379438,0.548787,0.481366
1.429583,1.203281,1.108987,1.125093,1.224748,1.120547,1.136652,1.087267,0.966399,1.619011,1.087674,0.266705,1.292629,1.607857,1.150864,1.095298,0.000000,1.622917,1.141999,1.104951,1.106962,1.270933,1.117691,1.430436,1.157266,1.551547,1.094105,1.120406,1.479909,1.100119,1.718601,1.150864,1.174176,1.657080,1.100803,0.944721,1.070547,1.511764,1.169466,1.168148,1.091377,1.020161,1.279764,1.124510,1.111001,1.200246,1.081568,1.103447,1.138863,1.374381,1.358713,1.100119,1.081568,1.397981,1.083025,1.166046,1.545635,1.050304,1.090343,1.082712,1.118141,1.597216,1.032341,1.506682,1.215273,1.159144,1.146168,1.091187,1.488352,1.135548,1.094105,1.187192,1.044654,1.108800,1.094631,1.174525,1.371003,1.131780,1.094386,1.594707,1.218723,1.521858,1.623015,1.127020,1.146666,1.154746,1.117941,0.846696,1.620462,1.073760,1.558050,1.218311,1.097188,1.109608,1.108800,1.131621,1.237552,1.232158,1.131618,1.101304
0.699514,1.316990,1.845998,1.981041,1.970033,1.977915,1.980237,1.517632,1.729991,0.522065,1.960281,1.693984,1.825757,0.915347,1.977799,1.888489,1.622917,0.000000,1.976028,1.971813,1.973246,1.961445,1.979378,1.868207,1.981696,0.410721,1.928279,1.909241,0.444102,1.956916,1.481297,1.977799,1.981227,0.772102,1.970314,1.863760,1.677938,0.693428,1.975697,1.975665,1.896952,1.316393,1.973823,1.975816,1.973727,1.704974,1.913762,1.924825,1.959404,0.937768,1.284556,1.956916,1.913762,0.512359,1.966624,1.968289,0.659753,1.865515,1.974462,1.749073,1.970102,0.372184,1.863147,1.201699,1.976186,1.961842,1.981020,1.779503,0.669238,1.981800,1.928279,1.968945,1.962469,1.971631,1.693285,1.681174,0.714185,1.977085,1.972596,0.428744,1.963830,0.503072,0.311820,1.958445,1.979691,1.983382,1.975373,1.739713,1.126292,1.816014,0.385931,1.980243,1.966231,1.970398,1.971631,1.980683,1.974902,1.914515,1.980637,1.971223
1.880396,1.538251,0.830080,0.223422,0.289988,0.249596,0.246665,1.323817,1.011205,1.912870,0.359856,1.012427,0.926964,1.748006,0.305230,0.678007,1.141999,1.976028,0.000000,0.316049,0.287290,0.336415,0.236762,0.645186,0.230462,1.967131,0.583055,0.594866,1.940046,0.443642,1.331475,0.305230,0.267308,1.839476,0.325115,0.793045,1.133788,1.880378,0.258527,0.243553,0.697011,1.534586,0.344693,0.289908,0.317043,1.089077,0.631476,0.561641,0.401466,1.774520,1.565824,0.443642,0.631476,1.929221,0.306816,0.275915,1.903120,0.764684,0.150306,1.011953,0.321640,1.956858,0.736815,1.632531,0.332487,0.407319,0.206297,0.978959,1.889408,0.218187,0.583055,0.332560,0.311978,0.321084,1.118620,1.119496,1.867982,0.283901,0.218775,1.942107,0.379379,1.941361,1.973002,0.336178,0.224371,0.194505,0.280250,1.005754,1.661468,0.888056,1.959042,0.266905,0.350130,0.332522,0.321084,0.218429,0.336971,0.663660,0.231479,0.310831
1.822469,1.403263,0.593117,0.215387,0.401472,0.229382,0.191231,1.144438,0.812585,1.935379,0.286553,1.009872,0.770464,1.778232,0.202307,0.455455,1.104951,1.971813,0.316049,0.000000,0.128276,0.405003,0.155569,0.843581,0.146292,1.946750,0.335644,0.404932,1.930229,0.217598,1.465350,0.202307,0.191630,1.886538,0.019447,0.588401,0.916411,1.825456,0.339850,0.359019,0.450332,1.384506,0.437835,0.078178,0.163223,0.880389,0.379070,0.330950,0.286653,1.717364,1.468333,0.217598,0.379070,1.895244,0.334817,0.335620,1.848692,0.530335,0.316614,0.805412,0.199386,1.970931,0.539837,1.504188,0.257528,0.293839,0.261556,0.739966,1.854102,0.158732,0.335644,0.245628,0.315024,0.063740,0.898311,0.922866,1.823849,0.150185,0.276443,1.957371,0.388831,1.899892,1.988819,0.434729,0.164056,0.198006,0.054764,0.822082,1.644699,0.652192,1.955216,0.340581,0.096906,0.080476,0.063740,0.224737,0.287158,0.459783,0.154456,0.113028
1.827633,1.407116,0.620639,0.204578,0.395987,0.214274,0.178415,1.153918,0.821370,1.935644,0.274883,1.005211,0.811186,1.777631,0.209802,0.465899,1.106962,1.973246,0.287290,0.128276,0.000000,0.383632,0.083383,0.844377,0.170296,1.945236,0.356365,0.409076,1.929604,0.235811,1.464928,0.209802,0.165789,1.888591,0.129022,0.611402,0.930920,1.829914,0.323495,0.339286,0.476693,1.398396,0.437785,0.094333,0.150621,0.885919,0.396605,0.352226,0.276923,1.733677,1.490157,0.235811,0.396605,1.892301,0.334240,0.312688,1.863317,0.542844,0.289610,0.820634,0.183911,1.971546,0.546809,1.515594,0.260237,0.288736,0.251725,0.762475,1.855291,0.136240,0.356365,0.241236,0.309720,0.105332,0.918370,0.936738,1.825663,0.135640,0.257571,1.958834,0.380193,1.904545,1.989502,0.437284,0.173414,0.180652,0.112332,0.845110,1.651433,0.674002,1.960669,0.340818,0.108159,0.106736,0.105332,0.215554,0.284870,0.481640,0.122682,0.078633
1.890475,1.530387,0.850049,0.366716,0.374327,0.384988,0.369238,1.350782,1.055273,1.902497,0.445042,1.149041,0.922458,1.733092,0.388147,0.706961,1.270933,1.961445,0.336415,0.405003,0.383632,0.000000,0.343433,0.689990,0.327470,1.961358,0.610753,0.632592,1.944391,0.495218,1.292789,0.388147,0.336999,1.833895,0.412703,0.841715,1.159219,1.897082,0.392941,0.381031,0.719615,1.564599,0.394598,0.380452,0.397044,1.096779,0.656796,0.613547,0.469255,1.816000,1.617941,0.495218,0.656796,1.936211,0.407456,0.335713,1.921321,0.811853,0.374495,1.045629,0.417604,1.957074,0.790466,1.626488,0.286628,0.446691,0.302923,0.994430,1.883159,0.323306,0.610753,0.262263,0.453908,0.406940,1.135710,1.137752,1.873959,0.372680,0.399194,1.934722,0.395150,1.932377,1.965381,0.437945,0.319327,0.298219,0.373745,1.084211,1.642988,0.911308,1.959759,0.289669,0.432909,0.416932,0.406940,0.323176,0.211551,0.666928,0.338548,0.404039
1.847866,1.453373,0.682542,0.182596,0.354103,0.190943,0.169143,1.207751,0.878970,1.935920,0.279588,1.009592,0.839061,1.777641,0.212280,0.531073,1.117691,1.979378,0.236762,0.155569,0.083383,0.343433,0.000000,0.796745,0.137463,1.955522,0.420050,0.468139,1.936396,0.289707,1.428979,0.212280,0.155251,1.882367,0.162128,0.652077,0.993205,1.853058,0.282812,0.290765,0.539505,1.435666,0.389788,0.114133,0.168851,0.947707,0.463470,0.415272,0.284334,1.753115,1.515262,0.289707,0.463470,1.907625,0.310367,0.277770,1.881144,0.609907,0.243964,0.874881,0.191270,1.973905,0.595627,1.553990,0.245296,0.290104,0.194286,0.825626,1.875273,0.084002,0.420050,0.229822,0.296076,0.142468,0.978822,0.991174,1.840371,0.149529,0.223373,1.959340,0.346959,1.919113,1.989344,0.399440,0.139862,0.122450,0.121276,0.894477,1.664754,0.738612,1.965721,0.291377,0.162481,0.149790,0.142468,0.166230,0.260607,0.532349,0.072040,0.118293
1.898127,1.757006,1.212692,0.733234,0.547645,0.744148,0.765517,1.630932,1.402313,1.753429,0.871906,1.297592,1.081031,1.573395,0.763427,1.101024,1.430436,1.868207,0.645186,0.843581,0.844377,0.689990,0.796745,0.000000,0.733699,1.907152,1.044239,1.002570,1.904929,0.935851,0.878172,0.763427,0.745568,1.597448,0.853661,1.186220,1.502742,1.907341,0.658515,0.634503,1.127869,1.770400,0.558744,0.829822,0.852598,1.414020,1.093995,1.014045,0.868224,1.772335,1.696597,0.935851,1.093995,1.951543,0.808876,0.712990,1.853879,1.224622,0.734383,1.383229,0.857697,1.826996,1.165156,1.701141,0.767151,0.859165,0.676647,1.364098,1.839400,0.758161,1.044239,0.804202,0.836861,0.864549,1.460519,1.413826,1.930711,0.808578,0.746611,1.813633,0.738843,1.922238,1.821708,0.591135,0.731152,0.710993,0.813901,1.375413,1.467580,1.281313,1.848471,0.629774,0.899395,0.874953,0.864549,0.708952,0.760516,0.997766,0.773636,0.870396
1.861449,1.474391,0.693505,0.171485,0.297943,0.198722,0.167091,1.237429,0.919257,1.928884,0.313017,1.041471,0.806349,1.757556,0.188329,0.549019,1.157266,1.981696,0.230462,0.146292,0.170296,0.327470,0.137463,0.733699,0.000000,1.965113,0.436233,0.477740,1.948773,0.301442,1.380404,0.188329,0.132719,1.862019,0.160447,0.676610,1.022332,1.865553,0.266514,0.276006,0.553623,1.466856,0.336481,0.126305,0.199705,0.974324,0.486189,0.430550,0.316153,1.744462,1.527431,0.301442,0.486189,1.928923,0.317082,0.275959,1.875562,0.641570,0.268335,0.901097,0.233240,1.971777,0.632537,1.555821,0.234754,0.317336,0.162991,0.845367,1.875468,0.101983,0.436233,0.236788,0.322526,0.156348,1.000030,1.010749,1.863382,0.165933,0.244204,1.958107,0.342147,1.931095,1.987702,0.367482,0.072895,0.102899,0.107436,0.922131,1.635127,0.759154,1.964871,0.237146,0.206171,0.175591,0.156348,0.149109,0.246862,0.512954,0.112020,0.186026
0.561569,1.217331,1.778771,1.963979,1.975089,1.964034,1.958464,1.411160,1.650424,0.585163,1.947973,1.643354,1.765598,0.982312,1.959867,1.837162,1.551547,0.410721,1.967131,1.946750,1.945236,1.961358,1.955522,1.907152,1.965113,0.000000,1.880410,1.868308,0.374522,1.921772,1.580346,1.959867,1.959722,0.818406,1.944759,1.782233,1.580741,0.575077,1.974240,1.976530,1.839635,1.194331,1.971961,1.949333,1.947684,1.618510,1.859766,1.878390,1.944946,0.840152,1.157232,1.921772,1.859766,0.432822,1.954061,1.963017,0.590269,1.797190,1.958602,1.654029,1.944306,0.444056,1.806948,1.157607,1.962214,1.946601,1.977280,1.694005,0.556053,1.962087,1.880410,1.954860,1.949163,1.943684,1.599221,1.598666,0.577324,1.951473,1.964808,0.469781,1.957643,0.408412,0.435412,1.951622,1.967548,1.968433,1.951983,1.661394,1.152380,1.740192,0.437169,1.973349,1.934484,1.940503,1.943684,1.973482,1.962108,1.869282,1.958426,1.941503
1.719806,1.220120,0.300233,0.454363,0.625732,0.460244,0.413369,0.941563,0.635250,1.915993,0.437804,1.036739,0.619533,1.762786,0.392942,0.283816,1.094105,1.928279,0.583055,0.335644,0.356365,0.610753,0.420050,1.044239,0.436233,1.880410,0.000000,0.311876,1.880872,0.168970,1.571164,0.392942,0.402840,1.876636,0.326267,0.446530,0.673304,1.727179,0.566832,0.598767,0.135199,1.229295,0.651639,0.348043,0.333410,0.646009,0.100505,0.163582,0.412938,1.606480,1.342086,0.168970,0.100505,1.819646,0.519788,0.587527,1.747378,0.299731,0.566214,0.585093,0.380508,1.939203,0.438039,1.342896,0.423570,0.425212,0.538576,0.463041,1.758448,0.440121,0.000000,0.424363,0.484613,0.323244,0.646019,0.721986,1.764083,0.356533,0.521017,1.936325,0.580615,1.821775,1.961305,0.638236,0.449480,0.479655,0.369170,0.667286,1.580575,0.372339,1.904381,0.586227,0.305485,0.314408,0.323244,0.501830,0.465495,0.299684,0.427748,0.348137
1.701441,1.245376,0.434666,0.481522,0.613014,0.481090,0.460574,0.899953,0.614278,1.856792,0.548509,1.035486,0.700837,1.675298,0.441720,0.132414,1.120406,1.909241,0.594866,0.404932,0.409076,0.632592,0.468139,1.002570,0.477740,1.868308,0.311876,0.000000,1.863185,0.357534,1.525956,0.441720,0.453145,1.806547,0.396169,0.542029,0.703041,1.711546,0.603798,0.633002,0.373807,1.266418,0.674512,0.428036,0.456276,0.623091,0.277081,0.307050,0.504385,1.582680,1.402072,0.357534,0.277081,1.812693,0.625243,0.585482,1.734844,0.427878,0.615069,0.652268,0.487934,1.909759,0.440923,1.300729,0.502974,0.522003,0.564513,0.553083,1.708905,0.492678,0.311876,0.500791,0.585798,0.412730,0.666492,0.653080,1.772117,0.419272,0.579604,1.900297,0.649511,1.814073,1.932199,0.636428,0.472412,0.519003,0.423159,0.742698,1.507000,0.448122,1.880878,0.638247,0.400883,0.414932,0.412730,0.530484,0.545660,0.378123,0.484062,0.436601
0.610256,1.273147,1.792150,1.944362,1.955566,1.943963,1.942403,1.404034,1.640866,0.604434,1.927551,1.570580,1.793333,0.985090,1.945301,1.834214,1.479909,0.444102,1.940046,1.930229,1.929604,1.944391,1.936396,1.904929,1.948773,0.374522,1.880872,1.863185,0.000000,1.914461,1.593164,1.945301,1.948694,0.818335,1.928136,1.782628,1.587781,0.660927,1.955819,1.954681,1.845849,1.200473,1.959657,1.934661,1.930962,1.644398,1.858797,1.880313,1.931170,0.845468,1.207165,1.914461,1.858797,0.418820,1.930402,1.939577,0.663034,1.795558,1.928115,1.663490,1.927653,0.482464,1.798038,1.239453,1.951171,1.935430,1.951447,1.706821,0.635516,1.943302,1.880872,1.940142,1.922761,1.927633,1.607155,1.612675,0.570085,1.937382,1.940681,0.481698,1.948960,0.487121,0.460852,1.942099,1.948354,1.949936,1.935467,1.660520,1.255845,1.748497,0.452675,1.959475,1.918851,1.925835,1.927633,1.949126,1.949600,1.887107,1.940040,1.925444
1.781394,1.320829,0.442155,0.327151,0.502868,0.340638,0.284453,1.060579,0.742529,1.937918,0.327983,1.021270,0.679005,1.780300,0.274439,0.380759,1.100119,1.956916,0.443642,0.217598,0.235811,0.495218,0.289707,0.935851,0.301442,1.921772,0.168970,0.357534,1.914461,0.000000,1.511721,0.274439,0.270899,1.888731,0.211585,0.518921,0.808898,1.788152,0.439623,0.465427,0.281543,1.318982,0.534586,0.216437,0.180694,0.773914,0.246349,0.199466,0.327243,1.665107,1.406789,0.000000,0.246349,1.866508,0.394040,0.464740,1.804388,0.409586,0.430185,0.698033,0.253936,1.962301,0.488806,1.433313,0.311816,0.341271,0.400015,0.610644,1.813247,0.303614,0.168970,0.306288,0.364057,0.200470,0.786142,0.843555,1.808349,0.229129,0.387394,1.958551,0.472210,1.870607,1.982403,0.521134,0.316108,0.341424,0.244370,0.747926,1.616435,0.519232,1.935477,0.448612,0.195177,0.192535,0.200470,0.365845,0.349235,0.346746,0.292885,0.225900
1.706405,1.831499,1.645693,1.374895,1.219635,1.379010,1.398371,1.838148,1.769908,1.338704,1.486072,1.629871,1.452229,1.189289,1.388812,1.590046,1.718601,1.481297,1.331475,1.465350,1.464928,1.292789,1.428979,0.878172,1.380404,1.580346,1.571164,1.525956,1.593164,1.511721,0.000000,1.388812,1.384410,1.111533,1.472531,1.629831,1.813890,1.702709,1.309371,1.295479,1.615949,1.870892,1.193242,1.453648,1.461554,1.734439,1.600324,1.557895,1.461123,1.584092,1.728899,1.511721,1.600324,1.701362,1.426191,1.358579,1.564312,1.695626,1.383578,1.729569,1.459648,1.445152,1.599508,1.642983,1.375512,1.453028,1.340190,1.735348,1.550217,1.402268,1.571164,1.408343,1.449840,1.478457,1.768766,1.702052,1.752560,1.430613,1.396731,1.427920,1.362171,1.610308,1.391383,1.243425,1.378242,1.368485,1.445232,1.751321,1.262896,1.694232,1.495174,1.289913,1.506204,1.486840,1.478457,1.364267,1.361038,1.485015,1.410658,1.487161
1.844566,1.439636,0.639557,0.138390,0.263091,0.150215,0.149015,1.205746,0.892368,1.936557,0.322203,1.047352,0.736038,1.772891,0.000000,0.509200,1.150864,1.977799,0.305230,0.202307,0.209802,0.388147,0.212280,0.763427,0.188329,1.959867,0.392942,0.441720,1.945301,0.274439,1.388812,0.000000,0.184324,1.861816,0.207440,0.646585,0.974875,1.853298,0.238522,0.258225,0.506570,1.437420,0.317468,0.194969,0.211041,0.930141,0.443001,0.391575,0.271357,1.725249,1.497350,0.274439,0.443001,1.919963,0.370642,0.341335,1.853427,0.597696,0.345037,0.866865,0.241385,1.973142,0.592325,1.526254,0.230705,0.284523,0.243261,0.792285,1.861861,0.204016,0.392942,0.264267,0.356920,0.211352,0.947024,0.972489,1.861854,0.154046,0.280296,1.963226,0.358014,1.919729,1.986203,0.387739,0.201263,0.210975,0.195341,0.883242,1.620191,0.706279,1.956002,0.311256,0.240999,0.219676,0.211352,0.219362,0.275695,0.450200,0.206983,0.230507
1.850976,1.452188,0.653533,0.193516,0.312317,0.219527,0.171687,1.216278,0.891956,1.929572,0.315494,1.062108,0.759664,1.754997,0.184324,0.526357,1.174176,1.981227,0.267308,0.191630,0.165789,0.336999,0.155251,0.745568,0.132719,1.959722,0.402840,0.453145,1.948694,0.270899,1.384410,0.184324,0.000000,1.856015,0.200027,0.649822,0.995029,1.860409,0.284032,0.300391,0.517933,1.448770,0.341868,0.150511,0.190346,0.935278,0.458275,0.394582,0.308146,1.732016,1.513941,0.270899,0.458275,1.928953,0.341708,0.319825,1.864585,0.609777,0.304199,0.866917,0.235390,1.974739,0.613195,1.530815,0.209802,0.306927,0.203354,0.813734,1.862574,0.137951,0.402840,0.231197,0.338793,0.186594,0.968720,0.976002,1.866242,0.151305,0.277457,1.960213,0.348434,1.927595,1.987981,0.374194,0.140015,0.141345,0.166457,0.907507,1.606049,0.724664,1.963256,0.241094,0.221048,0.193060,0.186594,0.186465,0.231497,0.454013,0.141544,0.200484
1.005833,1.495548,1.813439,1.855763,1.792278,1.856982,1.866230,1.591148,1.750636,0.485042,1.905850,1.658379,1.673790,0.596036,1.861816,1.817133,1.657080,0.772102,1.839476,1.886538,1.888591,1.833895,1.882367,1.597448,1.862019,0.818406,1.876636,1.806547,0.818335,1.888731,1.111533,1.861816,1.856015,0.000000,1.887504,1.798339,1.739094,1.059439,1.844572,1.844775,1.864291,1.527202,1.797658,1.888030,1.899079,1.719486,1.868002,1.865701,1.890936,0.896918,1.447693,1.888731,1.868002,1.017305,1.879094,1.854685,0.832450,1.864810,1.863375,1.753805,1.901204,0.690701,1.837989,1.293455,1.864894,1.894348,1.852506,1.794228,0.781776,1.874640,1.876636,1.879336,1.882464,1.893385,1.711169,1.643210,1.140505,1.877107,1.879343,0.614051,1.872605,0.936777,0.615826,1.788117,1.860051,1.863488,1.882782,1.794677,0.906745,1.799643,0.721445,1.844080,1.901924,1.897611,1.893385,1.859951,1.866862,1.814793,1.874941,1.903426
1.818042,1.394915,0.583381,0.224617,0.410955,0.237018,0.199730,1.135001,0.801386,1.935019,0.286761,1.007245,0.767908,1.778334,0.207440,0.444810,1.100803,1.970314,0.325115,0.019447,0.129022,0.412703,0.162128,0.853661,0.160447,1.944759,0.326267,0.396169,1.928136,0.211585,1.472531,0.207440,0.200027,1.887504,0.000000,0.580785,0.906011,1.821456,0.349614,0.369440,0.440805,1.377198,0.448925,0.085788,0.166251,0.869989,0.368353,0.322197,0.286383,1.714316,1.463793,0.211585,0.368353,1.891895,0.338960,0.341686,1.846210,0.520712,0.323593,0.796560,0.204013,1.970504,0.529671,1.497815,0.262302,0.295116,0.272456,0.729653,1.850434,0.168128,0.326267,0.250194,0.316317,0.066954,0.887860,0.913357,1.820696,0.155699,0.282651,1.956844,0.396493,1.896838,1.988301,0.440707,0.175430,0.208661,0.069562,0.814652,1.644455,0.641411,1.954133,0.353623,0.091946,0.080612,0.066954,0.233769,0.293402,0.455260,0.162846,0.113406
1.605558,1.125868,0.407476,0.678229,0.823714,0.669525,0.661317,0.834131,0.526211,1.829293,0.674678,0.927066,0.601716,1.688624,0.646585,0.489054,0.944721,1.863760,0.793045,0.588401,0.611402,0.841715,0.652077,1.186220,0.676610,1.782233,0.446530,0.542029,1.782628,0.518921,1.629831,0.646585,0.649822,1.798339,0.580785,0.000000,0.614843,1.655594,0.758511,0.788962,0.416786,1.044477,0.849647,0.610859,0.621680,0.667674,0.430333,0.466208,0.642616,1.452459,1.263694,0.518921,0.430333,1.719629,0.736396,0.799185,1.630953,0.428686,0.764377,0.463599,0.646119,1.867693,0.489858,1.292256,0.683562,0.647485,0.746947,0.476421,1.654311,0.672964,0.446530,0.683160,0.686097,0.591262,0.573434,0.646526,1.653895,0.622175,0.720300,1.844864,0.783481,1.721394,1.886997,0.776159,0.680493,0.705724,0.618066,0.555599,1.542542,0.414796,1.818683,0.804107,0.578163,0.585976,0.591262,0.714300,0.724905,0.533139,0.661426,0.609456
1.345115,0.790611,0.471588,1.021446,1.172590,1.017528,0.990615,0.368086,0.378257,1.703488,0.970554,1.117248,0.793916,1.618007,0.974875,0.589460,1.070547,1.677938,1.133788,0.916411,0.930920,1.159219,0.993205,1.502742,1.022332,1.580741,0.673304,0.703041,1.587781,0.808898,1.813890,0.974875,0.995029,1.739094,0.906011,0.614843,0.000000,1.363956,1.118906,1.150186,0.582435,0.782391,1.200389,0.938839,0.937626,0.374014,0.607089,0.702492,0.942376,1.267246,1.066119,0.808898,0.607089,1.481035,1.063252,1.124335,1.403831,0.454160,1.107029,0.412201,0.952623,1.709229,0.657768,0.974911,1.007692,0.956201,1.109025,0.262358,1.433673,1.024225,0.673304,0.997868,1.017492,0.906562,0.165290,0.407496,1.430503,0.944931,1.068814,1.707490,1.107092,1.487385,1.742364,1.176531,1.029986,1.063663,0.949093,0.566046,1.442154,0.359501,1.636350,1.163812,0.878528,0.898525,0.906562,1.073707,1.044710,0.728257,1.009666,0.921867
0.541876,1.000778,1.598059,1.860371,1.907988,1.858843,1.849655,1.177712,1.450380,0.835764,1.832090,1.608753,1.653302,1.101268,1.853298,1.666910,1.511764,0.693428,1.880378,1.825456,1.829914,1.897082,1.853058,1.907341,1.865553,0.575077,1.727179,1.711546,0.660927,1.788152,1.702709,1.853298,1.860409,1.059439,1.821456,1.655594,1.363956,0.000000,1.887991,1.898929,1.674908,1.065440,1.904159,1.833943,1.832435,1.381623,1.697631,1.718001,1.824767,0.818690,0.851998,1.788152,1.697631,0.539537,1.859993,1.874960,0.587305,1.619394,1.863503,1.464886,1.825631,0.717980,1.663076,0.936172,1.863915,1.830875,1.898172,1.502515,0.729111,1.865280,1.727179,1.861591,1.840725,1.821776,1.392381,1.377435,0.634111,1.836860,1.863589,0.769131,1.876576,0.530127,0.780191,1.905135,1.870003,1.879433,1.836813,1.511088,1.233805,1.549292,0.698989,1.900960,1.806077,1.817039,1.821776,1.886328,1.877302,1.720433,1.859322,1.821548
1.882733,1.532143,0.803074,0.200834,0.213686,0.161466,0.253223,1.326273,1.024769,1.926135,0.334428,1.055888,0.852771,1.767182,0.238522,0.678290,1.169466,1.975697,0.258527,0.339850,0.323495,0.392941,0.282812,0.658515,0.266514,1.974240,0.566832,0.603798,1.955819,0.439623,1.309371,0.238522,0.284032,1.844572,0.349614,0.758511,1.118906,1.887991,0.000000,0.078434,0.675452,1.519048,0.273270,0.320899,0.337049,1.086345,0.616769,0.560982,0.282776,1.766192,1.542558,0.439623,0.616769,1.936103,0.355382,0.318459,1.883936,0.750344,0.309913,0.986565,0.345162,1.964579,0.740724,1.604219,0.303786,0.296015,0.233960,0.950752,1.902193,0.269425,0.566832,0.346541,0.353763,0.345785,1.098158,1.107552,1.878952,0.292525,0.230719,1.949975,0.276465,1.941114,1.973957,0.344000,0.265105,0.246572,0.311969,0.993781,1.645715,0.870566,1.957966,0.280163,0.379101,0.356684,0.345785,0.243924,0.338953,0.623716,0.283714,0.347382
1.889884,1.556742,0.838067,0.216723,0.198014,0.192513,0.268921,1.353573,1.052055,1.925772,0.352168,1.051889,0.883927,1.768417,0.258225,0.709967,1.168148,1.975665,0.243553,0.359019,0.339286,0.381031,0.290765,0.634503,0.276006,1.976530,0.598767,0.633002,1.954681,0.465427,1.295479,0.258225,0.300391,1.844775,0.369440,0.788962,1.150186,1.898929,0.078434,0.000000,0.707484,1.539215,0.267933,0.337565,0.349486,1.117119,0.649899,0.590208,0.327281,1.782440,1.564733,0.465427,0.649899,1.938894,0.357725,0.309443,1.897870,0.782379,0.300019,1.021239,0.355957,1.962916,0.763245,1.628052,0.325828,0.330971,0.219482,0.985035,1.909348,0.275027,0.598767,0.357166,0.360944,0.365030,1.130575,1.141561,1.883347,0.312108,0.225166,1.949506,0.287864,1.945935,1.971775,0.339287,0.272607,0.247039,0.327782,1.015736,1.657362,0.904332,1.957562,0.271614,0.397693,0.375612,0.365030,0.236227,0.348897,0.656999,0.289942,0.361194
1.665724,1.150357,0.186857,0.570782,0.733193,0.575666,0.529807,0.861647,0.579413,1.896487,0.536233,1.057094,0.574118,1.753010,0.506570,0.312258,1.091377,1.896952,0.697011,0.450332,0.476693,0.719615,0.539505,1.127869,0.553623,1.839635,0.135199,0.373807,1.845849,0.281543,1.615949,0.506570,0.517933,1.864291,0.440805,0.416786,0.582435,1.674908,0.675452,0.707484,0.000000,1.155476,0.755799,0.465473,0.446064,0.565441,0.150056,0.212926,0.513755,1.548942,1.274839,0.281543,0.150056,1.777139,0.617683,0.701164,1.691176,0.247947,0.675044,0.506052,0.489146,1.913876,0.443094,1.275241,0.532769,0.525119,0.653775,0.362621,1.712485,0.558214,0.135199,0.533584,0.580683,0.439866,0.549409,0.654876,1.723469,0.475068,0.628107,1.913175,0.680729,1.775160,1.936981,0.735614,0.567789,0.597425,0.486728,0.613673,1.553895,0.271740,1.869695,0.694223,0.418579,0.428805,0.439866,0.616734,0.573024,0.314922,0.544780,0.462788
0.953206,0.793376,1.065029,1.455837,1.573564,1.449556,1.437553,0.688850,0.851076,1.430407,1.421148,1.156808,1.218820,1.501060,1.437420,1.186280,1.020161,1.316393,1.534586,1.384506,1.398396,1.564599,1.435666,1.770400,1.466856,1.194331,1.229295,1.266418,1.200473,1.318982,1.870892,1.437420,1.448770,1.527202,1.377198,1.044477,0.782391,1.065440,1.519048,1.539215,1.155476,0.000000,1.584342,1.401158,1.397046,0.946040,1.188308,1.235752,1.395556,0.985528,0.955268,1.318982,1.188308,1.074182,1.472229,1.532487,1.067052,1.072280,1.505063,0.879329,1.400592,1.371545,1.125832,1.014139,1.465998,1.406210,1.513704,0.931268,1.162555,1.455155,1.229295,1.450476,1.438850,1.378197,0.818110,0.898951,1.052044,1.408173,1.485587,1.382582,1.510790,1.108044,1.393901,1.518974,1.469454,1.485008,1.409305,0.795312,1.319720,0.995093,1.268203,1.544140,1.355039,1.370234,1.378197,1.490890,1.489596,1.272046,1.443850,1.382380
1.903793,1.589040,0.872768,0.306115,0.204385,0.323493,0.330068,1.403709,1.111610,1.904773,0.508306,1.161521,0.841526,1.736348,0.317468,0.754923,1.279764,1.973823,0.344693,0.437835,0.437785,0.394598,0.389788,0.558744,0.336481,1.971961,0.651639,0.674512,1.959657,0.534586,1.193242,0.317468,0.341868,1.797658,0.448925,0.849647,1.200389,1.904159,0.273270,0.267933,0.755799,1.584342,0.000000,0.414525,0.436660,1.133372,0.702948,0.646899,0.464243,1.775586,1.579302,0.534586,0.702948,1.967490,0.478587,0.404410,1.883266,0.857444,0.412766,1.071753,0.435662,1.955668,0.811171,1.634170,0.360454,0.454883,0.306207,1.022304,1.902670,0.351614,0.651639,0.409795,0.503632,0.449134,1.164526,1.154952,1.906206,0.369641,0.406870,1.937822,0.402923,1.948774,1.958176,0.377913,0.345526,0.315739,0.410608,1.089981,1.611584,0.946071,1.956718,0.281093,0.486793,0.458248,0.449134,0.331447,0.365895,0.630011,0.365664,0.457342
1.829780,1.420915,0.611328,0.199745,0.386146,0.221671,0.165074,1.167887,0.839166,1.940792,0.280320,1.026417,0.780599,1.783921,0.194969,0.481974,1.124510,1.975816,0.289908,0.078178,0.094333,0.380452,0.114133,0.829822,0.126305,1.949333,0.348043,0.428036,1.934661,0.216437,1.453648,0.194969,0.150511,1.888030,0.085788,0.610859,0.938839,1.833943,0.320899,0.337565,0.465473,1.401158,0.414525,0.000000,0.126312,0.897261,0.397789,0.341281,0.284980,1.727592,1.475165,0.216437,0.397789,1.902671,0.321205,0.325098,1.857513,0.545974,0.290969,0.817690,0.167164,1.974800,0.556878,1.520415,0.238790,0.292989,0.243073,0.760923,1.861372,0.113856,0.348043,0.224064,0.307536,0.054619,0.922189,0.946487,1.833129,0.124963,0.261708,1.962323,0.376023,1.908367,1.991710,0.425228,0.149546,0.160728,0.067393,0.842367,1.647385,0.674497,1.962076,0.312804,0.089147,0.057613,0.054619,0.211357,0.262741,0.463468,0.104621,0.076367
