0.000000,1.104219,1.671291,1.900927,1.924638,1.890216,1.895369,1.214345,1.427497,0.844768,1.877579,1.655508,1.713352,1.115838,1.885401,1.726615,1.555801,0.607810,1.916496,1.865127,1.880601,1.932945,1.898121,1.906280,1.903848,0.499650,1.789505,1.756787,0.589425,1.843659,1.582889,1.885401,1.907951,0.977494,1.860308,1.623511,1.430364,0.250464,1.909942,1.921904,1.744692,0.988504,1.940805,1.879794,1.888770,1.420322,1.760766,1.786599,1.864622,0.642840,0.705527,1.843659,1.760766,0.487454,1.903400,1.907369,0.480093,1.685683,1.908489,1.469649,1.883422,0.658658,1.701965,0.934034,1.905564,1.866050,1.926776,1.579982,0.679629,1.905941,1.789505,1.903868,1.886307,1.868514,1.467748,1.371502,0.731037,1.878804,1.906661,0.746104,1.902136,0.543860,0.636089,1.881882,1.907432,1.916833,1.877896,1.513312,1.144338,1.625524,0.559084,1.944304,1.855574,1.865083,1.868514,1.918233,1.917269,1.758395,1.902888,1.872850
1.104219,0.000000,1.095749,1.419960,1.523865,1.413743,1.397533,0.639227,0.807867,1.433543,1.373015,1.269696,1.312251,1.403027,1.395744,1.133443,1.181588,1.369312,1.476071,1.358647,1.375945,1.515184,1.423371,1.705942,1.440884,1.254042,1.214235,1.200354,1.273206,1.307104,1.801598,1.395744,1.438955,1.508833,1.349544,1.083650,0.743178,1.087671,1.477120,1.505442,1.160920,0.723836,1.531235,1.382928,1.405191,0.858809,1.161771,1.249973,1.359669,1.107788,1.042056,1.307104,1.161771,1.093124,1.440096,1.488457,1.174261,1.031695,1.462014,0.945655,1.407227,1.392087,1.132952,0.798323,1.430690,1.353754,1.492617,0.923061,1.104114,1.443315,1.214235,1.419568,1.405689,1.354935,0.834100,0.851289,1.113745,1.357866,1.454575,1.441560,1.437998,1.151341,1.418324,1.493433,1.442684,1.469815,1.385999,0.896626,1.347921,1.014564,1.294274,1.547935,1.336558,1.351685,1.354935,1.478064,1.447435,1.156204,1.438233,1.368826
1.671291,1.095749,0.000000,0.677564,0.800551,0.666512,0.635971,0.791748,0.662358,1.844617,0.660745,1.093900,0.509649,1.678695,0.598482,0.335048,1.095099,1.869121,0.787365,0.565366,0.610741,0.860191,0.671779,1.180321,0.664592,1.801404,0.285225,0.396555,1.839744,0.424722,1.624106,0.598482,0.650732,1.815890,0.555960,0.477051,0.519973,1.681540,0.747050,0.790098,0.182459,1.167557,0.802159,0.588429,0.587987,0.525766,0.272295,0.300946,0.597955,1.583217,1.351022,0.424722,0.272295,1.735130,0.768019,0.853768,1.673248,0.363938,0.810630,0.523510,0.619409,1.891687,0.328089,1.142402,0.659864,0.598955,0.759672,0.286589,1.650542,0.676271,0.285225,0.671886,0.705400,0.568655,0.400208,0.606655,1.685525,0.582864,0.734624,1.885014,0.739629,1.704291,1.897608,0.765158,0.681424,0.709569,0.602568,0.618984,1.415987,0.136080,1.813503,0.822857,0.552359,0.560368,0.568655,0.727938,0.704602,0.309414,0.668524,0.599985
1.900927,1.419960,0.677564,0.000000,0.246165,0.084558,0.089353,1.234529,0.999734,1.920097,0.286888,0.896849,0.808273,1.746360,0.136835,0.545006,0.999568,1.968941,0.205516,0.224940,0.195727,0.326572,0.185083,0.733427,0.194716,1.971134,0.436071,0.486178,1.945543,0.309045,1.450239,0.136835,0.203942,1.857743,0.231777,0.730438,1.009441,1.901202,0.187185,0.206648,0.540983,1.519034,0.268542,0.201589,0.196782,1.009154,0.485739,0.427775,0.262148,1.822418,1.661597,0.309045,0.485739,1.912818,0.290465,0.311660,1.909085,0.625005,0.277050,0.969541,0.217421,1.977289,0.610531,1.546643,0.209617,0.283693,0.211703,0.822807,1.842747,0.177432,0.436071,0.237504,0.275060,0.225339,0.968500,1.083075,1.860601,0.145370,0.201688,1.964243,0.333749,1.920069,1.984200,0.368674,0.190557,0.181980,0.206225,0.958634,1.607728,0.731477,1.966599,0.335818,0.252263,0.237865,0.225339,0.195162,0.242089,0.542644,0.185185,0.224986
1.924638,1.523865,0.800551,0.246165,0.000000,0.264389,0.300252,1.358619,1.139400,1.877033,0.425118,0.953554,0.804023,1.688362,0.257972,0.688094,1.082909,1.959031,0.287090,0.407584,0.386861,0.332062,0.352072,0.557875,0.299256,1.974676,0.584704,0.609438,1.959475,0.462453,1.316475,0.257972,0.288346,1.787984,0.419516,0.854854,1.154292,1.927113,0.214650,0.192706,0.680113,1.608965,0.204972,0.377668,0.353379,1.121166,0.644971,0.562711,0.398197,1.820362,1.705311,0.462453,0.644971,1.953620,0.398452,0.367423,1.904609,0.797244,0.397430,1.104534,0.385936,1.961807,0.761711,1.594817,0.318677,0.417770,0.256609,0.966798,1.855703,0.312954,0.584704,0.362888,0.412935,0.413990,1.099111,1.189157,1.912677,0.357604,0.307273,1.933207,0.388097,1.946002,1.960202,0.326656,0.294660,0.271098,0.374156,1.084351,1.537033,0.869351,1.965370,0.275419,0.451411,0.427740,0.413990,0.273917,0.328888,0.652751,0.329806,0.421849
1.890216,1.413743,0.666512,0.084558,0.264389,0.000000,0.133998,1.213647,0.978429,1.924676,0.273929,0.882600,0.808631,1.754160,0.142491,0.534706,0.978171,1.967441,0.230935,0.220651,0.190603,0.359247,0.179751,0.759897,0.207152,1.966978,0.428082,0.479045,1.942117,0.306895,1.465225,0.142491,0.220572,1.862757,0.226277,0.704600,0.991949,1.893672,0.156938,0.191088,0.531335,1.498721,0.307408,0.200106,0.200840,0.993758,0.475069,0.421604,0.224684,1.817609,1.645275,0.306895,0.475069,1.903684,0.307515,0.331019,1.903671,0.608024,0.293402,0.946424,0.216579,1.976330,0.599138,1.526884,0.228982,0.259116,0.221787,0.809294,1.844619,0.183187,0.428082,0.259881,0.276814,0.219746,0.954059,1.063566,1.857476,0.165172,0.189559,1.966703,0.328197,1.916920,1.982701,0.368260,0.204799,0.193973,0.204538,0.942564,1.602304,0.718769,1.961539,0.357035,0.241426,0.231128,0.219746,0.201939,0.269854,0.548245,0.189222,0.217840
1.895369,1.397533,0.635971,0.089353,0.300252,0.133998,0.000000,1.207609,0.970905,1.921585,0.288954,0.910348,0.788752,1.749939,0.140686,0.508832,1.005585,1.969299,0.221965,0.193581,0.165678,0.341048,0.170383,0.762809,0.192941,1.965640,0.389857,0.457383,1.940553,0.262419,1.477585,0.140686,0.192667,1.865018,0.198762,0.708007,0.974513,1.894109,0.240664,0.265623,0.495831,1.495297,0.291814,0.170868,0.154323,0.977233,0.440529,0.385362,0.254869,1.819962,1.649409,0.262419,0.440529,1.905024,0.298157,0.336493,1.903758,0.586326,0.282840,0.935579,0.168087,1.978771,0.567471,1.529866,0.192089,0.263670,0.236576,0.781855,1.835215,0.173444,0.389857,0.209676,0.278324,0.190308,0.932247,1.053987,1.841905,0.089857,0.235360,1.963989,0.333774,1.909681,1.987861,0.389379,0.193767,0.192400,0.182488,0.931366,1.609767,0.690651,1.964158,0.349762,0.213804,0.200692,0.190308,0.213241,0.225600,0.499963,0.171465,0.190119
1.214345,0.639227,0.791748,1.234529,1.358619,1.213647,1.207609,0.000000,0.455338,1.597233,1.186595,1.134282,1.102475,1.523181,1.192972,0.824217,1.035944,1.536128,1.304482,1.134979,1.164715,1.364235,1.219558,1.624829,1.243091,1.435153,0.955233,0.901129,1.451415,1.070345,1.820951,1.192972,1.246409,1.632281,1.122074,0.760288,0.375832,1.232604,1.301526,1.337796,0.888670,0.727829,1.377696,1.171758,1.191419,0.489542,0.889472,0.984209,1.157797,1.198906,1.051618,1.070345,0.889472,1.268027,1.276853,1.311172,1.303356,0.758398,1.297840,0.595220,1.197343,1.569995,0.825948,0.736223,1.242203,1.154445,1.310832,0.616543,1.256701,1.246210,0.955233,1.236522,1.216748,1.141205,0.456131,0.404789,1.312838,1.153116,1.267620,1.612563,1.273271,1.332022,1.577268,1.295913,1.246721,1.279964,1.170210,0.713586,1.337761,0.683718,1.438248,1.390606,1.113806,1.136284,1.141205,1.285367,1.275942,0.934068,1.237443,1.157749
1.427497,0.807867,0.662358,0.999734,1.139400,0.978429,0.970905,0.455338,0.000000,1.718381,0.954303,0.940526,1.053720,1.607043,0.964442,0.633782,0.873552,1.687706,1.059679,0.889601,0.919875,1.123157,0.973064,1.451098,1.003974,1.629883,0.757554,0.706007,1.603707,0.849490,1.810914,0.964442,1.004924,1.739700,0.876170,0.486395,0.438084,1.434205,1.079595,1.112935,0.714224,0.871198,1.170250,0.932210,0.954659,0.479560,0.695554,0.780692,0.922744,1.408323,1.222518,0.849490,0.695554,1.459016,1.037036,1.053002,1.517154,0.607373,1.053468,0.496408,0.961670,1.711888,0.663598,0.980144,1.003295,0.904719,1.065725,0.542149,1.461194,1.005921,0.757554,0.989029,0.980489,0.899282,0.485921,0.392049,1.454643,0.910800,1.039591,1.740195,1.023839,1.533452,1.732483,1.059849,0.998376,1.040043,0.923298,0.660366,1.443242,0.563646,1.621989,1.154162,0.873771,0.898439,0.899282,1.041132,1.035551,0.778749,0.999153,0.917268
0.844768,1.433543,1.844617,1.920097,1.877033,1.924676,1.921585,1.597233,1.718381,0.000000,1.932816,1.692459,1.761228,0.510711,1.919455,1.861585,1.695210,0.598702,1.901281,1.929357,1.935395,1.876719,1.932946,1.702821,1.912231,0.653921,1.903455,1.859256,0.754667,1.919229,1.193922,1.919455,1.910411,0.459998,1.930003,1.831514,1.749376,0.836573,1.918288,1.914365,1.885823,1.431985,1.879167,1.934903,1.928994,1.699874,1.898848,1.897846,1.935441,0.797457,1.293422,1.919229,1.898848,0.867841,1.915806,1.894219,0.710863,1.892908,1.917651,1.772744,1.932491,0.586144,1.862610,1.289902,1.923035,1.931790,1.906599,1.819837,0.759095,1.928525,1.903455,1.920546,1.925919,1.935067,1.742143,1.654040,0.926697,1.925077,1.926888,0.268002,1.916880,0.755845,0.479822,1.862451,1.912716,1.919071,1.925051,1.783520,1.045733,1.828809,0.690931,1.880669,1.941507,1.939924,1.935067,1.914753,1.915424,1.856667,1.930808,1.945214
1.877579,1.373015,0.660745,0.286888,0.425118,0.273929,0.288954,1.186595,0.954303,1.932816,0.000000,0.860787,0.816694,1.770328,0.306801,0.561611,0.935995,1.962555,0.330724,0.285036,0.252784,0.433637,0.267372,0.835355,0.301558,1.953888,0.424487,0.534097,1.930973,0.316054,1.514040,0.306801,0.295748,1.886224,0.287147,0.699464,0.946940,1.880493,0.299433,0.327787,0.518483,1.454819,0.453319,0.256555,0.270733,1.000659,0.464789,0.448467,0.202335,1.828191,1.624261,0.316054,0.464789,1.875446,0.228041,0.416498,1.907076,0.552683,0.329441,0.930908,0.313786,1.963267,0.631537,1.517064,0.272245,0.238180,0.325749,0.768027,1.843455,0.266184,0.424487,0.298154,0.170943,0.262383,0.928208,1.064058,1.823215,0.267852,0.204006,1.965516,0.290617,1.899216,1.976353,0.443286,0.298133,0.284313,0.284396,0.900086,1.603662,0.708485,1.937981,0.405205,0.272249,0.263168,0.262383,0.315835,0.309316,0.564190,0.274886,0.256085
1.655508,1.269696,1.093900,0.896849,0.953554,0.882600,0.910348,1.134282,0.940526,1.692459,0.860787,0.000000,1.306912,1.548075,0.920705,0.950565,0.267769,1.736545,0.892551,0.915539,0.896967,0.912827,0.899970,1.164704,0.941726,1.744627,0.975439,0.940858,1.657654,0.941936,1.585444,0.920705,0.953614,1.708586,0.911254,0.907425,1.095087,1.669460,0.921099,0.927209,1.017250,1.307255,1.030331,0.930886,0.926064,1.165454,0.965325,1.005554,0.883856,1.637762,1.612640,0.941936,0.965325,1.598082,0.876517,0.845310,1.755832,0.953869,0.870953,1.164751,0.930842,1.715631,0.994047,1.473686,0.945447,0.899748,0.908351,1.083487,1.618360,0.921930,0.975439,0.921076,0.861681,0.920429,1.135304,1.150154,1.601479,0.899003,0.881268,1.733865,0.940966,1.716733,1.734339,0.861870,0.921786,0.929397,0.918489,1.008711,1.523236,1.066019,1.720653,0.996060,0.917123,0.928988,0.920429,0.911601,0.948029,1.073855,0.924279,0.915086
1.713352,1.312251,0.509649,0.808273,0.804023,0.808631,0.788752,1.102475,1.053720,1.761228,0.816694,1.306912,0.000000,1.574276,0.721663,0.684433,1.339787,1.856572,0.901398,0.770768,0.803397,0.926561,0.831683,1.047625,0.777400,1.781076,0.589850,0.680840,1.875007,0.641452,1.373367,0.721663,0.744632,1.682380,0.771469,0.812348,0.881962,1.731336,0.816779,0.845457,0.554480,1.370250,0.788378,0.762749,0.740989,0.846485,0.628554,0.575484,0.767765,1.569823,1.412782,0.641452,0.628554,1.815407,0.884053,0.980284,1.638112,0.749280,0.948921,0.865357,0.789479,1.861799,0.700859,1.225570,0.770242,0.777438,0.840290,0.684480,1.659196,0.799293,0.589850,0.807626,0.849669,0.773620,0.743803,0.906304,1.768592,0.774134,0.844603,1.820039,0.834873,1.714408,1.846080,0.811171,0.799764,0.802873,0.783050,0.920313,1.266365,0.601233,1.804572,0.826832,0.782341,0.768046,0.773620,0.823578,0.799699,0.528221,0.800516,0.803404
1.115838,1.403027,1.678695,1.746360,1.688362,1.754160,1.749939,1.523181,1.607043,0.510711,1.770328,1.548075,1.574276,0.000000,1.743085,1.683893,1.603133,0.982637,1.733700,1.763981,1.772245,1.703991,1.771164,1.528164,1.732579,1.021965,1.728864,1.671380,1.088794,1.741932,1.058819,1.743085,1.724439,0.568810,1.765883,1.666516,1.641448,1.126093,1.748166,1.746852,1.717108,1.476218,1.697442,1.768831,1.761109,1.570723,1.729181,1.726618,1.770494,0.852569,1.421865,1.741932,1.729181,1.175567,1.755051,1.734354,0.933839,1.749283,1.768349,1.655963,1.778433,0.972150,1.705775,1.264713,1.754424,1.770738,1.729258,1.676008,0.883575,1.758991,1.728864,1.753931,1.764743,1.771604,1.606691,1.524834,1.229359,1.752242,1.764184,0.741698,1.759256,1.038271,0.888239,1.677478,1.733673,1.744787,1.757162,1.675477,0.961800,1.670177,1.030009,1.697955,1.786447,1.780587,1.771604,1.740518,1.745273,1.666939,1.764563,1.793095
1.885401,1.395744,0.598482,0.136835,0.257972,0.142491,0.140686,1.192972,0.964442,1.919455,0.306801,0.920705,0.721663,1.743085,0.000000,0.493326,1.010580,1.969500,0.287586,0.222970,0.221469,0.387726,0.231517,0.763258,0.218989,1.960628,0.365282,0.438353,1.947245,0.244234,1.465825,0.000000,0.211973,1.856488,0.228260,0.676718,0.956701,1.888420,0.223046,0.250900,0.463350,1.479244,0.299024,0.205158,0.175629,0.953323,0.424239,0.356028,0.236824,1.799817,1.626488,0.244234,0.424239,1.908457,0.351617,0.379827,1.885182,0.574625,0.358718,0.921098,0.214872,1.977493,0.556115,1.500408,0.218293,0.254055,0.263227,0.758640,1.837574,0.214683,0.365282,0.255108,0.322333,0.226128,0.906263,1.028526,1.856014,0.163047,0.261577,1.964133,0.336779,1.908090,1.984254,0.365381,0.225356,0.223512,0.217272,0.903414,1.559312,0.662529,1.956777,0.359597,0.250189,0.234072,0.226128,0.241166,0.263194,0.470862,0.219946,0.240472
1.726615,1.133443,0.335048,0.545006,0.688094,0.534706,0.508832,0.824217,0.633782,1.861585,0.561611,0.950565,0.684433,1.683893,0.493326,0.000000,0.988362,1.900538,0.644915,0.434905,0.469050,0.716061,0.534585,1.080724,0.540749,1.851274,0.271558,0.119484,1.860259,0.368913,1.607824,0.493326,0.545479,1.814735,0.423460,0.477648,0.598462,1.735108,0.648229,0.689199,0.302060,1.242963,0.694650,0.476223,0.497942,0.569766,0.208676,0.302313,0.524383,1.630373,1.478161,0.368913,0.208676,1.770713,0.648504,0.686600,1.743737,0.358584,0.675505,0.603317,0.530515,1.916453,0.335132,1.237463,0.557852,0.524383,0.632076,0.423201,1.665435,0.555867,0.271558,0.560169,0.584434,0.450236,0.530911,0.636480,1.739292,0.449384,0.618152,1.909862,0.650705,1.774730,1.919396,0.663922,0.546515,0.588828,0.468747,0.714491,1.479645,0.320962,1.850306,0.722578,0.434503,0.451444,0.450236,0.602790,0.598810,0.325706,0.547079,0.481352
1.555801,1.181588,1.095099,0.999568,1.082909,0.978171,1.005585,1.035944,0.873552,1.695210,0.935995,0.267769,1.339787,1.603133,1.010580,0.988362,0.000000,1.687105,1.009802,0.991242,0.978108,1.049755,0.990027,1.315655,1.046173,1.666921,1.015469,1.001291,1.589073,1.003785,1.687177,1.010580,1.059067,1.741586,0.984126,0.895839,1.018297,1.573511,1.023251,1.034249,1.036182,1.166592,1.152692,1.009883,1.005429,1.120747,0.994897,1.047039,0.953306,1.604977,1.496584,1.003785,0.994897,1.491261,0.972994,0.961548,1.697653,0.938198,0.972948,1.113131,1.001343,1.668328,1.006232,1.383935,1.036683,0.966783,1.024477,1.049741,1.580424,1.017436,1.015469,1.013009,0.944670,0.994330,1.083666,1.101185,1.492805,0.985849,0.976783,1.710208,1.029994,1.631446,1.691846,0.974513,1.030022,1.034837,1.003568,0.934517,1.526477,1.053389,1.654407,1.123402,0.978882,0.996642,0.994330,1.019503,1.048931,1.118744,1.016416,0.982387
0.607810,1.369312,1.869121,1.968941,1.959031,1.967441,1.969299,1.536128,1.687706,0.598702,1.962555,1.736545,1.856572,0.982637,1.969500,1.900538,1.687105,0.000000,1.962398,1.966912,1.969115,1.952796,1.972034,1.844154,1.974497,0.453781,1.937317,1.913606,0.405441,1.961720,1.412531,1.969500,1.974874,0.789948,1.965764,1.834889,1.704170,0.572168,1.965543,1.964105,1.913583,1.287751,1.964216,1.971428,1.973981,1.693095,1.923336,1.933989,1.962941,0.791427,1.104118,1.961720,1.923336,0.566957,1.961280,1.953393,0.574958,1.875906,1.954784,1.739881,1.968073,0.406975,1.877393,1.247377,1.971023,1.960839,1.971888,1.810019,0.751763,1.974799,1.937317,1.966907,1.961644,1.967709,1.733995,1.653347,0.758203,1.966676,1.967023,0.453486,1.960349,0.600905,0.339518,1.945438,1.971729,1.975551,1.968751,1.721594,1.234180,1.843190,0.452372,1.965007,1.962743,1.966514,1.967709,1.972670,1.969954,1.908405,1.974002,1.966912
1.916496,1.476071,0.787365,0.205516,0.287090,0.230935,0.221965,1.304482,1.059679,1.901281,0.330724,0.892551,0.901398,1.733700,0.287586,0.644915,1.009802,1.962398,0.000000,0.298042,0.272109,0.255631,0.227313,0.664995,0.226932,1.977131,0.550769,0.582460,1.939661,0.421383,1.427371,0.287586,0.257214,1.837704,0.307425,0.811499,1.102187,1.915315,0.274505,0.267653,0.652730,1.568195,0.305675,0.280150,0.284812,1.093567,0.597296,0.534843,0.362156,1.848495,1.697984,0.421383,0.597296,1.922490,0.232230,0.278857,1.929964,0.728207,0.169856,1.048919,0.283423,1.965147,0.708360,1.594800,0.226991,0.362639,0.207012,0.927829,1.859687,0.222604,0.550769,0.252904,0.259359,0.304994,1.067189,1.152553,1.864647,0.262926,0.218419,1.945127,0.346903,1.939210,1.975124,0.357032,0.211917,0.203485,0.263397,1.046235,1.619298,0.837988,1.963463,0.305199,0.334730,0.321360,0.304994,0.217816,0.237302,0.661366,0.231551,0.300634
1.865127,1.358647,0.565366,0.224940,0.407584,0.220651,0.193581,1.134979,0.889601,1.929357,0.285036,0.915539,0.770768,1.763981,0.222970,0.434905,0.991242,1.966912,0.298042,0.000000,0.140595,0.394088,0.167991,0.848838,0.161953,1.953595,0.323124,0.395938,1.932878,0.215019,1.529797,0.222970,0.223673,1.879609,0.021837,0.618557,0.902686,1.872069,0.334936,0.365624,0.423644,1.438533,0.407474,0.092552,0.173486,0.908722,0.364325,0.317652,0.259669,1.803031,1.608006,0.215019,0.364325,1.886450,0.319709,0.381751,1.889590,0.515179,0.327429,0.848616,0.199737,1.978505,0.513842,1.480342,0.231860,0.250456,0.271417,0.707798,1.832848,0.176095,0.323124,0.226974,0.280782,0.072127,0.861541,0.971605,1.823704,0.147118,0.284364,1.965678,0.350018,1.897682,1.987333,0.430066,0.174890,0.216226,0.056588,0.874054,1.597766,0.616738,1.947291,0.394975,0.103291,0.095778,0.072127,0.243244,0.261035,0.467039,0.173147,0.129212
1.880601,1.375945,0.610741,0.195727,0.386861,0.190603,0.165678,1.164715,0.919875,1.935395,0.252784,0.896967,0.803397,1.772245,0.221469,0.469050,0.978108,1.969115,0.272109,0.140595,0.000000,0.381178,0.085717,0.834192,0.184204,1.958962,0.361279,0.426669,1.932663,0.241384,1.515405,0.221469,0.189835,1.882528,0.145276,0.662226,0.933969,1.884084,0.296588,0.324445,0.471123,1.460841,0.385802,0.100380,0.153478,0.940165,0.399870,0.361394,0.241646,1.817592,1.633075,0.241384,0.399870,1.887625,0.293930,0.354487,1.903097,0.542092,0.290012,0.876445,0.183471,1.974980,0.537865,1.505105,0.214241,0.257069,0.247974,0.745603,1.836310,0.138560,0.361279,0.214050,0.252017,0.110999,0.897848,1.009665,1.829419,0.134618,0.243442,1.971327,0.348083,1.903052,1.989212,0.428922,0.182031,0.185356,0.135004,0.901573,1.624730,0.659429,1.951110,0.371037,0.115768,0.112769,0.110999,0.214585,0.248669,0.500495,0.123023,0.079750
1.932945,1.515184,0.860191,0.326572,0.332062,0.359247,0.341048,1.364235,1.123157,1.876719,0.433637,0.912827,0.926561,1.703991,0.387726,0.716061,1.049755,1.952796,0.255631,0.394088,0.381178,0.000000,0.331537,0.620888,0.303087,1.969080,0.627984,0.650251,1.932939,0.501403,1.380885,0.387726,0.328378,1.810840,0.405444,0.875559,1.171150,1.931976,0.376007,0.355633,0.726710,1.602138,0.329445,0.380351,0.378421,1.166490,0.676650,0.612918,0.466668,1.852331,1.735902,0.501403,0.676650,1.935071,0.335462,0.301306,1.934938,0.813082,0.307688,1.114988,0.389396,1.953414,0.795826,1.638331,0.295177,0.461565,0.253343,0.997446,1.863121,0.310161,0.627984,0.265705,0.385762,0.406329,1.136725,1.212679,1.868969,0.374604,0.345570,1.921388,0.413785,1.948159,1.958225,0.392052,0.284464,0.277040,0.358910,1.110854,1.615336,0.914703,1.961398,0.273582,0.440229,0.423119,0.406329,0.285753,0.236521,0.724828,0.322770,0.406631
1.898121,1.423371,0.671779,0.185083,0.352072,0.179751,0.170383,1.219558,0.973064,1.932946,0.267372,0.899970,0.831683,1.771164,0.231517,0.534585,0.990027,1.972034,0.227313,0.167991,0.085717,0.331537,0.000000,0.791253,0.153261,1.967883,0.424808,0.486036,1.937549,0.293907,1.488591,0.231517,0.171303,1.877665,0.177929,0.706640,0.997441,1.901932,0.266801,0.285203,0.532242,1.500023,0.346625,0.122798,0.160293,0.998921,0.468417,0.417737,0.259968,1.835775,1.657230,0.293907,0.468417,1.902950,0.271467,0.320420,1.918337,0.610266,0.246458,0.931705,0.176767,1.976122,0.595108,1.542484,0.200497,0.273087,0.190428,0.811114,1.856775,0.093478,0.424808,0.196715,0.247239,0.149247,0.960894,1.062436,1.843098,0.170571,0.214799,1.968694,0.333063,1.918914,1.988865,0.404631,0.147992,0.133388,0.140657,0.955807,1.635405,0.724503,1.958364,0.323781,0.168892,0.157287,0.149247,0.160162,0.220870,0.561562,0.074698,0.120486
1.906280,1.705942,1.180321,0.733427,0.557875,0.759897,0.762809,1.624829,1.451098,1.702821,0.835355,1.164704,1.047625,1.528164,0.763258,1.080724,1.315655,1.844154,0.664995,0.848838,0.834192,0.620888,0.791253,0.000000,0.725548,1.897406,1.009824,0.998132,1.886326,0.908576,1.040266,0.763258,0.722327,1.573720,0.861822,1.233574,1.490036,1.906579,0.690942,0.659075,1.087582,1.785286,0.570784,0.824858,0.805103,1.416986,1.062829,0.978136,0.853276,1.799750,1.785236,0.908576,1.062829,1.950665,0.743425,0.705060,1.853053,1.199030,0.750977,1.442366,0.822820,1.844972,1.165242,1.712431,0.743879,0.851242,0.674804,1.333795,1.798570,0.753341,1.009824,0.767315,0.798312,0.857408,1.433843,1.471949,1.913566,0.813037,0.736899,1.775879,0.734898,1.920507,1.822384,0.655983,0.723021,0.703041,0.809808,1.412717,1.451360,1.246107,1.895323,0.577109,0.895499,0.872008,0.857408,0.710322,0.717266,1.018189,0.769754,0.864507
1.903848,1.440884,0.664592,0.194716,0.299256,0.207152,0.192941,1.243091,1.003974,1.912231,0.301558,0.941726,0.777400,1.732579,0.218989,0.540749,1.046173,1.974497,0.226932,0.161953,0.184204,0.303087,0.153261,0.725548,0.000000,1.972950,0.424102,0.481384,1.953026,0.296186,1.440261,0.218989,0.139712,1.844815,0.180418,0.717423,1.021069,1.911622,0.269093,0.286284,0.527865,1.527662,0.298284,0.137362,0.193462,1.007826,0.478009,0.412208,0.291875,1.820784,1.664417,0.296186,0.478009,1.927826,0.285413,0.342129,1.908704,0.640692,0.294975,0.954332,0.234374,1.980519,0.622027,1.541761,0.194815,0.293865,0.167089,0.821536,1.853637,0.113497,0.424102,0.204660,0.277792,0.167567,0.970867,1.070078,1.867606,0.199499,0.242066,1.957320,0.324241,1.928608,1.985922,0.372292,0.077016,0.111424,0.115825,0.982563,1.587368,0.728772,1.961694,0.266856,0.219995,0.190299,0.167567,0.156694,0.198229,0.535198,0.126893,0.204077
0.499650,1.254042,1.801404,1.971134,1.974676,1.966978,1.965640,1.435153,1.629883,0.653921,1.953888,1.744627,1.781076,1.021965,1.960628,1.851274,1.666921,0.453781,1.977131,1.953595,1.958962,1.969080,1.967883,1.897406,1.972950,0.000000,1.893122,1.875712,0.485328,1.932227,1.465428,1.960628,1.972798,0.846403,1.951364,1.792152,1.606608,0.487946,1.971843,1.975052,1.857457,1.137111,1.973382,1.959516,1.960656,1.608417,1.874189,1.896765,1.950204,0.757457,0.987517,1.932227,1.874189,0.456223,1.969986,1.963524,0.520253,1.818430,1.971229,1.650325,1.956260,0.422966,1.817245,1.115184,1.967824,1.948021,1.979876,1.725491,0.645218,1.971825,1.893122,1.961919,1.964008,1.954094,1.636679,1.576921,0.632815,1.956872,1.972215,0.521196,1.955482,0.402245,0.403981,1.941134,1.975099,1.976799,1.960336,1.643014,1.195070,1.769910,0.400542,1.976455,1.945204,1.950715,1.954094,1.978602,1.969048,1.856018,1.969655,1.953112
1.789505,1.214235,0.285225,0.436071,0.584704,0.428082,0.389857,0.955233,0.757554,1.903455,0.424487,0.975439,0.589850,1.728864,0.365282,0.271558,1.015469,1.937317,0.550769,0.323124,0.361279,0.627984,0.424808,1.009824,0.424102,1.893122,0.000000,0.294492,1.904107,0.166385,1.580606,0.365282,0.415554,1.864396,0.314566,0.501603,0.681472,1.795618,0.515330,0.559122,0.129188,1.301583,0.586562,0.341091,0.340219,0.705295,0.102746,0.159172,0.365314,1.712341,1.498684,0.166385,0.102746,1.822842,0.534221,0.626974,1.801649,0.328188,0.575688,0.669654,0.384705,1.948076,0.338099,1.319901,0.423054,0.370867,0.521208,0.447474,1.749737,0.431559,0.000000,0.430054,0.471399,0.319896,0.616325,0.788313,1.764293,0.334113,0.492301,1.944949,0.513312,1.812143,1.959272,0.568015,0.441344,0.467566,0.361010,0.705871,1.509567,0.350871,1.893670,0.598409,0.310140,0.314110,0.319896,0.489991,0.464633,0.258314,0.423209,0.353932
1.756787,1.200354,0.396555,0.486178,0.609438,0.479045,0.457383,0.901129,0.706007,1.859256,0.534097,0.940858,0.680840,1.671380,0.438353,0.119484,1.001291,1.913606,0.582460,0.395938,0.426669,0.650251,0.486036,0.998132,0.481384,1.875712,0.294492,0.000000,1.882167,0.351037,1.556152,0.438353,0.485527,1.799123,0.386916,0.528364,0.697862,1.765126,0.591989,0.629981,0.349175,1.312840,0.623405,0.436495,0.456172,0.637159,0.264522,0.291457,0.499511,1.648125,1.517430,0.351037,0.264522,1.807958,0.604545,0.622687,1.765680,0.437518,0.629279,0.684478,0.494746,1.930160,0.380790,1.284331,0.508830,0.501883,0.567796,0.525217,1.684894,0.503018,0.294492,0.516727,0.547324,0.418353,0.622483,0.701106,1.781517,0.405525,0.568771,1.914005,0.612744,1.809640,1.927965,0.596651,0.484397,0.528212,0.421334,0.783147,1.474764,0.404658,1.873904,0.655077,0.410536,0.423766,0.418353,0.541479,0.550584,0.342179,0.496811,0.451024
0.589425,1.273206,1.839744,1.945543,1.959475,1.942117,1.940553,1.451415,1.603707,0.754667,1.930973,1.657654,1.875007,1.088794,1.947245,1.860259,1.589073,0.405441,1.939661,1.932878,1.932663,1.932939,1.937549,1.886326,1.953026,0.485328,1.904107,1.882167,0.000000,1.929945,1.516352,1.947245,1.955555,0.912990,1.930173,1.782219,1.627476,0.549255,1.951880,1.952143,1.879742,1.196068,1.960802,1.939669,1.942878,1.652361,1.882525,1.908106,1.926844,0.821288,1.054584,1.929945,1.882525,0.455724,1.931736,1.923802,0.655002,1.818447,1.918004,1.669301,1.931430,0.497178,1.816725,1.243757,1.949503,1.922159,1.952077,1.754603,0.768587,1.946919,1.904107,1.939468,1.930572,1.932266,1.675564,1.601025,0.665680,1.933672,1.946444,0.602486,1.933889,0.589173,0.486510,1.944579,1.950535,1.953313,1.938584,1.663112,1.369044,1.802478,0.525134,1.958256,1.923554,1.930492,1.932266,1.948922,1.945682,1.886674,1.944625,1.928645
1.843659,1.307104,0.424722,0.309045,0.462453,0.306895,0.262419,1.070345,0.849490,1.919229,0.316054,0.941936,0.641452,1.741932,0.244234,0.368913,1.003785,1.961720,0.421383,0.215019,0.241384,0.501403,0.293907,0.908576,0.296186,1.932227,0.166385,0.351037,1.929945,0.000000,1.536052,0.244234,0.283449,1.876072,0.210631,0.567945,0.810787,1.848975,0.391696,0.429433,0.269144,1.387009,0.460921,0.216998,0.187213,0.829854,0.244562,0.194689,0.264766,1.766911,1.564105,0.000000,0.244562,1.867085,0.407818,0.499898,1.854602,0.427040,0.449041,0.779627,0.256692,1.966956,0.415917,1.418389,0.298667,0.280407,0.383880,0.591224,1.799931,0.295902,0.166385,0.302895,0.354085,0.208052,0.753260,0.904022,1.803650,0.213265,0.362380,1.960869,0.409490,1.859394,1.979748,0.471332,0.311215,0.329538,0.243933,0.789058,1.548497,0.493851,1.928503,0.466547,0.210702,0.205158,0.208052,0.353708,0.339842,0.343829,0.289260,0.238279
1.582889,1.801598,1.624106,1.450239,1.316475,1.465225,1.477585,1.820951,1.810914,1.193922,1.514040,1.585444,1.373367,1.058819,1.465825,1.607824,1.687177,1.412531,1.427371,1.529797,1.515405,1.380885,1.488591,1.040266,1.440261,1.465428,1.580606,1.556152,1.516352,1.536052,0.000000,1.465825,1.427481,0.995201,1.538651,1.676288,1.796339,1.592527,1.399840,1.382304,1.611178,1.848203,1.316136,1.504608,1.492271,1.691870,1.613732,1.556027,1.520061,1.396205,1.640289,1.536052,1.613732,1.662364,1.463239,1.456172,1.422392,1.704921,1.473341,1.725484,1.514330,1.373008,1.623955,1.653830,1.456954,1.540476,1.406932,1.716939,1.391390,1.454143,1.580606,1.480567,1.495111,1.531232,1.732302,1.733559,1.709925,1.510555,1.446000,1.293967,1.471624,1.492640,1.329611,1.362053,1.445729,1.423149,1.507000,1.756547,1.297377,1.669979,1.474665,1.333422,1.555160,1.536992,1.531232,1.424188,1.443186,1.542323,1.463202,1.537032
1.885401,1.395744,0.598482,0.136835,0.257972,0.142491,0.140686,1.192972,0.964442,1.919455,0.306801,0.920705,0.721663,1.743085,0.000000,0.493326,1.010580,1.969500,0.287586,0.222970,0.221469,0.387726,0.231517,0.763258,0.218989,1.960628,0.365282,0.438353,1.947245,0.244234,1.465825,0.000000,0.211973,1.856488,0.228260,0.676718,0.956701,1.888420,0.223046,0.250900,0.463350,1.479244,0.299024,0.205158,0.175629,0.953323,0.424239,0.356028,0.236824,1.799817,1.626488,0.244234,0.424239,1.908457,0.351617,0.379827,1.885182,0.574625,0.358718,0.921098,0.214872,1.977493,0.556115,1.500408,0.218293,0.254055,0.263227,0.758640,1.837574,0.214683,0.365282,0.255108,0.322333,0.226128,0.906263,1.028526,1.856014,0.163047,0.261577,1.964133,0.336779,1.908090,1.984254,0.365381,0.225356,0.223512,0.217272,0.903414,1.559312,0.662529,1.956777,0.359597,0.250189,0.234072,0.226128,0.241166,0.263194,0.470862,0.219946,0.240472
1.907951,1.438955,0.650732,0.203942,0.288346,0.220572,0.192667,1.246409,1.004924,1.910411,0.295748,0.953614,0.744632,1.724439,0.211973,0.545479,1.059067,1.974874,0.257214,0.223673,0.189835,0.328378,0.171303,0.722327,0.139712,1.972798,0.415554,0.485527,1.955555,0.283449,1.427481,0.211973,0.000000,1.840845,0.236319,0.711605,1.017951,1.911960,0.260521,0.278029,0.519322,1.525719,0.284117,0.172562,0.188638,0.998909,0.474738,0.405024,0.279189,1.814279,1.661591,0.283449,0.474738,1.930883,0.299335,0.357679,1.903420,0.638411,0.317690,0.942420,0.246803,1.975321,0.618505,1.530236,0.179620,0.285773,0.179626,0.812277,1.846630,0.135081,0.415554,0.213853,0.290247,0.212603,0.962511,1.068616,1.872229,0.199463,0.248445,1.959055,0.313036,1.925995,1.986589,0.362074,0.135574,0.123572,0.195990,0.977969,1.574208,0.719524,1.959807,0.231340,0.253224,0.224342,0.212603,0.169663,0.200777,0.515460,0.147356,0.228550
0.977494,1.508833,1.815890,1.857743,1.787984,1.862757,1.865018,1.632281,1.739700,0.459998,1.886224,1.708586,1.682380,0.568810,1.856488,1.814735,1.741586,0.789948,1.837704,1.879609,1.882528,1.810840,1.877665,1.573720,1.844815,0.846403,1.864396,1.799123,0.912990,1.876072,0.995201,1.856488,1.840845,0.000000,1.882106,1.804189,1.764749,0.994085,1.847672,1.844736,1.857754,1.534034,1.796540,1.879575,1.881603,1.687181,1.861895,1.856791,1.884266,0.772791,1.354198,1.876072,1.861895,1.084668,1.863933,1.838495,0.766453,1.877403,1.870708,1.763510,1.890681,0.762754,1.839747,1.330286,1.861750,1.886170,1.838245,1.811292,0.779908,1.865055,1.864396,1.871171,1.875594,1.885951,1.739070,1.644810,1.228534,1.873224,1.871092,0.586022,1.862307,0.992265,0.633228,1.792410,1.845872,1.850399,1.870960,1.804561,0.988531,1.809414,0.860934,1.802577,1.897463,1.891910,1.885951,1.847809,1.855135,1.802018,1.869876,1.899343
1.860308,1.349544,0.555960,0.231777,0.419516,0.226277,0.198762,1.122074,0.876170,1.930003,0.287147,0.911254,0.771469,1.765883,0.228260,0.423460,0.984126,1.965764,0.307425,0.021837,0.145276,0.405444,0.177929,0.861822,0.180418,1.951364,0.314566,0.386916,1.930173,0.210631,1.538651,0.228260,0.236319,1.882106,0.000000,0.608401,0.889259,1.866935,0.344514,0.376186,0.414437,1.429311,0.419587,0.104826,0.178873,0.897893,0.353278,0.310405,0.261115,1.800168,1.602286,0.210631,0.353278,1.881343,0.324783,0.385793,1.887145,0.501835,0.332266,0.837234,0.202906,1.977333,0.503650,1.473857,0.241522,0.250806,0.285349,0.695929,1.829276,0.189995,0.314566,0.237141,0.283457,0.079249,0.849234,0.959974,1.818739,0.147856,0.291631,1.965689,0.356345,1.893943,1.986597,0.438631,0.191049,0.231194,0.075598,0.863673,1.598353,0.604851,1.945277,0.410261,0.100892,0.099802,0.079249,0.256145,0.273685,0.461941,0.185924,0.132343
1.623511,1.083650,0.477051,0.730438,0.854854,0.704600,0.708007,0.760288,0.486395,1.831514,0.699464,0.907425,0.812348,1.666516,0.676718,0.477648,0.895839,1.834889,0.811499,0.618557,0.662226,0.875559,0.706640,1.233574,0.717423,1.792152,0.501603,0.528364,1.782219,0.567945,1.676288,0.676718,0.711605,1.804189,0.608401,0.000000,0.576017,1.646090,0.792471,0.829458,0.476486,1.095450,0.898732,0.650758,0.673846,0.582607,0.469178,0.533102,0.639672,1.548153,1.341412,0.567945,0.469178,1.683341,0.789157,0.828000,1.665494,0.449154,0.817214,0.515043,0.690128,1.847053,0.526765,1.143059,0.718175,0.631080,0.781766,0.472118,1.636202,0.721719,0.501603,0.716939,0.726764,0.627718,0.550805,0.599543,1.672217,0.652762,0.771720,1.868882,0.763469,1.712213,1.864625,0.764710,0.716796,0.753827,0.651859,0.618149,1.449017,0.450169,1.769340,0.873826,0.612433,0.626241,0.627718,0.756177,0.756148,0.551092,0.719192,0.656827
1.430364,0.743178,0.519973,1.009441,1.154292,0.991949,0.974513,0.375832,0.438084,1.749376,0.946940,1.095087,0.881962,1.641448,0.956701,0.598462,1.018297,1.704170,1.102187,0.902686,0.933969,1.171150,0.997441,1.490036,1.021069,1.606608,0.681472,0.697862,1.627476,0.810787,1.796339,0.956701,1.017951,1.764749,0.889259,0.576017,0.000000,1.437667,1.080080,1.120590,0.608836,0.845668,1.162687,0.932697,0.952165,0.409932,0.611703,0.734960,0.913266,1.397957,1.159665,0.810787,0.611703,1.467046,1.056751,1.130942,1.488347,0.465259,1.092958,0.433873,0.963987,1.727602,0.592603,0.909233,1.007587,0.910160,1.100454,0.282336,1.445243,1.018637,0.681472,1.004735,0.990285,0.901440,0.208289,0.436127,1.451880,0.915459,1.045963,1.765470,1.046024,1.493278,1.742663,1.107545,1.029855,1.058328,0.944242,0.536342,1.411973,0.411027,1.613312,1.179661,0.872445,0.892329,0.901440,1.070126,1.044819,0.672973,1.009321,0.919196
0.250464,1.087671,1.681540,1.901202,1.927113,1.893672,1.894109,1.232604,1.434205,0.836573,1.880493,1.669460,1.731336,1.126093,1.888420,1.735108,1.573511,0.572168,1.915315,1.872069,1.884084,1.931976,1.901932,1.906579,1.911622,0.487946,1.795618,1.765126,0.549255,1.848975,1.592527,1.888420,1.911960,0.994085,1.866935,1.646090,1.437667,0.000000,1.914942,1.924440,1.752370,1.012217,1.938996,1.885853,1.891560,1.430895,1.767049,1.793683,1.870400,0.707886,0.702201,1.848975,1.767049,0.448201,1.903280,1.910356,0.517789,1.694319,1.906871,1.492616,1.885225,0.646799,1.699292,0.963665,1.906144,1.866880,1.932253,1.587031,0.666783,1.911477,1.795618,1.904282,1.889319,1.874656,1.478026,1.390010,0.665111,1.879006,1.910023,0.732988,1.897989,0.502831,0.627991,1.894346,1.914703,1.922424,1.884774,1.530952,1.212348,1.633155,0.565203,1.945069,1.860738,1.870941,1.874656,1.924070,1.918181,1.764316,1.907823,1.876399
1.909942,1.477120,0.747050,0.187185,0.214650,0.156938,0.240664,1.301526,1.079595,1.918288,0.299433,0.921099,0.816779,1.748166,0.223046,0.648229,1.023251,1.965543,0.274505,0.334936,0.296588,0.376007,0.266801,0.690942,0.269093,1.971843,0.515330,0.591989,1.951880,0.391696,1.399840,0.223046,0.260521,1.847672,0.344514,0.792471,1.080080,1.914942,0.000000,0.077370,0.613336,1.547599,0.284620,0.292752,0.280226,1.083752,0.572231,0.513557,0.254842,1.838385,1.666194,0.391696,0.572231,1.924063,0.332872,0.375565,1.914454,0.699688,0.338263,1.027192,0.302275,1.968993,0.700670,1.571558,0.276410,0.306232,0.239350,0.893656,1.866073,0.242685,0.515330,0.320633,0.321571,0.322531,1.042373,1.157108,1.879319,0.287236,0.193664,1.960640,0.318452,1.928596,1.975842,0.361077,0.271070,0.228105,0.311211,1.010574,1.588287,0.812010,1.963385,0.317705,0.350486,0.329950,0.322531,0.238259,0.304345,0.624486,0.255844,0.316916
1.921904,1.505442,0.790098,0.206648,0.192706,0.191088,0.265623,1.337796,1.112935,1.914365,0.327787,0.927209,0.845457,1.746852,0.250900,0.689199,1.034249,1.964105,0.267653,0.365624,0.324445,0.355633,0.285203,0.659075,0.286284,1.975052,0.559122,0.629981,1.952143,0.429433,1.382304,0.250900,0.278029,1.844736,0.376186,0.829458,1.120590,1.924440,0.077370,0.000000,0.655739,1.573455,0.271286,0.323614,0.303399,1.121231,0.616549,0.551618,0.303175,1.852659,1.686944,0.429433,0.616549,1.930636,0.334621,0.351344,1.925018,0.744134,0.332590,1.067978,0.325113,1.966969,0.737300,1.596421,0.290282,0.341040,0.232890,0.937510,1.877579,0.261253,0.559122,0.329954,0.336580,0.355754,1.083363,1.193728,1.884310,0.317151,0.197434,1.956523,0.323884,1.935849,1.972907,0.364881,0.282438,0.237612,0.337040,1.044130,1.598344,0.854723,1.966475,0.301205,0.384616,0.364146,0.355754,0.239394,0.307740,0.665114,0.275761,0.345998
1.744692,1.160920,0.182459,0.540983,0.680113,0.531335,0.495831,0.888670,0.714224,1.885823,0.518483,1.017250,0.554480,1.717108,0.463350,0.302060,1.036182,1.913583,0.652730,0.423644,0.471123,0.726710,0.532242,1.087582,0.527865,1.857457,0.129188,0.349175,1.879742,0.269144,1.611178,0.463350,0.519322,1.857754,0.414437,0.476486,0.608836,1.752370,0.613336,0.655739,0.000000,1.236812,0.681737,0.445704,0.440558,0.643622,0.155134,0.197063,0.457033,1.671470,1.437634,0.269144,0.155134,1.785357,0.629478,0.722394,1.757309,0.309845,0.672593,0.612685,0.476131,1.928335,0.316038,1.252922,0.522430,0.458155,0.624629,0.368615,1.720522,0.537642,0.129188,0.528515,0.567670,0.422980,0.530947,0.726541,1.725048,0.441100,0.593352,1.924956,0.602575,1.767977,1.938609,0.648589,0.546272,0.573026,0.463008,0.641864,1.474826,0.260855,1.863528,0.695231,0.409250,0.415402,0.422980,0.594247,0.563268,0.260790,0.529977,0.456179
0.988504,0.723836,1.167557,1.519034,1.608965,1.498721,1.495297,0.727829,0.871198,1.431985,1.454819,1.307255,1.370250,1.476218,1.479244,1.242963,1.166592,1.287751,1.568195,1.438533,1.460841,1.602138,1.500023,1.785286,1.527662,1.137111,1.301583,1.312840,1.196068,1.387009,1.848203,1.479244,1.525719,1.534034,1.429311,1.095450,0.845668,1.012217,1.547599,1.573455,1.236812,0.000000,1.626203,1.460773,1.475387,0.960752,1.256500,1.329998,1.433476,1.115489,0.915413,1.387009,1.256500,0.983948,1.526177,1.555289,1.115685,1.141512,1.547009,0.947426,1.473108,1.309686,1.203441,0.816208,1.509623,1.427142,1.563715,1.010961,1.133338,1.515064,1.301583,1.495490,1.490766,1.440073,0.927187,0.910985,1.008242,1.452312,1.537047,1.395566,1.504390,1.076876,1.341436,1.518225,1.524785,1.542571,1.467943,0.822056,1.242861,1.099565,1.189832,1.619332,1.414310,1.431011,1.440073,1.549921,1.529816,1.286852,1.510496,1.442899
1.940805,1.531235,0.802159,0.268542,0.204972,0.307408,0.291814,1.377696,1.170250,1.879167,0.453319,1.030331,0.788378,1.697442,0.299024,0.694650,1.152692,1.964216,0.305675,0.407474,0.385802,0.329445,0.346625,0.570784,0.298284,1.973382,0.586562,0.623405,1.960802,0.460921,1.316136,0.299024,0.284117,1.796540,0.419587,0.898732,1.162687,1.938996,0.284620,0.271286,0.681737,1.626203,0.000000,0.372862,0.343496,1.136628,0.647521,0.566791,0.441686,1.833758,1.723038,0.460921,0.647521,1.960025,0.396912,0.401723,1.911317,0.809937,0.390303,1.108141,0.370960,1.965888,0.757064,1.620301,0.325004,0.455144,0.273105,0.966750,1.856784,0.306452,0.586562,0.350259,0.424668,0.408736,1.101815,1.204849,1.898401,0.349229,0.345690,1.931945,0.421931,1.938512,1.964840,0.414985,0.304619,0.269976,0.374604,1.108293,1.576264,0.872472,1.971487,0.263718,0.445244,0.420280,0.408736,0.288304,0.315803,0.641695,0.318562,0.412824
1.879794,1.382928,0.588429,0.201589,0.377668,0.200106,0.170868,1.171758,0.932210,1.934903,0.256555,0.930886,0.762749,1.768831,0.205158,0.476223,1.009883,1.971428,0.280150,0.092552,0.100380,0.380351,0.122798,0.824858,0.137362,1.959516,0.341091,0.436495,1.939669,0.216998,1.504608,0.205158,0.172562,1.879575,0.104826,0.650758,0.932697,1.885853,0.292752,0.323614,0.445704,1.460773,0.372862,0.000000,0.143884,0.939989,0.389961,0.341885,0.234612,1.814549,1.618477,0.216998,0.389961,1.898303,0.292611,0.379449,1.897900,0.537960,0.306894,0.871957,0.181576,1.979624,0.538079,1.501007,0.194319,0.243513,0.243009,0.732535,1.842090,0.115348,0.341091,0.201952,0.258213,0.057415,0.891035,1.012107,1.835346,0.138453,0.248544,1.971304,0.335662,1.903932,1.991526,0.414891,0.157856,0.165473,0.088616,0.895493,1.605390,0.646985,1.952302,0.353965,0.094375,0.062016,0.057415,0.212266,0.226171,0.475949,0.108864,0.085459
