0.000000,1.153299,1.681075,1.901453,1.925305,1.890297,1.895132,1.235578,1.452262,0.828276,1.877282,1.648709,1.731892,1.086559,1.886608,1.727463,1.533154,0.597051,1.920019,1.868579,1.880667,1.918797,1.898997,1.902332,1.906512,0.500779,1.786167,1.758014,0.595575,1.845396,1.531735,1.886608,1.904411,0.967667,1.864031,1.649184,1.449475,0.265956,1.910481,1.922942,1.747045,0.971477,1.944434,1.882079,1.886310,1.471383,1.756589,1.792897,1.860301,0.607467,0.712674,1.845396,1.756589,0.491790,1.906958,1.919980,0.437597,1.693418,1.915346,1.475304,1.873723,0.652581,1.710107,1.000224,1.886892,1.859727,1.925347,1.582991,0.729900,1.906661,1.786167,1.889649,1.889832,1.870305,1.492883,1.390892,0.666105,1.883518,1.905137,0.726853,1.900284,0.504896,0.646042,1.886770,1.908061,1.917120,1.880599,1.474562,1.125673,1.639209,0.578129,1.933180,1.857774,1.867101,1.870305,1.919377,1.898228,1.778543,1.904548,1.874562
1.153299,0.000000,1.035004,1.369395,1.475923,1.356445,1.346013,0.571627,0.773470,1.502608,1.313038,1.326838,1.278625,1.458290,1.343951,1.061445,1.256408,1.409984,1.433103,1.296777,1.311845,1.466089,1.362549,1.692654,1.385003,1.328487,1.148722,1.126126,1.294555,1.244411,1.800512,1.343951,1.375975,1.554105,1.287758,1.049646,0.682726,1.152259,1.422516,1.450823,1.098014,0.821869,1.499250,1.320248,1.344235,0.820408,1.094366,1.187630,1.295706,1.145228,1.114866,1.244411,1.094366,1.153190,1.394268,1.442304,1.201983,0.972727,1.414082,0.873784,1.346962,1.446777,1.067019,0.713173,1.360394,1.289807,1.432437,0.858597,1.127298,1.382267,1.148722,1.361173,1.355702,1.292177,0.768098,0.805693,1.186952,1.306116,1.393391,1.496316,1.381981,1.244562,1.469802,1.487801,1.384221,1.410741,1.325252,0.894843,1.407886,0.952451,1.357587,1.485543,1.271901,1.288436,1.292177,1.420013,1.388507,1.113463,1.378832,1.306590
1.681075,1.035004,0.000000,0.670686,0.781295,0.655082,0.632204,0.805308,0.666731,1.835959,0.646764,1.240651,0.488869,1.657326,0.592117,0.332396,1.275844,1.877945,0.774979,0.572016,0.604552,0.826061,0.664133,1.192497,0.661160,1.824217,0.275640,0.392982,1.834936,0.419374,1.623467,0.592117,0.636163,1.801959,0.563862,0.533878,0.515459,1.685253,0.725417,0.768582,0.178959,1.194983,0.789508,0.589942,0.581276,0.469644,0.263099,0.292531,0.578978,1.606823,1.411918,0.419374,0.263099,1.752025,0.768402,0.866182,1.675333,0.390073,0.796501,0.524147,0.621178,1.886794,0.352807,1.100067,0.627247,0.579990,0.744658,0.279965,1.667134,0.667475,0.275640,0.653824,0.706252,0.570761,0.381098,0.597231,1.711335,0.585291,0.719332,1.879462,0.703716,1.725488,1.899389,0.821451,0.680967,0.698327,0.605828,0.756747,1.423322,0.131227,1.824914,0.787012,0.557311,0.564114,0.570761,0.719781,0.676344,0.326700,0.662454,0.602083
1.901453,1.369395,0.670686,0.000000,0.241243,0.084074,0.089438,1.212096,0.952131,1.903802,0.272435,0.982447,0.790045,1.718294,0.135668,0.539980,1.110670,1.974257,0.199576,0.221486,0.186971,0.311949,0.173687,0.758617,0.185320,1.974252,0.440408,0.477570,1.947458,0.302165,1.481069,0.135668,0.204418,1.850733,0.228995,0.691465,0.982357,1.892840,0.174947,0.194403,0.534505,1.509730,0.304191,0.194296,0.196015,0.936130,0.490270,0.420127,0.266253,1.837712,1.682441,0.302165,0.490270,1.914736,0.278818,0.303385,1.915940,0.604176,0.263130,0.958763,0.230379,1.981035,0.592741,1.479383,0.221280,0.289840,0.190743,0.819212,1.835998,0.164613,0.440408,0.235877,0.260536,0.222942,0.940109,1.049289,1.870181,0.141141,0.196585,1.959644,0.313616,1.920383,1.983102,0.390206,0.179621,0.166275,0.200635,0.996979,1.583093,0.717791,1.969712,0.326256,0.248094,0.235222,0.222942,0.181534,0.251980,0.502642,0.174127,0.220505
1.925305,1.475923,0.781295,0.241243,0.000000,0.267218,0.293680,1.329454,1.076643,1.853282,0.430030,1.022387,0.776953,1.652900,0.247882,0.672801,1.175577,1.962844,0.281741,0.412736,0.378912,0.307078,0.343444,0.594178,0.303731,1.976969,0.581928,0.592961,1.962387,0.451718,1.357760,0.247882,0.286500,1.779949,0.424353,0.809879,1.123382,1.917502,0.221696,0.199187,0.664687,1.584597,0.229947,0.379262,0.353323,1.041145,0.641418,0.544742,0.418625,1.839126,1.726417,0.451718,0.641418,1.954385,0.396056,0.357980,1.915312,0.776500,0.387801,1.081700,0.395271,1.966871,0.731251,1.532703,0.341210,0.436695,0.252366,0.955467,1.847419,0.311447,0.581928,0.355732,0.409546,0.418530,1.062487,1.140527,1.911669,0.346298,0.324149,1.924047,0.388313,1.936820,1.958036,0.327252,0.291568,0.269716,0.377759,1.103152,1.505547,0.843561,1.969111,0.281901,0.452425,0.431160,0.418530,0.266380,0.335455,0.608362,0.325465,0.420235
1.890297,1.356445,0.655082,0.084074,0.267218,0.000000,0.132290,1.188777,0.929687,1.908583,0.259547,0.975971,0.788371,1.726660,0.141672,0.524565,1.096342,1.972116,0.231351,0.214386,0.182430,0.344898,0.170661,0.792868,0.200547,1.968458,0.427297,0.467678,1.944995,0.294159,1.498856,0.141672,0.227184,1.860559,0.220722,0.666031,0.959617,1.884577,0.150004,0.184908,0.519232,1.487506,0.343538,0.191243,0.194881,0.916812,0.474772,0.408731,0.232657,1.836860,1.669186,0.294159,0.474772,1.904363,0.297965,0.330229,1.912254,0.583363,0.280745,0.933734,0.221075,1.979327,0.576541,1.457829,0.239826,0.269238,0.205407,0.799570,1.838350,0.172848,0.427297,0.249817,0.260813,0.214440,0.920237,1.029990,1.862686,0.160476,0.186892,1.962219,0.316653,1.914452,1.982110,0.395343,0.197751,0.183287,0.197265,0.979680,1.579365,0.699633,1.964491,0.352582,0.233407,0.225379,0.214440,0.194187,0.275848,0.505546,0.181397,0.210332
1.895132,1.346013,0.632204,0.089438,0.293680,0.132290,0.000000,1.188953,0.928924,1.908013,0.270018,0.995760,0.769610,1.724679,0.141394,0.508877,1.116213,1.975669,0.213101,0.186872,0.161475,0.325272,0.162087,0.785201,0.178925,1.969523,0.397361,0.453165,1.941614,0.257494,1.505101,0.141394,0.194679,1.856958,0.192954,0.670633,0.949615,1.885017,0.226224,0.252289,0.492315,1.486810,0.320845,0.161018,0.153684,0.906824,0.448220,0.381201,0.251809,1.832311,1.665598,0.257494,0.448220,1.908070,0.286923,0.329247,1.908459,0.567740,0.268198,0.927089,0.185943,1.981979,0.555113,1.462715,0.195292,0.265375,0.217610,0.780225,1.828344,0.158562,0.397361,0.209798,0.264744,0.185613,0.906604,1.024104,1.856121,0.088321,0.225169,1.960955,0.307001,1.913156,1.986941,0.411936,0.183676,0.175065,0.174239,0.972803,1.584167,0.680607,1.966789,0.338421,0.210026,0.196957,0.185613,0.203081,0.231767,0.461769,0.160297,0.188062
1.235578,0.571627,0.805308,1.212096,1.329454,1.188777,1.188953,0.000000,0.458345,1.586919,1.156756,1.227902,1.124556,1.494898,1.170828,0.813294,1.164045,1.549956,1.287835,1.119007,1.147566,1.327854,1.203237,1.618576,1.227199,1.468296,0.945058,0.886395,1.454746,1.062416,1.806224,1.170828,1.225298,1.630380,1.106403,0.796883,0.379193,1.254203,1.274493,1.310150,0.888852,0.790546,1.368419,1.158058,1.179540,0.540812,0.878010,0.980787,1.122614,1.207998,1.135917,1.062416,0.878010,1.294587,1.256274,1.307841,1.302282,0.748582,1.282460,0.588563,1.181424,1.575055,0.820995,0.729436,1.195150,1.115192,1.284891,0.621235,1.280107,1.228600,0.945058,1.204892,1.200820,1.124980,0.486661,0.426318,1.318583,1.140029,1.240713,1.602051,1.226537,1.366260,1.594856,1.328180,1.229547,1.261344,1.153538,0.769947,1.344648,0.700970,1.466031,1.352417,1.100208,1.122791,1.124980,1.266723,1.237720,0.948654,1.222447,1.145220
1.452262,0.773470,0.666731,0.952131,1.076643,0.929687,0.928924,0.458345,0.000000,1.718312,0.912020,1.064955,1.033809,1.581529,0.907455,0.606714,1.043181,1.719608,1.021271,0.853542,0.883503,1.057694,0.938146,1.421282,0.965347,1.661230,0.730707,0.664948,1.625324,0.822312,1.779257,0.907455,0.963659,1.727390,0.841257,0.476926,0.423645,1.445801,1.027121,1.058880,0.697387,0.922410,1.138661,0.897390,0.923907,0.462918,0.668941,0.762477,0.869605,1.413427,1.257195,0.822312,0.668941,1.505451,0.999392,1.043138,1.519001,0.560042,1.022034,0.481471,0.924876,1.734705,0.630439,0.925783,0.922169,0.847045,1.021212,0.545313,1.479085,0.967885,0.730707,0.927300,0.949735,0.862930,0.500426,0.389935,1.499069,0.879684,0.991975,1.749773,0.952199,1.571961,1.756771,1.069681,0.962026,0.999881,0.886586,0.672362,1.405448,0.575965,1.657236,1.093064,0.840116,0.864036,0.862930,1.004787,0.964404,0.748917,0.963586,0.885054
0.828276,1.502608,1.835959,1.903802,1.853282,1.908583,1.908013,1.586919,1.718312,0.000000,1.926104,1.648944,1.756096,0.507030,1.895551,1.845456,1.636587,0.635581,1.894917,1.920762,1.925165,1.863821,1.923073,1.662355,1.903726,0.662028,1.890801,1.841657,0.778294,1.909959,1.109700,1.895551,1.895930,0.470209,1.921250,1.829556,1.751213,0.859023,1.902961,1.899114,1.874346,1.408709,1.859273,1.926241,1.918342,1.722474,1.884649,1.886122,1.918331,0.750069,1.228754,1.909959,1.884649,0.914821,1.909480,1.888987,0.701735,1.881440,1.916162,1.745345,1.917372,0.664189,1.830481,1.352212,1.908272,1.912618,1.898335,1.813001,0.815564,1.917850,1.890801,1.907587,1.921652,1.927695,1.746932,1.642772,0.901108,1.913306,1.919175,0.295928,1.901231,0.706324,0.553719,1.832095,1.901294,1.907799,1.916182,1.719358,0.996150,1.823595,0.715571,1.863141,1.933664,1.932465,1.927695,1.905640,1.899163,1.856834,1.920886,1.937015
1.877282,1.313038,0.646764,0.272435,0.430030,0.259547,0.270018,1.156756,0.912020,1.926104,0.000000,0.949665,0.802627,1.758661,0.299144,0.542950,1.045856,1.964652,0.325916,0.257388,0.238075,0.428762,0.255539,0.874760,0.292596,1.951534,0.421895,0.516401,1.930968,0.305555,1.549390,0.299144,0.314382,1.890711,0.258978,0.654147,0.905762,1.868009,0.299481,0.327645,0.508826,1.443763,0.463231,0.235315,0.259107,0.905256,0.459058,0.431886,0.203549,1.841266,1.641349,0.305555,0.459058,1.873489,0.229629,0.425626,1.907782,0.518765,0.317931,0.916128,0.297559,1.967479,0.585898,1.443379,0.280843,0.248938,0.314964,0.750063,1.834290,0.250819,0.421895,0.290689,0.166748,0.243362,0.888168,1.032349,1.828684,0.240773,0.214481,1.967065,0.301040,1.895459,1.978897,0.464049,0.294568,0.274260,0.263599,0.937490,1.604809,0.684021,1.941460,0.415685,0.243772,0.239980,0.243362,0.307758,0.317340,0.514322,0.258542,0.230815
1.648709,1.326838,1.240651,0.982447,1.022387,0.975971,0.995760,1.227902,1.064955,1.648944,0.949665,0.000000,1.411170,1.527771,1.010037,1.113055,0.287788,1.691678,0.962257,1.006639,1.007430,1.009533,1.003591,1.174253,1.026679,1.709296,1.119418,1.101251,1.621743,1.073041,1.547647,1.010037,1.048676,1.662225,1.003189,1.004855,1.200961,1.632731,0.994692,0.995926,1.160518,1.361430,1.091153,1.025203,1.035114,1.255145,1.114146,1.144841,0.959633,1.611897,1.583428,1.073041,1.114146,1.560839,0.959281,0.923179,1.720624,1.037996,0.964819,1.271854,1.017881,1.688943,1.084647,1.482127,1.036184,0.967690,0.995083,1.219549,1.605696,1.014775,1.119418,1.017569,0.961248,1.016416,1.268407,1.282463,1.575972,0.994575,0.983299,1.695390,0.996920,1.675546,1.697045,0.943527,1.005931,1.018018,1.010875,1.080328,1.535046,1.219617,1.683254,1.062600,1.016795,1.024618,1.016416,0.998672,1.033264,1.167932,1.019054,1.015315
1.731892,1.278625,0.488869,0.790045,0.776953,0.788371,0.769610,1.124556,1.033809,1.756096,0.802627,1.411170,0.000000,1.558192,0.706564,0.670126,1.472500,1.863199,0.872934,0.767457,0.781544,0.866906,0.808190,1.054069,0.763637,1.811371,0.573640,0.665930,1.873738,0.620248,1.384563,0.706564,0.715594,1.675286,0.769353,0.836384,0.890278,1.739381,0.787301,0.815830,0.538074,1.370303,0.747130,0.753124,0.718152,0.800372,0.615549,0.543700,0.751270,1.611601,1.474860,0.620248,0.615549,1.835500,0.878704,0.969871,1.657916,0.770665,0.922262,0.848672,0.777819,1.858461,0.712245,1.227775,0.739301,0.761560,0.815847,0.680198,1.685375,0.779064,0.573640,0.772283,0.844932,0.765028,0.737254,0.886498,1.790535,0.755639,0.828330,1.816542,0.798464,1.735487,1.851952,0.833916,0.786036,0.780175,0.775162,1.006569,1.282838,0.583784,1.819716,0.778908,0.774203,0.759897,0.765028,0.802472,0.758848,0.529209,0.781173,0.790228
1.086559,1.458290,1.657326,1.718294,1.652900,1.726660,1.724679,1.494898,1.581529,0.507030,1.758661,1.527771,1.558192,0.000000,1.703073,1.653749,1.574122,1.028023,1.718404,1.745876,1.752660,1.670225,1.752062,1.485180,1.717110,1.029027,1.703417,1.641206,1.118151,1.721860,0.960208,1.703073,1.700755,0.609113,1.747436,1.650308,1.626324,1.120219,1.722329,1.721506,1.690643,1.402459,1.663669,1.752278,1.739230,1.565568,1.701256,1.701135,1.743049,0.827769,1.320116,1.721860,1.701256,1.222933,1.742719,1.730632,0.931382,1.721417,1.759178,1.599613,1.749725,1.037158,1.640200,1.318962,1.723592,1.741318,1.713869,1.654555,0.957222,1.739052,1.703417,1.722086,1.757490,1.756461,1.597945,1.491237,1.195632,1.729774,1.752413,0.764922,1.728783,0.968269,0.954866,1.631493,1.713900,1.724352,1.739362,1.574982,0.884166,1.651443,1.059202,1.664298,1.769553,1.764933,1.756461,1.724066,1.708706,1.656505,1.745604,1.775411
1.886608,1.343951,0.592117,0.135668,0.247882,0.141672,0.141394,1.170828,0.907455,1.895551,0.299144,1.010037,0.706564,1.703073,0.000000,0.486742,1.129029,1.973411,0.278390,0.236488,0.210544,0.358718,0.220425,0.788252,0.222209,1.965113,0.371708,0.427099,1.949028,0.242405,1.491047,0.000000,0.204100,1.844121,0.242006,0.640112,0.931897,1.879733,0.208267,0.237089,0.458148,1.465434,0.323910,0.211891,0.185595,0.876206,0.429162,0.348582,0.243790,1.814676,1.655819,0.242405,0.429162,1.910286,0.342465,0.383071,1.892298,0.560808,0.345493,0.905196,0.242299,1.979403,0.536727,1.438371,0.222452,0.260273,0.249671,0.756957,1.831693,0.209073,0.371708,0.244424,0.314633,0.236050,0.877811,0.987704,1.861490,0.160882,0.260736,1.954550,0.306758,1.905799,1.982231,0.391082,0.223603,0.214375,0.226246,0.946148,1.529525,0.647952,1.961271,0.341934,0.257119,0.243819,0.236050,0.234365,0.261448,0.431293,0.213899,0.243447
1.727463,1.061445,0.332396,0.539980,0.672801,0.524565,0.508877,0.813294,0.606714,1.845456,0.542950,1.113055,0.670126,1.653749,0.486742,0.000000,1.180375,1.906299,0.643045,0.443229,0.463223,0.688875,0.526845,1.099705,0.539747,1.867962,0.267267,0.116690,1.856466,0.363002,1.618745,0.486742,0.533574,1.807379,0.432918,0.504486,0.576252,1.731245,0.630492,0.671249,0.293700,1.259968,0.698221,0.478939,0.491484,0.511899,0.209997,0.292948,0.508120,1.650738,1.513836,0.363002,0.209997,1.780533,0.647994,0.704853,1.743851,0.354092,0.669809,0.583764,0.530329,1.913349,0.335608,1.170654,0.527590,0.510676,0.617343,0.422004,1.673552,0.550462,0.267267,0.543639,0.583320,0.452485,0.506591,0.612527,1.751269,0.458169,0.602614,1.898903,0.618551,1.783636,1.921598,0.736087,0.547198,0.581905,0.472239,0.813203,1.473876,0.312764,1.860299,0.694019,0.439994,0.456633,0.452485,0.594822,0.575974,0.334361,0.543374,0.484323
1.533154,1.256408,1.275844,1.110670,1.175577,1.096342,1.116213,1.164045,1.043181,1.636587,1.045856,0.287788,1.472500,1.574122,1.129029,1.180375,0.000000,1.617827,1.102154,1.106823,1.113916,1.160956,1.118468,1.341424,1.153057,1.610696,1.186964,1.188082,1.533614,1.162482,1.643778,1.129029,1.177099,1.680359,1.100747,1.028558,1.162622,1.517161,1.119908,1.127146,1.212068,1.230246,1.236901,1.128401,1.138731,1.247712,1.172492,1.216032,1.050512,1.562879,1.462353,1.162482,1.172492,1.426632,1.076913,1.062734,1.642275,1.060021,1.090273,1.253695,1.112533,1.615779,1.140564,1.408024,1.147239,1.055923,1.132095,1.220350,1.561064,1.133511,1.186964,1.132742,1.066482,1.114302,1.257123,1.269279,1.447438,1.108191,1.099067,1.651258,1.105878,1.576761,1.633989,1.076324,1.136505,1.145463,1.119537,1.036319,1.538256,1.244314,1.593047,1.208649,1.103920,1.116791,1.114302,1.130059,1.155164,1.243837,1.135062,1.108141
0.597051,1.409984,1.877945,1.974257,1.962844,1.972116,1.975669,1.549956,1.719608,0.635581,1.964652,1.691678,1.863199,1.028023,1.973411,1.906299,1.617827,0.000000,1.966854,1.970618,1.973671,1.959734,1.976380,1.834934,1.978262,0.425012,1.940366,1.919073,0.382171,1.966214,1.393162,1.973411,1.979155,0.804304,1.969449,1.855723,1.720168,0.613380,1.970969,1.968790,1.918851,1.316030,1.970650,1.975491,1.978225,1.746891,1.926215,1.941785,1.966861,0.785048,1.095599,1.966214,1.926215,0.557154,1.961470,1.955978,0.586782,1.884540,1.956986,1.759165,1.971176,0.388493,1.891970,1.315544,1.972208,1.962978,1.976462,1.816428,0.766841,1.979075,1.940366,1.971394,1.961644,1.971166,1.750704,1.679278,0.725235,1.973846,1.965223,0.448644,1.965605,0.617852,0.304106,1.946049,1.976344,1.979633,1.972555,1.708601,1.238991,1.853883,0.428985,1.970645,1.966828,1.970394,1.971166,1.977704,1.973030,1.925525,1.978914,1.971027
1.920019,1.433103,0.774979,0.199576,0.281741,0.231351,0.213101,1.287835,1.021271,1.894917,0.325916,0.962257,0.872934,1.718404,0.278390,0.643045,1.102154,1.966854,0.000000,0.287265,0.276095,0.256991,0.229574,0.691554,0.214252,1.977843,0.554277,0.580815,1.944145,0.413433,1.456162,0.278390,0.259499,1.835175,0.297549,0.762448,1.074541,1.905609,0.267916,0.261959,0.644157,1.551180,0.311119,0.271676,0.285191,1.020458,0.601833,0.526884,0.366096,1.858215,1.704197,0.413433,0.601833,1.926557,0.235814,0.262528,1.933057,0.706660,0.171016,1.033852,0.293149,1.969517,0.689302,1.528504,0.249854,0.371108,0.190122,0.917490,1.848460,0.214067,0.554277,0.255595,0.257032,0.301265,1.037759,1.126369,1.881672,0.248443,0.242904,1.949181,0.338671,1.938704,1.975374,0.355731,0.194480,0.192586,0.254063,1.063064,1.596340,0.821817,1.962546,0.303708,0.331195,0.316538,0.301265,0.204463,0.250824,0.615070,0.225221,0.299906
1.868579,1.296777,0.572016,0.221486,0.412736,0.214386,0.186872,1.119007,0.853542,1.920762,0.257388,1.006639,0.767457,1.745876,0.236488,0.443229,1.106823,1.970618,0.287265,0.000000,0.144749,0.407021,0.167969,0.877860,0.163057,1.956703,0.343836,0.407657,1.931770,0.232630,1.557051,0.236488,0.229709,1.874499,0.022108,0.588742,0.872928,1.859665,0.322222,0.354797,0.434029,1.434437,0.421234,0.102314,0.189930,0.836619,0.379749,0.337132,0.245418,1.812830,1.624335,0.232630,0.379749,1.883014,0.314358,0.398193,1.889455,0.493041,0.316903,0.843481,0.220377,1.977655,0.502141,1.405099,0.237519,0.244469,0.261352,0.703599,1.820440,0.178938,0.343836,0.242389,0.268062,0.079648,0.835703,0.955089,1.836489,0.143984,0.282643,1.966378,0.316649,1.898614,1.986476,0.481948,0.176088,0.217841,0.057707,0.921636,1.597394,0.612564,1.947301,0.388699,0.113597,0.106617,0.079648,0.238676,0.276678,0.435080,0.176752,0.140407
1.880667,1.311845,0.604552,0.186971,0.378912,0.182430,0.161475,1.147566,0.883503,1.925165,0.238075,1.007430,0.781544,1.752660,0.210544,0.463223,1.113916,1.973671,0.276095,0.144749,0.000000,0.382357,0.087867,0.864654,0.182533,1.959787,0.362343,0.420844,1.931671,0.235432,1.543987,0.210544,0.196740,1.880302,0.151516,0.636712,0.900333,1.874130,0.278187,0.304808,0.462817,1.458522,0.403592,0.093221,0.162460,0.873935,0.399971,0.362461,0.241610,1.831323,1.651779,0.235432,0.399971,1.887410,0.291865,0.372456,1.906637,0.519460,0.282236,0.868238,0.217306,1.974576,0.520570,1.440576,0.219743,0.261642,0.240364,0.733222,1.825965,0.131448,0.362343,0.218984,0.247082,0.104687,0.863977,0.989082,1.839704,0.137510,0.230786,1.970606,0.319185,1.902898,1.988853,0.481112,0.188937,0.178638,0.137177,0.948590,1.612933,0.643807,1.953366,0.359602,0.111834,0.107514,0.104687,0.217858,0.263273,0.457387,0.121471,0.077178
1.918797,1.466089,0.826061,0.311949,0.307078,0.344898,0.325272,1.327854,1.057694,1.863821,0.428762,1.009533,0.866906,1.670225,0.358718,0.688875,1.160956,1.959734,0.256991,0.407021,0.382357,0.000000,0.337765,0.645697,0.315197,1.968351,0.612152,0.618028,1.939534,0.482092,1.390667,0.358718,0.329648,1.791487,0.417222,0.806266,1.127455,1.898749,0.355980,0.343712,0.699063,1.554104,0.319135,0.389706,0.369809,1.059214,0.660180,0.584616,0.465306,1.840540,1.694567,0.482092,0.660180,1.940026,0.349955,0.356420,1.920032,0.774902,0.317706,1.063955,0.386395,1.959073,0.753968,1.542468,0.289105,0.472562,0.278251,0.971710,1.838273,0.324191,0.612152,0.256872,0.384096,0.418256,1.089099,1.145349,1.894848,0.363697,0.359265,1.925694,0.396821,1.936948,1.956030,0.390045,0.300409,0.292284,0.373078,1.092098,1.557674,0.878660,1.959385,0.292144,0.449479,0.433345,0.418256,0.301211,0.221729,0.661290,0.334212,0.417299
1.898997,1.362549,0.664133,0.173687,0.343444,0.170661,0.162087,1.203237,0.938146,1.923073,0.255539,1.003591,0.808190,1.752062,0.220425,0.526845,1.118468,1.976380,0.229574,0.167969,0.087867,0.337765,0.000000,0.819717,0.146872,1.968417,0.425759,0.478911,1.937705,0.287584,1.517084,0.220425,0.175595,1.876086,0.179581,0.679193,0.965206,1.891993,0.248299,0.265233,0.523721,1.496095,0.358514,0.116700,0.167335,0.932849,0.468735,0.416019,0.263607,1.849872,1.673613,0.287584,0.468735,1.902832,0.270809,0.336038,1.922628,0.588469,0.239850,0.923137,0.210517,1.975555,0.578937,1.478964,0.217031,0.281775,0.180687,0.798902,1.845473,0.082011,0.425759,0.206036,0.243457,0.145236,0.928416,1.042417,1.854348,0.166805,0.209370,1.968721,0.306145,1.917584,1.988356,0.450021,0.149818,0.122366,0.138499,0.996764,1.623396,0.708596,1.958960,0.311244,0.167619,0.154630,0.145236,0.161777,0.243462,0.518034,0.069624,0.120535
1.902332,1.692654,1.192497,0.758617,0.594178,0.792868,0.785201,1.618576,1.421282,1.662355,0.874760,1.174253,1.054069,1.485180,0.788252,1.099705,1.341424,1.834934,0.691554,0.877860,0.864654,0.645697,0.819717,0.000000,0.756638,1.888033,1.039708,1.022100,1.881691,0.935584,1.070253,0.788252,0.753718,1.547714,0.890259,1.216010,1.488289,1.891584,0.732633,0.702164,1.106942,1.751246,0.588114,0.854843,0.835578,1.378605,1.090383,0.997858,0.897833,1.811220,1.786285,0.935584,1.090383,1.946629,0.775289,0.712712,1.858793,1.208552,0.782689,1.444806,0.847855,1.842935,1.166629,1.680131,0.798077,0.893869,0.705997,1.348623,1.791262,0.783452,1.039708,0.798984,0.831241,0.889538,1.431564,1.449933,1.897860,0.832531,0.791834,1.751773,0.781792,1.892697,1.808372,0.640347,0.747000,0.734339,0.839068,1.412805,1.412040,1.254080,1.885163,0.621599,0.925333,0.902933,0.889538,0.734714,0.756108,1.017800,0.797462,0.893814
1.906512,1.385003,0.661160,0.185320,0.303731,0.200547,0.178925,1.227199,0.965347,1.903726,0.292596,1.026679,0.763637,1.717110,0.222209,0.539747,1.153057,1.978262,0.214252,0.163057,0.182533,0.315197,0.146872,0.756638,0.000000,1.974677,0.434815,0.483052,1.952522,0.299449,1.471581,0.222209,0.144998,1.840841,0.182126,0.685487,0.992387,1.898464,0.257721,0.275690,0.527825,1.516918,0.304809,0.139016,0.198687,0.934183,0.485695,0.416190,0.296469,1.834095,1.674260,0.299449,0.485695,1.925615,0.290629,0.353371,1.911520,0.621882,0.285535,0.944872,0.247069,1.981008,0.602266,1.470828,0.220045,0.307172,0.155161,0.813876,1.840606,0.111393,0.434815,0.218051,0.276182,0.171234,0.941840,1.048541,1.878413,0.188656,0.253664,1.958491,0.307938,1.925546,1.984970,0.413048,0.070143,0.108974,0.115334,1.015697,1.584360,0.716569,1.962050,0.261823,0.222319,0.193641,0.171234,0.144880,0.222288,0.496203,0.124683,0.205736
0.500779,1.328487,1.824217,1.974252,1.976969,1.968458,1.969523,1.468296,1.661230,0.662028,1.951534,1.709296,1.811371,1.029027,1.965113,1.867962,1.610696,0.425012,1.977843,1.956703,1.959787,1.968351,1.968417,1.888033,1.974677,0.000000,1.901561,1.890950,0.483736,1.940496,1.423947,1.965113,1.971530,0.848535,1.954625,1.815099,1.639813,0.538046,1.970431,1.974004,1.872293,1.157639,1.978336,1.961241,1.963312,1.680513,1.883286,1.912011,1.945317,0.720494,0.972920,1.940496,1.883286,0.451095,1.965939,1.967245,0.510126,1.833076,1.971619,1.666103,1.955094,0.422620,1.834081,1.222273,1.961544,1.941825,1.978614,1.745702,0.701007,1.971851,1.901561,1.959861,1.961276,1.955532,1.675129,1.612881,0.574060,1.963012,1.968151,0.508042,1.953092,0.402572,0.414779,1.941323,1.975187,1.976390,1.962737,1.619267,1.208159,1.796239,0.418482,1.971397,1.947178,1.952312,1.955532,1.978710,1.964204,1.883343,1.970434,1.954185
1.786167,1.148722,0.275640,0.440408,0.581928,0.427297,0.397361,0.945058,0.730707,1.890801,0.421895,1.119418,0.573640,1.703417,0.371708,0.267267,1.186964,1.940366,0.554277,0.343836,0.362343,0.612152,0.425759,1.039708,0.434815,1.901561,0.000000,0.292278,1.896373,0.173027,1.591451,0.371708,0.414625,1.854841,0.336734,0.518373,0.654188,1.784749,0.503755,0.547973,0.117698,1.301360,0.592733,0.353404,0.343466,0.627528,0.096242,0.154312,0.356853,1.723098,1.524974,0.173027,0.096242,1.827473,0.546125,0.655124,1.796620,0.332550,0.572920,0.650692,0.401242,1.943695,0.320531,1.259053,0.405521,0.367284,0.518701,0.432758,1.752068,0.432288,0.000000,0.424140,0.483557,0.333890,0.581265,0.760586,1.777744,0.347926,0.488277,1.939697,0.488750,1.814359,1.958849,0.634631,0.455816,0.467078,0.377450,0.796777,1.507543,0.330836,1.899873,0.575989,0.323713,0.328332,0.333890,0.494272,0.453809,0.248208,0.426364,0.363497
1.758014,1.126126,0.392982,0.477570,0.592961,0.467678,0.453165,0.886395,0.664948,1.841657,0.516401,1.101251,0.665930,1.641206,0.427099,0.116690,1.188082,1.919073,0.580815,0.407657,0.420844,0.618028,0.478911,1.022100,0.483052,1.890950,0.292278,0.000000,1.879015,0.344477,1.576722,0.427099,0.477122,1.792756,0.399805,0.539462,0.670420,1.758507,0.574511,0.611918,0.340711,1.319122,0.628500,0.440305,0.449657,0.575604,0.264925,0.284748,0.488939,1.671375,1.549221,0.344477,0.264925,1.815877,0.604149,0.641458,1.768378,0.423663,0.623593,0.661830,0.492141,1.929155,0.372828,1.215872,0.477940,0.492999,0.554631,0.520054,1.690283,0.499923,0.292278,0.495511,0.545449,0.421197,0.594688,0.670233,1.787466,0.411637,0.553792,1.901956,0.582939,1.815041,1.929900,0.675873,0.487272,0.524305,0.427433,0.862676,1.465155,0.393520,1.884972,0.632106,0.416297,0.429519,0.421197,0.534459,0.523771,0.339646,0.495005,0.453795
0.595575,1.294555,1.834936,1.947458,1.962387,1.944995,1.941614,1.454746,1.625324,0.778294,1.930968,1.621743,1.873738,1.118151,1.949028,1.856466,1.533614,0.382171,1.944145,1.931770,1.931671,1.939534,1.937705,1.881691,1.952522,0.483736,1.896373,1.879015,0.000000,1.926709,1.505542,1.949028,1.951977,0.930297,1.929041,1.798632,1.631620,0.612466,1.956381,1.955796,1.873481,1.238300,1.966097,1.938358,1.942886,1.697362,1.875939,1.904671,1.927680,0.792032,1.086460,1.926709,1.875939,0.415664,1.931741,1.925538,0.635330,1.816753,1.923437,1.681070,1.932518,0.462992,1.829173,1.304263,1.943009,1.919525,1.954255,1.749055,0.761398,1.947455,1.896373,1.938159,1.931314,1.929543,1.680810,1.617593,0.614201,1.935761,1.941959,0.596895,1.936316,0.599905,0.484910,1.951953,1.951466,1.954167,1.937738,1.655264,1.373791,1.800416,0.511788,1.957715,1.921939,1.928331,1.929543,1.951642,1.945720,1.890202,1.944924,1.927532
1.845396,1.244411,0.419374,0.302165,0.451718,0.294159,0.257494,1.062416,0.822312,1.909959,0.305555,1.073041,0.620248,1.721860,0.242405,0.363002,1.162482,1.966214,0.413433,0.232630,0.235432,0.482092,0.287584,0.935584,0.299449,1.940496,0.173027,0.344477,1.926709,0.000000,1.553766,0.242405,0.281021,1.867148,0.230305,0.565846,0.785306,1.839266,0.368539,0.408350,0.267839,1.386707,0.460521,0.223646,0.184804,0.751663,0.246002,0.191765,0.254104,1.781836,1.589294,0.000000,0.246002,1.872163,0.414039,0.522074,1.854967,0.422284,0.436266,0.770472,0.269145,1.965085,0.406709,1.354508,0.281130,0.279470,0.372754,0.581797,1.797070,0.289241,0.173027,0.293378,0.357320,0.217781,0.722676,0.879777,1.821716,0.217431,0.352669,1.958933,0.381062,1.865763,1.978802,0.532094,0.319780,0.321360,0.255878,0.864883,1.543877,0.479661,1.934525,0.444559,0.220077,0.214925,0.217781,0.349903,0.327891,0.311708,0.285778,0.242515
1.531735,1.800512,1.623467,1.481069,1.357760,1.498856,1.505101,1.806224,1.779257,1.109700,1.549390,1.547647,1.384563,0.960208,1.491047,1.618745,1.643778,1.393162,1.456162,1.557051,1.543987,1.390667,1.517084,1.070253,1.471581,1.423947,1.591451,1.576722,1.505542,1.553766,0.000000,1.491047,1.453174,0.954095,1.565135,1.668506,1.790677,1.543433,1.439122,1.425287,1.612645,1.736744,1.338773,1.534769,1.516048,1.680593,1.621855,1.567135,1.550849,1.375446,1.560048,1.553766,1.621855,1.639758,1.494825,1.485272,1.408832,1.710308,1.504517,1.702652,1.534247,1.346305,1.620298,1.672580,1.487647,1.569499,1.441803,1.712352,1.404278,1.484441,1.591451,1.493014,1.529271,1.560416,1.729796,1.703093,1.645320,1.534890,1.494970,1.242913,1.503252,1.400475,1.302522,1.343898,1.472143,1.454533,1.535340,1.689683,1.190215,1.668636,1.437588,1.360183,1.582804,1.565580,1.560416,1.455675,1.456658,1.558280,1.492434,1.564915
1.886608,1.343951,0.592117,0.135668,0.247882,0.141672,0.141394,1.170828,0.907455,1.895551,0.299144,1.010037,0.706564,1.703073,0.000000,0.486742,1.129029,1.973411,0.278390,0.236488,0.210544,0.358718,0.220425,0.788252,0.222209,1.965113,0.371708,0.427099,1.949028,0.242405,1.491047,0.000000,0.204100,1.844121,0.242006,0.640112,0.931897,1.879733,0.208267,0.237089,0.458148,1.465434,0.323910,0.211891,0.185595,0.876206,0.429162,0.348582,0.243790,1.814676,1.655819,0.242405,0.429162,1.910286,0.342465,0.383071,1.892298,0.560808,0.345493,0.905196,0.242299,1.979403,0.536727,1.438371,0.222452,0.260273,0.249671,0.756957,1.831693,0.209073,0.371708,0.244424,0.314633,0.236050,0.877811,0.987704,1.861490,0.160882,0.260736,1.954550,0.306758,1.905799,1.982231,0.391082,0.223603,0.214375,0.226246,0.946148,1.529525,0.647952,1.961271,0.341934,0.257119,0.243819,0.236050,0.234365,0.261448,0.431293,0.213899,0.243447
1.904411,1.375975,0.636163,0.204418,0.286500,0.227184,0.194679,1.225298,0.963659,1.895930,0.314382,1.048676,0.715594,1.700755,0.204100,0.533574,1.177099,1.979155,0.259499,0.229709,0.196740,0.329648,0.175595,0.753718,0.144998,1.971530,0.414625,0.477122,1.951977,0.281021,1.453174,0.204100,0.000000,1.833264,0.243095,0.683069,0.983140,1.897587,0.262045,0.276603,0.505566,1.510904,0.285017,0.179994,0.205718,0.925105,0.471205,0.399499,0.302463,1.824955,1.670510,0.281021,0.471205,1.930391,0.317834,0.379397,1.904858,0.619843,0.319409,0.925552,0.279154,1.972572,0.591334,1.466275,0.212110,0.312783,0.188739,0.794659,1.834972,0.137297,0.414625,0.222300,0.313034,0.220056,0.924482,1.038510,1.879799,0.201332,0.277764,1.956314,0.306172,1.917983,1.984869,0.407986,0.148786,0.125098,0.202333,1.007495,1.561901,0.696477,1.958696,0.211004,0.258895,0.230619,0.220056,0.183406,0.224038,0.466472,0.147188,0.235367
0.967667,1.554105,1.801959,1.850733,1.779949,1.860559,1.856958,1.630380,1.727390,0.470209,1.890711,1.662225,1.675286,0.609113,1.844121,1.807379,1.680359,0.804304,1.835175,1.874499,1.880302,1.791487,1.876086,1.547714,1.840841,0.848535,1.854841,1.792756,0.930297,1.867148,0.954095,1.844121,1.833264,0.000000,1.877212,1.795679,1.767918,0.985717,1.849076,1.845414,1.844039,1.486011,1.782667,1.875990,1.874752,1.702193,1.853806,1.842852,1.885744,0.757968,1.287908,1.867148,1.853806,1.105215,1.866921,1.830298,0.762341,1.869654,1.875231,1.745621,1.880075,0.784702,1.824475,1.387007,1.850471,1.884692,1.836917,1.803846,0.808875,1.863210,1.854841,1.854218,1.881579,1.882209,1.742157,1.633593,1.193704,1.865708,1.877568,0.583385,1.861641,0.951211,0.662482,1.769929,1.839296,1.848613,1.865911,1.742083,0.937171,1.800373,0.866527,1.793551,1.893745,1.888089,1.882209,1.843761,1.835649,1.797047,1.867946,1.896238
1.864031,1.287758,0.563862,0.228995,0.424353,0.220722,0.192954,1.106403,0.841257,1.921250,0.258978,1.003189,0.769353,1.747436,0.242006,0.432918,1.100747,1.969449,0.297549,0.022108,0.151516,0.417222,0.179581,0.890259,0.182126,1.954625,0.336734,0.399805,1.929041,0.230305,1.565135,0.242006,0.243095,1.877212,0.000000,0.579865,0.859876,1.854794,0.332360,0.365532,0.426104,1.426037,0.432799,0.115913,0.196086,0.826130,0.369926,0.331454,0.245171,1.810003,1.619367,0.230305,0.369926,1.877995,0.319948,0.402575,1.886862,0.479578,0.323260,0.832821,0.223809,1.976492,0.492391,1.398631,0.245023,0.242173,0.275738,0.692390,1.817549,0.194012,0.336734,0.251680,0.272074,0.088149,0.824367,0.944580,1.831420,0.145510,0.289918,1.966123,0.320848,1.895058,1.985903,0.491045,0.193020,0.233668,0.077209,0.913295,1.597954,0.601950,1.945228,0.403581,0.113689,0.112540,0.088149,0.252450,0.287215,0.431575,0.190737,0.145585
1.649184,1.049646,0.533878,0.691465,0.809879,0.666031,0.670633,0.796883,0.476926,1.829556,0.654147,1.004855,0.836384,1.650308,0.640112,0.504486,1.028558,1.855723,0.762448,0.588742,0.636712,0.806266,0.679193,1.216010,0.685487,1.815099,0.518373,0.539462,1.798632,0.565846,1.668506,0.640112,0.683069,1.795679,0.579865,0.000000,0.600178,1.640661,0.746603,0.782176,0.506503,1.106743,0.864867,0.628441,0.654217,0.551922,0.491001,0.547430,0.592314,1.576522,1.368439,0.565846,0.491001,1.706199,0.748235,0.818230,1.679354,0.433991,0.779809,0.549753,0.662551,1.856564,0.540147,1.107821,0.645382,0.579312,0.740754,0.525880,1.652226,0.694409,0.518373,0.655213,0.695700,0.601432,0.603780,0.632988,1.698525,0.623544,0.735565,1.873062,0.677950,1.738917,1.877242,0.777478,0.686243,0.722935,0.621336,0.666431,1.434233,0.512420,1.790496,0.817411,0.590041,0.603105,0.601432,0.722707,0.682935,0.542018,0.694291,0.634049
1.449475,0.682726,0.515459,0.982357,1.123382,0.959617,0.949615,0.379193,0.423645,1.751213,0.905762,1.200961,0.890278,1.626324,0.931897,0.576252,1.162622,1.720168,1.074541,0.872928,0.900333,1.127455,0.965206,1.488289,0.992387,1.639813,0.654188,0.670420,1.631620,0.785306,1.790677,0.931897,0.983140,1.767918,0.859876,0.600178,0.000000,1.458579,1.043665,1.083641,0.590268,0.908224,1.149627,0.904098,0.924876,0.409300,0.585377,0.711265,0.867691,1.415645,1.239461,0.785306,0.585377,1.491189,1.025344,1.117559,1.494552,0.452031,1.061229,0.420448,0.940568,1.732819,0.580116,0.882140,0.950509,0.863770,1.062509,0.281416,1.465265,0.986320,0.654188,0.963899,0.962313,0.870493,0.216893,0.438566,1.478639,0.893174,1.004735,1.767845,0.991055,1.533410,1.759354,1.134520,1.001956,1.025661,0.914160,0.647932,1.431814,0.407577,1.640775,1.129860,0.842506,0.863163,0.870493,1.039124,1.000110,0.674075,0.978788,0.890120
0.265956,1.152259,1.685253,1.892840,1.917502,1.884577,1.885017,1.254203,1.445801,0.859023,1.868009,1.632731,1.739381,1.120219,1.879733,1.731245,1.517161,0.613380,1.905609,1.859665,1.874130,1.898749,1.891993,1.891584,1.898464,0.538046,1.784749,1.758507,0.612466,1.839266,1.543433,1.879733,1.897587,0.985717,1.854794,1.640661,1.458579,0.000000,1.905655,1.917037,1.746761,0.969372,1.935314,1.873912,1.877767,1.472972,1.756939,1.790673,1.855614,0.671919,0.630945,1.839266,1.756939,0.511939,1.893070,1.903765,0.512423,1.691105,1.900987,1.488937,1.864356,0.678638,1.704922,1.010846,1.874675,1.851747,1.916390,1.590428,0.727644,1.899094,1.784749,1.876440,1.880579,1.862262,1.505450,1.402378,0.672398,1.874284,1.899280,0.750940,1.884615,0.562037,0.662238,1.877244,1.899004,1.909254,1.872179,1.462820,1.157099,1.643990,0.616633,1.923723,1.849542,1.858948,1.862262,1.910586,1.883365,1.772868,1.897100,1.866020
1.910481,1.422516,0.725417,0.174947,0.221696,0.150004,0.226224,1.274493,1.027121,1.902961,0.299481,0.994692,0.787301,1.722329,0.208267,0.630492,1.119908,1.970969,0.267916,0.322222,0.278187,0.355980,0.248299,0.732633,0.257721,1.970431,0.503755,0.574511,1.956381,0.368539,1.439122,0.208267,0.262045,1.849076,0.332360,0.746603,1.043665,1.905655,0.000000,0.075931,0.591261,1.527429,0.310488,0.274735,0.262838,0.999176,0.561623,0.490133,0.270631,1.859480,1.688752,0.368539,0.561623,1.924443,0.323579,0.369774,1.926059,0.672693,0.318232,1.009233,0.296680,1.974465,0.663776,1.509586,0.292229,0.321608,0.225599,0.875250,1.861046,0.222015,0.503755,0.300573,0.306856,0.309709,1.001240,1.119141,1.880124,0.266804,0.197430,1.959060,0.325572,1.920431,1.976545,0.352432,0.261574,0.208425,0.299076,1.034512,1.566093,0.782640,1.967958,0.318616,0.332332,0.313859,0.309709,0.226952,0.306648,0.570770,0.235349,0.296248
1.922942,1.450823,0.768582,0.194403,0.199187,0.184908,0.252289,1.310150,1.058880,1.899114,0.327645,0.995926,0.815830,1.721506,0.237089,0.671249,1.127146,1.968790,0.261959,0.354797,0.304808,0.343712,0.265233,0.702164,0.275690,1.974004,0.547973,0.611918,1.955796,0.408350,1.425287,0.237089,0.276603,1.845414,0.365532,0.782176,1.083641,1.917037,0.075931,0.000000,0.635208,1.554669,0.296900,0.306683,0.291268,1.039708,0.606074,0.530348,0.318248,1.870397,1.710958,0.408350,0.606074,1.930645,0.321316,0.341944,1.935631,0.717392,0.310366,1.049395,0.329634,1.972121,0.703058,1.538038,0.310783,0.355894,0.218153,0.918894,1.869800,0.239703,0.547973,0.317867,0.319520,0.343775,1.041647,1.154845,1.885958,0.296140,0.197666,1.954722,0.330801,1.928911,1.972909,0.355204,0.273409,0.216318,0.326690,1.068434,1.577330,0.825147,1.971090,0.305718,0.368156,0.349429,0.343775,0.226252,0.319942,0.611748,0.254083,0.326230
1.747045,1.098014,0.178959,0.534505,0.664687,0.519232,0.492315,0.888852,0.697387,1.874346,0.508826,1.160518,0.538074,1.690643,0.458148,0.293700,1.212068,1.918851,0.644157,0.434029,0.462817,0.699063,0.523721,1.106942,0.527825,1.872293,0.117698,0.340711,1.873481,0.267839,1.612645,0.458148,0.505566,1.844039,0.426104,0.506503,0.590268,1.746761,0.591261,0.635208,0.000000,1.245136,0.672656,0.448399,0.435886,0.569558,0.139748,0.193033,0.437346,1.682907,1.475226,0.267839,0.139748,1.796162,0.633721,0.742945,1.753281,0.327813,0.661625,0.595888,0.482417,1.924483,0.308988,1.199568,0.493184,0.442543,0.611952,0.356303,1.727227,0.528210,0.117698,0.513237,0.572533,0.427497,0.501992,0.702716,1.746128,0.443855,0.582095,1.920462,0.569870,1.778361,1.939561,0.705734,0.549161,0.561965,0.469534,0.749498,1.476567,0.246261,1.873006,0.661766,0.414821,0.420538,0.427497,0.588202,0.540110,0.259907,0.522977,0.457826
0.971477,0.821869,1.194983,1.509730,1.584597,1.487506,1.486810,0.790546,0.922410,1.408709,1.443763,1.361430,1.370303,1.402459,1.465434,1.259968,1.230246,1.316030,1.551180,1.434437,1.458522,1.554104,1.496095,1.751246,1.516918,1.157639,1.301360,1.319122,1.238300,1.386707,1.736744,1.465434,1.510904,1.486011,1.426037,1.106743,0.908224,0.969372,1.527429,1.554669,1.245136,0.000000,1.610628,1.458723,1.463754,0.990798,1.261849,1.334172,1.409450,1.055323,0.798734,1.386707,1.261849,1.043658,1.516018,1.576763,1.066772,1.146691,1.543145,0.943941,1.450506,1.317999,1.207954,0.822681,1.458901,1.404080,1.553404,1.050062,1.180492,1.509006,1.301360,1.456959,1.486717,1.437793,1.001455,0.939161,1.071119,1.454345,1.524335,1.400507,1.469515,1.075431,1.359543,1.504068,1.516765,1.532617,1.462748,0.773176,1.148908,1.142860,1.205805,1.580048,1.414554,1.429655,1.437793,1.545163,1.477314,1.297579,1.505057,1.443114
1.944434,1.499250,0.789508,0.304191,0.229947,0.343538,0.320845,1.368419,1.138661,1.859273,0.463231,1.091153,0.747130,1.663669,0.323910,0.698221,1.236901,1.970650,0.311119,0.421234,0.403592,0.319135,0.358514,0.588114,0.304809,1.978336,0.592733,0.628500,1.966097,0.460521,1.338773,0.323910,0.285017,1.782667,0.432799,0.864867,1.149627,1.935314,0.310488,0.296900,0.672656,1.610628,0.000000,0.390407,0.359546,1.076551,0.655790,0.559826,0.466262,1.850615,1.737981,0.460521,0.655790,1.965941,0.406195,0.396314,1.920873,0.806120,0.396028,1.099540,0.411910,1.964910,0.758259,1.568719,0.361126,0.478339,0.279571,0.965197,1.854292,0.319919,0.592733,0.369423,0.436082,0.427753,1.081321,1.179036,1.915602,0.362523,0.376619,1.925596,0.411656,1.936791,1.959833,0.401657,0.308288,0.278382,0.388369,1.145205,1.536147,0.859387,1.966597,0.254980,0.466109,0.440226,0.427753,0.294529,0.337006,0.609837,0.329286,0.433988
1.882079,1.320248,0.589942,0.194296,0.379262,0.191243,0.161018,1.158058,0.897390,1.926241,0.235315,1.025203,0.753124,1.752278,0.211891,0.478939,1.128401,1.975491,0.271676,0.102314,0.093221,0.389706,0.116700,0.854843,0.139016,1.961241,0.353404,0.440305,1.938358,0.223646,1.534769,0.211891,0.179994,1.875990,0.115913,0.628441,0.904098,1.873912,0.274735,0.306683,0.448399,1.458723,0.390407,0.000000,0.152516,0.871116,0.399301,0.351849,0.228594,1.828694,1.636695,0.223646,0.399301,1.894749,0.292052,0.394805,1.901071,0.520531,0.294564,0.870278,0.203045,1.978562,0.526840,1.431688,0.208344,0.247442,0.234914,0.726785,1.830662,0.112547,0.353404,0.216981,0.249722,0.057053,0.862991,0.995632,1.845883,0.136993,0.240287,1.971872,0.309250,1.903931,1.990633,0.465689,0.164711,0.162486,0.094037,0.944688,1.602826,0.637997,1.953742,0.346105,0.093827,0.062553,0.057053,0.210535,0.248578,0.439553,0.109071,0.083204
