0.000000,1.006477,1.651832,1.880538,1.899608,1.870739,1.873143,1.194637,1.417250,0.849616,1.857416,1.595365,1.719453,1.142333,1.858926,1.690135,1.472155,0.618597,1.899539,1.846242,1.855891,1.890322,1.874526,1.894028,1.886426,0.557173,1.754131,1.722352,0.630161,1.819042,1.583913,1.858926,1.869210,0.965275,1.842001,1.612499,1.407046,0.309176,1.898306,1.911143,1.717442,1.051652,1.921977,1.860124,1.865982,1.417239,1.719639,1.769328,1.837467,0.644967,0.829469,1.819042,1.719639,0.533189,1.889944,1.912004,0.460924,1.656801,1.892922,1.467248,1.858815,0.663360,1.673353,0.893017,1.852284,1.838225,1.907211,1.541335,0.777579,1.884230,1.754131,1.853279,1.871330,1.848053,1.456785,1.351415,0.752206,1.856234,1.893670,0.742741,1.882236,0.555644,0.668334,1.868282,1.886525,1.896037,1.857960,1.511845,1.170645,1.605691,0.584405,1.904301,1.834303,1.844389,1.848053,1.903200,1.865261,1.759698,1.879565,1.851381
1.006477,0.000000,1.142184,1.441408,1.544147,1.428146,1.418618,0.630853,0.886812,1.448156,1.394972,1.237720,1.384449,1.463963,1.419866,1.156905,1.144321,1.301079,1.483907,1.378609,1.387962,1.505655,1.426196,1.731113,1.459708,1.215140,1.231889,1.223811,1.188485,1.326470,1.843008,1.419866,1.434154,1.515339,1.371012,1.161476,0.771904,1.017694,1.492557,1.521019,1.191548,0.893252,1.566916,1.398921,1.412649,0.934884,1.176329,1.294388,1.359971,1.094833,1.107072,1.326470,1.176329,1.049920,1.467414,1.542276,1.150189,1.060820,1.459376,1.011843,1.406990,1.368156,1.132968,0.751869,1.403460,1.361005,1.504659,0.952778,1.116780,1.449328,1.231889,1.397419,1.422763,1.371426,0.877064,0.901683,1.099754,1.380737,1.461935,1.404918,1.455697,1.183590,1.371466,1.498465,1.463788,1.480437,1.401651,1.029737,1.381154,1.057577,1.261020,1.516830,1.349424,1.366469,1.371426,1.493934,1.434209,1.280922,1.437691,1.378401
1.651832,1.142184,0.000000,0.653647,0.776013,0.648795,0.617858,0.815717,0.668859,1.830148,0.677184,1.265345,0.485798,1.622507,0.575942,0.323416,1.324677,1.862959,0.769850,0.567465,0.583180,0.758682,0.632996,1.145171,0.645139,1.799039,0.263074,0.385944,1.829115,0.411026,1.622076,0.575942,0.577313,1.800138,0.561652,0.556203,0.531157,1.621496,0.735616,0.778618,0.176851,1.165083,0.772069,0.569995,0.565905,0.477491,0.247170,0.287120,0.597249,1.581080,1.338047,0.411026,0.247170,1.765536,0.786719,0.856861,1.679818,0.402505,0.774480,0.520822,0.606366,1.883752,0.346027,1.179888,0.581592,0.593799,0.749672,0.302355,1.649959,0.636859,0.263074,0.610530,0.725068,0.558525,0.383491,0.596779,1.692479,0.570199,0.737420,1.867398,0.737070,1.738853,1.891378,0.766743,0.671096,0.671953,0.593812,0.760581,1.352608,0.132974,1.824174,0.705909,0.542859,0.548089,0.558525,0.721883,0.628516,0.360905,0.622068,0.581540
1.880538,1.441408,0.653647,0.000000,0.272962,0.079739,0.089974,1.203199,0.958467,1.898088,0.322539,1.058983,0.761487,1.663918,0.148279,0.532005,1.205495,1.964401,0.221634,0.233612,0.178983,0.288607,0.165812,0.703645,0.182698,1.955103,0.436341,0.468879,1.950036,0.291839,1.464431,0.148279,0.220561,1.852540,0.241450,0.745107,0.981175,1.846281,0.176012,0.198564,0.521172,1.447718,0.299193,0.189565,0.189804,0.930533,0.494358,0.414086,0.301299,1.802262,1.602197,0.291839,0.494358,1.916795,0.329940,0.296735,1.911730,0.615490,0.277205,0.955898,0.242097,1.983105,0.580508,1.525687,0.230827,0.317809,0.218842,0.823478,1.792327,0.163142,0.436341,0.246662,0.307975,0.221987,0.927269,1.037997,1.846624,0.153240,0.221381,1.954333,0.342033,1.924095,1.979910,0.314331,0.193240,0.168951,0.206415,0.917442,1.517542,0.704425,1.963871,0.297295,0.241372,0.228528,0.221987,0.203677,0.253562,0.446641,0.168066,0.212362
1.899608,1.544147,0.776013,0.272962,0.000000,0.294671,0.326732,1.326789,1.097109,1.835034,0.508007,1.142034,0.750682,1.568020,0.262080,0.674298,1.312671,1.946295,0.347142,0.439096,0.397710,0.309779,0.369259,0.535681,0.322052,1.962421,0.599941,0.586746,1.960409,0.466259,1.309787,0.262080,0.337347,1.764853,0.450404,0.889645,1.135372,1.870641,0.248093,0.213187,0.669803,1.530828,0.240580,0.399798,0.382263,1.042440,0.667751,0.549034,0.496181,1.792076,1.637929,0.466259,0.667751,1.956549,0.476922,0.361062,1.906040,0.806185,0.438221,1.092260,0.442635,1.958116,0.735850,1.571868,0.384739,0.509368,0.289377,0.976497,1.777035,0.343025,0.599941,0.402190,0.487061,0.440582,1.058729,1.131597,1.896939,0.384090,0.373181,1.913679,0.455871,1.937489,1.948906,0.349685,0.316688,0.304633,0.402604,1.054993,1.453561,0.842463,1.956451,0.335154,0.471537,0.450815,0.440582,0.294668,0.373368,0.545414,0.356563,0.441648
1.870739,1.428146,0.648795,0.079739,0.294671,0.000000,0.134129,1.188126,0.946985,1.900734,0.306112,1.060987,0.770396,1.672444,0.167429,0.520101,1.202807,1.962344,0.223650,0.238078,0.180530,0.304776,0.168022,0.728742,0.206352,1.951215,0.432345,0.457742,1.946213,0.292559,1.478935,0.167429,0.243725,1.857019,0.244081,0.741027,0.969147,1.838653,0.157377,0.197467,0.516232,1.439707,0.331631,0.202639,0.198304,0.919512,0.487205,0.411891,0.277442,1.805135,1.595951,0.292559,0.487205,1.909217,0.330175,0.308398,1.910643,0.607876,0.272704,0.947538,0.242665,1.981485,0.575525,1.511673,0.238556,0.309397,0.235348,0.815502,1.795762,0.177920,0.432345,0.250763,0.292721,0.230560,0.916758,1.025746,1.842376,0.173783,0.205285,1.955733,0.351193,1.921079,1.977423,0.329124,0.214518,0.187992,0.213206,0.907748,1.516119,0.695556,1.961950,0.316088,0.240825,0.234952,0.230560,0.224097,0.266034,0.457249,0.181237,0.213143
1.873143,1.418618,0.617858,0.089974,0.326732,0.134129,0.000000,1.179520,0.934587,1.904609,0.317949,1.060496,0.741355,1.676400,0.158192,0.508451,1.198907,1.965779,0.239196,0.206857,0.154163,0.313657,0.151813,0.741512,0.183533,1.949385,0.396812,0.456343,1.944141,0.253034,1.492023,0.158192,0.205926,1.863304,0.213776,0.717137,0.946034,1.837097,0.230168,0.256721,0.482098,1.421122,0.317788,0.157102,0.148826,0.904371,0.453994,0.381266,0.281527,1.798391,1.584333,0.253034,0.453994,1.908430,0.340718,0.327898,1.905846,0.575423,0.281461,0.921242,0.197196,1.984580,0.544536,1.513879,0.219056,0.289724,0.246858,0.782620,1.793683,0.151618,0.396812,0.237053,0.311820,0.186392,0.893512,1.015893,1.830484,0.103582,0.247519,1.956483,0.340400,1.915368,1.983841,0.332934,0.201629,0.173606,0.187048,0.889569,1.517544,0.668665,1.960552,0.299328,0.203310,0.189835,0.186392,0.227328,0.247326,0.416770,0.149620,0.177695
1.194637,0.630853,0.815717,1.203199,1.326789,1.188126,1.179520,0.000000,0.444206,1.568411,1.165412,1.179610,1.139066,1.477386,1.164400,0.809133,1.131298,1.523760,1.260384,1.102775,1.135729,1.267357,1.181381,1.575630,1.207274,1.437466,0.934562,0.887039,1.453930,1.055904,1.834515,1.164400,1.178170,1.612804,1.092515,0.795848,0.377923,1.184859,1.288769,1.323440,0.888776,0.797908,1.359015,1.141874,1.171534,0.542558,0.861801,0.984046,1.125522,1.182653,1.125148,1.055904,0.861801,1.306612,1.243650,1.335311,1.297578,0.730792,1.242733,0.617107,1.177665,1.574676,0.788852,0.763408,1.143707,1.114983,1.274915,0.618602,1.312821,1.203002,0.934562,1.147347,1.190983,1.108910,0.503131,0.425508,1.294794,1.126430,1.246939,1.572396,1.229725,1.373157,1.581718,1.268344,1.211157,1.238929,1.132520,0.804007,1.285178,0.710391,1.457480,1.284186,1.085050,1.106375,1.108910,1.259832,1.183765,1.006519,1.189416,1.128963
1.417250,0.886812,0.668859,0.958467,1.097109,0.946985,0.934587,0.444206,0.000000,1.703227,0.928911,1.085728,1.020162,1.552109,0.919728,0.599390,1.084419,1.700262,1.011514,0.838141,0.879069,0.996079,0.924657,1.377834,0.945841,1.620834,0.726548,0.664704,1.638750,0.829050,1.780534,0.919728,0.922149,1.709364,0.829245,0.472235,0.418195,1.385257,1.057682,1.091699,0.699342,0.840579,1.141433,0.881991,0.934444,0.473348,0.658418,0.767465,0.890513,1.363569,1.214516,0.829050,0.658418,1.516888,0.990140,1.099072,1.492381,0.535843,0.992809,0.459533,0.936029,1.734420,0.598507,0.947645,0.873665,0.867104,1.020963,0.541483,1.498386,0.946552,0.726548,0.870368,0.944974,0.846347,0.509757,0.390663,1.476853,0.881622,1.012515,1.729031,0.979089,1.566617,1.751215,1.003052,0.948306,0.982868,0.867474,0.607985,1.287322,0.586232,1.638248,1.027616,0.825177,0.845704,0.846347,1.005714,0.908576,0.808434,0.934061,0.871854
0.849616,1.448156,1.830148,1.898088,1.835034,1.900734,1.904609,1.568411,1.703227,0.000000,1.925915,1.606337,1.768712,0.610398,1.883612,1.840254,1.574880,0.635080,1.893744,1.906634,1.914797,1.865734,1.913430,1.685220,1.893548,0.699330,1.884242,1.836160,0.780805,1.903044,1.159403,1.883612,1.888969,0.499672,1.907406,1.828773,1.737504,0.929652,1.895234,1.884901,1.868472,1.428822,1.866694,1.913853,1.914266,1.714357,1.878537,1.873355,1.918906,0.787920,1.305580,1.903044,1.878537,0.878600,1.907982,1.896434,0.706383,1.865932,1.911796,1.737701,1.919369,0.626509,1.816080,1.282104,1.901996,1.913526,1.881274,1.805176,0.826571,1.907957,1.884242,1.899592,1.920754,1.913759,1.742552,1.637022,0.896295,1.909217,1.909361,0.296307,1.894914,0.675050,0.558661,1.846236,1.886332,1.899118,1.902629,1.756055,1.163882,1.817452,0.672948,1.875818,1.919476,1.918766,1.913759,1.888357,1.895725,1.866938,1.911267,1.924143
1.857416,1.394972,0.677184,0.322539,0.508007,0.306112,0.317949,1.165412,0.928911,1.925915,0.000000,1.035455,0.850171,1.725203,0.375027,0.557775,1.150447,1.964284,0.330806,0.289761,0.269369,0.390837,0.278066,0.837245,0.324463,1.935274,0.453451,0.532507,1.931578,0.341322,1.565174,0.375027,0.360855,1.899843,0.288207,0.718382,0.930459,1.835246,0.336816,0.381480,0.532815,1.383705,0.505059,0.279504,0.288790,0.942352,0.491178,0.481079,0.211175,1.818942,1.602050,0.341322,0.491178,1.868716,0.216558,0.396059,1.910659,0.554849,0.292243,0.933389,0.322705,1.967018,0.616135,1.523379,0.304731,0.251003,0.353472,0.786094,1.809386,0.285551,0.453451,0.293223,0.168545,0.285820,0.915123,1.044509,1.802136,0.282796,0.264773,1.963154,0.283818,1.905958,1.972920,0.445345,0.332624,0.310955,0.294900,0.843962,1.539587,0.712851,1.936393,0.405428,0.278329,0.278641,0.285820,0.344614,0.320012,0.540963,0.283709,0.260008
1.595365,1.237720,1.265345,1.058983,1.142034,1.060987,1.060496,1.179610,1.085728,1.606337,1.035455,0.000000,1.456114,1.479967,1.111157,1.147168,0.292767,1.642141,1.007166,1.054695,1.074215,1.071091,1.073146,1.194164,1.079944,1.612368,1.158069,1.150180,1.575750,1.126705,1.582518,1.111157,1.125030,1.618521,1.051978,1.135807,1.181004,1.561243,1.088937,1.093639,1.191085,1.319565,1.183188,1.078282,1.104677,1.260044,1.147945,1.192450,1.036837,1.508070,1.562683,1.126705,1.147945,1.478945,1.000490,1.069031,1.649774,1.058738,1.012738,1.279305,1.082884,1.676882,1.083251,1.470900,1.082214,1.040103,1.079041,1.224025,1.487277,1.083575,1.158069,1.058086,1.008971,1.056138,1.265666,1.280110,1.466568,1.056240,1.050751,1.643461,1.056783,1.595651,1.657510,0.989401,1.069298,1.097215,1.057181,1.063867,1.595364,1.235509,1.623619,1.148510,1.057729,1.065916,1.056138,1.080400,1.075090,1.228191,1.081652,1.065242
1.719453,1.384449,0.485798,0.761487,0.750682,0.770396,0.741355,1.139066,1.020162,1.768712,0.850171,1.456114,0.000000,1.543697,0.670539,0.669384,1.536849,1.847693,0.875736,0.751013,0.747880,0.803445,0.763768,1.025614,0.738095,1.797998,0.567577,0.663922,1.857808,0.607031,1.377979,0.670539,0.662245,1.696381,0.754597,0.828385,0.906008,1.688800,0.787703,0.811097,0.534416,1.327295,0.726711,0.720365,0.685496,0.810296,0.611367,0.524411,0.777933,1.600110,1.378870,0.607031,0.611367,1.846806,0.917103,0.935227,1.670934,0.778458,0.913309,0.836124,0.733324,1.847088,0.692487,1.309341,0.713116,0.778088,0.809315,0.697424,1.656449,0.739648,0.567577,0.744963,0.889071,0.740584,0.742098,0.885699,1.775458,0.741970,0.856782,1.822713,0.846363,1.754121,1.852355,0.825246,0.763870,0.744272,0.753361,1.032570,1.281776,0.585001,1.818603,0.715814,0.749303,0.733413,0.740584,0.788034,0.725548,0.530670,0.734100,0.758636
1.142333,1.463963,1.622507,1.663918,1.568020,1.672444,1.676400,1.477386,1.552109,0.610398,1.725203,1.479967,1.543697,0.000000,1.636738,1.616450,1.533815,1.068342,1.680983,1.686319,1.700400,1.620654,1.699002,1.436927,1.656979,1.120747,1.662157,1.598874,1.202628,1.676789,0.995971,1.636738,1.649096,0.686276,1.688793,1.639162,1.603967,1.205626,1.666586,1.653932,1.650158,1.403090,1.624375,1.696460,1.694723,1.550051,1.664788,1.653412,1.710188,0.856577,1.375266,1.676789,1.664788,1.270867,1.707172,1.686180,0.999466,1.679836,1.720589,1.595592,1.715910,1.080115,1.597688,1.293858,1.672839,1.702597,1.639058,1.631024,0.944023,1.686658,1.662157,1.671165,1.727858,1.699031,1.582479,1.477710,1.277808,1.684047,1.704480,0.856116,1.673505,1.068558,1.015822,1.585150,1.646824,1.672017,1.679336,1.602616,1.047749,1.621857,1.090762,1.642203,1.715280,1.709379,1.699031,1.647567,1.661457,1.627266,1.692979,1.722515
1.858926,1.419866,0.575942,0.148279,0.262080,0.167429,0.158192,1.164400,0.919728,1.883612,0.375027,1.111157,0.670539,1.636738,0.000000,0.476924,1.251631,1.959675,0.311350,0.252710,0.214454,0.316545,0.224289,0.730961,0.215736,1.947278,0.373899,0.413292,1.949056,0.244126,1.464106,0.000000,0.198353,1.836164,0.260033,0.703275,0.934093,1.825365,0.236153,0.258975,0.450445,1.408161,0.310552,0.210848,0.206208,0.868858,0.439032,0.347057,0.320019,1.775546,1.564571,0.244126,0.439032,1.916628,0.408338,0.384467,1.886243,0.579673,0.366046,0.905633,0.282889,1.978046,0.527047,1.488294,0.225087,0.323494,0.282684,0.764403,1.785965,0.210395,0.373899,0.252533,0.380725,0.242887,0.864051,0.975358,1.843831,0.182121,0.307969,1.945273,0.361321,1.909229,1.976492,0.341221,0.232079,0.217039,0.234955,0.884934,1.455706,0.635662,1.954420,0.302204,0.261404,0.245663,0.242887,0.264319,0.252833,0.358113,0.211063,0.248532
1.690135,1.156905,0.323416,0.532005,0.674298,0.520101,0.508451,0.809133,0.599390,1.840254,0.557775,1.147168,0.669384,1.616450,0.476924,0.000000,1.235237,1.889363,0.633890,0.428223,0.448475,0.620767,0.502442,1.051258,0.520611,1.843855,0.260563,0.123710,1.855033,0.362755,1.629738,0.476924,0.481491,1.805457,0.420147,0.537986,0.580344,1.670959,0.635901,0.676801,0.283831,1.203597,0.699995,0.455839,0.496408,0.529681,0.210541,0.300022,0.508341,1.620196,1.444756,0.362755,0.210541,1.785434,0.654538,0.718809,1.740593,0.355368,0.635954,0.583209,0.542051,1.909560,0.327922,1.221306,0.467845,0.505355,0.614763,0.434131,1.658408,0.521103,0.260563,0.486866,0.592113,0.433371,0.504192,0.608335,1.726732,0.453103,0.611642,1.887733,0.625890,1.793916,1.914477,0.671280,0.533488,0.558033,0.452697,0.751178,1.389032,0.311200,1.851467,0.621349,0.417605,0.432128,0.433371,0.591236,0.518525,0.377184,0.505217,0.461836
1.472155,1.144321,1.324677,1.205495,1.312671,1.202807,1.198907,1.131298,1.084419,1.574880,1.150447,0.292767,1.536849,1.533815,1.251631,1.235237,0.000000,1.547292,1.159235,1.176561,1.199430,1.228092,1.204401,1.371438,1.224058,1.487920,1.246549,1.257099,1.456845,1.238653,1.675823,1.251631,1.263119,1.620534,1.171676,1.174553,1.164170,1.430116,1.237934,1.249074,1.266806,1.209604,1.337795,1.201826,1.228668,1.272660,1.225238,1.286408,1.145816,1.457794,1.463696,1.238653,1.225238,1.320976,1.134727,1.223132,1.554747,1.109172,1.148875,1.280150,1.196512,1.587295,1.159700,1.404566,1.210724,1.145797,1.235092,1.243430,1.449795,1.218546,1.246549,1.188389,1.133224,1.176319,1.275360,1.286922,1.310424,1.187371,1.188692,1.574716,1.182613,1.470128,1.576148,1.143109,1.217313,1.239025,1.186046,1.051442,1.599208,1.282642,1.514233,1.291686,1.167751,1.180531,1.176319,1.232629,1.209934,1.332078,1.213873,1.179200
0.618597,1.301079,1.862959,1.964401,1.946295,1.962344,1.965779,1.523760,1.700262,0.635080,1.964284,1.642141,1.847693,1.068342,1.959675,1.889363,1.547292,0.000000,1.962152,1.962510,1.964017,1.958400,1.968056,1.868758,1.971583,0.492708,1.926108,1.904095,0.397385,1.954518,1.402832,1.959675,1.968891,0.791793,1.961268,1.842865,1.693866,0.697854,1.965929,1.961430,1.905922,1.379063,1.959856,1.968762,1.968815,1.719669,1.909040,1.928934,1.962971,0.802605,1.169219,1.954518,1.909040,0.544689,1.957784,1.957522,0.587266,1.867294,1.957088,1.744104,1.965431,0.379020,1.872743,1.237697,1.965108,1.961338,1.964780,1.793151,0.774682,1.972428,1.926108,1.962394,1.957916,1.963306,1.725545,1.657535,0.790930,1.963242,1.960327,0.454295,1.964667,0.593604,0.304767,1.951601,1.967446,1.973267,1.964740,1.766544,1.336278,1.834933,0.434146,1.972370,1.958892,1.963258,1.963306,1.966571,1.967273,1.918447,1.972123,1.963493
1.899539,1.483907,0.769850,0.221634,0.347142,0.223650,0.239196,1.260384,1.011514,1.893744,0.330806,1.007166,0.875736,1.680983,0.311350,0.633890,1.159235,1.962152,0.000000,0.285784,0.272858,0.266395,0.235205,0.677229,0.232366,1.960829,0.556712,0.573212,1.941701,0.408259,1.470458,0.311350,0.318252,1.848914,0.293683,0.811597,1.060164,1.868981,0.258372,0.256982,0.638947,1.469765,0.364944,0.278253,0.290487,1.025517,0.607906,0.528339,0.365513,1.828358,1.651702,0.408259,0.607906,1.906974,0.265940,0.250205,1.929907,0.696476,0.150056,1.031130,0.316286,1.972472,0.680758,1.569671,0.301683,0.379466,0.219851,0.921154,1.813227,0.229130,0.556712,0.291517,0.262005,0.298106,1.023590,1.113665,1.839415,0.268833,0.221926,1.947058,0.360625,1.934242,1.972491,0.338165,0.218968,0.219198,0.254504,0.944125,1.548479,0.812736,1.955981,0.324599,0.318692,0.310340,0.298106,0.225132,0.295888,0.595775,0.241334,0.288352
1.846242,1.378609,0.567465,0.233612,0.439096,0.238078,0.206857,1.102775,0.838141,1.906634,0.289761,1.054695,0.751013,1.686319,0.252710,0.428223,1.176561,1.962510,0.285784,0.000000,0.160673,0.342743,0.181717,0.821506,0.157685,1.937390,0.345784,0.390709,1.937235,0.231534,1.550231,0.252710,0.223904,1.872401,0.019110,0.623653,0.868366,1.813163,0.348949,0.378928,0.431597,1.350191,0.432792,0.112320,0.208575,0.837475,0.387240,0.345070,0.284244,1.774990,1.559496,0.231534,0.387240,1.884016,0.326295,0.395282,1.880632,0.493900,0.292486,0.835119,0.265534,1.976559,0.485381,1.451127,0.208568,0.270285,0.271749,0.711264,1.793671,0.175106,0.345784,0.207789,0.289522,0.093283,0.826368,0.938900,1.805911,0.166861,0.302133,1.954302,0.332122,1.900327,1.982072,0.395084,0.173616,0.214360,0.053417,0.805988,1.492857,0.608504,1.938509,0.328314,0.124465,0.114321,0.093283,0.246189,0.239295,0.424048,0.170139,0.154413
1.855891,1.387962,0.583180,0.178983,0.397710,0.180530,0.154163,1.135729,0.879069,1.914797,0.269369,1.074215,0.747880,1.700400,0.214454,0.448475,1.199430,1.964017,0.272858,0.160673,0.000000,0.326503,0.076163,0.797722,0.185247,1.940209,0.353235,0.403766,1.937447,0.224650,1.535689,0.214454,0.179566,1.881387,0.165631,0.680711,0.895691,1.823785,0.283354,0.313454,0.444775,1.393408,0.395100,0.097698,0.166188,0.867934,0.399408,0.350581,0.260427,1.799222,1.575219,0.224650,0.399408,1.891306,0.305152,0.362250,1.901042,0.527416,0.266209,0.863123,0.235707,1.977583,0.521809,1.487472,0.192214,0.267987,0.266262,0.734134,1.794631,0.119983,0.353235,0.198000,0.262803,0.118079,0.848238,0.972625,1.811893,0.130645,0.243278,1.960051,0.335729,1.906959,1.983952,0.401279,0.205120,0.169464,0.146932,0.863419,1.528254,0.625524,1.949649,0.292571,0.111930,0.108710,0.118079,0.242991,0.233404,0.421298,0.099262,0.072894
1.890322,1.505655,0.758682,0.288607,0.309779,0.304776,0.313657,1.267357,0.996079,1.865734,0.390837,1.071091,0.803445,1.620654,0.316545,0.620767,1.228092,1.958400,0.266395,0.342743,0.326503,0.000000,0.293997,0.623257,0.252356,1.954844,0.559648,0.548485,1.954058,0.427984,1.403243,0.316545,0.298275,1.802170,0.353899,0.776042,1.074027,1.860875,0.319366,0.314742,0.636336,1.436210,0.361839,0.323572,0.344990,1.007259,0.614283,0.524231,0.430678,1.790868,1.623744,0.427984,0.614283,1.929676,0.337876,0.352825,1.902617,0.717654,0.329609,1.001084,0.391058,1.962487,0.708987,1.536863,0.257160,0.438213,0.239689,0.926214,1.790431,0.268993,0.559648,0.235124,0.356679,0.354842,1.027188,1.082973,1.867088,0.338306,0.332697,1.931118,0.374875,1.934531,1.961913,0.314583,0.235233,0.239060,0.308793,0.946018,1.463245,0.815369,1.945530,0.263696,0.384505,0.366582,0.354842,0.250756,0.195420,0.576425,0.286340,0.359706
1.874526,1.426196,0.632996,0.165812,0.369259,0.168022,0.151813,1.181381,0.924657,1.913430,0.278066,1.073146,0.763768,1.699002,0.224289,0.502442,1.204401,1.968056,0.235205,0.181717,0.076163,0.293997,0.000000,0.759725,0.161335,1.947714,0.407566,0.453037,1.944101,0.269206,1.507380,0.224289,0.170311,1.877481,0.190140,0.712810,0.948491,1.842152,0.254818,0.277026,0.496749,1.422180,0.355953,0.121040,0.172406,0.916548,0.457555,0.394572,0.277813,1.815345,1.594047,0.269206,0.457555,1.903917,0.287378,0.326177,1.914673,0.582762,0.239392,0.905582,0.234753,1.979104,0.569336,1.515128,0.203264,0.288466,0.219977,0.788245,1.807540,0.079783,0.407566,0.203175,0.258000,0.153940,0.901039,1.018065,1.824513,0.157857,0.220708,1.960097,0.327426,1.917586,1.984972,0.374445,0.175435,0.120724,0.153418,0.899283,1.540476,0.679679,1.955068,0.251131,0.162815,0.152710,0.153940,0.201041,0.226213,0.466517,0.062192,0.114695
1.894028,1.731113,1.145171,0.703645,0.535681,0.728742,0.741512,1.575630,1.377834,1.685220,0.837245,1.194164,1.025614,1.436927,0.730961,1.051258,1.371438,1.868758,0.677229,0.821506,0.797722,0.623257,0.759725,0.000000,0.705083,1.896100,0.998793,0.968889,1.913849,0.880618,1.066120,0.730961,0.727721,1.601143,0.832222,1.196557,1.446347,1.884171,0.653036,0.615217,1.059266,1.648783,0.592847,0.791531,0.779564,1.348781,1.055041,0.940979,0.862417,1.774290,1.724090,0.880618,1.055041,1.938636,0.752064,0.631107,1.867113,1.160305,0.746102,1.382604,0.806818,1.847340,1.104215,1.698377,0.777232,0.868865,0.643978,1.315286,1.744465,0.727746,0.998793,0.774512,0.805796,0.826666,1.389022,1.408840,1.872621,0.795717,0.735505,1.783713,0.764225,1.892526,1.843715,0.638582,0.691568,0.682503,0.787122,1.283558,1.419775,1.208354,1.880786,0.646102,0.859332,0.837573,0.826666,0.664086,0.740783,0.936355,0.743520,0.827431
1.886426,1.459708,0.645139,0.182698,0.322052,0.206352,0.183533,1.207274,0.945841,1.893548,0.324463,1.079944,0.738095,1.656979,0.215736,0.520611,1.224058,1.971583,0.232366,0.157685,0.185247,0.252356,0.161335,0.705083,0.000000,1.958909,0.429141,0.460896,1.957577,0.287420,1.462194,0.215736,0.172112,1.845068,0.174337,0.718699,0.982388,1.855077,0.268944,0.280546,0.514627,1.429867,0.323426,0.136422,0.202452,0.932705,0.487589,0.404653,0.328413,1.797541,1.604357,0.287420,0.487589,1.923585,0.314419,0.333597,1.905161,0.619113,0.278189,0.930064,0.272701,1.979970,0.581680,1.512898,0.214130,0.325705,0.166741,0.815813,1.805030,0.115675,0.429141,0.210251,0.309181,0.166659,0.924801,1.027185,1.847107,0.201493,0.268350,1.951260,0.324852,1.925623,1.982474,0.339775,0.066204,0.114669,0.113737,0.906805,1.497765,0.702220,1.954731,0.231704,0.218297,0.188661,0.166659,0.141369,0.206805,0.466304,0.131637,0.207095
0.557173,1.215140,1.799039,1.955103,1.962421,1.951215,1.949385,1.437466,1.620834,0.699330,1.935274,1.612368,1.797998,1.120747,1.947278,1.843855,1.487920,0.492708,1.960829,1.937390,1.940209,1.954844,1.947714,1.896100,1.958909,0.000000,1.875899,1.870565,0.479257,1.921367,1.456716,1.947278,1.944659,0.864316,1.935127,1.763389,1.603482,0.601797,1.959694,1.963939,1.848360,1.215090,1.965008,1.942342,1.946661,1.643019,1.851959,1.886463,1.920791,0.764884,1.064945,1.921367,1.851959,0.459385,1.945602,1.967030,0.520176,1.804943,1.953294,1.629765,1.935750,0.485004,1.807205,1.147143,1.936822,1.919166,1.966651,1.705463,0.789568,1.953486,1.875899,1.936363,1.939974,1.935032,1.644952,1.582509,0.617803,1.941728,1.954419,0.541611,1.942400,0.360251,0.489853,1.928214,1.959220,1.959941,1.943946,1.652873,1.295779,1.766696,0.474666,1.952300,1.926578,1.932171,1.935032,1.965558,1.942098,1.883441,1.949951,1.934149
1.754131,1.231889,0.263074,0.436341,0.599941,0.432345,0.396812,0.934562,0.726548,1.884242,0.453451,1.158069,0.567577,1.662157,0.373899,0.260563,1.246549,1.926108,0.556712,0.345784,0.353235,0.559648,0.407566,0.998793,0.429141,1.875899,0.000000,0.289560,1.891873,0.177269,1.600022,0.373899,0.370847,1.855539,0.340076,0.554049,0.650453,1.725145,0.525049,0.571561,0.105027,1.246206,0.593260,0.342101,0.340777,0.628430,0.100193,0.170023,0.375006,1.688478,1.451713,0.177269,0.100193,1.830976,0.567139,0.647792,1.791805,0.337412,0.557179,0.643905,0.399706,1.944337,0.319934,1.320555,0.367293,0.373921,0.535468,0.438048,1.726168,0.413002,0.000000,0.394233,0.506362,0.330337,0.565885,0.750595,1.751356,0.342829,0.516126,1.927173,0.515800,1.824006,1.950400,0.576667,0.457416,0.453843,0.372677,0.747684,1.426915,0.316736,1.896133,0.508465,0.315293,0.319023,0.330337,0.507002,0.418543,0.260222,0.397353,0.351642
1.722352,1.223811,0.385944,0.468879,0.586746,0.457742,0.456343,0.887039,0.664704,1.836160,0.532507,1.150180,0.663922,1.598874,0.413292,0.123710,1.257099,1.904095,0.573212,0.390709,0.403766,0.548485,0.453037,0.968889,0.460896,1.870565,0.289560,0.000000,1.880464,0.343731,1.580093,0.413292,0.425758,1.790264,0.385006,0.581534,0.681007,1.702478,0.571032,0.608000,0.332852,1.260979,0.630643,0.414953,0.456295,0.594782,0.275023,0.289569,0.490940,1.642425,1.478145,0.343731,0.275023,1.821871,0.614619,0.652610,1.766741,0.432507,0.589417,0.659573,0.509500,1.922918,0.378083,1.260339,0.417780,0.490867,0.546626,0.538608,1.669984,0.468143,0.289560,0.441407,0.558063,0.401251,0.598980,0.666253,1.765269,0.411050,0.558183,1.893274,0.588747,1.825192,1.924017,0.611013,0.470400,0.497279,0.406235,0.798149,1.382282,0.397479,1.874971,0.561464,0.392767,0.403655,0.401251,0.525488,0.466631,0.362532,0.455282,0.429979
0.630161,1.188485,1.829115,1.950036,1.960409,1.946213,1.944141,1.453930,1.638750,0.780805,1.931578,1.575750,1.857808,1.202628,1.949056,1.855033,1.456845,0.397385,1.941701,1.937235,1.937447,1.954058,1.944101,1.913849,1.957577,0.479257,1.891873,1.880464,0.000000,1.926433,1.513940,1.949056,1.954121,0.899889,1.934922,1.795538,1.624063,0.712316,1.956290,1.955983,1.870689,1.328414,1.960652,1.943911,1.945705,1.682160,1.869337,1.903567,1.925096,0.832218,1.189935,1.926433,1.869337,0.410710,1.932686,1.944945,0.618001,1.815036,1.927762,1.677541,1.935535,0.477954,1.830413,1.232660,1.939404,1.923300,1.959055,1.737700,0.843698,1.952268,1.891873,1.936917,1.926709,1.934040,1.671580,1.613395,0.668555,1.936403,1.937735,0.585731,1.942862,0.544861,0.461399,1.950194,1.956897,1.958740,1.942701,1.708277,1.421957,1.794244,0.518960,1.962707,1.926659,1.933124,1.934040,1.958169,1.945526,1.901257,1.950138,1.932861
1.819042,1.326470,0.411026,0.291839,0.466259,0.292559,0.253034,1.055904,0.829050,1.903044,0.341322,1.126705,0.607031,1.676789,0.244126,0.362755,1.238653,1.954518,0.408259,0.231534,0.224650,0.427984,0.269206,0.880618,0.287420,1.921367,0.177269,0.343731,1.926433,0.000000,1.554621,0.244126,0.239225,1.869082,0.230533,0.615704,0.786562,1.788950,0.379082,0.422701,0.261805,1.331372,0.459107,0.206443,0.177203,0.755372,0.256673,0.200504,0.282804,1.749354,1.518526,0.000000,0.256673,1.877347,0.435394,0.502028,1.851555,0.428078,0.416257,0.769028,0.267966,1.968417,0.411550,1.412713,0.242971,0.290321,0.388818,0.590821,1.770153,0.265138,0.177269,0.272259,0.379295,0.212534,0.714111,0.876936,1.796301,0.207851,0.374202,1.949657,0.406018,1.876639,1.973871,0.461591,0.316551,0.302974,0.247310,0.804781,1.469681,0.472041,1.933184,0.377139,0.210478,0.202628,0.212534,0.362068,0.293531,0.285257,0.253228,0.229477
1.583913,1.843008,1.622076,1.464431,1.309787,1.478935,1.492023,1.834515,1.780534,1.159403,1.565174,1.582518,1.377979,0.995971,1.464106,1.629738,1.675823,1.402832,1.470458,1.550231,1.535689,1.403243,1.507380,1.066120,1.462194,1.456716,1.600022,1.580093,1.513940,1.554621,0.000000,1.464106,1.464713,0.985741,1.558206,1.677457,1.819995,1.580322,1.414396,1.386816,1.612897,1.752600,1.317815,1.528613,1.509368,1.704963,1.639218,1.559353,1.557868,1.408540,1.548883,1.554621,1.639218,1.652226,1.518597,1.427806,1.438844,1.737027,1.523258,1.733312,1.521434,1.348073,1.648802,1.681040,1.500962,1.565703,1.418225,1.738824,1.371241,1.483933,1.600022,1.511437,1.555219,1.553606,1.750213,1.712518,1.676497,1.535267,1.491834,1.281403,1.497166,1.466706,1.313197,1.367689,1.459535,1.451559,1.527463,1.735215,1.317032,1.676453,1.444947,1.398829,1.577690,1.560541,1.553606,1.428380,1.471896,1.534124,1.494367,1.558464
1.858926,1.419866,0.575942,0.148279,0.262080,0.167429,0.158192,1.164400,0.919728,1.883612,0.375027,1.111157,0.670539,1.636738,0.000000,0.476924,1.251631,1.959675,0.311350,0.252710,0.214454,0.316545,0.224289,0.730961,0.215736,1.947278,0.373899,0.413292,1.949056,0.244126,1.464106,0.000000,0.198353,1.836164,0.260033,0.703275,0.934093,1.825365,0.236153,0.258975,0.450445,1.408161,0.310552,0.210848,0.206208,0.868858,0.439032,0.347057,0.320019,1.775546,1.564571,0.244126,0.439032,1.916628,0.408338,0.384467,1.886243,0.579673,0.366046,0.905633,0.282889,1.978046,0.527047,1.488294,0.225087,0.323494,0.282684,0.764403,1.785965,0.210395,0.373899,0.252533,0.380725,0.242887,0.864051,0.975358,1.843831,0.182121,0.307969,1.945273,0.361321,1.909229,1.976492,0.341221,0.232079,0.217039,0.234955,0.884934,1.455706,0.635662,1.954420,0.302204,0.261404,0.245663,0.242887,0.264319,0.252833,0.358113,0.211063,0.248532
1.869210,1.434154,0.577313,0.220561,0.337347,0.243725,0.205926,1.178170,0.922149,1.888969,0.360855,1.125030,0.662245,1.649096,0.198353,0.481491,1.263119,1.968891,0.318252,0.223904,0.179566,0.298275,0.170311,0.727721,0.172112,1.944659,0.370847,0.425758,1.954121,0.239225,1.464713,0.198353,0.000000,1.841078,0.234757,0.688001,0.939270,1.839613,0.302402,0.322384,0.449288,1.405149,0.325741,0.170797,0.198953,0.886633,0.435155,0.347168,0.340265,1.781536,1.578500,0.239225,0.435155,1.921254,0.376582,0.388358,1.889073,0.584685,0.353772,0.876163,0.288813,1.972454,0.549278,1.486338,0.211023,0.340958,0.243705,0.758991,1.790472,0.145511,0.370847,0.223166,0.364881,0.211591,0.871086,0.987200,1.839497,0.207002,0.333261,1.947666,0.366432,1.912158,1.979967,0.374270,0.185580,0.152620,0.202747,0.886706,1.476204,0.641265,1.950037,0.186990,0.237654,0.212599,0.211591,0.225549,0.221855,0.391366,0.139955,0.218065
0.965275,1.515339,1.800138,1.852540,1.764853,1.857019,1.863304,1.612804,1.709364,0.499672,1.899843,1.618521,1.696381,0.686276,1.836164,1.805457,1.620534,0.791793,1.848914,1.872401,1.881387,1.802170,1.877481,1.601143,1.845068,0.864316,1.855539,1.790264,0.899889,1.869082,0.985741,1.836164,1.841078,0.000000,1.874657,1.788603,1.760192,1.031101,1.844540,1.835273,1.842120,1.485190,1.797580,1.878444,1.879844,1.699031,1.854844,1.835942,1.891805,0.765862,1.330737,1.869082,1.854844,1.061174,1.881000,1.840956,0.751001,1.864579,1.881807,1.731819,1.884678,0.727723,1.814946,1.293484,1.851853,1.894110,1.829895,1.804065,0.818551,1.867758,1.855539,1.856421,1.892621,1.882322,1.742264,1.615204,1.198665,1.873204,1.876342,0.608851,1.872054,0.927379,0.651687,1.793506,1.838442,1.854568,1.865798,1.761254,1.096714,1.800289,0.823806,1.824542,1.893804,1.889022,1.882322,1.834865,1.840451,1.814005,1.871700,1.897371
1.842001,1.371012,0.561652,0.241450,0.450404,0.244081,0.213776,1.092515,0.829245,1.907406,0.288207,1.051978,0.754597,1.688793,0.260033,0.420147,1.171676,1.961268,0.293683,0.019110,0.165631,0.353899,0.190140,0.832222,0.174337,1.935127,0.340076,0.385006,1.934922,0.230533,1.558206,0.260033,0.234757,1.874657,0.000000,0.617224,0.857730,1.808787,0.357722,0.389081,0.425521,1.343563,0.442683,0.123343,0.214768,0.828634,0.379067,0.342625,0.282594,1.772985,1.555599,0.230533,0.379067,1.879863,0.330366,0.400664,1.878383,0.482172,0.297580,0.827319,0.269847,1.975749,0.477953,1.445822,0.214226,0.268084,0.284619,0.702115,1.792044,0.187780,0.340076,0.215087,0.290517,0.100214,0.817756,0.931057,1.802025,0.168283,0.307252,1.954089,0.334822,1.897867,1.981391,0.402257,0.189228,0.228042,0.070108,0.797897,1.492270,0.600660,1.936557,0.340833,0.123872,0.118593,0.100214,0.259283,0.248186,0.421884,0.181197,0.157481
1.612499,1.161476,0.556203,0.745107,0.889645,0.741027,0.717137,0.795848,0.472235,1.828773,0.718382,1.135807,0.828385,1.639162,0.703275,0.537986,1.174553,1.842865,0.811597,0.623653,0.680711,0.776042,0.712810,1.196557,0.718699,1.763389,0.554049,0.581534,1.795538,0.615704,1.677457,0.703275,0.688001,1.788603,0.617224,0.000000,0.601173,1.568525,0.837852,0.876863,0.537590,0.975674,0.894944,0.662214,0.702226,0.570259,0.520759,0.590282,0.676740,1.538590,1.274880,0.615704,0.520759,1.706903,0.790332,0.881695,1.648816,0.449683,0.803678,0.484395,0.698638,1.847453,0.535950,1.152322,0.650966,0.646144,0.793104,0.540310,1.673134,0.719604,0.554049,0.652996,0.751403,0.639471,0.616867,0.632615,1.663297,0.669839,0.819313,1.860945,0.743701,1.727852,1.868605,0.764935,0.725707,0.751000,0.655219,0.537147,1.287872,0.545627,1.781002,0.780638,0.629490,0.637881,0.639471,0.776584,0.672257,0.605840,0.710330,0.669996
1.407046,0.771904,0.531157,0.981175,1.135372,0.969147,0.946034,0.377923,0.418195,1.737504,0.930459,1.181004,0.906008,1.603967,0.934093,0.580344,1.164170,1.693866,1.060164,0.868366,0.895691,1.074027,0.948491,1.446347,0.982388,1.603482,0.650453,0.681007,1.624063,0.786562,1.819995,0.934093,0.939270,1.760192,0.857730,0.601173,0.000000,1.388664,1.069695,1.111231,0.595963,0.889207,1.145298,0.896118,0.919877,0.417010,0.574108,0.726707,0.877815,1.384474,1.206480,0.786562,0.574108,1.498595,1.032968,1.139540,1.487545,0.444909,1.035914,0.456394,0.934816,1.732172,0.555059,0.956611,0.910444,0.865918,1.068166,0.277985,1.480602,0.968856,0.650453,0.917655,0.972693,0.863776,0.225046,0.438838,1.451825,0.885074,1.030892,1.741397,1.004562,1.542939,1.744345,1.079374,0.995969,1.012231,0.903780,0.665778,1.357443,0.418564,1.633668,1.062760,0.836213,0.855461,0.863776,1.046913,0.957224,0.741378,0.951841,0.881492
0.309176,1.017694,1.621496,1.846281,1.870641,1.838653,1.837097,1.184859,1.385257,0.929652,1.835246,1.561243,1.688800,1.205626,1.825365,1.670959,1.430116,0.697854,1.868981,1.813163,1.823785,1.860875,1.842152,1.884171,1.855077,0.601797,1.725145,1.702478,0.712316,1.788950,1.580322,1.825365,1.839613,1.031101,1.808787,1.568525,1.388664,0.000000,1.870720,1.882525,1.687673,1.034411,1.887994,1.826268,1.833441,1.367975,1.691268,1.736316,1.812191,0.707774,0.657238,1.788950,1.691268,0.607618,1.868120,1.883072,0.563750,1.626402,1.866435,1.433025,1.822329,0.746638,1.640033,0.866669,1.819833,1.811389,1.881345,1.517283,0.825525,1.852747,1.725145,1.821643,1.846404,1.813373,1.438554,1.328496,0.782586,1.822121,1.865091,0.824458,1.856458,0.616314,0.753385,1.824608,1.856690,1.865594,1.825492,1.481488,1.197295,1.577922,0.654975,1.874747,1.798626,1.809214,1.813373,1.874927,1.831585,1.725473,1.847503,1.816172
1.898306,1.492557,0.735616,0.176012,0.248093,0.157377,0.230168,1.288769,1.057682,1.895234,0.336816,1.088937,0.787703,1.666586,0.236153,0.635901,1.237934,1.965929,0.258372,0.348949,0.283354,0.319366,0.254818,0.653036,0.268944,1.959694,0.525049,0.571032,1.956290,0.379082,1.414396,0.236153,0.302402,1.844540,0.357722,0.837852,1.069695,1.870720,0.000000,0.086547,0.603822,1.498897,0.291603,0.295349,0.264326,1.019651,0.589639,0.505303,0.317002,1.833625,1.630626,0.379082,0.589639,1.930780,0.345771,0.301322,1.930465,0.714463,0.313696,1.046179,0.307013,1.978231,0.681947,1.577932,0.312463,0.358614,0.253417,0.908283,1.814147,0.243626,0.525049,0.319533,0.334068,0.333459,1.013186,1.128648,1.864725,0.283215,0.217706,1.953613,0.351329,1.933223,1.972270,0.327914,0.279143,0.227271,0.319285,0.980854,1.521151,0.793413,1.970256,0.313638,0.350076,0.334663,0.333459,0.253319,0.314361,0.527907,0.254419,0.309035
1.911143,1.521019,0.778618,0.198564,0.213187,0.197467,0.256721,1.323440,1.091699,1.884901,0.381480,1.093639,0.811097,1.653932,0.258975,0.676801,1.249074,1.961430,0.256982,0.378928,0.313454,0.314742,0.277026,0.615217,0.280546,1.963939,0.571561,0.608000,1.955983,0.422701,1.386816,0.258975,0.322384,1.835273,0.389081,0.876863,1.111231,1.882525,0.086547,0.000000,0.650305,1.526793,0.270199,0.324977,0.302177,1.058126,0.636909,0.543958,0.380226,1.839969,1.650061,0.422701,0.636909,1.937364,0.355957,0.289660,1.937621,0.760138,0.315545,1.086632,0.351737,1.974279,0.719256,1.603775,0.339753,0.409294,0.245815,0.953345,1.816191,0.263252,0.571561,0.345563,0.357522,0.363105,1.053337,1.162760,1.870715,0.314422,0.218833,1.945649,0.372696,1.937738,1.967733,0.339131,0.287871,0.237261,0.344142,1.022135,1.534369,0.836302,1.970188,0.318030,0.384565,0.367697,0.363105,0.250313,0.336720,0.566200,0.277029,0.340985
1.717442,1.191548,0.176851,0.521172,0.669803,0.516232,0.482098,0.888776,0.699342,1.868472,0.532815,1.191085,0.534416,1.650158,0.450445,0.283831,1.266806,1.905922,0.638947,0.431597,0.444775,0.636336,0.496749,1.059266,0.514627,1.848360,0.105027,0.332852,1.870689,0.261805,1.612897,0.450445,0.449288,1.842120,0.425521,0.537590,0.595963,1.687673,0.603822,0.650305,0.000000,1.204677,0.661451,0.431266,0.423267,0.574721,0.127233,0.203521,0.451522,1.652911,1.404778,0.261805,0.127233,1.806221,0.647501,0.729405,1.753583,0.335445,0.640632,0.593034,0.472406,1.925832,0.311625,1.270864,0.447457,0.449652,0.620083,0.369576,1.703970,0.500331,0.105027,0.473737,0.586702,0.419388,0.496007,0.701388,1.727637,0.429253,0.600540,1.909417,0.594515,1.791957,1.932140,0.640974,0.542506,0.538978,0.459791,0.724233,1.394709,0.240812,1.872969,0.580790,0.403240,0.407520,0.419388,0.592788,0.495673,0.281703,0.485363,0.440397
1.051652,0.893252,1.165083,1.447718,1.530828,1.439707,1.421122,0.797908,0.840579,1.428822,1.383705,1.319565,1.327295,1.403090,1.408161,1.203597,1.209604,1.379063,1.469765,1.350191,1.393408,1.436210,1.422180,1.648783,1.429867,1.215090,1.246206,1.260979,1.328414,1.331372,1.752600,1.408161,1.405149,1.485190,1.343563,0.975674,0.889207,1.034411,1.498897,1.526793,1.204677,0.000000,1.545350,1.382161,1.402404,0.974623,1.201221,1.281798,1.353152,1.086016,0.935271,1.331372,1.201221,1.170067,1.434561,1.524191,1.113163,1.078908,1.456684,0.900137,1.389148,1.379141,1.168670,0.821948,1.357487,1.334369,1.472714,1.012701,1.308056,1.426336,1.246206,1.351555,1.411001,1.363304,0.989086,0.901237,1.169272,1.384205,1.479603,1.427100,1.398412,1.196388,1.420552,1.404212,1.428056,1.448832,1.376153,0.789554,0.994559,1.112841,1.265794,1.453099,1.346316,1.357721,1.363304,1.466166,1.370176,1.292069,1.419860,1.376465
1.921977,1.566916,0.772069,0.299193,0.240580,0.331631,0.317788,1.359015,1.141433,1.866694,0.505059,1.183188,0.726711,1.624375,0.310552,0.699995,1.337795,1.959856,0.364944,0.432792,0.395100,0.361839,0.355953,0.592847,0.323426,1.965008,0.593260,0.630643,1.960652,0.459107,1.317815,0.310552,0.325741,1.797580,0.442683,0.894944,1.145298,1.887994,0.291603,0.270199,0.661451,1.545350,0.000000,0.390259,0.362355,1.066643,0.662635,0.554887,0.488844,1.828416,1.639380,0.459107,0.662635,1.964519,0.487170,0.352055,1.925932,0.811767,0.435365,1.080724,0.422001,1.964522,0.752163,1.612146,0.404315,0.494105,0.303178,0.966839,1.812133,0.326779,0.593260,0.427178,0.498008,0.430746,1.067170,1.171479,1.895374,0.366518,0.391098,1.932206,0.437102,1.940338,1.960687,0.389595,0.331520,0.290231,0.403180,1.070612,1.491533,0.845887,1.963636,0.293289,0.461801,0.437790,0.430746,0.306593,0.389110,0.534170,0.337830,0.427186
1.860124,1.398921,0.569995,0.189565,0.399798,0.202639,0.157102,1.141874,0.881991,1.913853,0.279504,1.078282,0.720365,1.696460,0.210848,0.455839,1.201826,1.968762,0.278253,0.112320,0.097698,0.323572,0.121040,0.791531,0.136422,1.942342,0.342101,0.414953,1.943911,0.206443,1.528613,0.210848,0.170797,1.878444,0.123343,0.662214,0.896118,1.826268,0.295349,0.324977,0.431266,1.382161,0.390259,0.000000,0.146983,0.867259,0.395539,0.335316,0.264007,1.794257,1.567819,0.206443,0.395539,1.896185,0.316605,0.380871,1.895105,0.524641,0.284260,0.860333,0.219646,1.979759,0.511624,1.481956,0.188728,0.263102,0.259737,0.727084,1.801022,0.107740,0.342101,0.190303,0.282630,0.063658,0.844278,0.972972,1.814073,0.140578,0.269035,1.960441,0.330466,1.905634,1.986530,0.389774,0.171567,0.158408,0.096730,0.846099,1.512009,0.619141,1.948785,0.284140,0.095476,0.063270,0.063658,0.231812,0.218049,0.411461,0.099104,0.089629
