0.000000,1.078303,1.641220,1.898619,1.931756,1.893525,1.888811,1.199721,1.496431,0.821544,1.878764,1.667021,1.650309,1.082239,1.884160,1.699727,1.570908,0.643395,1.928169,1.865471,1.871294,1.919658,1.893224,1.919976,1.902923,0.466520,1.770737,1.738759,0.606178,1.830441,1.628131,1.884160,1.897655,0.978170,1.860731,1.699835,1.404650,0.325749,1.916942,1.928691,1.721607,0.990292,1.927992,1.875034,1.875445,1.422526,1.742360,1.759608,1.863507,0.740073,0.852853,1.830441,1.742360,0.497830,1.907332,1.912365,0.510511,1.670427,1.918696,1.484306,1.866228,0.693990,1.672399,0.971147,1.893511,1.869216,1.930247,1.550441,0.603625,1.903040,1.770737,1.894512,1.894802,1.864094,1.419632,1.394761,0.674159,1.874513,1.912920,0.745013,1.904852,0.457546,0.682095,1.921773,1.906239,1.914931,1.877693,1.531027,1.184814,1.593131,0.626506,1.938542,1.849633,1.859488,1.864094,1.920187,1.903982,1.726622,1.898531,1.865103
1.078303,0.000000,1.046318,1.429769,1.532249,1.424826,1.410826,0.674458,0.890160,1.440321,1.372689,1.363281,1.239635,1.425918,1.395718,1.106569,1.298061,1.354178,1.504131,1.360755,1.370357,1.486517,1.420801,1.710823,1.438744,1.274759,1.189853,1.181074,1.311604,1.290217,1.813472,1.395718,1.433053,1.532872,1.351487,1.137302,0.746238,1.098322,1.492399,1.519299,1.127024,0.791191,1.538947,1.385418,1.388411,0.826825,1.142904,1.214344,1.360869,1.136828,1.089840,1.290217,1.142904,1.146136,1.435111,1.486018,1.165172,1.041487,1.494443,0.961658,1.398401,1.420782,1.128619,0.838275,1.417356,1.364062,1.493526,0.899920,1.115944,1.446508,1.189853,1.403125,1.413658,1.354132,0.793480,0.882453,1.178911,1.372613,1.467524,1.444297,1.451069,1.155750,1.441060,1.540458,1.442748,1.472581,1.385252,0.993529,1.358363,0.970756,1.344627,1.553203,1.336074,1.352374,1.354132,1.472231,1.426898,1.158887,1.439727,1.367727
1.641220,1.046318,0.000000,0.686412,0.824739,0.677365,0.655737,0.746161,0.519354,1.865234,0.662219,1.194365,0.542063,1.734277,0.614677,0.328037,1.199419,1.856797,0.825909,0.573913,0.604219,0.843127,0.676118,1.199889,0.679133,1.800976,0.294222,0.401233,1.824477,0.438979,1.597680,0.614677,0.660921,1.837836,0.562798,0.433404,0.472787,1.666186,0.776006,0.817004,0.190503,1.102255,0.833809,0.599692,0.597067,0.481243,0.267389,0.307583,0.619274,1.550676,1.299865,0.438979,0.267389,1.736316,0.759147,0.816171,1.644543,0.288558,0.835081,0.400556,0.630873,1.887228,0.411246,1.137835,0.647338,0.635660,0.782315,0.258188,1.665168,0.696745,0.294222,0.663618,0.712804,0.570986,0.412364,0.553368,1.710089,0.599434,0.753844,1.892826,0.776315,1.698859,1.902342,0.809133,0.693046,0.732459,0.611791,0.591153,1.470699,0.134030,1.826496,0.853521,0.550233,0.563248,0.570986,0.748337,0.688702,0.327323,0.685530,0.597610
1.898619,1.429769,0.686412,0.000000,0.256389,0.079960,0.077651,1.235101,0.903625,1.929110,0.275563,1.020272,0.826499,1.776015,0.137874,0.580089,1.120266,1.973537,0.212922,0.208792,0.190959,0.375799,0.171273,0.751069,0.175328,1.970776,0.446908,0.516087,1.937801,0.315578,1.380036,0.137874,0.200471,1.867414,0.218772,0.639012,1.010818,1.890332,0.197607,0.221203,0.554822,1.483451,0.277501,0.183275,0.206229,1.000423,0.497159,0.436365,0.252293,1.780237,1.577352,0.315578,0.497159,1.920695,0.308179,0.304860,1.881639,0.618977,0.274591,0.901426,0.222066,1.968281,0.622369,1.544459,0.233288,0.274785,0.218575,0.831577,1.882819,0.165595,0.446908,0.253376,0.280496,0.206435,0.996251,1.035241,1.866522,0.139979,0.207458,1.959973,0.344457,1.915037,1.986061,0.327345,0.187748,0.177337,0.187703,0.916859,1.638767,0.751316,1.959622,0.319954,0.237504,0.216510,0.206435,0.206268,0.267482,0.558518,0.164214,0.207144
1.931756,1.532249,0.824739,0.256389,0.000000,0.258764,0.306966,1.360544,1.055464,1.894083,0.403510,1.077064,0.835044,1.724951,0.266308,0.721303,1.199720,1.961429,0.263638,0.390122,0.377488,0.396440,0.334720,0.569580,0.280444,1.979281,0.609610,0.639491,1.951019,0.481862,1.235874,0.266308,0.284853,1.800551,0.401933,0.761781,1.156359,1.927069,0.201276,0.184584,0.710451,1.593903,0.193712,0.362646,0.384273,1.116045,0.663085,0.598863,0.383769,1.786778,1.639624,0.481862,0.663085,1.961032,0.400147,0.361104,1.889585,0.792514,0.367544,1.038983,0.421589,1.949450,0.770823,1.585477,0.338302,0.398508,0.246967,0.976012,1.889736,0.298117,0.609610,0.379216,0.395959,0.398909,1.127923,1.142564,1.918909,0.352326,0.280413,1.936614,0.366337,1.947139,1.961135,0.268143,0.282841,0.259767,0.360213,1.065122,1.574823,0.897771,1.948577,0.268075,0.436753,0.409362,0.398909,0.263492,0.359826,0.662009,0.309731,0.406911
1.893525,1.424826,0.677365,0.079960,0.258764,0.000000,0.131169,1.223419,0.896902,1.930936,0.263072,1.026655,0.813740,1.779357,0.134644,0.571368,1.121937,1.973250,0.245046,0.216450,0.186880,0.397264,0.167978,0.764725,0.192694,1.968818,0.442763,0.509277,1.939067,0.318233,1.386171,0.134644,0.210486,1.869002,0.224936,0.620265,1.000585,1.888981,0.165596,0.201647,0.549132,1.473033,0.291587,0.193606,0.219705,0.989185,0.490315,0.435622,0.209225,1.777016,1.568661,0.318233,0.490315,1.918097,0.321183,0.310836,1.877718,0.611096,0.299737,0.885363,0.238228,1.968789,0.616891,1.530275,0.237800,0.242286,0.227784,0.821654,1.885411,0.176457,0.442763,0.271599,0.282557,0.213630,0.985525,1.019925,1.867466,0.164833,0.198518,1.960504,0.326377,1.914438,1.985346,0.334533,0.203533,0.190091,0.196780,0.914066,1.635569,0.742191,1.957131,0.337923,0.239961,0.222148,0.213630,0.210026,0.284187,0.558804,0.172704,0.210452
1.888811,1.410826,0.655737,0.077651,0.306966,0.131169,0.000000,1.210263,0.872480,1.932598,0.284352,1.038313,0.823149,1.780101,0.151206,0.550750,1.133718,1.972263,0.236371,0.185475,0.170623,0.370835,0.165531,0.779106,0.177912,1.966453,0.412186,0.489931,1.935509,0.281857,1.398653,0.151206,0.196922,1.876214,0.194251,0.629135,0.982534,1.879628,0.254390,0.278518,0.520884,1.466511,0.299803,0.160126,0.174037,0.969282,0.463157,0.399268,0.260349,1.777125,1.561688,0.281857,0.463157,1.914819,0.318490,0.320252,1.875579,0.587637,0.288414,0.873361,0.180929,1.970769,0.588020,1.527014,0.216923,0.273598,0.243739,0.801721,1.877091,0.170049,0.412186,0.226259,0.293959,0.179189,0.969372,1.006070,1.858511,0.091317,0.250672,1.962674,0.359378,1.906154,1.987946,0.357147,0.191921,0.192613,0.168537,0.896473,1.642659,0.720771,1.960183,0.339679,0.206498,0.188177,0.179189,0.227970,0.246870,0.525820,0.163694,0.180987
1.199721,0.674458,0.746161,1.235101,1.360544,1.223419,1.210263,0.000000,0.532036,1.570103,1.202539,1.287214,1.023657,1.509307,1.193509,0.783860,1.225480,1.536386,1.335937,1.140607,1.147893,1.332289,1.208132,1.628298,1.237376,1.433428,0.937171,0.869985,1.439871,1.057458,1.775275,1.193509,1.226368,1.623733,1.129474,0.867450,0.373643,1.254671,1.320868,1.353504,0.862803,0.706137,1.373073,1.169592,1.169597,0.468596,0.872518,0.940957,1.175180,1.195182,1.119108,1.057458,0.872518,1.307875,1.285839,1.305055,1.277076,0.761008,1.327252,0.609126,1.173585,1.572710,0.819935,0.807254,1.224353,1.188064,1.311846,0.594735,1.263511,1.244131,0.937171,1.215787,1.242185,1.138226,0.405550,0.462057,1.328070,1.163396,1.288924,1.589782,1.305598,1.290532,1.598467,1.353836,1.237453,1.278130,1.168314,0.764613,1.368595,0.638328,1.482218,1.392896,1.110734,1.133907,1.138226,1.282427,1.249588,0.918716,1.231298,1.149990
1.496431,0.890160,0.519354,0.903625,1.055464,0.896902,0.872480,0.532036,0.000000,1.741598,0.888534,1.128358,0.887806,1.627252,0.868777,0.502059,1.111994,1.741942,1.013095,0.801772,0.810806,1.021474,0.873506,1.375484,0.911058,1.682323,0.640643,0.575356,1.669617,0.737456,1.705240,0.868777,0.894143,1.764543,0.789023,0.526981,0.441070,1.519750,1.015738,1.047885,0.594334,0.901918,1.061939,0.839370,0.835807,0.453897,0.584842,0.622054,0.864239,1.435032,1.306620,0.737456,0.584842,1.561710,0.975853,0.976834,1.540056,0.536387,1.011486,0.487637,0.844469,1.766964,0.521376,1.088762,0.905315,0.865825,0.979970,0.480698,1.512868,0.913332,0.640643,0.889629,0.928489,0.808067,0.423794,0.376665,1.538890,0.819484,0.979184,1.769460,0.986314,1.547516,1.790968,1.039465,0.901162,0.948379,0.830349,0.603004,1.500804,0.426417,1.711292,1.071688,0.780146,0.805923,0.808067,0.947988,0.932362,0.648968,0.901756,0.818069
0.821544,1.440321,1.865234,1.929110,1.894083,1.930936,1.932598,1.570103,1.741598,0.000000,1.937288,1.633884,1.791972,0.501703,1.935912,1.854396,1.621026,0.531739,1.905755,1.935286,1.934285,1.886955,1.932551,1.720624,1.921633,0.614104,1.921675,1.857571,0.643883,1.936411,1.286054,1.935912,1.921447,0.444699,1.935326,1.848657,1.735416,0.809562,1.925032,1.921711,1.909362,1.439727,1.900161,1.938990,1.944177,1.711956,1.907435,1.913956,1.941671,0.820260,1.372403,1.936411,1.907435,0.785894,1.921406,1.907458,0.742050,1.891217,1.914062,1.778530,1.946550,0.453725,1.873582,1.313145,1.931868,1.941557,1.916619,1.818434,0.680223,1.931627,1.921675,1.928351,1.925995,1.938964,1.730240,1.671774,0.824250,1.934665,1.928705,0.249078,1.920336,0.699271,0.444047,1.888996,1.918665,1.924973,1.931448,1.810044,1.071416,1.836504,0.507458,1.903773,1.942059,1.942399,1.938964,1.921741,1.925822,1.874039,1.932240,1.944891
1.878764,1.372689,0.662219,0.275563,0.403510,0.263072,0.284352,1.202539,0.888534,1.937288,0.000000,1.021856,0.833863,1.793304,0.276778,0.594803,1.107459,1.964227,0.344075,0.280041,0.252769,0.420578,0.262443,0.844660,0.285305,1.960839,0.425020,0.555162,1.930999,0.307096,1.444437,0.276778,0.277533,1.894063,0.283420,0.641808,0.966487,1.874949,0.295582,0.318350,0.519142,1.467529,0.442538,0.254393,0.255953,0.981945,0.479166,0.452288,0.223742,1.797607,1.557854,0.307096,0.479166,1.894266,0.223833,0.381048,1.889485,0.567258,0.334167,0.887930,0.312109,1.964426,0.631408,1.518597,0.282462,0.244305,0.309075,0.792146,1.872467,0.265543,0.425020,0.304737,0.192577,0.258677,0.962745,1.036033,1.843959,0.264277,0.214175,1.960488,0.317728,1.901825,1.983480,0.446036,0.288409,0.283414,0.271659,0.907733,1.656057,0.724762,1.949483,0.393982,0.272481,0.261844,0.258677,0.290444,0.307215,0.571432,0.273007,0.256147
1.667021,1.363281,1.194365,1.020272,1.077064,1.026655,1.038313,1.287214,1.128358,1.633884,1.021856,0.000000,1.372547,1.553927,1.056290,1.115737,0.270008,1.677814,1.018052,1.042269,1.033901,1.122147,1.029511,1.256687,1.058727,1.680571,1.098488,1.106171,1.565589,1.056063,1.539563,1.056290,1.084734,1.656995,1.041165,1.041652,1.237585,1.655912,1.056829,1.054057,1.131825,1.332293,1.134408,1.056862,1.029302,1.307418,1.102593,1.114949,1.075379,1.536249,1.606676,1.056063,1.102593,1.548516,0.994911,1.009083,1.682844,1.120939,0.970028,1.270937,1.041771,1.630655,1.108369,1.609407,1.127542,1.105260,1.016246,1.210375,1.573770,1.039688,1.098488,1.101108,0.976380,1.048554,1.260545,1.322247,1.520619,1.048854,1.002228,1.644321,1.139261,1.645850,1.675941,1.016298,1.041464,1.048535,1.045269,1.054650,1.653430,1.182999,1.635629,1.094937,1.048840,1.054520,1.048554,1.012976,1.134093,1.225298,1.036174,1.039818
1.650309,1.239635,0.542063,0.826499,0.835044,0.813740,0.823149,1.023657,0.887806,1.791972,0.833863,1.372547,0.000000,1.656728,0.749599,0.708006,1.384165,1.827502,0.937563,0.780503,0.820586,0.950362,0.855405,1.071325,0.807789,1.779045,0.649882,0.717507,1.837317,0.707169,1.371212,0.749599,0.776923,1.690192,0.778721,0.649071,0.813194,1.701402,0.839239,0.871228,0.613761,1.267024,0.837173,0.788353,0.805803,0.795707,0.663176,0.647728,0.784635,1.496185,1.303937,0.707169,0.663176,1.793888,0.893810,0.961546,1.577441,0.696861,0.972316,0.700408,0.847143,1.839921,0.762467,1.178810,0.760258,0.799016,0.883236,0.654702,1.650760,0.842074,0.649882,0.820112,0.859647,0.787275,0.711294,0.804220,1.773675,0.797550,0.856733,1.831580,0.857600,1.707736,1.835698,0.838874,0.830156,0.849192,0.801074,0.887028,1.290739,0.607155,1.771562,0.887544,0.792963,0.782436,0.787275,0.866066,0.807655,0.545792,0.840396,0.821091
1.082239,1.425918,1.734277,1.776015,1.724951,1.779357,1.780101,1.509307,1.627252,0.501703,1.793304,1.553927,1.656728,0.000000,1.782525,1.694913,1.599284,0.896659,1.751596,1.786753,1.783795,1.732484,1.782601,1.547104,1.758130,0.987289,1.777799,1.685483,0.992871,1.783669,1.104964,1.782525,1.753018,0.557447,1.787598,1.705534,1.650252,1.083250,1.773902,1.772245,1.776884,1.506683,1.738312,1.789089,1.799609,1.592194,1.764668,1.769632,1.795191,0.841012,1.488436,1.783669,1.764668,1.120217,1.776535,1.755721,0.934749,1.770667,1.774361,1.655027,1.816922,0.837486,1.741810,1.266298,1.783703,1.798577,1.758018,1.703377,0.868245,1.778580,1.777799,1.780210,1.779359,1.790754,1.630272,1.542454,1.154201,1.779998,1.783490,0.717628,1.774352,0.979292,0.849358,1.726840,1.754747,1.767809,1.780063,1.749685,0.974936,1.712826,0.839157,1.744690,1.801909,1.798248,1.790754,1.765997,1.776311,1.706950,1.780111,1.807110
1.884160,1.395718,0.614677,0.137874,0.266308,0.134644,0.151206,1.193509,0.868777,1.935912,0.276778,1.056290,0.749599,1.782525,0.000000,0.524732,1.145740,1.971173,0.299617,0.192323,0.192240,0.408927,0.203103,0.784258,0.190399,1.965570,0.380499,0.466195,1.942516,0.257113,1.396774,0.000000,0.195353,1.873325,0.198825,0.587773,0.955836,1.884529,0.231454,0.260149,0.484190,1.455678,0.299804,0.176209,0.190006,0.937951,0.434736,0.379903,0.223530,1.766041,1.557054,0.257113,0.434736,1.920186,0.346980,0.352383,1.865653,0.561353,0.355224,0.847315,0.237968,1.971570,0.564914,1.498495,0.218866,0.247600,0.254201,0.765073,1.871558,0.197951,0.380499,0.252106,0.318125,0.191457,0.935529,0.981524,1.870645,0.154643,0.256547,1.966860,0.344077,1.908004,1.988150,0.350127,0.207581,0.213984,0.187947,0.879874,1.608651,0.686476,1.954298,0.351141,0.218049,0.197128,0.191457,0.229579,0.264460,0.480034,0.196120,0.206771
1.699727,1.106569,0.328037,0.580089,0.721303,0.571368,0.550750,0.783860,0.502059,1.854396,0.594803,1.115737,0.708006,1.694913,0.524732,0.000000,1.164123,1.886567,0.704682,0.468881,0.477781,0.717364,0.550660,1.114681,0.567231,1.839272,0.290930,0.124517,1.838300,0.391685,1.565266,0.524732,0.562653,1.827037,0.457171,0.463933,0.569562,1.710505,0.694443,0.731897,0.308872,1.192836,0.739416,0.501597,0.515131,0.508786,0.224782,0.300018,0.553647,1.599137,1.426420,0.391685,0.224782,1.771919,0.688853,0.670269,1.714308,0.339219,0.728280,0.532635,0.548964,1.902073,0.361953,1.211902,0.574944,0.567922,0.663986,0.412440,1.685296,0.584222,0.290930,0.567056,0.642570,0.472433,0.540411,0.569344,1.744157,0.492592,0.667231,1.896630,0.698707,1.751129,1.918364,0.720412,0.568289,0.618551,0.496089,0.696212,1.496948,0.320948,1.858540,0.763949,0.452056,0.472884,0.472433,0.632959,0.605395,0.342705,0.572808,0.496215
1.570908,1.298061,1.199419,1.120266,1.199720,1.121937,1.133718,1.225480,1.111994,1.621026,1.107459,0.270008,1.384165,1.599284,1.145740,1.164123,0.000000,1.621997,1.140224,1.125244,1.123077,1.242083,1.126993,1.396740,1.165922,1.596407,1.144461,1.175066,1.488731,1.125070,1.631752,1.145740,1.190958,1.668925,1.122068,1.063429,1.191377,1.568714,1.159076,1.160226,1.155956,1.206961,1.246167,1.144478,1.112801,1.294415,1.141902,1.161069,1.154818,1.494950,1.507185,1.125070,1.141902,1.437681,1.095189,1.126861,1.612151,1.129883,1.081038,1.249728,1.114854,1.583371,1.127908,1.561698,1.213183,1.183997,1.134593,1.194185,1.516206,1.141817,1.144461,1.190925,1.068441,1.131517,1.221077,1.305334,1.408329,1.138937,1.101203,1.604477,1.237231,1.547809,1.622383,1.133017,1.152954,1.158114,1.136368,0.992417,1.672589,1.178197,1.574995,1.216616,1.122783,1.132907,1.131517,1.123762,1.226408,1.275387,1.136178,1.118431
0.643395,1.354178,1.856797,1.973537,1.961429,1.973250,1.972263,1.536386,1.741942,0.531739,1.964227,1.677814,1.827502,0.896659,1.971173,1.886567,1.621997,0.000000,1.965200,1.967139,1.969053,1.945172,1.972913,1.840319,1.974027,0.438164,1.930349,1.905133,0.431645,1.956880,1.488405,1.971173,1.972798,0.743300,1.965798,1.869067,1.694407,0.619420,1.970594,1.968223,1.903099,1.302850,1.966187,1.972023,1.971299,1.700030,1.916037,1.926702,1.963042,0.876735,1.235161,1.956880,1.916037,0.544607,1.959878,1.958175,0.645084,1.877556,1.960225,1.774875,1.965406,0.430761,1.875474,1.247818,1.970341,1.960311,1.971700,1.794388,0.673720,1.975472,1.930349,1.964318,1.962575,1.967655,1.705814,1.684221,0.702257,1.970133,1.970669,0.431358,1.957956,0.591321,0.342139,1.961725,1.971513,1.975942,1.969578,1.742475,1.169002,1.826626,0.443232,1.964773,1.963738,1.967238,1.967655,1.970981,1.966741,1.903338,1.973967,1.968102
1.928169,1.504131,0.825909,0.212922,0.263638,0.245046,0.236371,1.335937,1.013095,1.905755,0.344075,1.018052,0.937563,1.751596,0.299617,0.704682,1.140224,1.965200,0.000000,0.318204,0.295353,0.310120,0.235042,0.645102,0.227480,1.979432,0.586402,0.627517,1.931183,0.445186,1.325255,0.299617,0.266404,1.839108,0.329372,0.764016,1.142267,1.910164,0.271560,0.256776,0.693169,1.580519,0.295521,0.291675,0.306447,1.115388,0.638504,0.566418,0.387238,1.814580,1.631763,0.445186,0.638504,1.935427,0.280208,0.279643,1.914798,0.763201,0.164113,1.036857,0.314859,1.955006,0.741427,1.609289,0.305729,0.385308,0.188004,0.975583,1.898130,0.214043,0.586402,0.311318,0.284696,0.324270,1.127529,1.142176,1.882120,0.286927,0.225835,1.939876,0.372449,1.941402,1.973293,0.308994,0.219497,0.189480,0.280412,1.039358,1.663536,0.888339,1.960875,0.275427,0.355299,0.336880,0.324270,0.200227,0.302522,0.696058,0.222615,0.314594
1.865471,1.360755,0.573913,0.208792,0.390122,0.216450,0.185475,1.140607,0.801772,1.935286,0.280041,1.042269,0.780503,1.786753,0.192323,0.468881,1.125244,1.967139,0.318204,0.000000,0.128222,0.407858,0.163513,0.846653,0.155400,1.955267,0.333106,0.417984,1.928551,0.216387,1.452873,0.192323,0.208670,1.889211,0.021202,0.541265,0.910642,1.867779,0.340662,0.367217,0.436223,1.416793,0.401374,0.088260,0.160730,0.896477,0.379719,0.319473,0.271146,1.764858,1.546570,0.216387,0.379719,1.899965,0.334238,0.335449,1.865468,0.511840,0.347542,0.802367,0.193487,1.974398,0.517534,1.476246,0.239933,0.267765,0.268771,0.724454,1.860427,0.174782,0.333106,0.233636,0.303068,0.068118,0.894574,0.934555,1.843808,0.142551,0.294161,1.962908,0.376807,1.894380,1.990078,0.394226,0.172488,0.214513,0.058779,0.839104,1.631492,0.638683,1.956620,0.389110,0.099000,0.085960,0.068118,0.238075,0.263073,0.466048,0.166397,0.115388
1.871294,1.370357,0.604219,0.190959,0.377488,0.186880,0.170623,1.147893,0.810806,1.934285,0.252769,1.033901,0.820586,1.783795,0.192240,0.477781,1.123077,1.969053,0.295353,0.128222,0.000000,0.380313,0.088600,0.851469,0.174042,1.955955,0.355217,0.420926,1.929476,0.232217,1.451454,0.192240,0.181878,1.890699,0.131932,0.574813,0.925264,1.870950,0.314163,0.339912,0.465862,1.432904,0.398061,0.097175,0.143150,0.903709,0.398451,0.346889,0.242843,1.777831,1.563685,0.232217,0.398451,1.897732,0.330972,0.311986,1.877692,0.526322,0.323281,0.818477,0.183766,1.972099,0.525992,1.484645,0.231878,0.257693,0.250007,0.748552,1.863833,0.143452,0.355217,0.219197,0.294033,0.106463,0.914418,0.946041,1.845810,0.128556,0.267017,1.963432,0.371121,1.898469,1.989924,0.396133,0.174136,0.188618,0.112228,0.864847,1.638058,0.662819,1.959363,0.377434,0.108799,0.110175,0.106463,0.217971,0.253520,0.497403,0.128419,0.081594
1.919658,1.486517,0.843127,0.375799,0.396440,0.397264,0.370835,1.332289,1.021474,1.886955,0.420578,1.122147,0.950362,1.732484,0.408927,0.717364,1.242083,1.945172,0.310120,0.407858,0.380313,0.000000,0.340260,0.693453,0.337049,1.957118,0.614223,0.647344,1.926280,0.497151,1.330024,0.408927,0.339039,1.837321,0.417112,0.803170,1.140880,1.903250,0.422412,0.411303,0.715807,1.585108,0.396674,0.384459,0.394416,1.110078,0.659737,0.610728,0.465107,1.835576,1.657138,0.497151,0.659737,1.927601,0.380009,0.339464,1.919934,0.787833,0.349222,1.042484,0.415965,1.943626,0.768910,1.598088,0.303571,0.438645,0.313511,0.979389,1.874410,0.330977,0.614223,0.256295,0.417924,0.411023,1.128137,1.140623,1.865754,0.377043,0.387167,1.921991,0.402620,1.925748,1.960408,0.422443,0.325349,0.309947,0.371598,1.080925,1.639441,0.899240,1.953286,0.320651,0.433376,0.421788,0.411023,0.333148,0.235123,0.714024,0.342457,0.403031
1.893224,1.420801,0.676118,0.171273,0.334720,0.167978,0.165531,1.208132,0.873506,1.932551,0.262443,1.029511,0.855405,1.782601,0.203103,0.550660,1.126993,1.972913,0.235042,0.163513,0.088600,0.340260,0.000000,0.800286,0.145121,1.965447,0.429077,0.487670,1.934299,0.296008,1.418887,0.203103,0.166248,1.883544,0.173232,0.620296,0.994451,1.891102,0.277203,0.294009,0.538565,1.476011,0.349522,0.123320,0.166628,0.971328,0.474864,0.419303,0.260615,1.795302,1.589007,0.296008,0.474864,1.913067,0.304839,0.270357,1.894607,0.600572,0.266724,0.881917,0.192199,1.971879,0.587282,1.526963,0.221838,0.268567,0.189684,0.820780,1.883403,0.092059,0.429077,0.210240,0.276823,0.152578,0.982994,1.005491,1.859617,0.154419,0.230456,1.961444,0.346755,1.916547,1.988797,0.355531,0.141268,0.130571,0.126605,0.919390,1.651694,0.736289,1.963534,0.325921,0.170169,0.160078,0.152578,0.164972,0.234561,0.561160,0.074696,0.124918
1.919976,1.710823,1.199889,0.751069,0.569580,0.764725,0.779106,1.628298,1.375484,1.720624,0.844660,1.256687,1.071325,1.547104,0.784258,1.114681,1.396740,1.840319,0.645102,0.846653,0.851469,0.693453,0.800286,0.000000,0.731120,1.906530,1.040726,1.027509,1.879657,0.932458,0.925110,0.784258,0.736778,1.576692,0.858023,1.138282,1.493873,1.895136,0.689040,0.658918,1.120126,1.784148,0.583570,0.830627,0.846569,1.409599,1.090609,1.014586,0.857325,1.753080,1.711837,0.932458,1.090609,1.947951,0.774591,0.739588,1.830819,1.215111,0.736554,1.385258,0.868705,1.817561,1.164669,1.664724,0.770982,0.842696,0.679928,1.346084,1.823424,0.760011,1.040726,0.798669,0.798368,0.865861,1.451893,1.415450,1.920186,0.821917,0.731809,1.785628,0.725858,1.915771,1.812602,0.613023,0.730622,0.712092,0.814454,1.404962,1.473309,1.268772,1.844834,0.598704,0.903131,0.877770,0.865861,0.710611,0.762963,1.032623,0.774220,0.876301
1.902923,1.438744,0.679133,0.175328,0.280444,0.192694,0.177912,1.237376,0.911058,1.921633,0.285305,1.058727,0.807789,1.758130,0.190399,0.567231,1.165922,1.974027,0.227480,0.155400,0.174042,0.337049,0.145121,0.731120,0.000000,1.973066,0.437992,0.497255,1.946706,0.301277,1.366896,0.190399,0.126913,1.859000,0.172446,0.631597,1.019444,1.903554,0.267283,0.282414,0.545896,1.503605,0.298624,0.127488,0.197086,0.989980,0.490906,0.427096,0.294019,1.781085,1.599191,0.301277,0.490906,1.935616,0.297761,0.286547,1.886126,0.626340,0.294146,0.898494,0.244814,1.972222,0.625720,1.526813,0.215951,0.292876,0.169293,0.832666,1.880207,0.111448,0.437992,0.222345,0.286649,0.161441,0.998779,1.023600,1.881148,0.177581,0.239558,1.957174,0.331973,1.926071,1.987353,0.312135,0.078252,0.113270,0.112656,0.945983,1.614047,0.750040,1.962036,0.269942,0.210383,0.179197,0.161441,0.161499,0.224572,0.531678,0.117681,0.191243
0.466520,1.274759,1.800976,1.970776,1.979281,1.968818,1.966453,1.433428,1.682323,0.614104,1.960839,1.680571,1.779045,0.987289,1.965570,1.839272,1.596407,0.438164,1.979432,1.955267,1.955955,1.957118,1.965447,1.906530,1.973066,0.000000,1.893552,1.867286,0.441173,1.934231,1.544708,1.965570,1.972414,0.812113,1.953094,1.833310,1.608434,0.518627,1.977376,1.980593,1.858119,1.188775,1.975734,1.960470,1.958859,1.626571,1.872070,1.891866,1.954649,0.822339,1.104701,1.934231,1.872070,0.421779,1.969322,1.965075,0.585533,1.824843,1.970376,1.679019,1.953046,0.453780,1.820908,1.183867,1.965716,1.957107,1.982349,1.723451,0.564603,1.971874,1.893552,1.959368,1.965923,1.954317,1.621546,1.606057,0.579269,1.959255,1.975276,0.485607,1.963467,0.431795,0.394034,1.965802,1.974016,1.976823,1.960487,1.683288,1.183960,1.763224,0.436986,1.977645,1.945758,1.952009,1.954317,1.979976,1.963953,1.868209,1.969597,1.952877
1.770737,1.189853,0.294222,0.446908,0.609610,0.442763,0.412186,0.937171,0.640643,1.921675,0.425020,1.098488,0.649882,1.777799,0.380499,0.290930,1.144461,1.930349,0.586402,0.333106,0.355217,0.614223,0.429077,1.040726,0.437992,1.893552,0.000000,0.311132,1.894632,0.174218,1.541444,0.380499,0.429370,1.890657,0.322960,0.452170,0.667989,1.779549,0.548803,0.588104,0.128986,1.262734,0.620727,0.352311,0.340498,0.670310,0.098687,0.166744,0.393623,1.685197,1.434664,0.174218,0.098687,1.826384,0.527373,0.582340,1.780171,0.284463,0.595801,0.585666,0.391625,1.944761,0.390159,1.316847,0.417238,0.410917,0.541731,0.451672,1.776008,0.451856,0.000000,0.422730,0.485089,0.321608,0.648189,0.745409,1.786405,0.351941,0.517584,1.949956,0.557011,1.808892,1.964325,0.600831,0.452257,0.490376,0.368350,0.678889,1.562656,0.368949,1.907760,0.626108,0.305205,0.316217,0.321608,0.509396,0.452383,0.298964,0.440996,0.349042
1.738759,1.181074,0.401233,0.516087,0.639491,0.509277,0.489931,0.869985,0.575356,1.857571,0.555162,1.106171,0.717507,1.685483,0.466195,0.124517,1.175066,1.905133,0.627517,0.417984,0.420926,0.647344,0.487670,1.027509,0.497255,1.867286,0.311132,0.000000,1.862152,0.364434,1.507010,0.466195,0.490865,1.814682,0.408182,0.494220,0.677637,1.745529,0.631123,0.665679,0.360390,1.267540,0.664695,0.447318,0.465880,0.588463,0.275255,0.290867,0.517410,1.622016,1.467481,0.364434,0.275255,1.810609,0.638895,0.599920,1.743812,0.417147,0.665320,0.610754,0.505174,1.914782,0.390282,1.259902,0.521179,0.532084,0.590706,0.521426,1.710286,0.518001,0.311132,0.515643,0.593157,0.427176,0.641706,0.636206,1.786961,0.436662,0.606158,1.906202,0.647137,1.790392,1.930141,0.639883,0.494584,0.546066,0.437206,0.759419,1.493911,0.416300,1.878753,0.687594,0.412803,0.430190,0.427176,0.562506,0.552180,0.349252,0.508166,0.450850
0.606178,1.311604,1.824477,1.937801,1.951019,1.939067,1.935509,1.439871,1.669617,0.643883,1.930999,1.565589,1.837317,0.992871,1.942516,1.838300,1.488731,0.431645,1.931183,1.928551,1.929476,1.926280,1.934299,1.879657,1.946706,0.441173,1.894632,1.862152,0.000000,1.922558,1.572243,1.942516,1.951579,0.835416,1.926217,1.821034,1.622881,0.601132,1.950975,1.950343,1.867941,1.228937,1.953314,1.936644,1.932507,1.663357,1.872822,1.891888,1.935577,0.854788,1.191233,1.922558,1.872822,0.412735,1.925931,1.926731,0.692505,1.818947,1.915306,1.714354,1.920821,0.509389,1.808622,1.300669,1.949299,1.936138,1.945911,1.744874,0.648274,1.941998,1.894632,1.937529,1.924705,1.929166,1.645155,1.638663,0.574915,1.932641,1.939839,0.521511,1.944030,0.561347,0.473510,1.950961,1.943697,1.947442,1.933080,1.677946,1.329639,1.779596,0.527677,1.955594,1.921326,1.928711,1.929166,1.943500,1.945014,1.889269,1.939293,1.926392
1.830441,1.290217,0.438979,0.315578,0.481862,0.318233,0.281857,1.057458,0.737456,1.936411,0.307096,1.056063,0.707169,1.783669,0.257113,0.391685,1.125070,1.956880,0.445186,0.216387,0.232217,0.497151,0.296008,0.932458,0.301277,1.934231,0.174218,0.364434,1.922558,0.000000,1.482596,0.257113,0.292673,1.895986,0.210982,0.497279,0.804967,1.833975,0.421157,0.454530,0.280643,1.355656,0.498626,0.219928,0.185096,0.799114,0.251176,0.209955,0.298863,1.729614,1.494074,0.000000,0.251176,1.872781,0.395912,0.454998,1.830518,0.397597,0.459373,0.699892,0.270240,1.961406,0.448313,1.407289,0.303672,0.322967,0.396731,0.602364,1.824527,0.310886,0.174218,0.303002,0.357365,0.200081,0.788163,0.861264,1.828870,0.226246,0.382431,1.966132,0.453978,1.859550,1.984016,0.475939,0.314372,0.347423,0.242619,0.761165,1.594828,0.516875,1.935938,0.485882,0.197137,0.197201,0.200081,0.366314,0.336491,0.369843,0.301992,0.227731
1.628131,1.813472,1.597680,1.380036,1.235874,1.386171,1.398653,1.775275,1.705240,1.286054,1.444437,1.539563,1.371212,1.104964,1.396774,1.565266,1.631752,1.488405,1.325255,1.452873,1.451454,1.330024,1.418887,0.925110,1.366896,1.544708,1.541444,1.507010,1.572243,1.482596,0.000000,1.396774,1.360041,1.078865,1.460738,1.568172,1.752187,1.639200,1.314295,1.298776,1.579933,1.819704,1.230158,1.432535,1.445424,1.679868,1.569950,1.522578,1.438228,1.441594,1.618796,1.482596,1.569950,1.689956,1.394914,1.390744,1.492196,1.637984,1.366652,1.638859,1.463081,1.412431,1.569813,1.627508,1.388847,1.442484,1.341657,1.675372,1.502613,1.385735,1.541444,1.417278,1.412033,1.460733,1.707779,1.642358,1.724506,1.425942,1.364202,1.385350,1.358453,1.560828,1.387244,1.247539,1.371251,1.353748,1.433581,1.682807,1.186848,1.643377,1.458659,1.261374,1.487094,1.466325,1.460733,1.363647,1.385324,1.476143,1.394382,1.471682
1.884160,1.395718,0.614677,0.137874,0.266308,0.134644,0.151206,1.193509,0.868777,1.935912,0.276778,1.056290,0.749599,1.782525,0.000000,0.524732,1.145740,1.971173,0.299617,0.192323,0.192240,0.408927,0.203103,0.784258,0.190399,1.965570,0.380499,0.466195,1.942516,0.257113,1.396774,0.000000,0.195353,1.873325,0.198825,0.587773,0.955836,1.884529,0.231454,0.260149,0.484190,1.455678,0.299804,0.176209,0.190006,0.937951,0.434736,0.379903,0.223530,1.766041,1.557054,0.257113,0.434736,1.920186,0.346980,0.352383,1.865653,0.561353,0.355224,0.847315,0.237968,1.971570,0.564914,1.498495,0.218866,0.247600,0.254201,0.765073,1.871558,0.197951,0.380499,0.252106,0.318125,0.191457,0.935529,0.981524,1.870645,0.154643,0.256547,1.966860,0.344077,1.908004,1.988150,0.350127,0.207581,0.213984,0.187947,0.879874,1.608651,0.686476,1.954298,0.351141,0.218049,0.197128,0.191457,0.229579,0.264460,0.480034,0.196120,0.206771
1.897655,1.433053,0.660921,0.200471,0.284853,0.210486,0.196922,1.226368,0.894143,1.921447,0.277533,1.084734,0.776923,1.753018,0.195353,0.562653,1.190958,1.972798,0.266404,0.208670,0.181878,0.339039,0.166248,0.736778,0.126913,1.972414,0.429370,0.490865,1.951579,0.292673,1.360041,0.195353,0.000000,1.855595,0.220750,0.621479,1.005921,1.900742,0.274052,0.292029,0.534716,1.495951,0.302821,0.160647,0.204827,0.969943,0.486076,0.414894,0.273638,1.775081,1.592346,0.292673,0.486076,1.937585,0.321014,0.319397,1.879253,0.614673,0.328429,0.879018,0.268100,1.969399,0.616443,1.507653,0.197912,0.278662,0.189759,0.819317,1.875020,0.139414,0.429370,0.223598,0.305863,0.201375,0.981579,1.003332,1.888336,0.183001,0.256766,1.959928,0.321349,1.924356,1.986825,0.325762,0.125603,0.133725,0.175614,0.942308,1.586999,0.734130,1.958685,0.250743,0.237862,0.210241,0.201375,0.181068,0.216159,0.509388,0.149112,0.217100
0.978170,1.532872,1.837836,1.867414,1.800551,1.869002,1.876214,1.623733,1.764543,0.444699,1.894063,1.656995,1.690192,0.557447,1.873325,1.827037,1.668925,0.743300,1.839108,1.889211,1.890699,1.837321,1.883544,1.576692,1.859000,0.812113,1.890657,1.814682,0.835416,1.895986,1.078865,1.873325,1.855595,0.000000,1.890779,1.816415,1.765180,0.991586,1.852053,1.848778,1.885461,1.535514,1.809552,1.889767,1.900484,1.717206,1.882934,1.877493,1.893509,0.802170,1.410751,1.895986,1.882934,1.023197,1.867824,1.855079,0.787934,1.885971,1.864699,1.775534,1.908617,0.672293,1.861130,1.337986,1.876494,1.896674,1.852021,1.819634,0.766428,1.874662,1.890657,1.887142,1.872413,1.896290,1.736761,1.662698,1.132864,1.884570,1.868512,0.573873,1.862068,0.947433,0.594971,1.808438,1.857143,1.861384,1.882710,1.825131,0.948719,1.822718,0.710210,1.826902,1.905555,1.900884,1.896290,1.860377,1.877481,1.823395,1.876763,1.906593
1.860731,1.351487,0.562798,0.218772,0.401933,0.224936,0.194251,1.129474,0.789023,1.935326,0.283420,1.041165,0.778721,1.787598,0.198825,0.457171,1.122068,1.965798,0.329372,0.021202,0.131932,0.417112,0.173232,0.858023,0.172446,1.953094,0.322960,0.408182,1.926217,0.210982,1.460738,0.198825,0.220750,1.890779,0.000000,0.532287,0.898771,1.863113,0.351365,0.378941,0.425298,1.408417,0.414148,0.100124,0.166232,0.885062,0.368037,0.309009,0.272154,1.762519,1.541314,0.210982,0.368037,1.895910,0.341155,0.342021,1.863113,0.500945,0.355715,0.792148,0.197467,1.973853,0.505588,1.469265,0.247985,0.269008,0.281590,0.712895,1.856761,0.187580,0.322960,0.241916,0.308335,0.074969,0.882894,0.923587,1.840136,0.148014,0.303588,1.962674,0.384568,1.890660,1.989591,0.403542,0.186351,0.228179,0.076015,0.829792,1.631966,0.626406,1.955820,0.404326,0.096825,0.090042,0.074969,0.249118,0.272546,0.460192,0.178717,0.118796
1.699835,1.137302,0.433404,0.639012,0.761781,0.620265,0.629135,0.867450,0.526981,1.848657,0.641808,1.041652,0.649071,1.705534,0.587773,0.463933,1.063429,1.869067,0.764016,0.541265,0.574813,0.803170,0.620296,1.138282,0.631597,1.833310,0.452170,0.494220,1.821034,0.497279,1.568172,0.587773,0.621479,1.816415,0.532287,0.000000,0.663192,1.730560,0.719047,0.753014,0.438839,1.139210,0.783331,0.579135,0.584551,0.688542,0.439202,0.455238,0.597028,1.548556,1.409319,0.497279,0.439202,1.756323,0.713215,0.729306,1.676813,0.468700,0.765115,0.542575,0.618974,1.883178,0.485863,1.270760,0.634395,0.604282,0.696673,0.522880,1.688484,0.642593,0.452170,0.641956,0.660490,0.554677,0.610646,0.659547,1.722243,0.582867,0.697164,1.879131,0.722307,1.737629,1.901089,0.731398,0.629990,0.671853,0.571112,0.635233,1.529651,0.441875,1.826320,0.788549,0.546158,0.555448,0.554677,0.665979,0.674411,0.505715,0.634379,0.580370
1.404650,0.746238,0.472787,1.010818,1.156359,1.000585,0.982534,0.373643,0.441070,1.735416,0.966487,1.237585,0.813194,1.650252,0.955836,0.569562,1.191377,1.694407,1.142267,0.910642,0.925264,1.140880,0.994451,1.493873,1.019444,1.608434,0.667989,0.677637,1.622881,0.804967,1.752187,0.955836,1.005921,1.765180,0.898771,0.663192,0.000000,1.442125,1.099850,1.137518,0.584132,0.808214,1.162500,0.937425,0.936376,0.369582,0.601628,0.696679,0.932209,1.377340,1.168544,0.804967,0.601628,1.499711,1.066813,1.113864,1.454102,0.468559,1.132278,0.423565,0.948340,1.734558,0.617329,0.946046,0.990622,0.948215,1.105738,0.266430,1.462043,1.025593,0.667989,0.986802,1.023346,0.901924,0.166803,0.458025,1.479870,0.930456,1.071394,1.749558,1.085464,1.471198,1.755089,1.158752,1.026957,1.064488,0.945520,0.590852,1.434984,0.367409,1.653373,1.186859,0.874509,0.895254,0.901924,1.073756,1.019007,0.665530,1.013163,0.918458
0.325749,1.098322,1.666186,1.890332,1.927069,1.888981,1.879628,1.254671,1.519750,0.809562,1.874949,1.655912,1.701402,1.083250,1.884529,1.710505,1.568714,0.619420,1.910164,1.867779,1.870950,1.903250,1.891102,1.895136,1.903554,0.518627,1.779549,1.745529,0.601132,1.833975,1.639200,1.884529,1.900742,0.991586,1.863113,1.730560,1.442125,0.000000,1.913516,1.921920,1.735916,1.051832,1.923802,1.876998,1.872922,1.457015,1.752905,1.766890,1.866132,0.823180,0.831354,1.833975,1.752905,0.501617,1.890828,1.894013,0.596500,1.694449,1.899516,1.537406,1.861276,0.687489,1.698993,1.039401,1.890250,1.867109,1.926201,1.581464,0.662556,1.901452,1.779549,1.888219,1.882482,1.866652,1.462277,1.442175,0.643837,1.869294,1.905206,0.729821,1.895516,0.500784,0.685351,1.921496,1.905122,1.912425,1.877808,1.551060,1.234754,1.617307,0.657309,1.933408,1.852362,1.862920,1.866652,1.918178,1.899487,1.751664,1.897223,1.865013
1.916942,1.492399,0.776006,0.197607,0.201276,0.165596,0.254390,1.320868,1.015738,1.925032,0.295582,1.056829,0.839239,1.773902,0.231454,0.694443,1.159076,1.970594,0.271560,0.340662,0.314163,0.422412,0.277203,0.689040,0.267283,1.977376,0.548803,0.631123,1.950975,0.421157,1.314295,0.231454,0.274052,1.852053,0.351365,0.719047,1.099850,1.913516,0.000000,0.075685,0.648830,1.538868,0.255471,0.303441,0.322511,1.090524,0.603830,0.552611,0.258287,1.799786,1.593204,0.421157,0.603830,1.938608,0.340435,0.351728,1.893449,0.716592,0.329127,0.975785,0.351962,1.959623,0.730161,1.579946,0.300768,0.298037,0.247442,0.918473,1.906677,0.253196,0.548803,0.348747,0.321479,0.332924,1.084026,1.122686,1.890651,0.295922,0.194348,1.954130,0.312250,1.932782,1.974884,0.318101,0.279013,0.238536,0.316457,0.999293,1.622895,0.849888,1.954703,0.306026,0.364095,0.338461,0.332924,0.251228,0.337728,0.644039,0.261901,0.329320
1.928691,1.519299,0.817004,0.221203,0.184584,0.201647,0.278518,1.353504,1.047885,1.921711,0.318350,1.054057,0.871228,1.772245,0.260149,0.731897,1.160226,1.968223,0.256776,0.367217,0.339912,0.411303,0.294009,0.658918,0.282414,1.980593,0.588104,0.665679,1.950343,0.454530,1.298776,0.260149,0.292029,1.848778,0.378941,0.753014,1.137518,1.921920,0.075685,0.000000,0.687830,1.563779,0.251203,0.329820,0.341670,1.125630,0.643732,0.588679,0.307745,1.815366,1.615391,0.454530,0.643732,1.942785,0.340377,0.341859,1.905722,0.757298,0.316972,1.017217,0.370097,1.956565,0.759519,1.601844,0.324211,0.333092,0.236841,0.959740,1.914369,0.267534,0.588104,0.362181,0.328850,0.361831,1.122424,1.158479,1.894738,0.324331,0.189178,1.950849,0.319189,1.939566,1.971465,0.310690,0.288741,0.245106,0.338912,1.027329,1.631182,0.889702,1.954608,0.287205,0.392945,0.367863,0.361831,0.247516,0.349436,0.682890,0.277548,0.354151
1.721607,1.127024,0.190503,0.554822,0.710451,0.549132,0.520884,0.862803,0.594334,1.909362,0.519142,1.131825,0.613761,1.776884,0.484190,0.308872,1.155956,1.903099,0.693169,0.436223,0.465862,0.715807,0.538565,1.120126,0.545896,1.858119,0.128986,0.360390,1.867941,0.280643,1.579933,0.484190,0.534716,1.885461,0.425298,0.438839,0.584132,1.735916,0.648830,0.687830,0.000000,1.192230,0.719535,0.459206,0.446254,0.601960,0.141490,0.209880,0.488299,1.643862,1.377383,0.280643,0.141490,1.787351,0.619562,0.685587,1.733837,0.243294,0.696093,0.511695,0.488740,1.924302,0.383689,1.253515,0.517280,0.503400,0.648629,0.361266,1.739724,0.560195,0.128986,0.525095,0.577175,0.427357,0.558432,0.685779,1.751030,0.461635,0.618265,1.933701,0.647996,1.764845,1.944101,0.693917,0.560746,0.598812,0.474804,0.619697,1.539571,0.275172,1.876962,0.727260,0.406702,0.419380,0.427357,0.615254,0.553291,0.300434,0.548879,0.452962
0.990292,0.791191,1.102255,1.483451,1.593903,1.473033,1.466511,0.706137,0.901918,1.439727,1.467529,1.332293,1.267024,1.506683,1.455678,1.192836,1.206961,1.302850,1.580519,1.416793,1.432904,1.585108,1.476011,1.784148,1.503605,1.188775,1.262734,1.267540,1.228937,1.355656,1.819704,1.455678,1.495951,1.535514,1.408417,1.139210,0.808214,1.051832,1.538868,1.563779,1.192230,0.000000,1.589118,1.440273,1.436837,0.939456,1.219338,1.270905,1.431724,1.079334,0.994527,1.355656,1.219338,1.058457,1.531981,1.539336,1.073648,1.129485,1.561454,0.931553,1.432342,1.354457,1.161900,0.973714,1.489883,1.444497,1.548251,0.970228,1.141327,1.495417,1.262734,1.484361,1.500736,1.414932,0.843849,0.903378,1.065231,1.433579,1.530819,1.398994,1.536347,1.056433,1.371246,1.561790,1.504783,1.524459,1.443523,0.834474,1.311581,1.031934,1.252218,1.598434,1.391024,1.407942,1.414932,1.528947,1.511900,1.260325,1.486366,1.418655
1.927992,1.538947,0.833809,0.277501,0.193712,0.291587,0.299803,1.373073,1.061939,1.900161,0.442538,1.134408,0.837173,1.738312,0.299804,0.739416,1.246167,1.966187,0.295521,0.401374,0.398061,0.396674,0.349522,0.583570,0.298624,1.975734,0.620727,0.664695,1.953314,0.498626,1.230158,0.299804,0.302821,1.809552,0.414148,0.783331,1.162500,1.923802,0.255471,0.251203,0.719535,1.589118,0.000000,0.370192,0.397410,1.119718,0.673097,0.612193,0.408024,1.791367,1.615927,0.498626,0.673097,1.965279,0.423777,0.406312,1.884738,0.800788,0.376267,1.031802,0.414079,1.955008,0.769261,1.603614,0.328914,0.407850,0.283501,0.979096,1.903670,0.309264,0.620727,0.363546,0.431807,0.407125,1.134636,1.139260,1.910698,0.341776,0.345504,1.937627,0.378373,1.940410,1.961113,0.324154,0.314376,0.277363,0.371783,1.072480,1.595609,0.908083,1.951896,0.272586,0.443819,0.415321,0.407125,0.307045,0.339041,0.651894,0.321144,0.414869
1.875034,1.385418,0.599692,0.183275,0.362646,0.193606,0.160126,1.169592,0.839370,1.938990,0.254393,1.056862,0.788353,1.789089,0.176209,0.501597,1.144478,1.972023,0.291675,0.088260,0.097175,0.384459,0.123320,0.830627,0.127488,1.960470,0.352311,0.447318,1.936644,0.219928,1.432535,0.176209,0.160647,1.889767,0.100124,0.579135,0.937425,1.876998,0.303441,0.329820,0.459206,1.440273,0.370192,0.000000,0.132695,0.920854,0.405022,0.343515,0.252110,1.776124,1.552111,0.219928,0.405022,1.910246,0.313538,0.326970,1.874587,0.531855,0.321663,0.820550,0.179675,1.975713,0.543327,1.492939,0.212613,0.263735,0.242333,0.750250,1.871047,0.120425,0.352311,0.212856,0.286998,0.058709,0.923119,0.965479,1.854485,0.123273,0.261633,1.967047,0.365519,1.903115,1.992720,0.376893,0.151507,0.166835,0.075698,0.863852,1.629721,0.668654,1.961235,0.350232,0.093165,0.060750,0.058709,0.215664,0.234223,0.478350,0.111449,0.080014
