0.000000,0.999399,1.635981,1.869014,1.891396,1.863514,1.861710,1.181541,1.454000,0.838951,1.857465,1.595573,1.692141,1.111559,1.849307,1.677878,1.481146,0.611317,1.896889,1.843978,1.854563,1.890782,1.875944,1.895747,1.885223,0.556169,1.747874,1.710735,0.621959,1.813306,1.594582,1.849307,1.871640,0.962312,1.839287,1.658380,1.401402,0.352442,1.895051,1.907083,1.709828,1.132346,1.911529,1.858962,1.863168,1.417868,1.716020,1.752449,1.843597,0.603916,0.920973,1.813306,1.716020,0.539603,1.887779,1.914601,0.423501,1.658976,1.892047,1.492599,1.853282,0.666155,1.659669,0.950122,1.845091,1.846146,1.910884,1.537905,0.665821,1.887196,1.747874,1.851753,1.871357,1.845267,1.437787,1.337433,0.716046,1.847741,1.893534,0.737647,1.890907,0.524464,0.690582,1.860529,1.886454,1.899584,1.856515,1.536283,1.245272,1.592345,0.580421,1.910416,1.832350,1.842100,1.845267,1.905595,1.863635,1.739659,1.881929,1.850701
0.999399,0.000000,1.128198,1.416185,1.527398,1.409338,1.395479,0.592176,0.876467,1.456354,1.409673,1.237227,1.380037,1.463969,1.400696,1.137817,1.155303,1.309410,1.463703,1.362879,1.373314,1.500968,1.415212,1.715711,1.447526,1.206490,1.230961,1.200850,1.177664,1.321866,1.850503,1.400696,1.432783,1.510051,1.354432,1.185233,0.764828,0.973925,1.484246,1.508013,1.189835,0.930924,1.545525,1.388667,1.404684,0.914265,1.178223,1.265992,1.371758,1.046895,1.075880,1.321866,1.178223,1.043895,1.466347,1.534124,1.126556,1.064765,1.450360,1.017461,1.390453,1.384632,1.096554,0.792911,1.389692,1.370573,1.498731,0.964542,1.049727,1.443751,1.230961,1.393458,1.424216,1.355106,0.856248,0.876081,1.123148,1.362254,1.457428,1.419388,1.472389,1.180645,1.393884,1.470486,1.455564,1.478129,1.386816,1.046028,1.449359,1.044025,1.284219,1.526600,1.332312,1.350712,1.355106,1.484007,1.428306,1.262217,1.429133,1.363112
1.635981,1.128198,0.000000,0.644594,0.775906,0.639671,0.611399,0.819205,0.620378,1.841106,0.671018,1.308829,0.505547,1.648101,0.577160,0.320916,1.363130,1.855016,0.764337,0.572912,0.571898,0.751179,0.628008,1.126609,0.648150,1.783746,0.272924,0.386066,1.819416,0.416322,1.622450,0.577160,0.584354,1.799768,0.567361,0.491595,0.519858,1.584058,0.730000,0.771491,0.185256,1.050496,0.773403,0.569115,0.570155,0.452860,0.253098,0.272704,0.604911,1.567982,1.245986,0.416322,0.253098,1.763626,0.781936,0.850528,1.666253,0.399118,0.760948,0.513727,0.601245,1.880296,0.354337,1.136850,0.558967,0.607207,0.753858,0.288401,1.654404,0.641034,0.272924,0.604462,0.716851,0.555082,0.388851,0.601081,1.719902,0.561556,0.730924,1.874142,0.750652,1.746723,1.897746,0.731550,0.677032,0.678631,0.598096,0.702707,1.351937,0.125780,1.827772,0.725264,0.536964,0.543773,0.555082,0.727074,0.616601,0.355685,0.625410,0.573604
1.869014,1.416185,0.644594,0.000000,0.279631,0.077880,0.088181,1.192474,0.903401,1.897880,0.333450,1.084566,0.781990,1.675381,0.139264,0.518845,1.220069,1.958692,0.234878,0.225345,0.188776,0.298733,0.190945,0.698976,0.191464,1.946155,0.415757,0.459065,1.940808,0.283560,1.466571,0.139264,0.274232,1.852469,0.231545,0.696565,0.962496,1.818704,0.183456,0.204333,0.502235,1.381862,0.303009,0.198330,0.188086,0.906255,0.469230,0.420074,0.280975,1.792101,1.521578,0.283560,0.469230,1.910652,0.355102,0.306418,1.900470,0.587363,0.298830,0.954818,0.235596,1.980460,0.582262,1.492507,0.236471,0.293601,0.250832,0.800768,1.813087,0.196394,0.415757,0.240487,0.336349,0.219953,0.923804,1.023178,1.856728,0.157810,0.246450,1.951561,0.350261,1.919544,1.983124,0.285301,0.212129,0.209976,0.201347,0.875764,1.511374,0.693384,1.960969,0.353325,0.238763,0.228328,0.219953,0.225399,0.251589,0.439702,0.198081,0.215166
1.891396,1.527398,0.775906,0.279631,0.000000,0.297776,0.334064,1.322025,1.056697,1.834074,0.512609,1.158993,0.773480,1.578117,0.261216,0.668976,1.321184,1.941159,0.362006,0.441288,0.408725,0.323326,0.385663,0.527828,0.331826,1.955545,0.590293,0.582749,1.953837,0.465051,1.301341,0.261216,0.376660,1.763794,0.451714,0.853305,1.125220,1.849450,0.252078,0.215909,0.661328,1.478525,0.245743,0.408790,0.384389,1.027002,0.653920,0.565017,0.485195,1.785762,1.570516,0.465051,0.653920,1.951102,0.495523,0.360137,1.898484,0.790017,0.456357,1.095334,0.446453,1.952946,0.746128,1.543898,0.399094,0.498060,0.315428,0.962136,1.798695,0.361323,0.590293,0.403972,0.505978,0.446965,1.060808,1.123451,1.905678,0.393487,0.388965,1.909330,0.462610,1.933758,1.948719,0.344435,0.330850,0.328094,0.406010,1.026767,1.442675,0.839079,1.951027,0.384135,0.477224,0.457991,0.446965,0.312005,0.380562,0.548582,0.374285,0.449518
1.863514,1.409338,0.639671,0.077880,0.297776,0.000000,0.135128,1.185321,0.903193,1.899976,0.313200,1.094610,0.782107,1.682838,0.166482,0.511277,1.225973,1.956420,0.237303,0.236679,0.194387,0.308513,0.193944,0.720023,0.213088,1.942127,0.414521,0.452553,1.938793,0.286004,1.474799,0.166482,0.290474,1.855246,0.241615,0.699782,0.956616,1.815910,0.161716,0.198450,0.499259,1.377746,0.331080,0.213158,0.198324,0.901540,0.466078,0.417262,0.262638,1.795698,1.521049,0.286004,0.466078,1.906096,0.350295,0.316402,1.900143,0.589158,0.290607,0.950391,0.240205,1.978908,0.584043,1.480051,0.240162,0.295662,0.263655,0.795799,1.814226,0.207785,0.414521,0.244131,0.317619,0.234081,0.916020,1.017731,1.855689,0.181191,0.225834,1.952353,0.362579,1.917985,1.980678,0.301615,0.230668,0.222393,0.213515,0.874016,1.513545,0.686057,1.959465,0.364748,0.245559,0.240561,0.234081,0.243683,0.261142,0.453298,0.209859,0.222248
1.861710,1.395479,0.611399,0.088181,0.334064,0.135128,0.000000,1.169487,0.877751,1.906189,0.333534,1.087038,0.765261,1.688962,0.155371,0.497152,1.215204,1.960450,0.248081,0.199341,0.164182,0.320717,0.176838,0.734517,0.192762,1.940430,0.379237,0.448410,1.935515,0.249329,1.491196,0.155371,0.259211,1.862736,0.204545,0.662643,0.927572,1.808287,0.239044,0.262857,0.466071,1.352532,0.321589,0.168538,0.155344,0.879454,0.430824,0.390221,0.267763,1.785314,1.501979,0.249329,0.430824,1.902514,0.365498,0.334967,1.893514,0.546452,0.300965,0.918484,0.195139,1.982381,0.545534,1.481271,0.222001,0.269902,0.271005,0.760547,1.810553,0.185293,0.379237,0.232435,0.339014,0.185122,0.891287,1.002942,1.844802,0.108681,0.269525,1.955386,0.352965,1.912649,1.986312,0.301709,0.220475,0.212805,0.183781,0.847541,1.512679,0.659421,1.959195,0.356784,0.200603,0.190219,0.185122,0.242111,0.244807,0.412679,0.180878,0.180613
1.181541,0.592176,0.819205,1.192474,1.322025,1.185321,1.169487,0.000000,0.462119,1.554884,1.192128,1.212122,1.138540,1.459561,1.162560,0.814035,1.173595,1.513059,1.254907,1.106599,1.136839,1.275008,1.185278,1.556170,1.209349,1.408336,0.952205,0.888005,1.422869,1.063896,1.834608,1.162560,1.187799,1.590974,1.096479,0.830972,0.400552,1.153070,1.293016,1.321229,0.904205,0.756939,1.350153,1.147574,1.174704,0.537072,0.886354,0.971653,1.158094,1.142209,1.090919,1.063896,0.886354,1.301952,1.252769,1.342284,1.269842,0.759365,1.243070,0.669429,1.172595,1.571579,0.784572,0.735221,1.136859,1.146274,1.279068,0.653754,1.259591,1.212565,0.952205,1.153930,1.205734,1.110291,0.508646,0.423442,1.305279,1.122182,1.253569,1.566337,1.262489,1.355620,1.597132,1.241454,1.214866,1.249281,1.135241,0.785599,1.344626,0.719754,1.464331,1.301674,1.088398,1.109230,1.110291,1.263426,1.186604,0.990780,1.198222,1.132420
1.454000,0.876467,0.620378,0.903401,1.056697,0.903193,0.877751,0.462119,0.000000,1.713275,0.922538,1.123371,0.984413,1.555203,0.875348,0.554296,1.140891,1.717141,0.958696,0.791188,0.833867,0.968155,0.883384,1.333814,0.901788,1.621454,0.691816,0.618732,1.644691,0.786881,1.770993,0.875348,0.884439,1.713829,0.781838,0.498070,0.405940,1.399758,1.025780,1.054361,0.663568,0.838790,1.086966,0.840444,0.891640,0.469388,0.630796,0.704048,0.883519,1.356927,1.201982,0.786881,0.630796,1.542941,0.964629,1.065842,1.499865,0.514890,0.948135,0.495804,0.889243,1.759573,0.520117,0.948477,0.827591,0.856397,0.983263,0.528873,1.465331,0.911104,0.691816,0.837992,0.921657,0.799865,0.478853,0.396060,1.517612,0.828541,0.977361,1.745822,0.971941,1.579955,1.785315,0.951378,0.905884,0.949985,0.820848,0.591304,1.361758,0.542581,1.670654,1.004687,0.779494,0.800086,0.799865,0.966174,0.875268,0.747879,0.895650,0.827970
0.838951,1.456354,1.841106,1.897880,1.834074,1.899976,1.906189,1.554884,1.713275,0.000000,1.926219,1.558831,1.780250,0.584430,1.884367,1.840860,1.528789,0.633810,1.897903,1.911339,1.916512,1.870046,1.915299,1.696216,1.897896,0.695936,1.893869,1.834319,0.755827,1.908160,1.179406,1.884367,1.894621,0.471284,1.911918,1.842527,1.741081,0.942122,1.896310,1.884442,1.879952,1.477671,1.872445,1.917070,1.916525,1.718870,1.888288,1.878462,1.926170,0.817577,1.378551,1.908160,1.888288,0.851008,1.909822,1.892975,0.735983,1.873562,1.916119,1.746147,1.920504,0.582243,1.826171,1.311437,1.906375,1.922383,1.885770,1.819718,0.806874,1.910769,1.893869,1.903694,1.922512,1.916913,1.743858,1.629353,0.850548,1.912179,1.911680,0.289533,1.903035,0.663792,0.533805,1.853757,1.889970,1.901771,1.906654,1.765568,1.183025,1.825896,0.628869,1.879908,1.921856,1.922004,1.916913,1.893167,1.901067,1.870422,1.914342,1.926297
1.857465,1.409673,0.671018,0.333450,0.512609,0.313200,0.333534,1.192128,0.922538,1.926219,0.000000,1.108308,0.844166,1.740270,0.395351,0.569540,1.211130,1.958290,0.327597,0.294530,0.279645,0.382178,0.281616,0.816292,0.318876,1.930694,0.450341,0.546278,1.935962,0.350333,1.541552,0.395351,0.368382,1.898346,0.294423,0.690088,0.943152,1.824440,0.335607,0.378029,0.526021,1.328212,0.504884,0.283084,0.298538,0.944341,0.486330,0.487669,0.216345,1.813912,1.535994,0.350333,0.486330,1.878004,0.209283,0.397192,1.902826,0.573488,0.279005,0.933629,0.336269,1.969822,0.630844,1.494219,0.302899,0.269435,0.354470,0.779274,1.823657,0.286417,0.450341,0.297333,0.161277,0.295590,0.927442,1.066439,1.827817,0.298239,0.253129,1.959031,0.305525,1.910327,1.974766,0.437864,0.332168,0.310919,0.295399,0.842177,1.532564,0.710314,1.942064,0.417228,0.293012,0.290727,0.295590,0.344997,0.314210,0.565775,0.286529,0.273104
1.595573,1.237227,1.308829,1.084566,1.158993,1.094610,1.087038,1.212122,1.123371,1.558831,1.108308,0.000000,1.495249,1.437762,1.136745,1.187721,0.286745,1.622800,1.040137,1.091417,1.117271,1.116144,1.116033,1.191555,1.114462,1.582607,1.203455,1.186764,1.539890,1.166409,1.568292,1.136745,1.171928,1.584176,1.088523,1.202164,1.227559,1.553089,1.122682,1.119364,1.236622,1.363015,1.193734,1.120534,1.136683,1.289444,1.196449,1.231788,1.094361,1.493210,1.562466,1.166409,1.196449,1.455948,1.060574,1.100034,1.635458,1.107867,1.062106,1.338827,1.112724,1.650153,1.129377,1.484366,1.127271,1.091719,1.115738,1.276183,1.469520,1.126677,1.203455,1.100897,1.078846,1.095999,1.312368,1.311111,1.439932,1.094889,1.097384,1.607447,1.114970,1.553298,1.646911,1.018171,1.103812,1.138222,1.092716,1.103410,1.634280,1.282454,1.598784,1.191029,1.100132,1.107256,1.095999,1.114235,1.119713,1.256169,1.125109,1.107663
1.692141,1.380037,0.505547,0.781990,0.773480,0.782107,0.765261,1.138540,0.984413,1.780250,0.844166,1.495249,0.000000,1.578896,0.697014,0.682685,1.564708,1.832743,0.895254,0.779420,0.753366,0.808432,0.769592,1.019790,0.763719,1.779744,0.593786,0.679368,1.846429,0.633818,1.372450,0.697014,0.669880,1.693513,0.783337,0.750841,0.896419,1.645068,0.796090,0.822233,0.558437,1.190119,0.758388,0.738291,0.708835,0.791819,0.627558,0.549792,0.786758,1.588281,1.276691,0.633818,0.627558,1.836855,0.916903,0.942912,1.653914,0.781962,0.916131,0.787049,0.748122,1.833597,0.722467,1.243345,0.713448,0.796841,0.828833,0.686671,1.675569,0.753989,0.593786,0.755412,0.882332,0.760213,0.738845,0.885693,1.795033,0.761148,0.864511,1.826851,0.862519,1.759756,1.847607,0.817778,0.789549,0.760144,0.780315,0.975068,1.209599,0.591700,1.810669,0.730103,0.764545,0.750859,0.760213,0.810866,0.728136,0.567019,0.747171,0.769257
1.111559,1.463969,1.648101,1.675381,1.578117,1.682838,1.688962,1.459561,1.555203,0.584430,1.740270,1.437762,1.578896,0.000000,1.647029,1.625776,1.489876,1.054180,1.694905,1.701031,1.711173,1.641263,1.710727,1.456060,1.673409,1.095487,1.684598,1.605406,1.161003,1.693581,1.034505,1.647029,1.668169,0.663903,1.702964,1.660708,1.610698,1.189654,1.679638,1.664238,1.675229,1.422843,1.641775,1.710515,1.707082,1.559052,1.686276,1.671933,1.728064,0.882654,1.413228,1.693581,1.686276,1.227839,1.722794,1.689921,1.007951,1.692715,1.735933,1.608485,1.725785,1.031473,1.614140,1.313763,1.690248,1.720524,1.657616,1.656091,0.952158,1.701351,1.684598,1.687588,1.743446,1.712060,1.593475,1.471081,1.219561,1.698474,1.720168,0.828404,1.693924,1.034774,0.995042,1.607978,1.662240,1.687156,1.693362,1.609174,1.049399,1.642919,1.038187,1.659843,1.726337,1.722101,1.712060,1.665776,1.680424,1.643704,1.706922,1.733080
1.849307,1.400696,0.577160,0.139264,0.261216,0.166482,0.155371,1.162560,0.875348,1.884367,0.395351,1.136745,0.697014,1.647029,0.000000,0.476334,1.269299,1.953512,0.316248,0.258093,0.232836,0.328640,0.250838,0.716465,0.231435,1.938144,0.366938,0.414960,1.940771,0.250397,1.453943,0.000000,0.261557,1.833771,0.264033,0.662274,0.924586,1.798605,0.241789,0.258660,0.443589,1.347618,0.304300,0.230584,0.216824,0.852469,0.427529,0.365239,0.322020,1.761708,1.486187,0.250397,0.427529,1.911976,0.429812,0.385300,1.874101,0.563385,0.380369,0.916322,0.286100,1.975002,0.535621,1.460099,0.238957,0.322402,0.306275,0.750936,1.796582,0.244060,0.366938,0.260317,0.406127,0.254222,0.868845,0.971457,1.859897,0.189492,0.325921,1.943160,0.384602,1.906992,1.977551,0.308965,0.254769,0.255892,0.243268,0.849455,1.457889,0.633633,1.954291,0.367777,0.271791,0.258552,0.254222,0.279811,0.263389,0.357696,0.243167,0.261717
1.677878,1.137817,0.320916,0.518845,0.668976,0.511277,0.497152,0.814035,0.554296,1.840860,0.569540,1.187721,0.682685,1.625776,0.476334,0.000000,1.272082,1.880476,0.627521,0.433413,0.445276,0.623624,0.505853,1.026696,0.521805,1.828523,0.269959,0.123991,1.840014,0.367603,1.624128,0.476334,0.502859,1.796600,0.425833,0.495970,0.576848,1.641362,0.632766,0.669122,0.286676,1.115962,0.693978,0.459451,0.498302,0.508782,0.222947,0.288536,0.527257,1.605036,1.367994,0.367603,0.222947,1.784425,0.660097,0.718587,1.726601,0.363385,0.630808,0.608744,0.534608,1.905872,0.343439,1.181705,0.451921,0.527267,0.621085,0.433095,1.658639,0.532402,0.269959,0.488721,0.600234,0.432467,0.512775,0.607578,1.748851,0.445286,0.612523,1.887411,0.653607,1.793581,1.921714,0.629917,0.539058,0.570937,0.455525,0.697967,1.400485,0.310996,1.854222,0.652578,0.418458,0.432966,0.432467,0.596539,0.514181,0.358997,0.516628,0.462171
1.481146,1.155303,1.363130,1.220069,1.321184,1.225973,1.215204,1.173595,1.140891,1.528789,1.211130,0.286745,1.564708,1.489876,1.269299,1.272082,0.000000,1.528786,1.182025,1.206590,1.235272,1.260571,1.239564,1.362938,1.250483,1.462468,1.286344,1.289559,1.426373,1.271719,1.656631,1.269299,1.301494,1.586841,1.201640,1.251456,1.215290,1.431064,1.260968,1.264965,1.307321,1.278401,1.339711,1.236446,1.253574,1.307633,1.269242,1.318630,1.196233,1.440655,1.478625,1.271719,1.269242,1.303912,1.179244,1.245951,1.541849,1.158561,1.185427,1.348930,1.218917,1.563972,1.201246,1.431204,1.245615,1.193373,1.263532,1.294550,1.419354,1.253292,1.286344,1.222195,1.188661,1.209022,1.320778,1.325691,1.289733,1.216161,1.223484,1.540857,1.234069,1.429997,1.568359,1.160463,1.244204,1.271631,1.214773,1.103751,1.651772,1.325655,1.494823,1.326447,1.203797,1.215053,1.209022,1.258580,1.244618,1.353937,1.249258,1.214994
0.611317,1.309410,1.855016,1.958692,1.941159,1.956420,1.960450,1.513059,1.717141,0.633810,1.958290,1.622800,1.832743,1.054180,1.953512,1.880476,1.528786,0.000000,1.959786,1.958761,1.959856,1.957064,1.964361,1.874925,1.968475,0.526597,1.922736,1.894940,0.408371,1.951351,1.424896,1.953512,1.965353,0.803659,1.957335,1.860158,1.692769,0.724433,1.961203,1.957409,1.902246,1.432299,1.955977,1.965215,1.966192,1.716661,1.906450,1.918056,1.960350,0.821724,1.237412,1.951351,1.906450,0.543290,1.952445,1.958337,0.603081,1.869332,1.954921,1.740617,1.960693,0.402867,1.865696,1.268487,1.960580,1.959921,1.963041,1.794026,0.763287,1.969741,1.922736,1.960280,1.952985,1.958870,1.715106,1.644536,0.735478,1.958751,1.957231,0.461393,1.962701,0.580109,0.327739,1.947867,1.964391,1.970617,1.961105,1.779058,1.343706,1.827991,0.430376,1.967200,1.954529,1.959037,1.958870,1.964588,1.964488,1.912831,1.969130,1.959703
1.896889,1.463703,0.764337,0.234878,0.362006,0.237303,0.248081,1.254907,0.958696,1.897903,0.327597,1.040137,0.895254,1.694905,0.316248,0.627521,1.182025,1.959786,0.000000,0.272242,0.270961,0.248374,0.236402,0.671782,0.226732,1.955195,0.537714,0.572094,1.938279,0.398054,1.467091,0.316248,0.327664,1.853112,0.280091,0.751754,1.044274,1.852485,0.270105,0.270946,0.622303,1.406804,0.369324,0.273797,0.286569,1.009986,0.584715,0.538115,0.337502,1.821355,1.586444,0.398054,0.584715,1.906075,0.281068,0.253192,1.923016,0.666094,0.155899,1.017336,0.319645,1.973963,0.682907,1.538397,0.293859,0.341286,0.217524,0.899177,1.831758,0.229722,0.537714,0.266588,0.274483,0.292482,1.024661,1.106899,1.856235,0.268418,0.229906,1.948050,0.331275,1.934936,1.974825,0.329616,0.214781,0.223831,0.243135,0.907141,1.539819,0.806457,1.957451,0.338864,0.312400,0.304327,0.292482,0.218901,0.273712,0.593563,0.241823,0.282727
1.843978,1.362879,0.572912,0.225345,0.441288,0.236679,0.199341,1.106599,0.791188,1.911339,0.294530,1.091417,0.779420,1.701031,0.258093,0.433413,1.206590,1.958761,0.272242,0.000000,0.152199,0.329022,0.183111,0.801109,0.158733,1.928260,0.340277,0.400191,1.930665,0.230135,1.543049,0.258093,0.247565,1.871884,0.019381,0.564477,0.860746,1.794253,0.350153,0.375160,0.427352,1.275265,0.430322,0.113950,0.207657,0.828255,0.377569,0.362041,0.283541,1.765576,1.491740,0.230135,0.377569,1.884064,0.330722,0.380423,1.873466,0.472942,0.278321,0.837578,0.263796,1.974568,0.497063,1.423326,0.182213,0.264424,0.274225,0.700143,1.802956,0.186116,0.340277,0.185070,0.294549,0.091974,0.837048,0.943934,1.829691,0.152278,0.301135,1.956298,0.335684,1.904106,1.985782,0.365277,0.179311,0.228004,0.054438,0.762270,1.496539,0.612269,1.941282,0.361834,0.121056,0.112318,0.091974,0.247557,0.216965,0.419811,0.180639,0.146778
1.854563,1.373314,0.571898,0.188776,0.408725,0.194387,0.164182,1.136839,0.833867,1.916512,0.279645,1.117271,0.753366,1.711173,0.232836,0.445276,1.235272,1.959856,0.270961,0.152199,0.000000,0.319562,0.083266,0.785184,0.177323,1.929928,0.335822,0.405661,1.932535,0.214869,1.524640,0.232836,0.197837,1.877795,0.158346,0.621972,0.882860,1.806492,0.295540,0.322373,0.427792,1.327204,0.396290,0.094894,0.165847,0.854572,0.379559,0.352774,0.257560,1.786584,1.507686,0.214869,0.379559,1.892374,0.319730,0.368543,1.890688,0.509624,0.265169,0.854105,0.241256,1.978378,0.523330,1.450846,0.179035,0.260641,0.267258,0.712877,1.800448,0.127938,0.335822,0.185689,0.274559,0.114309,0.846023,0.971095,1.835063,0.133343,0.246952,1.959490,0.341613,1.908782,1.986589,0.383306,0.204617,0.180772,0.137415,0.830139,1.526712,0.614787,1.952063,0.319871,0.110805,0.105905,0.114309,0.240540,0.218558,0.419952,0.107234,0.073957
1.890782,1.500968,0.751179,0.298733,0.323326,0.308513,0.320717,1.275008,0.968155,1.870046,0.382178,1.116144,0.808432,1.641263,0.328640,0.623624,1.260571,1.957064,0.248374,0.329022,0.319562,0.000000,0.279419,0.615410,0.240119,1.950622,0.545013,0.554915,1.957559,0.419138,1.391000,0.328640,0.286713,1.811965,0.340441,0.736958,1.068971,1.850779,0.317446,0.314504,0.622356,1.386321,0.356692,0.314059,0.332581,1.006672,0.597400,0.530899,0.407180,1.792079,1.563717,0.419138,0.597400,1.932462,0.329019,0.337961,1.900201,0.706123,0.308134,0.990100,0.387828,1.967739,0.705254,1.505516,0.268775,0.413960,0.228701,0.909810,1.806216,0.252003,0.545013,0.229149,0.345028,0.350768,1.029172,1.093228,1.880762,0.339964,0.317371,1.929944,0.351374,1.935522,1.964351,0.334942,0.220426,0.222312,0.293455,0.926878,1.454020,0.807215,1.951209,0.254761,0.378467,0.361182,0.350768,0.238512,0.196249,0.591687,0.267266,0.350653
1.875944,1.415212,0.628008,0.190945,0.385663,0.193944,0.176838,1.185278,0.883384,1.915299,0.281616,1.116033,0.769592,1.710727,0.250838,0.505853,1.239564,1.964361,0.236402,0.183111,0.083266,0.279419,0.000000,0.747253,0.157644,1.938451,0.397235,0.461746,1.940127,0.266017,1.493956,0.250838,0.178117,1.874570,0.192856,0.653184,0.938566,1.829165,0.271677,0.290962,0.486409,1.357094,0.361956,0.125005,0.174281,0.909434,0.443922,0.406308,0.270646,1.805770,1.531723,0.266017,0.443922,1.905718,0.294872,0.331277,1.906809,0.567938,0.234572,0.893120,0.245438,1.979752,0.577582,1.479535,0.194053,0.277003,0.218731,0.770303,1.816626,0.080599,0.397235,0.186397,0.261385,0.161868,0.902058,1.020378,1.847435,0.172080,0.223735,1.959410,0.321724,1.920152,1.987000,0.367383,0.175718,0.125913,0.153066,0.868196,1.533569,0.674569,1.957107,0.265542,0.171268,0.160011,0.161868,0.198813,0.205974,0.472973,0.060442,0.122305
1.895747,1.715711,1.126609,0.698976,0.527828,0.720023,0.734517,1.556170,1.333814,1.696216,0.816292,1.191555,1.019790,1.456060,0.716465,1.026696,1.362938,1.874925,0.671782,0.801109,0.785184,0.615410,0.747253,0.000000,0.688006,1.902628,0.970735,0.945885,1.918736,0.859727,1.064268,0.716465,0.716644,1.613149,0.811306,1.147447,1.420493,1.879637,0.643055,0.610646,1.033342,1.603255,0.584332,0.775346,0.764086,1.324032,1.023079,0.936131,0.826960,1.772993,1.681520,0.859727,1.023079,1.937856,0.746671,0.619863,1.867062,1.123238,0.746985,1.356101,0.797292,1.851376,1.088966,1.674586,0.770135,0.830449,0.630691,1.282757,1.778414,0.712323,0.970735,0.758941,0.796257,0.811460,1.372553,1.384690,1.879853,0.785091,0.730171,1.788553,0.732387,1.896870,1.847260,0.641538,0.675084,0.667756,0.768282,1.254228,1.378931,1.187522,1.877252,0.637087,0.844144,0.822368,0.811460,0.646330,0.726731,0.924555,0.727238,0.813816
1.885223,1.447526,0.648150,0.191464,0.331826,0.213088,0.192762,1.209349,0.901788,1.897896,0.318876,1.114462,0.763719,1.673409,0.231435,0.521805,1.250483,1.968475,0.226732,0.158733,0.177323,0.240119,0.157644,0.688006,0.000000,1.950514,0.420798,0.466353,1.953129,0.282169,1.454379,0.231435,0.188414,1.845293,0.175691,0.656714,0.972951,1.839875,0.273151,0.281641,0.508240,1.356308,0.330412,0.132568,0.200973,0.922984,0.475054,0.422550,0.318239,1.792861,1.542713,0.282169,0.475054,1.923689,0.321200,0.315747,1.900815,0.598986,0.267880,0.923104,0.277770,1.977170,0.592355,1.480997,0.199601,0.312597,0.165379,0.801552,1.819994,0.118860,0.420798,0.192894,0.310324,0.167832,0.931529,1.029845,1.868327,0.200125,0.265058,1.952484,0.319142,1.929893,1.984445,0.325716,0.067244,0.122661,0.113650,0.866423,1.489462,0.702649,1.954765,0.262106,0.216736,0.188208,0.167832,0.140522,0.188056,0.469902,0.135285,0.201740
0.556169,1.206490,1.783746,1.946155,1.955545,1.942127,1.940430,1.408336,1.621454,0.695936,1.930694,1.582607,1.779744,1.095487,1.938144,1.828523,1.462468,0.526597,1.955195,1.928260,1.929928,1.950622,1.938451,1.902628,1.950514,0.000000,1.868611,1.853982,0.492679,1.912072,1.486342,1.938144,1.934920,0.853223,1.925859,1.773076,1.589373,0.612980,1.954181,1.958476,1.840137,1.270591,1.961163,1.933008,1.938067,1.630608,1.846071,1.867173,1.919665,0.765656,1.140252,1.912072,1.846071,0.454713,1.942330,1.963308,0.536165,1.801655,1.948152,1.615374,1.926459,0.504652,1.788821,1.153707,1.929883,1.918981,1.960859,1.701016,0.719544,1.945121,1.868611,1.931270,1.934497,1.924388,1.620167,1.558604,0.573404,1.932781,1.947521,0.557335,1.942288,0.366031,0.512180,1.924113,1.951111,1.952182,1.934692,1.659845,1.313876,1.750815,0.473265,1.943257,1.915385,1.921583,1.924388,1.959976,1.937864,1.870563,1.941151,1.924117
1.747874,1.230961,0.272924,0.415757,0.590293,0.414521,0.379237,0.952205,0.691816,1.893869,0.450341,1.203455,0.593786,1.684598,0.366938,0.269959,1.286344,1.922736,0.537714,0.340277,0.335822,0.545013,0.397235,0.970735,0.420798,1.868611,0.000000,0.298737,1.888365,0.174314,1.587438,0.366938,0.378733,1.857133,0.335107,0.500830,0.654365,1.701412,0.511277,0.554277,0.105487,1.165177,0.581389,0.332241,0.336141,0.622004,0.095181,0.167917,0.376748,1.680568,1.373573,0.174314,0.095181,1.834729,0.558738,0.631145,1.783903,0.334854,0.534832,0.658636,0.388757,1.945493,0.328782,1.296228,0.335732,0.378934,0.529701,0.434721,1.735787,0.410076,0.000000,0.379752,0.497162,0.318521,0.586955,0.768831,1.781709,0.323586,0.501506,1.933068,0.526442,1.832495,1.956894,0.533832,0.453593,0.453619,0.365581,0.706878,1.435247,0.325746,1.904733,0.530855,0.302053,0.306686,0.318521,0.499955,0.399039,0.263448,0.394200,0.336016
1.710735,1.200850,0.386066,0.459065,0.582749,0.452553,0.448410,0.888005,0.618732,1.834319,0.546278,1.186764,0.679368,1.605406,0.414960,0.123991,1.289559,1.894940,0.572094,0.400191,0.405661,0.554915,0.461746,0.945885,0.466353,1.853982,0.298737,0.000000,1.864061,0.350462,1.575445,0.414960,0.455734,1.779825,0.394831,0.543798,0.676002,1.673701,0.571394,0.602990,0.336050,1.178587,0.627469,0.423492,0.459558,0.575096,0.284262,0.286444,0.511111,1.627493,1.403672,0.350462,0.284262,1.818913,0.624505,0.654450,1.752979,0.436856,0.590252,0.682275,0.504037,1.916944,0.398398,1.219994,0.406935,0.513718,0.559074,0.536653,1.671518,0.484849,0.298737,0.445210,0.571432,0.405063,0.605276,0.660640,1.783212,0.408053,0.564448,1.890497,0.618438,1.822446,1.930289,0.573140,0.480472,0.515543,0.413237,0.748565,1.392191,0.398316,1.874134,0.598213,0.398537,0.409433,0.405063,0.536701,0.465459,0.342986,0.472137,0.435178
0.621959,1.177664,1.819416,1.940808,1.953837,1.938793,1.935515,1.422869,1.644691,0.755827,1.935962,1.539890,1.846429,1.161003,1.940771,1.840014,1.426373,0.408371,1.938279,1.930665,1.932535,1.957559,1.940127,1.918736,1.953129,0.492679,1.888365,1.864061,0.000000,1.922268,1.536590,1.940771,1.949325,0.887311,1.927883,1.808119,1.613311,0.721378,1.953378,1.953165,1.867095,1.393120,1.952220,1.939703,1.942287,1.667781,1.866262,1.890885,1.929313,0.818214,1.260686,1.922268,1.866262,0.387486,1.936050,1.945870,0.620897,1.811840,1.930031,1.672201,1.930087,0.494244,1.816015,1.245086,1.938199,1.926544,1.954516,1.736654,0.771003,1.949449,1.888365,1.939400,1.929891,1.927852,1.652625,1.588260,0.617199,1.929395,1.937398,0.588854,1.948309,0.514796,0.470941,1.944932,1.952212,1.956246,1.936900,1.716754,1.439451,1.783579,0.512381,1.960376,1.920462,1.927433,1.927852,1.953071,1.947741,1.888787,1.946818,1.928380
1.813306,1.321866,0.416322,0.283560,0.465051,0.286004,0.249329,1.063896,0.786881,1.908160,0.350333,1.166409,0.633818,1.693581,0.250397,0.367603,1.271719,1.951351,0.398054,0.230135,0.214869,0.419138,0.266017,0.859727,0.282169,1.912072,0.174314,0.350462,1.922268,0.000000,1.542189,0.250397,0.258775,1.866657,0.229980,0.556420,0.781832,1.766822,0.375850,0.414534,0.259614,1.258068,0.457585,0.201671,0.178465,0.744571,0.249346,0.216866,0.289070,1.740212,1.445796,0.000000,0.249346,1.878402,0.442130,0.490086,1.843148,0.418065,0.405494,0.772454,0.268778,1.967317,0.421324,1.381962,0.222848,0.296747,0.386869,0.581093,1.780011,0.267189,0.174314,0.262940,0.384091,0.207227,0.724734,0.885051,1.823012,0.201659,0.367440,1.952073,0.422376,1.881852,1.976756,0.431370,0.316314,0.307782,0.243374,0.767482,1.471076,0.474510,1.937071,0.408553,0.203908,0.197170,0.207227,0.357913,0.281327,0.298084,0.256362,0.220857
1.594582,1.850503,1.622450,1.466571,1.301341,1.474799,1.491196,1.834608,1.770993,1.179406,1.541552,1.568292,1.372450,1.034505,1.453943,1.624128,1.656631,1.424896,1.467091,1.543049,1.524640,1.391000,1.493956,1.064268,1.454379,1.486342,1.587438,1.575445,1.536590,1.542189,0.000000,1.453943,1.443837,1.036628,1.551173,1.657417,1.815575,1.607826,1.400871,1.378029,1.603699,1.737795,1.311687,1.518045,1.496758,1.709414,1.625411,1.563251,1.525949,1.466224,1.565650,1.542189,1.625411,1.662719,1.504559,1.412107,1.477419,1.718800,1.514241,1.711007,1.512892,1.353571,1.646074,1.688490,1.495362,1.532292,1.406962,1.728929,1.459925,1.469088,1.587438,1.497011,1.539737,1.546484,1.753027,1.708840,1.656546,1.531719,1.482496,1.294926,1.456097,1.479743,1.322462,1.379384,1.448169,1.434270,1.519935,1.719273,1.217143,1.676650,1.438983,1.362810,1.569114,1.551808,1.546484,1.419300,1.458713,1.533017,1.479194,1.547494
1.849307,1.400696,0.577160,0.139264,0.261216,0.166482,0.155371,1.162560,0.875348,1.884367,0.395351,1.136745,0.697014,1.647029,0.000000,0.476334,1.269299,1.953512,0.316248,0.258093,0.232836,0.328640,0.250838,0.716465,0.231435,1.938144,0.366938,0.414960,1.940771,0.250397,1.453943,0.000000,0.261557,1.833771,0.264033,0.662274,0.924586,1.798605,0.241789,0.258660,0.443589,1.347618,0.304300,0.230584,0.216824,0.852469,0.427529,0.365239,0.322020,1.761708,1.486187,0.250397,0.427529,1.911976,0.429812,0.385300,1.874101,0.563385,0.380369,0.916322,0.286100,1.975002,0.535621,1.460099,0.238957,0.322402,0.306275,0.750936,1.796582,0.244060,0.366938,0.260317,0.406127,0.254222,0.868845,0.971457,1.859897,0.189492,0.325921,1.943160,0.384602,1.906992,1.977551,0.308965,0.254769,0.255892,0.243268,0.849455,1.457889,0.633633,1.954291,0.367777,0.271791,0.258552,0.254222,0.279811,0.263389,0.357696,0.243167,0.261717
1.871640,1.432783,0.584354,0.274232,0.376660,0.290474,0.259211,1.187799,0.884439,1.894621,0.368382,1.171928,0.669880,1.668169,0.261557,0.502859,1.301494,1.965353,0.327664,0.247565,0.197837,0.286713,0.178117,0.716644,0.188414,1.934920,0.378733,0.455734,1.949325,0.258775,1.443837,0.261557,0.000000,1.838153,0.259972,0.619191,0.933520,1.829894,0.336017,0.353210,0.454416,1.333021,0.354906,0.192036,0.225703,0.891183,0.437338,0.378853,0.341260,1.772307,1.519653,0.258775,0.437338,1.922976,0.380950,0.402761,1.880593,0.578399,0.350365,0.854971,0.317998,1.972833,0.563581,1.451786,0.212373,0.336215,0.247203,0.746589,1.801531,0.152402,0.378733,0.218906,0.362020,0.237678,0.877331,0.997459,1.864685,0.245537,0.342013,1.948239,0.357712,1.916969,1.979453,0.387984,0.201793,0.161468,0.224422,0.856776,1.457957,0.646926,1.952322,0.190475,0.260333,0.235511,0.237678,0.231889,0.206642,0.425322,0.144208,0.235846
0.962312,1.510051,1.799768,1.852469,1.763794,1.855246,1.862736,1.590974,1.713829,0.471284,1.898346,1.584176,1.693513,0.663903,1.833771,1.796600,1.586841,0.803659,1.853112,1.871884,1.877795,1.811965,1.874570,1.613149,1.845293,0.853223,1.857133,1.779825,0.887311,1.866657,1.036628,1.833771,1.838153,0.000000,1.873836,1.797938,1.753796,1.049550,1.844318,1.834936,1.844514,1.508019,1.800895,1.876541,1.877132,1.692220,1.856676,1.832073,1.894337,0.812887,1.402320,1.866657,1.856676,1.040430,1.885470,1.838413,0.786439,1.863327,1.886182,1.722605,1.881746,0.695949,1.812317,1.294156,1.854752,1.897634,1.831167,1.807321,0.824662,1.866478,1.857133,1.860475,1.894831,1.880066,1.731491,1.597107,1.140406,1.872981,1.877364,0.597128,1.876334,0.907527,0.656083,1.801937,1.837185,1.852898,1.864914,1.759046,1.074971,1.797777,0.774289,1.819927,1.890662,1.886645,1.880066,1.836776,1.846259,1.810277,1.870289,1.894561
1.839287,1.354432,0.567361,0.231545,0.451714,0.241615,0.204545,1.096479,0.781838,1.911918,0.294423,1.088523,0.783337,1.702964,0.264033,0.425833,1.201640,1.957335,0.280091,0.019381,0.158346,0.340441,0.192856,0.811306,0.175691,1.925859,0.335107,0.394831,1.927883,0.229980,1.551173,0.264033,0.259972,1.873836,0.000000,0.558957,0.850498,1.789100,0.358483,0.384673,0.421524,1.268536,0.439471,0.126280,0.213821,0.818955,0.369948,0.359233,0.283222,1.762918,1.486575,0.229980,0.369948,1.879769,0.334676,0.386503,1.870757,0.461524,0.284022,0.831350,0.266835,1.973744,0.490305,1.418296,0.187757,0.263636,0.288053,0.691577,1.800899,0.199898,0.335107,0.192765,0.296600,0.098933,0.828963,0.936037,1.825764,0.152784,0.307009,1.955983,0.340144,1.901330,1.985355,0.369961,0.195594,0.242647,0.071304,0.753447,1.497229,0.604845,1.939537,0.375301,0.121015,0.117157,0.098933,0.261413,0.226143,0.416308,0.192949,0.150767
1.658380,1.185233,0.491595,0.696565,0.853305,0.699782,0.662643,0.830972,0.498070,1.842527,0.690088,1.202164,0.750841,1.660708,0.662274,0.495970,1.251456,1.860158,0.751754,0.564477,0.621972,0.736958,0.653184,1.147447,0.656714,1.773076,0.500830,0.543798,1.808119,0.556420,1.657417,0.662274,0.619191,1.797938,0.558957,0.000000,0.594210,1.604796,0.800881,0.838440,0.483743,0.942698,0.836016,0.602927,0.647802,0.593284,0.474802,0.518649,0.645026,1.549990,1.270478,0.556420,0.474802,1.738974,0.746454,0.849093,1.663835,0.421405,0.744091,0.474554,0.646612,1.873963,0.458171,1.147237,0.586603,0.611682,0.739104,0.504139,1.681786,0.662786,0.500830,0.607605,0.703983,0.580517,0.590468,0.657366,1.705822,0.613124,0.770899,1.877417,0.712576,1.748370,1.900417,0.722932,0.666089,0.696180,0.594809,0.529995,1.309962,0.496220,1.807910,0.724203,0.573597,0.578567,0.580517,0.721452,0.618412,0.554753,0.649791,0.614145
1.401402,0.764828,0.519858,0.962496,1.125220,0.956616,0.927572,0.400552,0.405940,1.741081,0.943152,1.227559,0.896419,1.610698,0.924586,0.576848,1.215290,1.692769,1.044274,0.860746,0.882860,1.068971,0.938566,1.420493,0.972951,1.589373,0.654365,0.676002,1.613311,0.781832,1.815575,0.924586,0.933520,1.753796,0.850498,0.594210,0.000000,1.365202,1.062703,1.099335,0.596878,0.808891,1.129950,0.888203,0.912506,0.398613,0.584226,0.702808,0.895083,1.362951,1.147909,0.781832,0.584226,1.505910,1.029494,1.135527,1.472456,0.457260,1.021856,0.484661,0.920336,1.738433,0.535348,0.925161,0.888931,0.882666,1.059832,0.293190,1.459967,0.964619,0.654365,0.911500,0.972038,0.852381,0.219749,0.453859,1.481683,0.869584,1.023562,1.748287,1.023936,1.544980,1.761786,1.041990,0.988852,1.009366,0.895225,0.621161,1.390267,0.412079,1.650096,1.068249,0.825936,0.844680,0.852381,1.038016,0.946129,0.720563,0.946814,0.870759
0.352442,0.973925,1.584058,1.818704,1.849450,1.815910,1.808287,1.153070,1.399758,0.942122,1.824440,1.553089,1.645068,1.189654,1.798605,1.641362,1.431064,0.724433,1.852485,1.794253,1.806492,1.850779,1.829165,1.879637,1.839875,0.612980,1.701412,1.673701,0.721378,1.766822,1.607826,1.798605,1.829894,1.049550,1.789100,1.604796,1.365202,0.000000,1.854462,1.865767,1.661027,1.105944,1.862530,1.809981,1.814070,1.345183,1.670277,1.697713,1.804494,0.672629,0.718147,1.766822,1.670277,0.625496,1.855198,1.874725,0.550478,1.611663,1.853105,1.439406,1.798021,0.782728,1.603222,0.912360,1.798686,1.805476,1.875653,1.496334,0.730203,1.842851,1.701412,1.806134,1.835224,1.793507,1.398320,1.293083,0.751127,1.797053,1.853412,0.846985,1.854496,0.603278,0.816975,1.800980,1.843999,1.857694,1.808102,1.490319,1.281373,1.543113,0.681769,1.870645,1.778977,1.789719,1.793507,1.866723,1.816891,1.684321,1.835807,1.798640
1.895051,1.484246,0.730000,0.183456,0.252078,0.161716,0.239044,1.293016,1.025780,1.896310,0.335607,1.122682,0.796090,1.679638,0.241789,0.632766,1.260968,1.961203,0.270105,0.350153,0.295540,0.317446,0.271677,0.643055,0.273151,1.954181,0.511277,0.571394,1.953378,0.375850,1.400871,0.241789,0.336017,1.844318,0.358483,0.800881,1.062703,1.854462,0.000000,0.085212,0.590862,1.445679,0.291725,0.302634,0.267057,1.008440,0.572516,0.516045,0.296996,1.826632,1.563493,0.375850,0.572516,1.929952,0.357368,0.302868,1.922323,0.701559,0.325755,1.047315,0.312613,1.976433,0.692942,1.552377,0.317114,0.343146,0.274601,0.890828,1.834953,0.260388,0.511277,0.314399,0.347174,0.339680,1.015597,1.128021,1.880541,0.292911,0.229781,1.950818,0.356142,1.932896,1.973431,0.315449,0.289981,0.248637,0.321198,0.958088,1.514463,0.787045,1.968473,0.355435,0.357099,0.342020,0.339680,0.265404,0.310174,0.535222,0.270884,0.318291
1.907083,1.508013,0.771491,0.204333,0.215909,0.198450,0.262857,1.321229,1.054361,1.884442,0.378029,1.119364,0.822233,1.664238,0.258660,0.669122,1.264965,1.957409,0.270946,0.375160,0.322373,0.314504,0.290962,0.610646,0.281641,1.958476,0.554277,0.602990,1.953165,0.414534,1.378029,0.258660,0.353210,1.834936,0.384673,0.838440,1.099335,1.865767,0.085212,0.000000,0.634561,1.475947,0.272434,0.328198,0.298380,1.043635,0.616187,0.553907,0.358163,1.833811,1.584892,0.414534,0.616187,1.935325,0.370791,0.288429,1.930620,0.741373,0.331858,1.086296,0.353983,1.971793,0.726763,1.576017,0.347566,0.389446,0.266163,0.933197,1.837227,0.275830,0.554277,0.339136,0.372607,0.365327,1.052183,1.157134,1.883582,0.320877,0.231897,1.941976,0.372082,1.936440,1.968485,0.334154,0.294616,0.254640,0.341284,0.997882,1.526334,0.827447,1.966788,0.357384,0.387261,0.371101,0.365327,0.261190,0.334390,0.568193,0.289635,0.346510
1.709828,1.189835,0.185256,0.502235,0.661328,0.499259,0.466071,0.904205,0.663568,1.879952,0.526021,1.236622,0.558437,1.675229,0.443589,0.286676,1.307321,1.902246,0.622303,0.427352,0.427792,0.622356,0.486409,1.033342,0.508240,1.840137,0.105487,0.336050,1.867095,0.259614,1.603699,0.443589,0.454416,1.844514,0.421524,0.483743,0.596878,1.661027,0.590862,0.634561,0.000000,1.115324,0.651542,0.422448,0.420240,0.565616,0.122926,0.192013,0.453499,1.643654,1.323138,0.259614,0.122926,1.809395,0.637786,0.713771,1.744700,0.330732,0.619383,0.605030,0.461916,1.926472,0.315348,1.245215,0.417435,0.456101,0.616002,0.363233,1.711942,0.497811,0.105487,0.460822,0.575129,0.408439,0.514833,0.718616,1.758764,0.411213,0.586787,1.916605,0.604455,1.801967,1.939208,0.599947,0.540198,0.539217,0.454566,0.680786,1.403039,0.246985,1.881139,0.600904,0.390401,0.395843,0.408439,0.587995,0.477471,0.279989,0.482141,0.425468
1.132346,0.930924,1.050496,1.381862,1.478525,1.377746,1.352532,0.756939,0.838790,1.477671,1.328212,1.363015,1.190119,1.422843,1.347618,1.115962,1.278401,1.432299,1.406804,1.275265,1.327204,1.386321,1.357094,1.603255,1.356308,1.270591,1.165177,1.178587,1.393120,1.258068,1.737795,1.347618,1.333021,1.508019,1.268536,0.942698,0.808891,1.105944,1.445679,1.475947,1.115324,0.000000,1.480908,1.311102,1.339217,0.907958,1.121543,1.181043,1.303880,1.066549,0.962529,1.258068,1.121543,1.252755,1.375215,1.489657,1.129314,1.018796,1.397328,0.827077,1.325486,1.457248,1.059589,0.793748,1.284359,1.290174,1.409885,0.913939,1.275599,1.360458,1.165177,1.296450,1.347307,1.290106,0.870198,0.840171,1.259124,1.313643,1.419734,1.481245,1.364352,1.258667,1.491794,1.338950,1.359592,1.385579,1.302663,0.772638,1.027889,1.001938,1.339131,1.395547,1.276565,1.285886,1.290106,1.400149,1.307587,1.213892,1.352518,1.311634
1.911529,1.545525,0.773403,0.303009,0.245743,0.331080,0.321589,1.350153,1.086966,1.872445,0.504884,1.193734,0.758388,1.641775,0.304300,0.693978,1.339711,1.955977,0.369324,0.430322,0.396290,0.356692,0.361956,0.584332,0.330412,1.961163,0.581389,0.627469,1.952220,0.457585,1.311687,0.304300,0.354906,1.800895,0.439471,0.836016,1.129950,1.862530,0.291725,0.272434,0.651542,1.480908,0.000000,0.393996,0.362964,1.045794,0.644588,0.571155,0.463690,1.820775,1.560523,0.457585,0.644588,1.957552,0.495566,0.348119,1.918102,0.785237,0.444074,1.069889,0.420462,1.962489,0.758008,1.586454,0.405451,0.463492,0.318811,0.948284,1.841036,0.336991,0.581389,0.416186,0.506148,0.431120,1.068455,1.158121,1.907763,0.368946,0.403576,1.933936,0.422788,1.939374,1.961544,0.369731,0.343022,0.307466,0.402791,1.028400,1.470284,0.842808,1.962336,0.336419,0.459727,0.437645,0.431120,0.314037,0.378991,0.535252,0.345509,0.425452
1.858962,1.388667,0.569115,0.198330,0.408790,0.213158,0.168538,1.147574,0.840444,1.917070,0.283084,1.120534,0.738291,1.710515,0.230584,0.459451,1.236446,1.965215,0.273797,0.113950,0.094894,0.314059,0.125005,0.775346,0.132568,1.933008,0.332241,0.423492,1.939703,0.201671,1.518045,0.230584,0.192036,1.876541,0.126280,0.602927,0.888203,1.809981,0.302634,0.328198,0.422448,1.311102,0.393996,0.000000,0.150826,0.858610,0.382749,0.349023,0.261385,1.786144,1.502634,0.201671,0.382749,1.897833,0.327221,0.375094,1.887768,0.508755,0.276742,0.857081,0.228760,1.978752,0.521134,1.449786,0.171318,0.256787,0.259257,0.712175,1.811563,0.117743,0.332241,0.175826,0.289447,0.069635,0.850739,0.977874,1.838101,0.142775,0.267470,1.960978,0.333792,1.909767,1.988881,0.371036,0.172958,0.169215,0.096030,0.810048,1.509866,0.617710,1.950851,0.313742,0.099729,0.068510,0.069635,0.230228,0.201512,0.415891,0.111418,0.089234
