0.000000,1.099726,1.645211,1.895466,1.921866,1.883557,1.889398,1.168981,1.440974,0.860769,1.867085,1.628551,1.664670,1.122333,1.877046,1.707769,1.515330,0.638456,1.920529,1.858826,1.871295,1.929130,1.890387,1.912376,1.898040,0.510328,1.767202,1.743526,0.600587,1.828859,1.578309,1.877046,1.899636,0.979579,1.854010,1.638722,1.394109,0.284121,1.902319,1.916810,1.718067,0.965651,1.930814,1.871162,1.877070,1.427368,1.738650,1.771402,1.846302,0.692912,0.708686,1.828859,1.738650,0.477715,1.901247,1.903050,0.494086,1.653449,1.912788,1.492578,1.871457,0.685854,1.689324,0.999417,1.895045,1.850249,1.923185,1.549619,0.669026,1.899020,1.767202,1.896729,1.885205,1.857876,1.426127,1.387047,0.729735,1.873240,1.901941,0.771636,1.891135,0.528900,0.668487,1.884901,1.904349,1.911022,1.872110,1.494107,1.184104,1.596174,0.612489,1.936926,1.844696,1.854211,1.857876,1.913705,1.907359,1.728907,1.895601,1.862151
1.099726,0.000000,1.056940,1.405987,1.516487,1.396886,1.383655,0.618448,0.800987,1.456241,1.351261,1.285732,1.266048,1.438368,1.379811,1.097063,1.205150,1.370839,1.473858,1.341130,1.353518,1.496260,1.404022,1.698989,1.424320,1.283882,1.178967,1.170196,1.287000,1.281435,1.822595,1.379811,1.418146,1.533168,1.332005,1.077114,0.699455,1.075774,1.463024,1.495715,1.123847,0.708664,1.521971,1.364776,1.384280,0.828287,1.125602,1.223287,1.328649,1.099148,1.026395,1.281435,1.125602,1.133072,1.426597,1.457067,1.159690,0.990035,1.462417,0.930952,1.387034,1.405990,1.126805,0.818846,1.400970,1.324333,1.479914,0.880683,1.122247,1.428400,1.178967,1.394977,1.394150,1.332771,0.786661,0.842447,1.141151,1.344541,1.441987,1.460913,1.412205,1.182108,1.448440,1.503099,1.428767,1.456026,1.368261,0.899407,1.395819,0.973625,1.312797,1.531785,1.314793,1.330508,1.332771,1.462859,1.420314,1.123316,1.422362,1.347949
1.645211,1.056940,0.000000,0.697372,0.825258,0.679358,0.661602,0.790128,0.628067,1.855077,0.653506,1.129114,0.498482,1.723296,0.623003,0.315939,1.133716,1.855089,0.812427,0.575155,0.617267,0.875804,0.684053,1.187561,0.679786,1.795650,0.282495,0.381882,1.830809,0.434387,1.657938,0.623003,0.668627,1.832579,0.564547,0.482001,0.516447,1.658944,0.764454,0.814843,0.178890,1.166853,0.828016,0.603295,0.605592,0.478239,0.263145,0.307921,0.605538,1.561937,1.328055,0.434387,0.263145,1.733058,0.764118,0.843906,1.654619,0.335269,0.829767,0.466467,0.642639,1.888078,0.366714,1.111746,0.665966,0.615517,0.782213,0.281812,1.639790,0.697214,0.282495,0.684725,0.698493,0.576547,0.415366,0.560807,1.680414,0.606332,0.735542,1.887615,0.747304,1.711483,1.896352,0.809678,0.696255,0.731763,0.612936,0.637538,1.448698,0.140990,1.812937,0.843660,0.558472,0.569523,0.576547,0.748389,0.713187,0.321959,0.687280,0.608185
1.895466,1.405987,0.697372,0.000000,0.250287,0.084966,0.081738,1.271956,0.975566,1.929376,0.263496,0.938469,0.834611,1.774954,0.136202,0.573083,1.048624,1.971384,0.207438,0.223647,0.190767,0.349084,0.177511,0.727780,0.196055,1.971693,0.454346,0.510991,1.946324,0.316631,1.472321,0.136202,0.195022,1.878126,0.230338,0.686019,1.032791,1.893748,0.185495,0.208025,0.562312,1.519042,0.262332,0.197919,0.193430,0.990427,0.504664,0.441449,0.270321,1.812432,1.640758,0.316631,0.504664,1.919012,0.261515,0.311400,1.906000,0.652790,0.266398,0.924484,0.213577,1.976052,0.607464,1.530988,0.222346,0.289179,0.211434,0.839096,1.852982,0.169905,0.454346,0.247907,0.243083,0.226276,0.999118,1.063771,1.850831,0.140934,0.183546,1.965069,0.329911,1.925956,1.984409,0.382076,0.192237,0.178563,0.205276,0.963787,1.623494,0.755928,1.966157,0.329366,0.249945,0.235500,0.226276,0.191191,0.253410,0.572480,0.172526,0.216956
1.921866,1.516487,0.825258,0.250287,0.000000,0.269393,0.301938,1.390555,1.118155,1.891678,0.404326,0.985897,0.842953,1.721489,0.262276,0.714623,1.118536,1.961766,0.273847,0.403555,0.386640,0.363454,0.348573,0.551897,0.298598,1.975526,0.606646,0.634131,1.961074,0.472780,1.336182,0.262276,0.290190,1.812033,0.415061,0.814200,1.175822,1.924823,0.216888,0.190077,0.705567,1.615711,0.201548,0.375288,0.356627,1.105461,0.664641,0.580953,0.413707,1.814764,1.691686,0.472780,0.664641,1.956403,0.360518,0.373208,1.906855,0.820112,0.371572,1.068988,0.389197,1.958945,0.761384,1.573178,0.334297,0.431454,0.255187,0.983115,1.867575,0.308793,0.606646,0.372742,0.373265,0.415389,1.131512,1.170793,1.906526,0.356826,0.280092,1.939099,0.388435,1.951394,1.958383,0.317830,0.290772,0.269549,0.372014,1.089996,1.545341,0.897048,1.959836,0.282551,0.449837,0.426390,0.415389,0.271386,0.347673,0.682579,0.322065,0.418068
1.883557,1.396886,0.679358,0.084966,0.269393,0.000000,0.126160,1.248790,0.952275,1.932849,0.251128,0.928834,0.826762,1.781986,0.136020,0.556103,1.031528,1.969915,0.239681,0.218317,0.178237,0.379469,0.167135,0.757330,0.208470,1.966875,0.438861,0.497238,1.941701,0.309103,1.487903,0.136020,0.206310,1.882725,0.223679,0.655338,1.011093,1.884503,0.156646,0.196748,0.546335,1.495635,0.303746,0.193053,0.193003,0.970130,0.486216,0.428277,0.226310,1.806625,1.620676,0.309103,0.486216,1.909425,0.287223,0.331432,1.898853,0.632483,0.290177,0.895666,0.207190,1.975249,0.590688,1.512055,0.233539,0.256462,0.224169,0.819597,1.852961,0.173644,0.438861,0.265281,0.251593,0.217303,0.978953,1.040837,1.845027,0.158904,0.176807,1.966515,0.321051,1.921101,1.983858,0.386638,0.206912,0.190117,0.202502,0.946052,1.619950,0.736567,1.961732,0.350266,0.235468,0.225198,0.217303,0.197251,0.274388,0.573894,0.173182,0.205164
1.889398,1.383655,0.661602,0.081738,0.301938,0.126160,0.000000,1.246217,0.946406,1.932041,0.262442,0.950782,0.820405,1.780654,0.144654,0.542572,1.054593,1.970512,0.219953,0.189895,0.160977,0.359664,0.162693,0.755286,0.190938,1.967439,0.415052,0.486187,1.941747,0.275576,1.499382,0.144654,0.186721,1.886268,0.195113,0.668303,1.001449,1.886456,0.235453,0.262788,0.523158,1.499107,0.284715,0.167278,0.154800,0.961092,0.466784,0.404455,0.264920,1.809920,1.629046,0.275576,0.466784,1.912653,0.264204,0.328452,1.900896,0.616865,0.268823,0.891777,0.171682,1.977868,0.568138,1.514195,0.207046,0.273875,0.233110,0.803804,1.846505,0.167411,0.415052,0.222015,0.242227,0.189713,0.967615,1.035051,1.835961,0.087525,0.212886,1.965997,0.331016,1.918001,1.987792,0.405556,0.191988,0.188789,0.178327,0.941625,1.628160,0.720691,1.964063,0.342360,0.210583,0.197669,0.189713,0.208755,0.238840,0.534648,0.161520,0.181310
1.168981,0.618448,0.790128,1.271956,1.390555,1.248790,1.246217,0.000000,0.516292,1.574162,1.217753,1.193250,1.060629,1.529744,1.226393,0.830464,1.098974,1.504370,1.353822,1.171636,1.191510,1.392752,1.249448,1.644401,1.275803,1.406618,0.965184,0.912762,1.415762,1.095254,1.818431,1.226393,1.272725,1.613497,1.158961,0.822881,0.376139,1.188895,1.334546,1.375299,0.895203,0.718162,1.406035,1.205098,1.221867,0.505387,0.896163,1.004984,1.178121,1.162777,1.024475,1.095254,0.896163,1.252910,1.315563,1.330673,1.254129,0.769474,1.348618,0.624333,1.228874,1.546568,0.855918,0.762427,1.261715,1.176967,1.348482,0.607344,1.214497,1.281222,0.965184,1.263416,1.257240,1.171621,0.432201,0.431036,1.286813,1.193961,1.304092,1.586581,1.295645,1.303950,1.561245,1.353501,1.281545,1.315415,1.205536,0.755675,1.379490,0.679336,1.428101,1.418032,1.145545,1.167617,1.171621,1.319315,1.295840,0.947112,1.270202,1.188162
1.440974,0.800987,0.628067,0.975566,1.118155,0.952275,0.946406,0.516292,0.000000,1.733899,0.918401,0.964452,0.999232,1.638309,0.938265,0.588671,0.911327,1.705397,1.053572,0.865251,0.882195,1.098625,0.940865,1.423055,0.978364,1.645892,0.712133,0.662617,1.620695,0.815446,1.804589,0.938265,0.972445,1.756368,0.851585,0.493403,0.443533,1.443827,1.053147,1.091540,0.672819,0.879022,1.138761,0.902891,0.924025,0.475649,0.646483,0.746944,0.885062,1.422444,1.238337,0.815446,0.646483,1.492543,1.011589,1.017127,1.528978,0.569077,1.047364,0.482077,0.934071,1.730428,0.636316,1.040162,0.971865,0.869864,1.042245,0.510625,1.470848,0.977047,0.712133,0.961652,0.956713,0.867192,0.473378,0.394725,1.465745,0.887162,1.015285,1.752547,0.990075,1.552998,1.750911,1.066420,0.975145,1.012775,0.898474,0.647080,1.497771,0.527353,1.655478,1.123611,0.841101,0.866252,0.867192,1.014045,1.002210,0.738487,0.968322,0.882140
0.860769,1.456241,1.855077,1.929376,1.891678,1.932849,1.932041,1.574162,1.733899,0.000000,1.933667,1.679203,1.784281,0.497716,1.933112,1.856018,1.666776,0.570471,1.904733,1.935330,1.936827,1.875489,1.934310,1.720928,1.920410,0.628405,1.910920,1.857075,0.737500,1.929127,1.180126,1.933112,1.920523,0.459928,1.935342,1.850474,1.741549,0.832528,1.927606,1.922531,1.896771,1.443297,1.895840,1.940766,1.938763,1.710150,1.899695,1.906696,1.942403,0.842823,1.329888,1.929127,1.899695,0.819437,1.913338,1.897524,0.751840,1.891627,1.913785,1.792171,1.944042,0.521137,1.875005,1.323356,1.926646,1.938993,1.915220,1.820002,0.753641,1.933172,1.910920,1.923252,1.922048,1.940688,1.740406,1.670484,0.907251,1.933188,1.927160,0.260333,1.920089,0.703340,0.467290,1.869087,1.918946,1.924969,1.931011,1.797823,1.081476,1.833080,0.600170,1.893284,1.945084,1.944989,1.940688,1.921982,1.919333,1.870556,1.934325,1.947842
1.867085,1.351261,0.653506,0.263496,0.404326,0.251128,0.262442,1.217753,0.918401,1.933667,0.000000,0.908646,0.816331,1.786458,0.275181,0.567307,0.999829,1.963431,0.329875,0.271710,0.240521,0.441560,0.259323,0.819467,0.286387,1.957142,0.418579,0.530429,1.930118,0.297860,1.534460,0.275181,0.262595,1.894541,0.274567,0.650270,0.964920,1.869977,0.283225,0.320935,0.515245,1.456333,0.437934,0.243271,0.250209,0.965466,0.468190,0.427867,0.190270,1.805119,1.595709,0.297860,0.468190,1.889132,0.233361,0.405160,1.892233,0.577397,0.337655,0.865999,0.294377,1.968289,0.613245,1.487933,0.256914,0.225904,0.316033,0.777045,1.846722,0.258683,0.418579,0.294460,0.174614,0.251648,0.944014,1.028396,1.815921,0.247178,0.206086,1.960417,0.291692,1.908335,1.980201,0.446624,0.282673,0.276279,0.269491,0.914366,1.611055,0.712574,1.947624,0.387130,0.265220,0.253801,0.251648,0.300600,0.295641,0.565745,0.265911,0.249258
1.628551,1.285732,1.129114,0.938469,0.985897,0.928834,0.950782,1.193250,0.964452,1.679203,0.908646,0.000000,1.334393,1.562906,0.957007,1.003716,0.271933,1.726098,0.949880,0.966984,0.938275,0.985860,0.940544,1.201813,0.985851,1.721782,1.013476,0.990959,1.632050,0.981659,1.571500,0.957007,0.983294,1.701719,0.963828,0.928828,1.136785,1.644607,0.957702,0.965469,1.056318,1.284128,1.048745,0.973159,0.962181,1.175971,1.003453,1.044511,0.923347,1.601829,1.561479,0.981659,1.003453,1.594554,0.931737,0.916949,1.729406,1.005062,0.918510,1.152724,0.968440,1.687949,1.002364,1.521359,0.998041,0.939190,0.949320,1.111152,1.622810,0.961196,1.013476,0.978996,0.919613,0.966063,1.173545,1.163155,1.562479,0.940257,0.940235,1.705126,0.981795,1.696680,1.714290,0.912140,0.966895,0.969369,0.968264,1.025359,1.554864,1.104842,1.689281,1.016252,0.963056,0.972146,0.966063,0.949684,1.001174,1.113504,0.959905,0.956452
1.664670,1.266048,0.498482,0.834611,0.842953,0.826762,0.820405,1.060629,0.999232,1.784281,0.816331,1.334393,0.000000,1.639673,0.750971,0.672959,1.360750,1.833349,0.923915,0.775089,0.819938,0.957822,0.852798,1.087284,0.797568,1.772125,0.595841,0.675831,1.858600,0.657042,1.443829,0.750971,0.777124,1.708842,0.774068,0.777394,0.847763,1.698539,0.846357,0.881185,0.554018,1.358766,0.839347,0.780110,0.768077,0.781181,0.627825,0.580380,0.784538,1.531115,1.359879,0.657042,0.627825,1.797965,0.884358,0.984635,1.605637,0.716636,0.963031,0.796767,0.817481,1.853853,0.714711,1.157621,0.784218,0.801216,0.873077,0.662277,1.647710,0.829825,0.595841,0.828601,0.840714,0.782888,0.727809,0.831065,1.763574,0.798817,0.844743,1.830443,0.856338,1.720213,1.840216,0.847927,0.818392,0.836405,0.791424,0.921915,1.275775,0.589402,1.787288,0.871683,0.788667,0.778264,0.782888,0.855229,0.822070,0.534674,0.829432,0.817193
1.122333,1.438368,1.723296,1.774954,1.721489,1.781986,1.780654,1.529744,1.638309,0.497716,1.786458,1.562906,1.639673,0.000000,1.779912,1.697784,1.605478,0.922838,1.751375,1.787890,1.789930,1.717429,1.788336,1.546610,1.758096,0.996852,1.764988,1.686923,1.066150,1.776818,1.021589,1.779912,1.754133,0.554312,1.788939,1.707693,1.663871,1.110074,1.776712,1.772675,1.761694,1.520102,1.733557,1.793673,1.793485,1.591766,1.755384,1.762796,1.802398,0.862782,1.478566,1.776818,1.755384,1.141059,1.760218,1.745653,0.950415,1.776499,1.774789,1.689963,1.814411,0.887036,1.748581,1.280968,1.776527,1.803410,1.754382,1.706207,0.878365,1.781370,1.764988,1.773204,1.769268,1.796361,1.642301,1.553304,1.223230,1.780467,1.778653,0.720783,1.780445,0.994201,0.845214,1.702981,1.755547,1.768294,1.780905,1.731291,0.996906,1.708575,0.910387,1.731267,1.808651,1.804738,1.796361,1.764375,1.768248,1.708879,1.784651,1.813575
1.877046,1.379811,0.623003,0.136202,0.262276,0.136020,0.144654,1.226393,0.938265,1.933112,0.275181,0.957007,0.750971,1.779912,0.000000,0.519961,1.053072,1.970089,0.291981,0.213918,0.213384,0.412538,0.224143,0.760175,0.216726,1.962972,0.386645,0.461922,1.947688,0.255197,1.490781,0.000000,0.208506,1.880506,0.218649,0.636047,0.978295,1.881108,0.219504,0.252391,0.488775,1.482611,0.292947,0.199538,0.176271,0.931536,0.443685,0.375005,0.241578,1.789601,1.606072,0.255197,0.443685,1.915022,0.319969,0.370889,1.881983,0.595390,0.348162,0.874510,0.217367,1.976230,0.555649,1.483187,0.227966,0.261714,0.264026,0.774882,1.847938,0.212673,0.386645,0.266440,0.285521,0.219846,0.938832,1.005802,1.849295,0.163105,0.237400,1.968349,0.331872,1.916544,1.984666,0.387299,0.223279,0.225505,0.210593,0.913628,1.581499,0.690717,1.954754,0.358640,0.241315,0.225697,0.219846,0.238914,0.275683,0.498713,0.212580,0.228831
1.707769,1.097063,0.315939,0.573083,0.714623,0.556103,0.542572,0.830464,0.588671,1.856018,0.567307,1.003716,0.672959,1.697784,0.519961,0.000000,1.048174,1.887629,0.678945,0.458686,0.486792,0.735202,0.556551,1.092612,0.565189,1.842224,0.269602,0.119640,1.848131,0.379722,1.633078,0.519961,0.567172,1.825380,0.446188,0.441691,0.594992,1.710924,0.672065,0.717347,0.293564,1.238128,0.724685,0.501846,0.520903,0.522157,0.203584,0.309814,0.536985,1.604176,1.453614,0.379722,0.203584,1.765854,0.657938,0.686580,1.723798,0.362039,0.706848,0.542013,0.559137,1.908785,0.336161,1.202304,0.566868,0.538365,0.661584,0.407436,1.653948,0.584745,0.269602,0.572426,0.593150,0.470861,0.528982,0.582119,1.722264,0.482196,0.632512,1.901338,0.661000,1.767838,1.915181,0.712462,0.572015,0.618022,0.492399,0.721200,1.501325,0.304626,1.846480,0.747362,0.455032,0.473816,0.470861,0.628803,0.609623,0.357566,0.575532,0.503109
1.515330,1.205150,1.133716,1.048624,1.118536,1.031528,1.054593,1.098974,0.911327,1.666776,0.999829,0.271933,1.360750,1.605478,1.053072,1.048174,0.000000,1.669898,1.076490,1.053032,1.030721,1.125651,1.041787,1.355103,1.098355,1.635066,1.059834,1.056902,1.551019,1.052484,1.664816,1.053072,1.097276,1.718260,1.047320,0.939770,1.069492,1.541536,1.066467,1.079562,1.079578,1.142120,1.175038,1.062863,1.051431,1.142058,1.041234,1.091987,1.000714,1.562467,1.434849,1.052484,1.041234,1.483026,1.046817,1.040410,1.660990,0.999336,1.034957,1.110548,1.047669,1.637133,1.017491,1.452833,1.097027,1.015449,1.073910,1.085756,1.573622,1.067493,1.059834,1.081146,1.021065,1.049983,1.124160,1.121608,1.443521,1.037449,1.045803,1.666742,1.082914,1.603248,1.663018,1.033018,1.083986,1.084390,1.063065,0.957467,1.562080,1.096588,1.625526,1.149850,1.036666,1.050933,1.049983,1.066222,1.107913,1.159741,1.063716,1.036038
0.638456,1.370839,1.855089,1.971384,1.961766,1.969915,1.970512,1.504370,1.705397,0.570471,1.963431,1.726098,1.833349,0.922838,1.970089,1.887629,1.669898,0.000000,1.966757,1.967758,1.968487,1.950055,1.972626,1.849131,1.975143,0.436705,1.927381,1.904949,0.424531,1.956811,1.387791,1.970089,1.974601,0.746871,1.966655,1.850007,1.681496,0.591446,1.967569,1.966645,1.901259,1.274201,1.965580,1.971309,1.972808,1.698889,1.911584,1.929650,1.958001,0.815126,1.136891,1.956811,1.911584,0.543220,1.966925,1.954873,0.579665,1.862316,1.962308,1.763222,1.967542,0.397496,1.876461,1.256747,1.968889,1.955519,1.974249,1.790490,0.717144,1.975568,1.927381,1.964226,1.967632,1.966861,1.706839,1.668063,0.770651,1.967353,1.972281,0.459124,1.956704,0.557664,0.342937,1.948331,1.973763,1.976726,1.969937,1.711938,1.210796,1.825607,0.439900,1.965936,1.962254,1.965797,1.966861,1.974510,1.967760,1.894631,1.974526,1.966825
1.920529,1.473858,0.812427,0.207438,0.273847,0.239681,0.219953,1.353822,1.053572,1.904733,0.329875,0.949880,0.923915,1.751375,0.291981,0.678945,1.076490,1.966757,0.000000,0.312442,0.273115,0.265692,0.222319,0.636307,0.231469,1.977075,0.574685,0.609383,1.941361,0.434478,1.425642,0.291981,0.242317,1.849795,0.322215,0.789172,1.139629,1.913507,0.270162,0.259514,0.680656,1.586410,0.282314,0.284481,0.286377,1.087831,0.623724,0.550267,0.381539,1.845392,1.688077,0.434478,0.623724,1.931781,0.211338,0.289676,1.931943,0.774219,0.159708,1.020481,0.286126,1.964823,0.709727,1.585292,0.244315,0.378406,0.199403,0.956762,1.869152,0.210774,0.574685,0.262890,0.243887,0.318278,1.106215,1.146380,1.857405,0.267884,0.210630,1.942446,0.350226,1.942471,1.974297,0.361876,0.216170,0.188163,0.275872,1.069135,1.632973,0.869560,1.968954,0.280703,0.346197,0.331175,0.318278,0.207175,0.243177,0.695524,0.216793,0.303636
1.858826,1.341130,0.575155,0.223647,0.403555,0.218317,0.189895,1.171636,0.865251,1.935330,0.271710,0.966984,0.775089,1.787890,0.213918,0.458686,1.053032,1.967758,0.312442,0.000000,0.130442,0.408832,0.162881,0.837246,0.158901,1.954943,0.332115,0.413155,1.932255,0.212651,1.545023,0.213918,0.206353,1.894874,0.021903,0.577071,0.925819,1.864570,0.332451,0.367247,0.435461,1.445186,0.397093,0.085297,0.164188,0.886463,0.378679,0.321183,0.261279,1.791485,1.589218,0.212651,0.378679,1.895257,0.307891,0.373211,1.883098,0.543456,0.339322,0.801061,0.191651,1.979823,0.505545,1.459056,0.229816,0.251579,0.272715,0.721900,1.837533,0.173839,0.332115,0.230027,0.267832,0.065883,0.887550,0.947990,1.817881,0.149410,0.278453,1.965373,0.347314,1.903691,1.988139,0.451622,0.176550,0.215839,0.057406,0.887398,1.615078,0.634948,1.953528,0.387605,0.099257,0.088719,0.065883,0.239065,0.258195,0.484614,0.166406,0.119743
1.871295,1.353518,0.617267,0.190767,0.386640,0.178237,0.160977,1.191510,0.882195,1.936827,0.240521,0.938275,0.819938,1.789930,0.213384,0.486792,1.030721,1.968487,0.273115,0.130442,0.000000,0.388752,0.088892,0.828124,0.183166,1.957872,0.369972,0.438325,1.930183,0.240682,1.541517,0.213384,0.185501,1.895967,0.134242,0.604145,0.949973,1.873104,0.296289,0.328627,0.479970,1.455018,0.389444,0.101063,0.150671,0.915510,0.412913,0.362332,0.246012,1.801979,1.611164,0.240682,0.412913,1.892035,0.282428,0.340676,1.894818,0.564942,0.293955,0.821622,0.179528,1.975720,0.527347,1.479498,0.213914,0.257592,0.252372,0.756273,1.838390,0.145122,0.369972,0.215144,0.233998,0.110692,0.917713,0.978483,1.819098,0.127289,0.233387,1.967597,0.348126,1.908077,1.989026,0.442072,0.181149,0.191403,0.123956,0.898757,1.633613,0.671020,1.955586,0.372263,0.114769,0.114985,0.110692,0.216925,0.248123,0.526403,0.130321,0.081792
1.929130,1.496260,0.875804,0.349084,0.363454,0.379469,0.359664,1.392752,1.098625,1.875489,0.441560,0.985860,0.957822,1.717429,0.412538,0.735202,1.125651,1.950055,0.265692,0.408832,0.388752,0.000000,0.339660,0.621608,0.327462,1.963070,0.649713,0.666053,1.928755,0.520182,1.403361,0.412538,0.342109,1.825974,0.418905,0.835256,1.189976,1.917071,0.401177,0.380934,0.750938,1.605156,0.369808,0.394103,0.398033,1.145040,0.695939,0.623230,0.490006,1.844599,1.717000,0.520182,0.695939,1.932388,0.332993,0.313299,1.930752,0.849711,0.312196,1.070718,0.407606,1.947233,0.799824,1.603798,0.308174,0.476364,0.284774,1.014133,1.864735,0.321782,0.649713,0.270648,0.380078,0.423999,1.158699,1.190375,1.850963,0.390498,0.354600,1.914308,0.424186,1.942249,1.956638,0.413673,0.306723,0.292276,0.373811,1.127575,1.624022,0.932082,1.958764,0.297752,0.452227,0.438057,0.423999,0.308351,0.245968,0.767273,0.331711,0.415988
1.890387,1.404022,0.684053,0.177511,0.348573,0.167135,0.162693,1.249448,0.940865,1.934310,0.259323,0.940544,0.852798,1.788336,0.224143,0.556551,1.041787,1.972626,0.222319,0.162881,0.088892,0.339660,0.000000,0.782445,0.151692,1.966608,0.439254,0.501902,1.935417,0.300223,1.512604,0.224143,0.166290,1.890682,0.172695,0.653293,1.016879,1.892523,0.264278,0.285547,0.547309,1.495072,0.346477,0.123600,0.160221,0.979755,0.485821,0.423872,0.269730,1.822209,1.636198,0.300223,0.485821,1.907323,0.259025,0.309852,1.911933,0.637339,0.244079,0.882284,0.172502,1.976887,0.587425,1.520790,0.206712,0.277268,0.190346,0.826107,1.859956,0.093577,0.439254,0.202266,0.229919,0.153575,0.984411,1.036189,1.832076,0.163073,0.203536,1.964513,0.334653,1.923907,1.988147,0.413594,0.144526,0.133742,0.132215,0.954751,1.643376,0.740901,1.962866,0.321042,0.171917,0.161955,0.153575,0.158097,0.224544,0.591096,0.075327,0.122710
1.912376,1.698989,1.187561,0.727780,0.551897,0.757330,0.755286,1.644401,1.423055,1.720928,0.819467,1.201813,1.087284,1.546610,0.760175,1.092612,1.355103,1.849131,0.636307,0.837246,0.828124,0.621608,0.782445,0.000000,0.715314,1.902580,1.018829,1.007908,1.895292,0.904799,1.057674,0.760175,0.713252,1.603395,0.850013,1.185810,1.499609,1.904435,0.689387,0.650842,1.098796,1.801049,0.575636,0.814992,0.799612,1.389356,1.071325,0.979313,0.859199,1.791929,1.769187,0.904799,1.071325,1.952954,0.710721,0.708638,1.857121,1.216483,0.719204,1.402938,0.820301,1.839553,1.155843,1.667389,0.742260,0.852896,0.666149,1.338227,1.817143,0.743061,1.018829,0.757728,0.765669,0.851547,1.450980,1.444508,1.914297,0.802967,0.719087,1.788419,0.729030,1.921328,1.823496,0.619951,0.710887,0.693078,0.799497,1.424876,1.433207,1.257431,1.879000,0.576860,0.888066,0.864561,0.851547,0.701888,0.718426,1.035590,0.758494,0.857383
1.898040,1.424320,0.679786,0.196055,0.298598,0.208470,0.190938,1.275803,0.978364,1.920410,0.286387,0.985851,0.797568,1.758096,0.216726,0.565189,1.098355,1.975143,0.231469,0.158901,0.183166,0.327462,0.151692,0.715314,0.000000,1.973485,0.440369,0.501327,1.952655,0.301399,1.460906,0.216726,0.127697,1.862611,0.177127,0.672343,1.041810,1.904688,0.270850,0.289814,0.545824,1.531817,0.295257,0.135018,0.191885,0.986794,0.496003,0.421846,0.304332,1.808919,1.646443,0.301399,0.496003,1.933436,0.257753,0.337137,1.903493,0.666100,0.291622,0.909831,0.233231,1.980202,0.619073,1.514528,0.204517,0.304060,0.169460,0.836501,1.859764,0.112163,0.440369,0.213087,0.248926,0.170472,0.998083,1.046463,1.861148,0.199138,0.229714,1.958538,0.325438,1.934306,1.985585,0.384021,0.074721,0.114194,0.113858,0.992618,1.597310,0.749742,1.963132,0.267359,0.219848,0.190129,0.170472,0.154363,0.209884,0.559995,0.119687,0.201071
0.510328,1.283882,1.795650,1.971693,1.975526,1.966875,1.967439,1.406618,1.645892,0.628405,1.957142,1.721782,1.772125,0.996852,1.962972,1.842224,1.635066,0.436705,1.977075,1.954943,1.957872,1.963070,1.966608,1.902580,1.973485,0.000000,1.889030,1.868105,0.455619,1.931970,1.443440,1.962972,1.973093,0.803521,1.952709,1.811936,1.597174,0.502349,1.972057,1.975704,1.852426,1.145801,1.976086,1.960244,1.961170,1.623582,1.868968,1.893350,1.948489,0.787082,1.009853,1.931970,1.868968,0.425573,1.973712,1.962755,0.536423,1.810649,1.970696,1.675132,1.957050,0.423115,1.818753,1.175192,1.964967,1.947509,1.981026,1.721241,0.627095,1.972146,1.889030,1.960745,1.967051,1.954263,1.622686,1.592702,0.650615,1.958533,1.971878,0.509394,1.955977,0.383189,0.416117,1.940990,1.975071,1.976925,1.960795,1.644531,1.208166,1.761237,0.413494,1.976462,1.945544,1.951351,1.954263,1.979524,1.965709,1.853886,1.969892,1.953246
1.767202,1.178967,0.282495,0.454346,0.606646,0.438861,0.415052,0.965184,0.712133,1.910920,0.418579,1.013476,0.595841,1.764988,0.386645,0.269602,1.059834,1.927381,0.574685,0.332115,0.369972,0.649713,0.439254,1.018829,0.440369,1.889030,0.000000,0.288740,1.895994,0.178013,1.617036,0.386645,0.432294,1.881970,0.322117,0.463992,0.684324,1.774769,0.532561,0.583944,0.128848,1.292281,0.611270,0.358042,0.358691,0.659683,0.101553,0.159139,0.374190,1.689137,1.467098,0.178013,0.101553,1.822947,0.532556,0.619472,1.783972,0.321430,0.593562,0.597745,0.407316,1.945378,0.345975,1.287117,0.430916,0.386054,0.544072,0.446125,1.745521,0.455121,0.000000,0.444730,0.465726,0.329500,0.629872,0.740672,1.754750,0.357080,0.497124,1.944532,0.521610,1.818084,1.958863,0.610149,0.456393,0.491905,0.370797,0.712459,1.531377,0.354880,1.892415,0.617538,0.317456,0.325243,0.329500,0.510799,0.476398,0.286164,0.444664,0.364387
1.743526,1.170196,0.381882,0.510991,0.634131,0.497238,0.486187,0.912762,0.662617,1.857075,0.530429,0.990959,0.675831,1.686923,0.461922,0.119640,1.056902,1.904949,0.609383,0.413155,0.438325,0.666053,0.501902,1.007908,0.501327,1.868105,0.288740,0.000000,1.873968,0.353099,1.580443,0.461922,0.502858,1.812724,0.402638,0.480156,0.697870,1.745675,0.612489,0.654283,0.340319,1.309871,0.651533,0.455593,0.472665,0.594949,0.255937,0.294902,0.508740,1.626300,1.497486,0.353099,0.255937,1.803714,0.603477,0.620938,1.751436,0.441814,0.651694,0.628196,0.517725,1.923427,0.374454,1.251826,0.514670,0.512087,0.593699,0.512186,1.677768,0.525838,0.288740,0.523759,0.543551,0.433320,0.626317,0.652835,1.765848,0.431756,0.575065,1.908733,0.617741,1.803784,1.924973,0.636502,0.505361,0.552388,0.439419,0.783139,1.492293,0.394364,1.869686,0.677364,0.424118,0.439583,0.433320,0.563630,0.558067,0.374037,0.518503,0.465905
0.600587,1.287000,1.830809,1.946324,1.961074,1.941701,1.941747,1.415762,1.620695,0.737500,1.930118,1.632050,1.858600,1.066150,1.947688,1.848131,1.551019,0.424531,1.941361,1.932255,1.930183,1.928755,1.935417,1.895292,1.952655,0.455619,1.895994,1.873968,0.000000,1.927702,1.502560,1.947688,1.955998,0.885308,1.929557,1.797191,1.605762,0.570409,1.951496,1.952599,1.870513,1.164981,1.960700,1.938301,1.941710,1.667914,1.871516,1.905251,1.920678,0.866334,1.077527,1.927702,1.871516,0.403361,1.935691,1.923890,0.679704,1.802611,1.920466,1.693361,1.929745,0.496725,1.814722,1.285654,1.946598,1.916022,1.953424,1.738084,0.741796,1.945879,1.895994,1.937756,1.933754,1.930044,1.651176,1.618320,0.659494,1.933735,1.947222,0.600512,1.929261,0.556365,0.491973,1.946634,1.950680,1.952785,1.937626,1.643970,1.374330,1.787451,0.533742,1.957812,1.921168,1.928390,1.930044,1.950202,1.942913,1.880503,1.943203,1.926116
1.828859,1.281435,0.434387,0.316631,0.472780,0.309103,0.275576,1.095254,0.815446,1.929127,0.297860,0.981659,0.657042,1.776818,0.255197,0.379722,1.052484,1.956811,0.434478,0.212651,0.240682,0.520182,0.300223,0.904799,0.301399,1.931970,0.178013,0.353099,1.927702,0.000000,1.566126,0.255197,0.286671,1.893689,0.207017,0.531569,0.826966,1.835105,0.399444,0.444989,0.282574,1.384996,0.474599,0.223205,0.196143,0.795884,0.256678,0.193544,0.273868,1.747294,1.538051,0.000000,0.256678,1.873696,0.390811,0.486800,1.842102,0.438394,0.455559,0.719693,0.272195,1.967035,0.422732,1.388021,0.303904,0.295452,0.395128,0.602862,1.801603,0.309460,0.178013,0.313956,0.332516,0.209378,0.778942,0.869213,1.799673,0.224333,0.357793,1.962755,0.412080,1.869991,1.980798,0.501318,0.313947,0.343568,0.242827,0.799327,1.563542,0.510935,1.929551,0.473396,0.209701,0.206757,0.209378,0.362536,0.348281,0.366796,0.299670,0.239333
1.578309,1.822595,1.657938,1.472321,1.336182,1.487903,1.499382,1.818431,1.804589,1.180126,1.534460,1.571500,1.443829,1.021589,1.490781,1.633078,1.664816,1.387791,1.425642,1.545023,1.541517,1.403361,1.512604,1.057674,1.460906,1.443440,1.617036,1.580443,1.502560,1.566126,0.000000,1.490781,1.460984,0.970844,1.553042,1.671061,1.812045,1.596208,1.425846,1.402480,1.647033,1.846407,1.350333,1.526755,1.521908,1.707708,1.645545,1.586365,1.559076,1.386520,1.663387,1.566126,1.645545,1.626615,1.467267,1.478545,1.428728,1.727747,1.466449,1.738278,1.543075,1.344021,1.644227,1.627257,1.488178,1.576375,1.425914,1.741741,1.386444,1.476791,1.617036,1.503787,1.495539,1.555467,1.760302,1.729454,1.707903,1.528989,1.456717,1.284088,1.501213,1.479213,1.287614,1.348413,1.460544,1.445739,1.524143,1.745103,1.198564,1.700288,1.424983,1.373117,1.577376,1.560577,1.555467,1.446082,1.476592,1.580299,1.486544,1.561292
1.877046,1.379811,0.623003,0.136202,0.262276,0.136020,0.144654,1.226393,0.938265,1.933112,0.275181,0.957007,0.750971,1.779912,0.000000,0.519961,1.053072,1.970089,0.291981,0.213918,0.213384,0.412538,0.224143,0.760175,0.216726,1.962972,0.386645,0.461922,1.947688,0.255197,1.490781,0.000000,0.208506,1.880506,0.218649,0.636047,0.978295,1.881108,0.219504,0.252391,0.488775,1.482611,0.292947,0.199538,0.176271,0.931536,0.443685,0.375005,0.241578,1.789601,1.606072,0.255197,0.443685,1.915022,0.319969,0.370889,1.881983,0.595390,0.348162,0.874510,0.217367,1.976230,0.555649,1.483187,0.227966,0.261714,0.264026,0.774882,1.847938,0.212673,0.386645,0.266440,0.285521,0.219846,0.938832,1.005802,1.849295,0.163105,0.237400,1.968349,0.331872,1.916544,1.984666,0.387299,0.223279,0.225505,0.210593,0.913628,1.581499,0.690717,1.954754,0.358640,0.241315,0.225697,0.219846,0.238914,0.275683,0.498713,0.212580,0.228831
1.899636,1.418146,0.668627,0.195022,0.290190,0.206310,0.186721,1.272725,0.972445,1.920523,0.262595,0.983294,0.777124,1.754133,0.208506,0.567172,1.097276,1.974601,0.242317,0.206353,0.185501,0.342109,0.166290,0.713252,0.127697,1.973093,0.432294,0.502858,1.955998,0.286671,1.460984,0.208506,0.000000,1.861204,0.219006,0.661861,1.035111,1.903784,0.255792,0.277930,0.537260,1.522923,0.290628,0.163416,0.184636,0.978491,0.493043,0.414835,0.286041,1.801494,1.642990,0.286671,0.493043,1.934358,0.252767,0.338595,1.898799,0.654745,0.298070,0.896217,0.246204,1.975839,0.621765,1.502037,0.186219,0.293204,0.174478,0.827929,1.853066,0.131196,0.432294,0.217210,0.240075,0.205349,0.990009,1.043133,1.865305,0.189011,0.215440,1.961638,0.307914,1.935218,1.986508,0.367334,0.117651,0.122288,0.177732,0.979469,1.581211,0.740866,1.960721,0.234101,0.244314,0.216721,0.205349,0.165922,0.210395,0.543562,0.142934,0.219918
0.979579,1.533168,1.832579,1.878126,1.812033,1.882725,1.886268,1.613497,1.756368,0.459928,1.894541,1.701719,1.708842,0.554312,1.880506,1.825380,1.718260,0.746871,1.849795,1.894874,1.895967,1.825974,1.890682,1.603395,1.862611,0.803521,1.881970,1.812724,0.885308,1.893689,0.970844,1.880506,1.861204,0.000000,1.896774,1.823772,1.762780,0.982098,1.867821,1.862791,1.876013,1.546578,1.822378,1.894727,1.899975,1.703915,1.874707,1.875008,1.903511,0.797020,1.374089,1.893689,1.874707,1.025177,1.865533,1.856552,0.782057,1.883667,1.874116,1.791626,1.911824,0.689111,1.856916,1.337423,1.878080,1.905480,1.856730,1.817046,0.771867,1.879861,1.881970,1.884581,1.876774,1.901570,1.744244,1.660775,1.214024,1.891428,1.879893,0.587672,1.876052,0.936441,0.582145,1.802512,1.861729,1.866412,1.886983,1.816629,0.981019,1.821546,0.762786,1.826620,1.910650,1.906310,1.901570,1.866075,1.873300,1.823410,1.883752,1.912191
1.854010,1.332005,0.564547,0.230338,0.415061,0.223679,0.195113,1.158961,0.851585,1.935342,0.274567,0.963828,0.774068,1.788939,0.218649,0.446188,1.047320,1.966655,0.322215,0.021903,0.134242,0.418905,0.172695,0.850013,0.177127,1.952709,0.322117,0.402638,1.929557,0.207017,1.553042,0.218649,0.219006,1.896774,0.000000,0.567004,0.912485,1.859342,0.341939,0.377805,0.425135,1.436326,0.409043,0.098201,0.169664,0.875077,0.366478,0.312465,0.261888,1.788430,1.583654,0.207017,0.366478,1.890509,0.314545,0.376888,1.880471,0.530524,0.345365,0.788746,0.195085,1.978772,0.494126,1.452925,0.238291,0.251070,0.286691,0.709529,1.833573,0.187930,0.322117,0.239376,0.272111,0.072610,0.874756,0.935766,1.812853,0.150319,0.286409,1.964945,0.353536,1.899774,1.987491,0.460636,0.192285,0.230780,0.075931,0.877346,1.616163,0.622172,1.951904,0.402722,0.096687,0.092802,0.072610,0.251778,0.269534,0.478571,0.179626,0.123093
1.638722,1.077114,0.482001,0.686019,0.814200,0.655338,0.668303,0.822881,0.493403,1.850474,0.650270,0.928828,0.777394,1.707693,0.636047,0.441691,0.939770,1.850007,0.789172,0.577071,0.604145,0.835256,0.653293,1.185810,0.672343,1.811936,0.463992,0.480156,1.797191,0.531569,1.671061,0.636047,0.661861,1.823772,0.567004,0.000000,0.621659,1.659132,0.744767,0.788087,0.459687,1.122219,0.848314,0.604372,0.630789,0.594926,0.430710,0.503434,0.591304,1.558323,1.359900,0.531569,0.430710,1.717106,0.746162,0.764669,1.679922,0.439933,0.793026,0.496496,0.652905,1.865450,0.518823,1.190255,0.673091,0.588321,0.736995,0.495578,1.651998,0.673372,0.463992,0.676281,0.685492,0.578061,0.594496,0.606650,1.684595,0.613049,0.729018,1.882793,0.717792,1.741202,1.882147,0.763849,0.671792,0.706457,0.607346,0.645119,1.505701,0.461490,1.801091,0.825617,0.563110,0.577738,0.578061,0.709534,0.709512,0.532602,0.668793,0.603796
1.394109,0.699455,0.516447,1.032791,1.175822,1.011093,1.001449,0.376139,0.443533,1.741549,0.964920,1.136785,0.847763,1.663871,0.978295,0.594992,1.069492,1.681496,1.139629,0.925819,0.949973,1.189976,1.016879,1.499609,1.041810,1.597174,0.684324,0.697870,1.605762,0.826966,1.812045,0.978295,1.035111,1.762780,0.912485,0.621659,0.000000,1.405325,1.100214,1.146451,0.609381,0.844037,1.181042,0.955757,0.972642,0.389700,0.613637,0.747699,0.922162,1.364501,1.133591,0.826966,0.613637,1.467618,1.081845,1.130820,1.451813,0.461369,1.131972,0.421939,0.985983,1.718118,0.621344,0.904973,1.016657,0.923956,1.125829,0.277406,1.423044,1.044570,0.684324,1.022254,1.017478,0.919146,0.188388,0.417900,1.440558,0.944572,1.068422,1.752867,1.060207,1.490951,1.737425,1.158599,1.052606,1.084221,0.965939,0.589772,1.458107,0.406161,1.614463,1.198039,0.891960,0.912238,0.919146,1.093070,1.055207,0.675932,1.033787,0.938908
0.284121,1.075774,1.658944,1.893748,1.924823,1.884503,1.886456,1.188895,1.443827,0.832528,1.869977,1.644607,1.698539,1.110074,1.881108,1.710924,1.541536,0.591446,1.913507,1.864570,1.873104,1.917071,1.892523,1.904435,1.904688,0.502349,1.774769,1.745675,0.570409,1.835105,1.596208,1.881108,1.903784,0.982098,1.859342,1.659132,1.405325,0.000000,1.906883,1.918916,1.729050,0.984701,1.933854,1.877215,1.880639,1.436532,1.745362,1.778513,1.852969,0.744263,0.730260,1.835105,1.745362,0.445994,1.898969,1.897043,0.532173,1.666468,1.907590,1.514063,1.874624,0.673103,1.695053,1.017502,1.892816,1.851156,1.926873,1.562805,0.643351,1.903572,1.774769,1.892864,1.885857,1.864012,1.441185,1.405809,0.666555,1.871387,1.903629,0.744154,1.885003,0.501080,0.666530,1.895664,1.909456,1.915127,1.876899,1.516082,1.235979,1.605509,0.615379,1.937280,1.849982,1.860774,1.864012,1.918229,1.904240,1.742203,1.899960,1.865781
1.902319,1.463024,0.764454,0.185495,0.216888,0.156646,0.235453,1.334546,1.053147,1.927606,0.283225,0.957702,0.846357,1.776712,0.219504,0.672065,1.066467,1.967569,0.270162,0.332451,0.296289,0.401177,0.264278,0.689387,0.270850,1.972057,0.532561,0.612489,1.951496,0.399444,1.425846,0.219504,0.255792,1.867821,0.341939,0.744767,1.100214,1.906883,0.000000,0.083561,0.633177,1.543364,0.283520,0.290622,0.279891,1.062532,0.589553,0.523878,0.267371,1.826647,1.640388,0.399444,0.589553,1.928818,0.312335,0.381261,1.909861,0.724541,0.324119,0.979141,0.298795,1.967705,0.695891,1.554459,0.289708,0.313413,0.239869,0.907989,1.875829,0.239235,0.532561,0.331752,0.296679,0.324536,1.069895,1.134749,1.868230,0.282599,0.178436,1.961112,0.319426,1.934436,1.975828,0.364928,0.270784,0.227685,0.309404,1.012079,1.598427,0.833701,1.961249,0.315272,0.349630,0.329237,0.324536,0.236069,0.318738,0.651686,0.248736,0.313232
1.916810,1.495715,0.814843,0.208025,0.190077,0.196748,0.262788,1.375299,1.091540,1.922531,0.320935,0.965469,0.881185,1.772675,0.252391,0.717347,1.079562,1.966645,0.259514,0.367247,0.328627,0.380934,0.285547,0.650842,0.289814,1.975704,0.583944,0.654283,1.952599,0.444989,1.402480,0.252391,0.277930,1.862791,0.377805,0.788087,1.146451,1.918916,0.083561,0.000000,0.683558,1.572978,0.264962,0.325803,0.309731,1.106103,0.640406,0.568876,0.324800,1.843233,1.667291,0.444989,0.640406,1.936464,0.316799,0.359129,1.922601,0.776463,0.315691,1.026571,0.326886,1.965034,0.737324,1.581310,0.309727,0.356332,0.232121,0.958378,1.887896,0.259430,0.583944,0.345165,0.316313,0.362885,1.116597,1.176105,1.874882,0.316237,0.187527,1.956154,0.331081,1.941890,1.971593,0.364206,0.282901,0.237472,0.338870,1.050261,1.606304,0.883005,1.963807,0.299823,0.389061,0.368658,0.362885,0.237720,0.327042,0.697045,0.270295,0.347200
1.718067,1.123847,0.178890,0.562312,0.705567,0.546335,0.523158,0.895203,0.672819,1.896771,0.515245,1.056318,0.554018,1.761694,0.488775,0.293564,1.079578,1.901259,0.680656,0.435461,0.479970,0.750938,0.547309,1.098796,0.545824,1.852426,0.128848,0.340319,1.870513,0.282574,1.647033,0.488775,0.537260,1.876013,0.425135,0.459687,0.609381,1.729050,0.633177,0.683558,0.000000,1.228377,0.708513,0.463022,0.460605,0.592986,0.148220,0.200202,0.467962,1.647449,1.403097,0.282574,0.148220,1.785274,0.630126,0.718002,1.737059,0.291509,0.693214,0.539457,0.501007,1.924950,0.337252,1.221573,0.532795,0.477267,0.649563,0.364781,1.714293,0.561715,0.128848,0.546517,0.564930,0.433498,0.545227,0.677723,1.717891,0.466368,0.600503,1.926594,0.613482,1.775022,1.938057,0.695395,0.563080,0.598343,0.475410,0.654777,1.502283,0.265995,1.861118,0.716025,0.417430,0.426718,0.433498,0.616771,0.577185,0.280991,0.551116,0.466506
0.965651,0.708664,1.166853,1.519042,1.615711,1.495635,1.499107,0.718162,0.879022,1.443297,1.456333,1.284128,1.358766,1.520102,1.482611,1.238128,1.142120,1.274201,1.586410,1.445186,1.455018,1.605156,1.495072,1.801049,1.531817,1.145801,1.292281,1.309871,1.164981,1.384996,1.846407,1.482611,1.522923,1.546578,1.436326,1.122219,0.844037,0.984701,1.543364,1.572978,1.228377,0.000000,1.621389,1.462744,1.472718,0.965497,1.248027,1.331186,1.420094,1.105287,0.879670,1.384996,1.248027,0.993292,1.539625,1.549208,1.103797,1.132826,1.561725,0.958634,1.471934,1.305648,1.195267,0.950343,1.507752,1.420701,1.566557,1.010494,1.143008,1.515829,1.292281,1.497520,1.504754,1.436995,0.919416,0.929682,0.996066,1.455927,1.540338,1.398664,1.503466,1.075499,1.351716,1.547863,1.532396,1.544005,1.472640,0.842100,1.358368,1.096221,1.199582,1.613292,1.412193,1.429344,1.436995,1.552594,1.526202,1.281574,1.510431,1.439224
1.930814,1.521971,0.828016,0.262332,0.201548,0.303746,0.284715,1.406035,1.138761,1.895840,0.437934,1.048745,0.839347,1.733557,0.292947,0.724685,1.175038,1.965580,0.282314,0.397093,0.389444,0.369808,0.346477,0.575636,0.295257,1.976086,0.611270,0.651533,1.960700,0.474599,1.350333,0.292947,0.290628,1.822378,0.409043,0.848314,1.181042,1.933854,0.283520,0.264962,0.708513,1.621389,0.000000,0.368996,0.348295,1.116895,0.670145,0.585238,0.456423,1.821103,1.698673,0.474599,0.670145,1.962583,0.364833,0.409626,1.909594,0.828197,0.355284,1.063270,0.369435,1.964608,0.752291,1.603030,0.345204,0.466983,0.263513,0.983027,1.872358,0.303010,0.611270,0.365888,0.390174,0.407739,1.133297,1.178997,1.892060,0.340615,0.323418,1.937484,0.428065,1.948190,1.962577,0.402663,0.297196,0.268711,0.366825,1.102945,1.580665,0.900656,1.964160,0.272473,0.441821,0.417073,0.407739,0.280856,0.342607,0.671311,0.314063,0.409586
1.871162,1.364776,0.603295,0.197919,0.375288,0.193053,0.167278,1.205098,0.902891,1.940766,0.243271,0.973159,0.780110,1.793673,0.199538,0.501846,1.062863,1.971309,0.284481,0.085297,0.101063,0.394103,0.123600,0.814992,0.135018,1.960244,0.358042,0.455593,1.938301,0.223205,1.526755,0.199538,0.163416,1.894727,0.098201,0.604372,0.955757,1.877215,0.290622,0.325803,0.463022,1.462744,0.368996,0.000000,0.141674,0.919583,0.411277,0.349964,0.243598,1.801082,1.597526,0.223205,0.411277,1.905165,0.276627,0.369002,1.890771,0.565984,0.309553,0.822940,0.177895,1.980868,0.534259,1.478796,0.199999,0.252313,0.244751,0.750741,1.846976,0.119571,0.358042,0.211603,0.238387,0.060153,0.919185,0.987122,1.828946,0.138228,0.236814,1.970515,0.338239,1.911785,1.991527,0.429943,0.156785,0.169315,0.079882,0.903337,1.618429,0.668248,1.957379,0.350774,0.095263,0.064210,0.060153,0.211957,0.230617,0.501806,0.109847,0.083059
