0.000000,1.047492,1.578571,1.853900,1.891950,1.850366,1.843638,1.134165,1.421141,0.860233,1.840116,1.538144,1.597893,1.103398,1.841897,1.645311,1.431462,0.735274,1.885181,1.823949,1.826101,1.891458,1.847974,1.899609,1.861725,0.543815,1.712322,1.689779,0.635099,1.778530,1.679391,1.841897,1.852288,1.013000,1.819537,1.596192,1.351513,0.511290,1.880790,1.889669,1.660939,0.944427,1.897355,1.830954,1.828648,1.384631,1.683204,1.703295,1.826435,0.721765,0.868294,1.778530,1.683204,0.561151,1.864987,1.886897,0.567466,1.608716,1.876214,1.414157,1.822306,0.778965,1.595450,0.990638,1.858209,1.828792,1.889861,1.489534,0.652353,1.860067,1.712322,1.853571,1.849828,1.820627,1.363860,1.332828,0.734441,1.831611,1.870442,0.805586,1.872468,0.571770,0.769328,1.866081,1.865096,1.873055,1.835408,1.445459,1.134705,1.529930,0.693685,1.901447,1.806730,1.816444,1.820627,1.877703,1.870986,1.693198,1.854062,1.821970
1.047492,0.000000,1.035268,1.453923,1.550796,1.446696,1.440060,0.680630,0.905744,1.404620,1.390004,1.299611,1.203192,1.391862,1.416619,1.116411,1.227561,1.343464,1.523887,1.383754,1.385089,1.515066,1.435258,1.748082,1.456880,1.219046,1.184804,1.198942,1.309876,1.295694,1.822500,1.416619,1.442228,1.517327,1.375160,1.124899,0.752051,1.054966,1.508135,1.534485,1.117939,0.770747,1.561885,1.401341,1.401811,0.837873,1.137857,1.224892,1.389034,1.084587,1.033624,1.295694,1.137857,1.124240,1.446649,1.510883,1.129850,1.053213,1.499031,0.943352,1.419678,1.392611,1.118872,0.802404,1.434035,1.405262,1.514511,0.895040,1.085767,1.459880,1.184804,1.422177,1.411515,1.373814,0.794394,0.874285,1.136976,1.403388,1.465595,1.405318,1.501948,1.146738,1.419992,1.529166,1.462110,1.486492,1.407018,1.002292,1.240505,0.966207,1.323034,1.560050,1.354479,1.369993,1.373814,1.491778,1.450998,1.183717,1.451558,1.384090
1.578571,1.035268,0.000000,0.697484,0.840576,0.694348,0.664235,0.733969,0.498127,1.853427,0.685885,1.114152,0.503890,1.715394,0.629816,0.342147,1.119688,1.850378,0.826690,0.592123,0.611431,0.848988,0.679331,1.202705,0.692497,1.767373,0.285579,0.422280,1.806256,0.437183,1.645270,0.629816,0.659067,1.814508,0.581567,0.429021,0.454444,1.643306,0.792926,0.829196,0.181373,1.059757,0.850558,0.609951,0.599473,0.457631,0.261768,0.312011,0.652505,1.467933,1.231899,0.437183,0.261768,1.717527,0.761948,0.845947,1.608109,0.264167,0.815308,0.397720,0.630575,1.879027,0.437813,1.142016,0.661043,0.669947,0.795407,0.249739,1.626904,0.699855,0.285579,0.662113,0.709919,0.585311,0.392317,0.545404,1.674164,0.612575,0.757242,1.875790,0.822019,1.695439,1.894615,0.794483,0.706905,0.737123,0.628175,0.587102,1.449333,0.132326,1.820072,0.850202,0.563443,0.575440,0.585311,0.757421,0.702978,0.343142,0.685041,0.607226
1.853900,1.453923,0.697484,0.000000,0.250901,0.085649,0.076598,1.230524,0.904172,1.932768,0.315160,1.028528,0.801172,1.772536,0.137634,0.580382,1.132274,1.975877,0.213008,0.211975,0.204671,0.369148,0.182269,0.731188,0.174409,1.960472,0.466076,0.507883,1.943956,0.328035,1.397858,0.137634,0.195564,1.852929,0.221080,0.689380,1.009936,1.877373,0.199835,0.215770,0.574306,1.455750,0.287996,0.195223,0.217108,0.987350,0.515693,0.436492,0.281363,1.740828,1.536433,0.328035,0.515693,1.916710,0.338328,0.315134,1.870069,0.633731,0.260302,0.906994,0.221511,1.967160,0.662484,1.547568,0.242367,0.295061,0.211036,0.843958,1.871392,0.174282,0.466076,0.253938,0.318843,0.217093,0.987656,1.024883,1.856959,0.138705,0.235946,1.958976,0.356297,1.918674,1.983026,0.319489,0.179401,0.178024,0.190838,0.927426,1.641300,0.757233,1.958509,0.294224,0.248756,0.228706,0.217093,0.198522,0.281931,0.542066,0.177505,0.224002
1.891950,1.550796,0.840576,0.250901,0.000000,0.256954,0.296672,1.358386,1.065119,1.903720,0.440819,1.114634,0.829474,1.730240,0.264194,0.728836,1.234055,1.961582,0.269496,0.392231,0.392101,0.374953,0.347984,0.547247,0.291027,1.974414,0.634997,0.637889,1.954371,0.502227,1.253582,0.264194,0.301587,1.790384,0.402482,0.825529,1.158974,1.918035,0.210682,0.195112,0.733411,1.572973,0.198892,0.374830,0.398098,1.110453,0.687786,0.603679,0.402051,1.757524,1.604729,0.502227,0.687786,1.957266,0.435627,0.366667,1.881010,0.806296,0.366114,1.052653,0.412057,1.952972,0.812431,1.587675,0.334348,0.405641,0.249722,0.993131,1.882018,0.313145,0.634997,0.373170,0.442356,0.407375,1.125350,1.141190,1.912176,0.344571,0.331606,1.939735,0.373065,1.951275,1.959150,0.293475,0.289151,0.274534,0.365279,1.079540,1.600196,0.908966,1.948784,0.277540,0.444066,0.418240,0.407375,0.267648,0.356460,0.647024,0.326573,0.417956
1.850366,1.446696,0.694348,0.085649,0.256954,0.000000,0.136298,1.220759,0.899904,1.933570,0.295606,1.032731,0.797479,1.777315,0.143434,0.575417,1.131908,1.973417,0.239589,0.221900,0.208540,0.388112,0.186273,0.742790,0.197180,1.959826,0.466487,0.504733,1.943754,0.335588,1.403681,0.143434,0.214851,1.855458,0.229352,0.677952,1.003261,1.874713,0.162967,0.194716,0.573745,1.446461,0.301591,0.212821,0.233140,0.980775,0.512609,0.441165,0.231186,1.739112,1.525323,0.335588,0.512609,1.913410,0.339725,0.324182,1.865886,0.629708,0.280671,0.896425,0.239045,1.967720,0.657080,1.533726,0.246503,0.251570,0.222477,0.838912,1.875511,0.194308,0.466487,0.270419,0.311420,0.229276,0.981691,1.013373,1.854535,0.168270,0.222905,1.957848,0.326904,1.916341,1.981818,0.323013,0.198860,0.198740,0.202430,0.926607,1.642289,0.753170,1.955657,0.314590,0.256878,0.240878,0.229276,0.204938,0.297062,0.548509,0.196605,0.234229
1.843638,1.440060,0.664235,0.076598,0.296672,0.136298,0.000000,1.208675,0.875998,1.937306,0.320525,1.043160,0.788070,1.777487,0.145237,0.552072,1.141505,1.976568,0.237729,0.189556,0.177301,0.368065,0.167752,0.759686,0.170776,1.954512,0.427705,0.483139,1.943693,0.289493,1.416840,0.145237,0.178940,1.862263,0.198070,0.674119,0.981813,1.869869,0.249804,0.265014,0.537367,1.439076,0.307667,0.164737,0.181851,0.956438,0.479651,0.397134,0.289173,1.737976,1.523844,0.289493,0.479651,1.912601,0.350315,0.327530,1.865458,0.601157,0.276912,0.876983,0.182180,1.969288,0.634900,1.534790,0.228722,0.296577,0.233682,0.811865,1.866401,0.166800,0.427705,0.229573,0.330906,0.187323,0.960348,0.998489,1.850472,0.087895,0.265071,1.962600,0.371070,1.911705,1.985711,0.343044,0.179751,0.182289,0.171331,0.907227,1.640892,0.725510,1.959561,0.307558,0.215581,0.195968,0.187323,0.217125,0.264825,0.506560,0.164248,0.192727
1.134165,0.680630,0.733969,1.230524,1.358386,1.220759,1.208675,0.000000,0.495457,1.553509,1.208634,1.162049,0.995638,1.489202,1.193626,0.778450,1.097414,1.540239,1.322894,1.143187,1.142320,1.341541,1.200870,1.624818,1.235738,1.395352,0.920322,0.873151,1.429492,1.047095,1.814879,1.193626,1.216410,1.602534,1.132926,0.828372,0.379389,1.227707,1.318237,1.347021,0.846882,0.653871,1.379690,1.166372,1.163605,0.481210,0.855369,0.935421,1.188727,1.118667,1.043811,1.047095,0.855369,1.288466,1.278848,1.319225,1.249276,0.749682,1.303325,0.587229,1.171811,1.560555,0.785149,0.836832,1.229793,1.204588,1.309854,0.589880,1.236829,1.237290,0.920322,1.214792,1.228041,1.137779,0.406217,0.431808,1.297226,1.167415,1.273797,1.572551,1.330164,1.298690,1.590737,1.322722,1.236364,1.271544,1.169152,0.720435,1.297574,0.628689,1.478601,1.379388,1.110822,1.133216,1.137779,1.277674,1.260105,0.938714,1.222699,1.147371
1.421141,0.905744,0.498127,0.904172,1.065119,0.899904,0.875998,0.495457,0.000000,1.733203,0.894667,1.005896,0.847398,1.616373,0.878013,0.503207,0.987464,1.745854,1.007053,0.809109,0.806259,1.041529,0.867720,1.392335,0.913868,1.640649,0.620148,0.590375,1.661870,0.727999,1.758091,0.878013,0.888551,1.754482,0.797355,0.512230,0.399573,1.492999,1.015177,1.044958,0.571354,0.839683,1.080173,0.835525,0.835589,0.455391,0.564777,0.619636,0.883371,1.355833,1.219808,0.727999,0.564777,1.536699,0.973752,1.008090,1.511383,0.497844,0.984200,0.434786,0.843234,1.756009,0.492181,1.106376,0.918018,0.897665,0.989870,0.451393,1.490739,0.907743,0.620148,0.894587,0.913798,0.807462,0.389121,0.380345,1.498808,0.829164,0.959611,1.755334,1.035038,1.548552,1.785920,1.010934,0.908319,0.945359,0.836633,0.557525,1.455277,0.403934,1.702738,1.066512,0.777900,0.802698,0.807462,0.953883,0.952131,0.671425,0.893270,0.813285
0.860233,1.404620,1.853427,1.932768,1.903720,1.933570,1.937306,1.553509,1.733203,0.000000,1.948375,1.648254,1.798616,0.532343,1.939783,1.853730,1.624396,0.522705,1.912686,1.939379,1.937706,1.901598,1.937338,1.749979,1.931058,0.592303,1.919196,1.860753,0.593322,1.940908,1.307720,1.939783,1.929717,0.489883,1.939042,1.829770,1.722766,0.796968,1.929712,1.928574,1.901045,1.432190,1.908230,1.943681,1.951649,1.711122,1.903201,1.912911,1.946456,0.873237,1.378468,1.940908,1.903201,0.756961,1.935458,1.913487,0.745489,1.882531,1.923055,1.757411,1.950314,0.435861,1.857754,1.290963,1.938945,1.946040,1.926763,1.805986,0.709166,1.938328,1.919196,1.937280,1.936856,1.942960,1.722791,1.659550,0.820864,1.939574,1.938935,0.242583,1.931041,0.679246,0.428279,1.897471,1.928446,1.933846,1.937220,1.790845,1.064244,1.826032,0.500434,1.923380,1.944480,1.945552,1.942960,1.930641,1.934541,1.881170,1.937720,1.947157
1.840116,1.390004,0.685885,0.315160,0.440819,0.295606,0.320525,1.208634,0.894667,1.948375,0.000000,1.023987,0.842388,1.819301,0.312187,0.622171,1.101138,1.958132,0.354010,0.291680,0.280213,0.440244,0.282055,0.856607,0.310981,1.947848,0.453815,0.583405,1.932114,0.332901,1.489941,0.312187,0.313296,1.903679,0.292753,0.693786,0.975306,1.854075,0.315259,0.332477,0.546806,1.433500,0.475636,0.280028,0.260828,0.986679,0.507945,0.466974,0.235532,1.770463,1.502584,0.332901,0.507945,1.881342,0.205814,0.407426,1.879127,0.593670,0.311040,0.897036,0.298172,1.961547,0.677380,1.528158,0.306665,0.245939,0.329087,0.815488,1.875063,0.290271,0.453815,0.314430,0.176161,0.280631,0.971105,1.045870,1.813300,0.297305,0.205052,1.957704,0.308874,1.897390,1.981813,0.452651,0.307771,0.305971,0.286779,0.914757,1.683833,0.744371,1.949742,0.393672,0.288835,0.282955,0.280631,0.305029,0.340292,0.595948,0.300028,0.273913
1.538144,1.299611,1.114152,1.028528,1.114634,1.032731,1.043160,1.162049,1.005896,1.648254,1.023987,0.000000,1.293412,1.577571,1.067788,1.068373,0.259855,1.689870,1.036557,1.033238,1.027905,1.163239,1.031489,1.317849,1.065654,1.632504,1.059290,1.072075,1.553621,1.035376,1.636867,1.067788,1.082726,1.657924,1.030413,0.948862,1.132119,1.590880,1.074075,1.072406,1.075700,1.167542,1.176612,1.048334,1.030806,1.227895,1.058705,1.065178,1.073448,1.440885,1.459966,1.035376,1.058705,1.500294,1.008680,1.050549,1.636673,1.053989,0.988376,1.128242,1.042969,1.627115,1.025964,1.566951,1.142737,1.098021,1.037670,1.125064,1.543409,1.044684,1.059290,1.115392,0.985939,1.037263,1.149288,1.216207,1.481244,1.046270,1.014039,1.647540,1.141313,1.615610,1.673330,1.029682,1.048972,1.057735,1.041619,0.921255,1.618340,1.092809,1.627789,1.112917,1.033650,1.041796,1.037263,1.031999,1.159089,1.187905,1.042074,1.030966
1.597893,1.203192,0.503890,0.801172,0.829474,0.797479,0.788070,0.995638,0.847398,1.798616,0.842388,1.293412,0.000000,1.661489,0.726315,0.688511,1.299284,1.824313,0.912071,0.762255,0.799818,0.917523,0.830901,1.062910,0.797955,1.761143,0.613690,0.702000,1.809252,0.676278,1.460340,0.726315,0.755271,1.677535,0.759320,0.610670,0.782242,1.702545,0.837637,0.867217,0.571456,1.224094,0.826706,0.770425,0.775692,0.760329,0.629906,0.608154,0.784204,1.423656,1.263215,0.676278,0.629906,1.779275,0.879176,0.961399,1.550537,0.644648,0.930807,0.689087,0.800879,1.854144,0.761621,1.186027,0.733281,0.785408,0.872892,0.624561,1.620026,0.822111,0.613690,0.775701,0.848168,0.768162,0.681984,0.783695,1.743145,0.766655,0.860514,1.829289,0.870991,1.715515,1.841991,0.810924,0.820712,0.834090,0.785291,0.856026,1.324235,0.574454,1.778602,0.881647,0.771504,0.761610,0.768162,0.850231,0.776058,0.510271,0.814319,0.798988
1.103398,1.391862,1.715394,1.772536,1.730240,1.777315,1.777487,1.489202,1.616373,0.532343,1.819301,1.577571,1.661489,0.000000,1.781134,1.689905,1.613404,0.901975,1.751819,1.787238,1.783315,1.737436,1.783143,1.579541,1.766073,0.970908,1.770755,1.684948,0.965995,1.786918,1.159267,1.781134,1.759598,0.599211,1.787095,1.692470,1.633859,1.072381,1.777130,1.777587,1.761151,1.485814,1.745446,1.791487,1.807262,1.590558,1.755612,1.763689,1.805395,0.903528,1.496662,1.786918,1.755612,1.099034,1.802766,1.755283,0.960889,1.759406,1.774069,1.635358,1.816196,0.840058,1.721701,1.240701,1.785783,1.806019,1.766074,1.687850,0.897866,1.782996,1.770755,1.783971,1.801389,1.791486,1.618206,1.524648,1.156961,1.780147,1.799175,0.736298,1.792607,1.001653,0.844995,1.733300,1.762412,1.775469,1.783493,1.729643,0.980346,1.696086,0.858126,1.768179,1.800787,1.798120,1.791486,1.773019,1.778684,1.711681,1.781446,1.805392
1.841897,1.416619,0.629816,0.137634,0.264194,0.143434,0.145237,1.193626,0.878013,1.939783,0.312187,1.067788,0.726315,1.781134,0.000000,0.531254,1.160263,1.972566,0.299047,0.196411,0.205142,0.391717,0.210848,0.765014,0.191492,1.954937,0.401794,0.464432,1.947156,0.272613,1.414364,0.000000,0.189090,1.860676,0.201694,0.653455,0.957794,1.870708,0.235257,0.257787,0.505863,1.434389,0.302484,0.186819,0.200641,0.927059,0.455913,0.382751,0.255192,1.727930,1.513028,0.272613,0.455913,1.916843,0.370741,0.362021,1.853371,0.576736,0.338536,0.860817,0.229668,1.971661,0.614698,1.502227,0.217845,0.272804,0.252263,0.780440,1.859276,0.202662,0.401794,0.241108,0.347562,0.202166,0.931347,0.979769,1.857926,0.148222,0.275556,1.965228,0.362166,1.911516,1.986325,0.345480,0.205374,0.213647,0.192639,0.899832,1.616631,0.696724,1.954519,0.330973,0.228144,0.207873,0.202166,0.226997,0.267355,0.461208,0.203200,0.220031
1.645311,1.116411,0.342147,0.580382,0.728836,0.575417,0.552072,0.778450,0.503207,1.853730,0.622171,1.068373,0.688511,1.689905,0.531254,0.000000,1.120628,1.885803,0.699224,0.479664,0.481680,0.725757,0.553137,1.113188,0.576690,1.814408,0.293203,0.132594,1.835670,0.395836,1.604217,0.531254,0.563950,1.815115,0.468060,0.517901,0.564152,1.685362,0.699232,0.733797,0.316526,1.159378,0.755077,0.509419,0.521394,0.499113,0.227513,0.306380,0.583396,1.547723,1.366773,0.395836,0.227513,1.756429,0.703215,0.689967,1.694790,0.335674,0.706268,0.548151,0.547544,1.895027,0.391672,1.221135,0.586978,0.600640,0.672634,0.426147,1.662452,0.588520,0.293203,0.569379,0.650987,0.481857,0.533925,0.561578,1.720025,0.500594,0.667100,1.890739,0.739261,1.755091,1.912480,0.705201,0.577400,0.623363,0.506606,0.692952,1.479164,0.330769,1.855456,0.761757,0.460535,0.481467,0.481857,0.638276,0.622644,0.354963,0.575027,0.502090
1.431462,1.227561,1.119688,1.132274,1.234055,1.131908,1.141505,1.097414,0.987464,1.624396,1.101138,0.259855,1.299284,1.613404,1.160263,1.120628,0.000000,1.628589,1.157192,1.119186,1.119215,1.277271,1.129695,1.442137,1.170819,1.543451,1.105553,1.144821,1.472180,1.104620,1.718884,1.160263,1.185254,1.661410,1.114916,0.960840,1.085328,1.502440,1.177185,1.178136,1.101410,1.037007,1.282538,1.136907,1.114136,1.213333,1.098809,1.112800,1.149655,1.383177,1.348988,1.104620,1.098809,1.391199,1.098629,1.171646,1.553902,1.064214,1.099789,1.100706,1.119588,1.578129,1.047294,1.516073,1.228258,1.171949,1.155065,1.106524,1.479640,1.146227,1.105553,1.202986,1.069326,1.122709,1.108917,1.199842,1.364960,1.138380,1.107974,1.599003,1.230403,1.510750,1.618745,1.142094,1.158808,1.165078,1.133669,0.860424,1.625407,1.088609,1.563641,1.226162,1.111480,1.123031,1.122709,1.142564,1.249241,1.238693,1.142020,1.113192
0.735274,1.343464,1.850378,1.975877,1.961582,1.973417,1.976568,1.540239,1.745854,0.522705,1.958132,1.689870,1.824313,0.901975,1.972566,1.885803,1.628589,0.000000,1.971555,1.970028,1.970983,1.956799,1.975953,1.855626,1.976725,0.479613,1.927486,1.905926,0.455848,1.956871,1.451576,1.972566,1.975102,0.774676,1.968916,1.857426,1.695268,0.652666,1.969209,1.968027,1.898320,1.332982,1.967604,1.973041,1.973370,1.709548,1.913114,1.926694,1.960651,0.939524,1.267285,1.956871,1.913114,0.561974,1.958913,1.962435,0.662912,1.875909,1.969976,1.764099,1.969739,0.414839,1.860308,1.233476,1.973317,1.961898,1.975114,1.788905,0.705624,1.977021,1.927486,1.971081,1.958577,1.969855,1.707439,1.685355,0.755977,1.974229,1.967482,0.442598,1.960341,0.580638,0.332220,1.962024,1.974496,1.977635,1.972474,1.736694,1.122366,1.822422,0.419335,1.970351,1.965459,1.968742,1.969855,1.974558,1.972092,1.907462,1.976387,1.969602
1.885181,1.523887,0.826690,0.213008,0.269496,0.239589,0.237729,1.322894,1.007053,1.912686,0.354010,1.036557,0.912071,1.751819,0.299047,0.699224,1.157192,1.971555,0.000000,0.310707,0.292446,0.333315,0.235972,0.634757,0.218904,1.968373,0.595231,0.616253,1.942022,0.448271,1.348205,0.299047,0.258323,1.830847,0.321527,0.794868,1.128490,1.895004,0.250590,0.235055,0.702007,1.543503,0.309848,0.286337,0.313152,1.095603,0.646899,0.564051,0.387950,1.777240,1.587049,0.448271,0.646899,1.931138,0.311530,0.284113,1.903771,0.762569,0.161543,1.022247,0.313503,1.953531,0.770356,1.611700,0.319958,0.388092,0.187464,0.974153,1.889887,0.213874,0.595231,0.325653,0.314882,0.318076,1.110526,1.129331,1.869161,0.279719,0.227187,1.941214,0.371777,1.941411,1.972904,0.310788,0.209746,0.186252,0.273954,1.038337,1.667872,0.885134,1.960156,0.256708,0.349375,0.330570,0.318076,0.199674,0.329852,0.672662,0.228562,0.312243
1.823949,1.383754,0.592123,0.211975,0.392231,0.221900,0.189556,1.143187,0.809109,1.939379,0.291680,1.033238,0.762255,1.787238,0.196411,0.479664,1.119186,1.970028,0.310707,0.000000,0.124030,0.403364,0.154691,0.833013,0.145815,1.941848,0.349384,0.427294,1.935223,0.222788,1.478875,0.196411,0.199802,1.882652,0.020131,0.601750,0.910833,1.850013,0.333732,0.354379,0.457741,1.387797,0.409689,0.081514,0.154765,0.886820,0.397299,0.331229,0.288765,1.727786,1.496754,0.222788,0.397299,1.894430,0.340712,0.349589,1.854231,0.525841,0.320297,0.811458,0.184607,1.971373,0.562533,1.485439,0.249267,0.293416,0.263186,0.737869,1.851994,0.161825,0.349384,0.227807,0.309258,0.065737,0.892014,0.938437,1.824190,0.148281,0.277009,1.961036,0.394019,1.894874,1.989078,0.380484,0.164691,0.200501,0.055863,0.854203,1.636912,0.651787,1.957740,0.358486,0.096701,0.082514,0.065737,0.226087,0.278963,0.464530,0.155098,0.111211
1.826101,1.385089,0.611431,0.204671,0.392101,0.208540,0.177301,1.142320,0.806259,1.937706,0.280213,1.027905,0.799818,1.783315,0.205142,0.481680,1.119215,1.970983,0.292446,0.124030,0.000000,0.384072,0.087520,0.843386,0.172891,1.939905,0.363486,0.423893,1.933164,0.234297,1.485487,0.205142,0.176734,1.884168,0.125498,0.617474,0.916701,1.849928,0.323415,0.341109,0.476251,1.398725,0.416215,0.096364,0.143231,0.884763,0.407636,0.346560,0.270052,1.737730,1.512149,0.234297,0.407636,1.889475,0.350148,0.328429,1.864479,0.530574,0.301014,0.818912,0.172632,1.969034,0.568076,1.491226,0.249973,0.281747,0.255457,0.751950,1.850751,0.144165,0.363486,0.221260,0.314730,0.102025,0.902845,0.941083,1.823169,0.131550,0.266589,1.960612,0.386887,1.897584,1.989022,0.399610,0.173425,0.188043,0.110297,0.869851,1.646912,0.664758,1.959960,0.361008,0.102607,0.105305,0.102025,0.219744,0.277331,0.484535,0.129420,0.078829
1.891458,1.515066,0.848988,0.369148,0.374953,0.388112,0.368065,1.341541,1.041529,1.901598,0.440244,1.163239,0.917523,1.737436,0.391717,0.725757,1.277271,1.956799,0.333315,0.403364,0.384072,0.000000,0.341746,0.690378,0.327923,1.957107,0.624506,0.650204,1.943563,0.500208,1.321112,0.391717,0.334457,1.827586,0.411883,0.847217,1.148507,1.909498,0.401028,0.389627,0.726133,1.563835,0.387622,0.379180,0.394224,1.099038,0.672838,0.616184,0.460485,1.817135,1.641974,0.500208,0.672838,1.934369,0.417519,0.335255,1.921576,0.802867,0.376276,1.046840,0.416024,1.949541,0.813681,1.607958,0.290992,0.439108,0.300870,0.989531,1.878221,0.323060,0.624506,0.258735,0.461138,0.405414,1.124586,1.140848,1.870625,0.371412,0.408943,1.932466,0.396851,1.928632,1.963748,0.420480,0.317324,0.298587,0.371678,1.099347,1.646765,0.907614,1.955489,0.295234,0.429716,0.414948,0.405414,0.320543,0.222972,0.683927,0.337321,0.402166
1.847974,1.435258,0.679331,0.182269,0.347984,0.186273,0.167752,1.200870,0.867720,1.937338,0.282055,1.031489,0.830901,1.783143,0.210848,0.553137,1.129695,1.975953,0.235972,0.154691,0.087520,0.341746,0.000000,0.791769,0.138599,1.951596,0.434365,0.489003,1.939358,0.295359,1.451086,0.210848,0.159428,1.877101,0.162777,0.658177,0.984258,1.872332,0.283006,0.291567,0.545520,1.438911,0.368004,0.115761,0.164362,0.951453,0.481613,0.416232,0.275797,1.757340,1.538625,0.295359,0.481613,1.906127,0.324589,0.289912,1.882818,0.602926,0.250889,0.877326,0.182593,1.970373,0.623538,1.532782,0.235646,0.280140,0.193467,0.820974,1.872446,0.089380,0.434365,0.210588,0.302203,0.142683,0.968603,0.999459,1.838791,0.148757,0.233502,1.960173,0.350317,1.914403,1.988737,0.360815,0.135794,0.126077,0.120126,0.921416,1.662825,0.735030,1.964416,0.305083,0.160981,0.150367,0.142683,0.165069,0.253835,0.543259,0.076560,0.119321
1.899609,1.748082,1.202705,0.731188,0.547247,0.742790,0.759686,1.624818,1.392335,1.749979,0.856607,1.317849,1.062910,1.579541,0.765014,1.113188,1.442137,1.855626,0.634757,0.833013,0.843386,0.690378,0.791769,0.000000,0.722291,1.913461,1.050606,1.016021,1.899821,0.936637,0.929227,0.765014,0.734676,1.585491,0.843934,1.178217,1.492328,1.907325,0.662215,0.637791,1.127296,1.775535,0.564616,0.820715,0.844501,1.409803,1.101451,1.008350,0.851182,1.754843,1.700213,0.936637,1.101451,1.954262,0.796781,0.716174,1.841879,1.212951,0.729509,1.380386,0.846693,1.831123,1.196028,1.677159,0.754061,0.834373,0.668866,1.353203,1.845888,0.752572,1.050606,0.791449,0.822602,0.854943,1.448355,1.412291,1.928960,0.804204,0.745424,1.805178,0.719847,1.927913,1.822888,0.604124,0.722180,0.705254,0.803151,1.403814,1.505607,1.271757,1.849169,0.608446,0.890434,0.865274,0.854943,0.699611,0.751415,1.009823,0.767733,0.864325
1.861725,1.456880,0.692497,0.174409,0.291027,0.197180,0.170776,1.235738,0.913868,1.931058,0.310981,1.065654,0.797955,1.766073,0.191492,0.576690,1.170819,1.976725,0.218904,0.145815,0.172891,0.327923,0.138599,0.722291,0.000000,1.961509,0.453125,0.505310,1.951665,0.311137,1.402211,0.191492,0.136377,1.857107,0.161186,0.686375,1.016258,1.886471,0.265699,0.274165,0.562082,1.471104,0.314736,0.125750,0.196464,0.980131,0.506574,0.432247,0.309820,1.750660,1.551833,0.311137,0.506574,1.928326,0.320540,0.297154,1.878151,0.634841,0.267813,0.904985,0.226323,1.971489,0.664272,1.535446,0.222262,0.306336,0.165532,0.842881,1.875282,0.105927,0.453125,0.213235,0.314813,0.155579,0.993610,1.025155,1.862152,0.170890,0.245324,1.958984,0.341403,1.927044,1.987408,0.317488,0.074817,0.107021,0.106813,0.953657,1.633650,0.758535,1.964842,0.250206,0.203385,0.173286,0.155579,0.149464,0.235718,0.527417,0.113351,0.184255
0.543815,1.219046,1.767373,1.960472,1.974414,1.959826,1.954512,1.395352,1.640649,0.592303,1.947848,1.632504,1.761143,0.970908,1.954937,1.814408,1.543451,0.479613,1.968373,1.941848,1.939905,1.957107,1.951596,1.913461,1.961509,0.000000,1.865550,1.847940,0.409621,1.912947,1.566976,1.954937,1.957856,0.838211,1.939722,1.771834,1.572180,0.531922,1.971903,1.975001,1.826263,1.182333,1.970513,1.945589,1.943896,1.599429,1.842212,1.868778,1.943434,0.829995,1.117883,1.912947,1.842212,0.423575,1.956136,1.958026,0.584354,1.791205,1.960239,1.636211,1.940935,0.476918,1.782577,1.164701,1.957959,1.945253,1.974761,1.683679,0.546625,1.959499,1.865550,1.950190,1.949391,1.939215,1.589993,1.572389,0.576410,1.946632,1.962587,0.487564,1.956124,0.413246,0.454315,1.954722,1.963508,1.966108,1.947218,1.639154,1.147783,1.728680,0.458072,1.972906,1.930092,1.936548,1.939215,1.971352,1.956964,1.852154,1.955934,1.937511
1.712322,1.184804,0.285579,0.466076,0.634997,0.466487,0.427705,0.920322,0.620148,1.919196,0.453815,1.059290,0.613690,1.770755,0.401794,0.293203,1.105553,1.927486,0.595231,0.349384,0.363486,0.624506,0.434365,1.050606,0.453125,1.865550,0.000000,0.320189,1.885854,0.177278,1.584079,0.401794,0.430723,1.876534,0.338985,0.475042,0.645211,1.752736,0.571451,0.606490,0.127185,1.218009,0.643861,0.362944,0.346578,0.636906,0.100563,0.155311,0.431434,1.617704,1.365661,0.177278,0.100563,1.810182,0.538281,0.612571,1.750128,0.266155,0.581217,0.570991,0.389581,1.939192,0.425931,1.313351,0.435765,0.449671,0.559236,0.442791,1.747641,0.456837,0.000000,0.426584,0.490417,0.335749,0.621634,0.727175,1.756061,0.368763,0.527247,1.940096,0.603138,1.804027,1.959326,0.602056,0.468089,0.497630,0.383999,0.675577,1.557451,0.356409,1.904304,0.625276,0.315052,0.326776,0.335749,0.523001,0.474518,0.289109,0.442971,0.357582
1.689779,1.198942,0.422280,0.507883,0.637889,0.504733,0.483139,0.873151,0.590375,1.860753,0.583405,1.072075,0.702000,1.684948,0.464432,0.132594,1.144821,1.905926,0.616253,0.427294,0.423893,0.650204,0.489003,1.016021,0.505310,1.847940,0.320189,0.000000,1.863670,0.370401,1.542070,0.464432,0.491169,1.803436,0.417551,0.562384,0.680770,1.726868,0.626948,0.659186,0.375398,1.241277,0.673889,0.454755,0.470795,0.588517,0.287193,0.301694,0.543703,1.580467,1.417096,0.370401,0.287193,1.799829,0.655478,0.613309,1.729988,0.420620,0.640854,0.635577,0.498807,1.910311,0.434668,1.273695,0.527140,0.560168,0.594920,0.541315,1.692445,0.521401,0.320189,0.512535,0.606284,0.435976,0.644380,0.638167,1.768429,0.437950,0.605911,1.904226,0.682164,1.797473,1.925750,0.617166,0.501739,0.549172,0.446729,0.762720,1.480851,0.434580,1.877268,0.683155,0.421111,0.438330,0.435976,0.563219,0.563595,0.354366,0.510023,0.455952
0.635099,1.309876,1.806256,1.943956,1.954371,1.943754,1.943693,1.429492,1.661870,0.593322,1.932114,1.553621,1.809252,0.965995,1.947156,1.835670,1.472180,0.455848,1.942022,1.935223,1.933164,1.943563,1.939358,1.899821,1.951665,0.409621,1.885854,1.863670,0.000000,1.920061,1.552325,1.947156,1.952881,0.818542,1.933282,1.784293,1.613234,0.618526,1.953062,1.952306,1.854855,1.219543,1.959920,1.939254,1.936240,1.660201,1.864071,1.888784,1.938673,0.869242,1.196551,1.920061,1.864071,0.429616,1.930984,1.936151,0.686170,1.813798,1.929462,1.680228,1.930751,0.485636,1.789080,1.284501,1.955573,1.943015,1.952908,1.726998,0.653293,1.945457,1.885854,1.947779,1.926547,1.933369,1.631699,1.623792,0.597647,1.940539,1.940835,0.481262,1.952574,0.520621,0.455353,1.945637,1.950214,1.951162,1.939677,1.658722,1.249632,1.764128,0.489518,1.960233,1.925301,1.931941,1.933369,1.950929,1.954219,1.889165,1.942858,1.930357
1.778530,1.295694,0.437183,0.328035,0.502227,0.335588,0.289493,1.047095,0.727999,1.940908,0.332901,1.035376,0.676278,1.786918,0.272613,0.395836,1.104620,1.956871,0.448271,0.222788,0.234297,0.500208,0.295359,0.936637,0.311137,1.912947,0.177278,0.370401,1.920061,0.000000,1.523938,0.272613,0.290026,1.887893,0.215881,0.535273,0.790670,1.813425,0.435238,0.464072,0.283146,1.315110,0.518581,0.223140,0.186536,0.777024,0.256483,0.196896,0.328502,1.678371,1.434924,0.000000,0.256483,1.860917,0.407795,0.479303,1.810624,0.389807,0.437310,0.692945,0.255335,1.959629,0.488485,1.410754,0.315056,0.349717,0.410157,0.600256,1.806695,0.310942,0.177278,0.299346,0.366854,0.205070,0.770053,0.852717,1.803680,0.232888,0.387616,1.962234,0.485401,1.858195,1.982250,0.473876,0.324697,0.349821,0.251078,0.759430,1.600962,0.511652,1.935760,0.479016,0.195610,0.197137,0.205070,0.375904,0.352211,0.352989,0.299486,0.226659
1.679391,1.822500,1.645270,1.397858,1.253582,1.403681,1.416840,1.814879,1.758091,1.307720,1.489941,1.636867,1.460340,1.159267,1.414364,1.604217,1.718884,1.451576,1.348205,1.478875,1.485487,1.321112,1.451086,0.929227,1.402211,1.566976,1.584079,1.542070,1.552325,1.523938,0.000000,1.414364,1.403854,1.093432,1.485304,1.650242,1.795717,1.647103,1.335472,1.324016,1.621093,1.852706,1.240792,1.469142,1.476567,1.719803,1.611408,1.562812,1.463135,1.538751,1.680331,1.523938,1.611408,1.684039,1.437634,1.386775,1.526589,1.682893,1.392281,1.716169,1.479739,1.414025,1.622721,1.627202,1.398193,1.459551,1.365086,1.725569,1.527744,1.422814,1.584079,1.428305,1.462933,1.492270,1.757329,1.688436,1.728037,1.447513,1.414548,1.393658,1.374289,1.572942,1.364756,1.291409,1.402984,1.391608,1.462649,1.741167,1.287755,1.691004,1.459768,1.307139,1.517817,1.499127,1.492270,1.388527,1.386698,1.510662,1.430278,1.502235
1.841897,1.416619,0.629816,0.137634,0.264194,0.143434,0.145237,1.193626,0.878013,1.939783,0.312187,1.067788,0.726315,1.781134,0.000000,0.531254,1.160263,1.972566,0.299047,0.196411,0.205142,0.391717,0.210848,0.765014,0.191492,1.954937,0.401794,0.464432,1.947156,0.272613,1.414364,0.000000,0.189090,1.860676,0.201694,0.653455,0.957794,1.870708,0.235257,0.257787,0.505863,1.434389,0.302484,0.186819,0.200641,0.927059,0.455913,0.382751,0.255192,1.727930,1.513028,0.272613,0.455913,1.916843,0.370741,0.362021,1.853371,0.576736,0.338536,0.860817,0.229668,1.971661,0.614698,1.502227,0.217845,0.272804,0.252263,0.780440,1.859276,0.202662,0.401794,0.241108,0.347562,0.202166,0.931347,0.979769,1.857926,0.148222,0.275556,1.965228,0.362166,1.911516,1.986325,0.345480,0.205374,0.213647,0.192639,0.899832,1.616631,0.696724,1.954519,0.330973,0.228144,0.207873,0.202166,0.226997,0.267355,0.461208,0.203200,0.220031
1.852288,1.442228,0.659067,0.195564,0.301587,0.214851,0.178940,1.216410,0.888551,1.929717,0.313296,1.082726,0.755271,1.759598,0.189090,0.563950,1.185254,1.975102,0.258323,0.199802,0.176734,0.334457,0.159428,0.734676,0.136377,1.957856,0.430723,0.491169,1.952881,0.290026,1.403854,0.189090,0.000000,1.850102,0.209543,0.658321,0.993127,1.884698,0.278131,0.292460,0.534934,1.457721,0.320603,0.154637,0.196064,0.950364,0.489623,0.406650,0.294342,1.736470,1.541890,0.290026,0.489623,1.929115,0.346685,0.334846,1.866385,0.608152,0.299503,0.873289,0.233861,1.971492,0.651951,1.510975,0.190496,0.291691,0.202545,0.817221,1.864335,0.137952,0.430723,0.202791,0.335735,0.191955,0.966197,0.995598,1.865421,0.163869,0.276712,1.959934,0.345049,1.923651,1.988010,0.323299,0.138626,0.139075,0.173796,0.938320,1.604367,0.730131,1.960625,0.249021,0.224924,0.197331,0.191955,0.185228,0.217099,0.484493,0.142862,0.205412
1.013000,1.517327,1.814508,1.852929,1.790384,1.855458,1.862263,1.602534,1.754482,0.489883,1.903679,1.657924,1.677535,0.599211,1.860676,1.815115,1.661410,0.774676,1.830847,1.882652,1.884168,1.827586,1.877101,1.585491,1.857107,0.838211,1.876534,1.803436,0.818542,1.887893,1.093432,1.860676,1.850102,0.000000,1.883821,1.790621,1.750993,1.031439,1.843538,1.842990,1.865019,1.530331,1.799733,1.884123,1.895073,1.713424,1.868464,1.862372,1.891437,0.870175,1.428055,1.887893,1.868464,1.034202,1.873077,1.847670,0.825167,1.867748,1.856557,1.751528,1.897014,0.726047,1.838562,1.320518,1.861589,1.891762,1.847837,1.802143,0.811189,1.870233,1.876534,1.874808,1.877747,1.889980,1.722324,1.639316,1.162362,1.873776,1.876055,0.615099,1.866198,0.973703,0.624673,1.792007,1.855315,1.858641,1.878163,1.798491,0.927421,1.802892,0.734558,1.833129,1.898288,1.893901,1.889980,1.855430,1.862195,1.811595,1.870413,1.899289
1.819537,1.375160,0.581567,0.221080,0.402482,0.229352,0.198070,1.132926,0.797355,1.939042,0.292753,1.030413,0.759320,1.787095,0.201694,0.468060,1.114916,1.968916,0.321527,0.020131,0.125498,0.411883,0.162777,0.843934,0.161186,1.939722,0.338985,0.417551,1.933282,0.215881,1.485304,0.201694,0.209543,1.883821,0.000000,0.593679,0.899601,1.845752,0.343311,0.365141,0.447289,1.380036,0.421141,0.090782,0.158534,0.875632,0.385671,0.321617,0.289218,1.725101,1.492006,0.215881,0.385671,1.890842,0.345637,0.355673,1.851891,0.515550,0.328153,0.801946,0.189534,1.970765,0.551160,1.478779,0.255957,0.295595,0.274793,0.726764,1.848061,0.172524,0.338985,0.235347,0.311809,0.070460,0.880793,0.928165,1.820946,0.153571,0.283832,1.960689,0.402381,1.891367,1.988616,0.387828,0.177070,0.212298,0.072049,0.846058,1.635990,0.640207,1.956955,0.372318,0.093228,0.084511,0.070460,0.235976,0.286994,0.458637,0.165143,0.113065
1.596192,1.124899,0.429021,0.689380,0.825529,0.677952,0.674119,0.828372,0.512230,1.829770,0.693786,0.948862,0.610670,1.692470,0.653455,0.517901,0.960840,1.857426,0.794868,0.601750,0.617474,0.847217,0.658177,1.178217,0.686375,1.771834,0.475042,0.562384,1.784293,0.535273,1.650242,0.653455,0.658321,1.790621,0.593679,0.000000,0.622568,1.689475,0.766640,0.795404,0.447078,1.042427,0.843362,0.622914,0.630386,0.683235,0.465523,0.485486,0.658072,1.444150,1.295946,0.535273,0.465523,1.717296,0.747308,0.808721,1.628115,0.448032,0.770510,0.471362,0.653508,1.865498,0.518081,1.279504,0.690168,0.663312,0.755604,0.500188,1.648570,0.681735,0.475042,0.682004,0.692817,0.603359,0.576800,0.666631,1.653282,0.633014,0.731709,1.846592,0.795254,1.713945,1.883886,0.743071,0.690209,0.714175,0.629866,0.593730,1.515590,0.435487,1.808925,0.821294,0.590347,0.598708,0.603359,0.723487,0.729119,0.551133,0.669251,0.619928
1.351513,0.752051,0.454444,1.009936,1.158974,1.003261,0.981813,0.379389,0.399573,1.722766,0.975306,1.132119,0.782242,1.633859,0.957794,0.564152,1.085328,1.695268,1.128490,0.910833,0.916701,1.148507,0.984258,1.492328,1.016258,1.572180,0.645211,0.680770,1.613234,0.790670,1.795717,0.957794,0.993127,1.750993,0.899601,0.622568,0.000000,1.417230,1.102339,1.135348,0.559948,0.774750,1.170291,0.932166,0.927540,0.361421,0.578049,0.685049,0.949063,1.304578,1.103221,0.790670,0.578049,1.483542,1.060326,1.123835,1.427620,0.450086,1.102532,0.404822,0.940804,1.724977,0.605263,0.967502,0.997024,0.965572,1.105125,0.252306,1.433071,1.017015,0.645211,0.984624,1.007709,0.899527,0.162901,0.437208,1.444155,0.933918,1.056064,1.732131,1.111773,1.479875,1.751000,1.132905,1.024248,1.057014,0.943771,0.557844,1.392934,0.349294,1.652326,1.173692,0.871547,0.891797,0.899527,1.070512,1.029998,0.680593,1.001668,0.912575
0.511290,1.054966,1.643306,1.877373,1.918035,1.874713,1.869869,1.227707,1.492999,0.796968,1.854075,1.590880,1.702545,1.072381,1.870708,1.685362,1.502440,0.652666,1.895004,1.850013,1.849928,1.909498,1.872332,1.907325,1.886471,0.531922,1.752736,1.726868,0.618526,1.813425,1.647103,1.870708,1.884698,1.031439,1.845752,1.689475,1.417230,0.000000,1.899416,1.909680,1.709325,1.081227,1.915899,1.857449,1.856755,1.433725,1.722863,1.751576,1.851682,0.850594,0.874995,1.813425,1.722863,0.494213,1.874320,1.886024,0.608949,1.665440,1.880753,1.512363,1.848677,0.687874,1.657756,1.019779,1.884564,1.861027,1.916847,1.551962,0.695164,1.884124,1.752736,1.882872,1.856038,1.846712,1.445723,1.417588,0.633932,1.858861,1.878161,0.737688,1.899154,0.494686,0.726499,1.906474,1.890191,1.897247,1.859666,1.521141,1.191046,1.594087,0.670029,1.925175,1.831857,1.842757,1.846712,1.905716,1.898143,1.745103,1.878412,1.844609
1.880790,1.508135,0.792926,0.199835,0.210682,0.162967,0.249804,1.318237,1.015177,1.929712,0.315259,1.074075,0.837637,1.777130,0.235257,0.699232,1.177185,1.969209,0.250590,0.333732,0.323415,0.401028,0.283006,0.662215,0.265699,1.971903,0.571451,0.626948,1.953062,0.435238,1.335472,0.235257,0.278131,1.843538,0.343311,0.766640,1.102339,1.899416,0.000000,0.078030,0.671742,1.515830,0.257411,0.312974,0.325841,1.084105,0.624724,0.554067,0.256353,1.767399,1.551921,0.435238,0.624724,1.934786,0.343017,0.345778,1.883474,0.731406,0.297222,0.987154,0.337488,1.961744,0.768877,1.582716,0.294956,0.272769,0.235156,0.935817,1.900319,0.265636,0.571451,0.336880,0.337803,0.337156,1.082882,1.117686,1.874425,0.287648,0.224227,1.951179,0.273557,1.933996,1.973755,0.319305,0.268477,0.246114,0.309587,1.009678,1.648660,0.860769,1.956012,0.285522,0.369242,0.345905,0.337156,0.242155,0.334411,0.632243,0.277946,0.339405
1.889669,1.534485,0.829196,0.215770,0.195112,0.194716,0.265014,1.347021,1.044958,1.928574,0.332477,1.072406,0.867217,1.777587,0.257787,0.733797,1.178136,1.968027,0.235055,0.354379,0.341109,0.389627,0.291567,0.637791,0.274165,1.975001,0.606490,0.659186,1.952306,0.464072,1.324016,0.257787,0.292460,1.842990,0.365141,0.795404,1.135348,1.909680,0.078030,0.000000,0.706114,1.538493,0.254564,0.329629,0.339809,1.116442,0.661068,0.585374,0.304209,1.782370,1.574694,0.464072,0.661068,1.938364,0.344998,0.336729,1.896148,0.764920,0.285959,1.022758,0.347652,1.959952,0.794620,1.605430,0.316343,0.309307,0.220899,0.971915,1.908522,0.270427,0.606490,0.348206,0.346853,0.357324,1.116696,1.152627,1.879080,0.308299,0.218729,1.949831,0.283780,1.940349,1.971842,0.319646,0.274477,0.245008,0.325954,1.032679,1.662389,0.896023,1.955847,0.271549,0.388931,0.365546,0.357324,0.234254,0.343997,0.667693,0.283727,0.354264
1.660939,1.117939,0.181373,0.574306,0.733411,0.573745,0.537367,0.846882,0.571354,1.901045,0.546806,1.075700,0.571456,1.761151,0.505863,0.316526,1.101410,1.898320,0.702007,0.457741,0.476251,0.726133,0.545520,1.127296,0.562082,1.826263,0.127185,0.375398,1.854855,0.283146,1.621093,0.505863,0.534934,1.865019,0.447289,0.447078,0.559948,1.709325,0.671742,0.706114,0.000000,1.147689,0.740888,0.472455,0.453582,0.567389,0.142864,0.211987,0.526880,1.566355,1.308342,0.283146,0.142864,1.770171,0.627878,0.717559,1.698537,0.221592,0.683209,0.497498,0.493679,1.916103,0.419429,1.249738,0.536889,0.544339,0.666061,0.348948,1.704028,0.565898,0.127185,0.530016,0.579290,0.445436,0.530608,0.669037,1.718742,0.480501,0.626577,1.919495,0.697117,1.759233,1.936835,0.691021,0.577590,0.606155,0.494241,0.620063,1.523900,0.263375,1.871345,0.725005,0.422556,0.434558,0.445436,0.629013,0.574554,0.300466,0.551423,0.465854
0.944427,0.770747,1.059757,1.455750,1.572973,1.446461,1.439076,0.653871,0.839683,1.432190,1.433500,1.167542,1.224094,1.485814,1.434389,1.159378,1.037007,1.332982,1.543503,1.387797,1.398725,1.563835,1.438911,1.775535,1.471104,1.182333,1.218009,1.241277,1.219543,1.315110,1.852706,1.434389,1.457721,1.530331,1.380036,1.042427,0.774750,1.081227,1.515830,1.538493,1.147689,0.000000,1.573552,1.406576,1.401761,0.926812,1.174136,1.232871,1.405285,0.992315,0.951975,1.315110,1.174136,1.063600,1.484261,1.533253,1.069624,1.078367,1.513113,0.869495,1.403965,1.370615,1.091637,1.006666,1.468515,1.419061,1.518314,0.928317,1.143608,1.459995,1.218009,1.453641,1.448780,1.382628,0.808977,0.868357,1.059433,1.408216,1.489086,1.395255,1.521835,1.087671,1.392680,1.510584,1.472230,1.489756,1.412902,0.777289,1.269788,0.989320,1.269404,1.560159,1.360210,1.376253,1.382628,1.496708,1.491082,1.250657,1.449152,1.387304
1.897355,1.561885,0.850558,0.287996,0.198892,0.301591,0.307667,1.379690,1.080173,1.908230,0.475636,1.176612,0.826706,1.745446,0.302484,0.755077,1.282538,1.967604,0.309848,0.409689,0.416215,0.387622,0.368004,0.564616,0.314736,1.970513,0.643861,0.673889,1.959920,0.518581,1.240792,0.302484,0.320603,1.799733,0.421141,0.843362,1.170291,1.915899,0.257411,0.254564,0.740888,1.573552,0.000000,0.386450,0.412883,1.115743,0.696708,0.622843,0.423031,1.769702,1.583823,0.518581,0.696708,1.965150,0.458946,0.410524,1.878932,0.819758,0.381353,1.046584,0.413416,1.957914,0.823086,1.606794,0.327787,0.415273,0.295073,0.996871,1.902581,0.328708,0.643861,0.365875,0.474614,0.420363,1.137603,1.143770,1.899140,0.346373,0.384444,1.938332,0.378643,1.940660,1.961033,0.336474,0.327841,0.296112,0.384047,1.092706,1.617609,0.922965,1.953024,0.275586,0.455544,0.427661,0.420363,0.317488,0.339198,0.636038,0.341777,0.429444
1.830954,1.401341,0.609951,0.195223,0.374830,0.212821,0.164737,1.166372,0.835525,1.943681,0.280028,1.048334,0.770425,1.791487,0.186819,0.509419,1.136907,1.973041,0.286337,0.081514,0.096364,0.379180,0.115761,0.820715,0.125750,1.945589,0.362944,0.454755,1.939254,0.223140,1.469142,0.186819,0.154637,1.884123,0.090782,0.622914,0.932166,1.857449,0.312974,0.329629,0.472455,1.406576,0.386450,0.000000,0.122567,0.905583,0.416996,0.344130,0.278606,1.737440,1.501234,0.223140,0.416996,1.902081,0.326922,0.342472,1.862139,0.540096,0.293564,0.824977,0.159745,1.973345,0.584752,1.499739,0.225370,0.285757,0.242239,0.757415,1.860124,0.114066,0.362944,0.203790,0.302816,0.055249,0.914765,0.963267,1.832281,0.126013,0.259439,1.964859,0.379024,1.903286,1.991859,0.376690,0.147690,0.160401,0.071319,0.871649,1.641727,0.673670,1.962902,0.327093,0.088122,0.056569,0.055249,0.209411,0.251306,0.472480,0.103772,0.075052
