0.000000,1.070339,1.608954,1.875658,1.913438,1.868983,1.868403,1.152448,1.443060,0.851253,1.856494,1.582701,1.617700,1.100880,1.863834,1.671024,1.472174,0.686248,1.910529,1.847275,1.853041,1.914200,1.875061,1.911666,1.885465,0.508711,1.743883,1.715031,0.629427,1.807188,1.663902,1.863834,1.879437,0.979100,1.842863,1.643936,1.366524,0.374493,1.896569,1.908587,1.694352,0.926772,1.915666,1.855878,1.855188,1.396668,1.714628,1.734392,1.841905,0.706357,0.826353,1.807188,1.714628,0.503528,1.885428,1.909337,0.513564,1.639711,1.902531,1.427569,1.848818,0.725454,1.622136,0.962159,1.881901,1.848274,1.912806,1.516013,0.632424,1.884068,1.743883,1.879581,1.872101,1.845298,1.378679,1.350631,0.696883,1.855788,1.893392,0.785197,1.889469,0.491158,0.707922,1.894852,1.888213,1.896265,1.859578,1.466518,1.121133,1.558240,0.644345,1.920596,1.831500,1.841253,1.845298,1.900660,1.894566,1.715261,1.879943,1.847640
1.070339,0.000000,1.031241,1.418481,1.521142,1.412104,1.402681,0.674453,0.874585,1.445343,1.363008,1.323661,1.219639,1.429352,1.385157,1.093796,1.254810,1.360004,1.500192,1.357209,1.365005,1.490087,1.415856,1.708495,1.434550,1.277295,1.174682,1.173218,1.316538,1.278489,1.816552,1.385157,1.427293,1.525961,1.348310,1.109929,0.732537,1.104694,1.479157,1.506044,1.113102,0.785805,1.535071,1.379631,1.380230,0.815088,1.127760,1.205909,1.350541,1.127047,1.081867,1.278489,1.127760,1.143999,1.427806,1.493241,1.161310,1.027349,1.492943,0.940941,1.394904,1.419621,1.107967,0.834401,1.416837,1.357271,1.488022,0.881650,1.119506,1.440042,1.174682,1.399642,1.405869,1.349155,0.779740,0.866551,1.184205,1.366800,1.458312,1.453660,1.448637,1.155595,1.439479,1.524007,1.438456,1.466033,1.381913,0.971442,1.319571,0.956298,1.340909,1.545334,1.331763,1.347535,1.349155,1.464434,1.428054,1.157567,1.433601,1.363265
1.608954,1.031241,0.000000,0.686237,0.824703,0.677334,0.659100,0.746727,0.527291,1.861832,0.666918,1.189976,0.534636,1.730228,0.618909,0.335005,1.196713,1.853039,0.836039,0.584168,0.613498,0.848936,0.684109,1.205843,0.688943,1.793558,0.293701,0.412613,1.815847,0.442588,1.603090,0.618909,0.667619,1.826953,0.573342,0.434030,0.473793,1.658474,0.775240,0.814747,0.192366,1.096565,0.842508,0.607713,0.603716,0.473562,0.267928,0.310749,0.624262,1.526936,1.274913,0.442588,0.267928,1.722016,0.761460,0.846260,1.630656,0.290023,0.842222,0.415428,0.641752,1.882188,0.411944,1.125396,0.662043,0.644732,0.789512,0.257594,1.658199,0.702506,0.293701,0.669606,0.716724,0.580181,0.413968,0.549118,1.704874,0.606497,0.758953,1.891340,0.790004,1.691598,1.895250,0.801320,0.702455,0.737788,0.622041,0.608969,1.465380,0.134089,1.819203,0.854029,0.559965,0.572904,0.580181,0.753144,0.703096,0.346943,0.691807,0.607454
1.875658,1.418481,0.686237,0.000000,0.255119,0.081312,0.075129,1.232350,0.909165,1.928442,0.278771,1.053228,0.834533,1.773967,0.136064,0.577490,1.155330,1.972229,0.220531,0.192852,0.184260,0.379024,0.167038,0.759247,0.171023,1.968274,0.447925,0.510019,1.935585,0.314081,1.380931,0.136064,0.200514,1.867029,0.202051,0.653513,1.012408,1.886970,0.194357,0.215276,0.554143,1.480780,0.288432,0.176015,0.202302,0.992648,0.497220,0.428458,0.253490,1.764269,1.565167,0.314081,0.497220,1.912532,0.307741,0.327374,1.873690,0.620164,0.271348,0.913536,0.210660,1.968706,0.638435,1.535758,0.240250,0.273010,0.222663,0.834382,1.879759,0.167463,0.447925,0.254574,0.281338,0.194991,0.997410,1.030034,1.863109,0.133690,0.214372,1.959269,0.349279,1.911784,1.985688,0.325535,0.183478,0.180854,0.171729,0.933341,1.656079,0.750801,1.957356,0.323501,0.225070,0.206372,0.194991,0.208539,0.280192,0.546749,0.167238,0.199061
1.913438,1.521142,0.824703,0.255119,0.000000,0.260857,0.299985,1.357466,1.060628,1.894303,0.403407,1.119687,0.846884,1.723078,0.262601,0.718375,1.243026,1.961565,0.256949,0.370370,0.365467,0.378951,0.322001,0.576143,0.263351,1.978715,0.611268,0.630806,1.949511,0.479852,1.235017,0.262601,0.273367,1.803478,0.381496,0.779470,1.158382,1.924019,0.207528,0.189226,0.709821,1.593752,0.191428,0.350026,0.377667,1.108789,0.663749,0.588680,0.382599,1.775124,1.629057,0.479852,0.663749,1.955752,0.394356,0.357171,1.884471,0.793300,0.351382,1.051754,0.406327,1.953201,0.785782,1.577804,0.326653,0.390954,0.238722,0.979918,1.887847,0.289657,0.611268,0.368789,0.391616,0.383899,1.129525,1.138534,1.916865,0.340827,0.284082,1.935952,0.359687,1.946368,1.963885,0.278834,0.266034,0.251799,0.339438,1.082253,1.604454,0.897103,1.950013,0.266778,0.421082,0.395105,0.383899,0.258426,0.351557,0.645033,0.301448,0.393769
1.868983,1.412104,0.677334,0.081312,0.260857,0.000000,0.130595,1.218510,0.900530,1.930030,0.264058,1.056631,0.823413,1.777794,0.138264,0.567411,1.154217,1.971103,0.249959,0.202494,0.181723,0.402054,0.166269,0.772562,0.191955,1.965640,0.444710,0.501416,1.935877,0.318242,1.389179,0.138264,0.212442,1.868654,0.210026,0.635135,1.000506,1.884309,0.162067,0.196337,0.549223,1.469600,0.304991,0.189605,0.219195,0.981614,0.490728,0.427214,0.209635,1.759702,1.554355,0.318242,0.490728,1.908676,0.318966,0.335776,1.868712,0.610403,0.294691,0.896861,0.228636,1.968641,0.631041,1.521112,0.248180,0.238353,0.234118,0.823985,1.881443,0.182348,0.444710,0.274326,0.280611,0.204964,0.985847,1.013857,1.863138,0.159687,0.203648,1.959374,0.330560,1.911005,1.984403,0.332942,0.201337,0.197019,0.182905,0.928295,1.652931,0.741026,1.954264,0.343440,0.229696,0.214982,0.204964,0.214875,0.299775,0.548354,0.180518,0.205024
1.868403,1.402681,0.659100,0.075129,0.299985,0.130595,0.000000,1.213030,0.884325,1.932130,0.288619,1.071443,0.831094,1.777922,0.146206,0.552180,1.169274,1.971396,0.244107,0.174552,0.166834,0.373665,0.163858,0.783775,0.175759,1.964726,0.414950,0.488252,1.934726,0.281389,1.395893,0.146206,0.197759,1.875420,0.182589,0.647789,0.988372,1.878249,0.245753,0.267320,0.522717,1.467252,0.306020,0.155723,0.170117,0.964693,0.465693,0.396294,0.261998,1.763715,1.553084,0.281389,0.465693,1.908298,0.319934,0.340800,1.869251,0.593080,0.288503,0.890681,0.172553,1.970841,0.610599,1.520465,0.224450,0.274939,0.245926,0.807684,1.875168,0.171829,0.414950,0.228139,0.297360,0.171302,0.974850,1.005730,1.856499,0.088868,0.254167,1.962539,0.364701,1.903677,1.987468,0.351243,0.190226,0.194674,0.158026,0.918402,1.657984,0.724650,1.958123,0.339620,0.197691,0.181115,0.171302,0.228209,0.259714,0.516093,0.166802,0.175760
1.152448,0.674453,0.746727,1.232350,1.357466,1.218510,1.213030,0.000000,0.515512,1.563554,1.202131,1.228504,1.012094,1.507243,1.196084,0.787104,1.159071,1.527745,1.340801,1.152190,1.157757,1.350941,1.216834,1.627764,1.246839,1.420905,0.937685,0.879073,1.427212,1.060489,1.790794,1.196084,1.233283,1.602192,1.141902,0.839785,0.370666,1.246036,1.314603,1.346257,0.866306,0.673774,1.381489,1.178117,1.175305,0.483295,0.873835,0.946819,1.176149,1.155442,1.082679,1.060489,0.873835,1.283406,1.285003,1.335748,1.252995,0.760203,1.333966,0.587395,1.184441,1.558132,0.799125,0.802519,1.242020,1.192421,1.317547,0.592466,1.255115,1.250253,0.937685,1.226730,1.241628,1.148638,0.403673,0.448689,1.320708,1.170999,1.288154,1.586598,1.314606,1.280146,1.581094,1.338260,1.245969,1.283154,1.179336,0.734971,1.319098,0.638615,1.463360,1.392337,1.122858,1.145097,1.148638,1.285290,1.269735,0.943669,1.238763,1.161428
1.443060,0.874585,0.527291,0.909165,1.060628,0.900530,0.884325,0.515512,0.000000,1.732363,0.896321,1.088988,0.881605,1.622509,0.881990,0.515369,1.069778,1.729549,1.027726,0.825238,0.832230,1.046163,0.893266,1.380436,0.931865,1.665855,0.650682,0.595147,1.651834,0.750949,1.721957,0.881990,0.911130,1.743705,0.813488,0.513774,0.431333,1.504231,1.017156,1.047878,0.606989,0.873327,1.079978,0.859139,0.853072,0.464116,0.595617,0.637221,0.874407,1.392979,1.264209,0.750949,0.595617,1.533970,0.982071,1.024438,1.512875,0.539386,1.025948,0.477228,0.866895,1.751278,0.507494,1.074340,0.934102,0.880385,0.996159,0.480526,1.498151,0.930094,0.650682,0.909079,0.935509,0.830118,0.418606,0.369032,1.526682,0.837225,0.986575,1.762696,1.006111,1.533656,1.772654,1.030213,0.920989,0.963648,0.853085,0.590445,1.468417,0.432012,1.691901,1.079053,0.804124,0.828868,0.830118,0.961085,0.962968,0.685217,0.920160,0.841245
0.851253,1.445343,1.861832,1.928442,1.894303,1.930030,1.932130,1.563554,1.732363,0.000000,1.936258,1.610479,1.786595,0.506510,1.935608,1.852143,1.591792,0.534607,1.904809,1.935706,1.934169,1.888244,1.932383,1.718632,1.921545,0.616986,1.919765,1.856518,0.644507,1.935532,1.299729,1.935608,1.921126,0.445062,1.935860,1.838963,1.729032,0.811115,1.925396,1.922491,1.907282,1.427129,1.899757,1.938827,1.943889,1.711500,1.905323,1.913158,1.940913,0.843183,1.375260,1.935532,1.905323,0.794389,1.920830,1.905809,0.751407,1.887879,1.914250,1.766085,1.946856,0.452999,1.863889,1.316827,1.931578,1.940883,1.916264,1.813395,0.682722,1.931177,1.919765,1.928393,1.925052,1.939071,1.723773,1.667879,0.826470,1.934422,1.928047,0.247881,1.919601,0.701741,0.444288,1.888311,1.918521,1.924546,1.931806,1.794320,1.043733,1.832495,0.510752,1.903700,1.942351,1.942509,1.939071,1.921331,1.925242,1.875851,1.931723,1.944957
1.856494,1.363008,0.666918,0.278771,0.403407,0.264058,0.288619,1.202131,0.896321,1.936258,0.000000,1.050279,0.846360,1.792103,0.279839,0.593671,1.138907,1.961510,0.347716,0.276225,0.254164,0.434322,0.266832,0.849982,0.289186,1.958001,0.430565,0.550578,1.929525,0.310302,1.444152,0.279839,0.283813,1.893888,0.278897,0.659216,0.970468,1.871969,0.288515,0.310204,0.523592,1.466420,0.452866,0.257574,0.258844,0.978304,0.483146,0.450817,0.224567,1.781620,1.548043,0.310302,0.483146,1.885602,0.224063,0.401470,1.881307,0.570622,0.333881,0.903409,0.309255,1.962897,0.650736,1.512004,0.297868,0.242408,0.315728,0.798308,1.869070,0.274796,0.430565,0.314436,0.192469,0.258350,0.967849,1.033579,1.840068,0.266972,0.214265,1.959397,0.321512,1.898716,1.981779,0.442660,0.290717,0.292218,0.268247,0.923683,1.669832,0.728624,1.945534,0.400371,0.270729,0.262562,0.258350,0.295676,0.329845,0.564737,0.283971,0.258048
1.582701,1.323661,1.189976,1.053228,1.119687,1.056631,1.071443,1.228504,1.088988,1.610479,1.050279,0.000000,1.374634,1.542497,1.092518,1.116127,0.266547,1.646886,1.055746,1.071368,1.067323,1.172035,1.065916,1.296140,1.095229,1.643341,1.115600,1.112004,1.524924,1.082436,1.584439,1.092518,1.119186,1.632428,1.069932,1.027004,1.207030,1.611890,1.094455,1.093061,1.142021,1.268193,1.180867,1.089033,1.063870,1.288197,1.114688,1.122986,1.103450,1.464010,1.541068,1.082436,1.114688,1.494030,1.024685,1.075662,1.629267,1.117743,1.007359,1.235841,1.072631,1.604986,1.091001,1.570723,1.169420,1.128834,1.059801,1.199012,1.536975,1.078424,1.115600,1.138470,1.004818,1.079086,1.229972,1.282055,1.482905,1.080391,1.040382,1.618636,1.171609,1.609969,1.645612,1.046258,1.077107,1.088264,1.075247,1.015896,1.628924,1.169831,1.599438,1.135802,1.078276,1.085809,1.079086,1.053612,1.181153,1.242522,1.076080,1.073661
1.617700,1.219639,0.534636,0.834533,0.846884,0.823413,0.831094,1.012094,0.881605,1.786595,0.846360,1.374634,0.000000,1.649263,0.759337,0.710945,1.384126,1.823498,0.953336,0.786415,0.828548,0.954200,0.862765,1.091996,0.817025,1.769234,0.651289,0.724218,1.825066,0.712570,1.386116,0.759337,0.786086,1.679816,0.784164,0.645867,0.807923,1.689157,0.853770,0.884292,0.611182,1.252700,0.852261,0.794643,0.812899,0.777563,0.663611,0.645235,0.796246,1.471644,1.277120,0.712570,0.663611,1.777205,0.902309,0.984870,1.562045,0.698284,0.982085,0.699459,0.854986,1.837200,0.759594,1.158989,0.772474,0.811119,0.894050,0.650159,1.641701,0.848629,0.651289,0.826825,0.870150,0.792734,0.701787,0.787833,1.764976,0.805898,0.873464,1.826927,0.875612,1.696023,1.829903,0.848063,0.839941,0.857004,0.807943,0.893911,1.299115,0.598653,1.765321,0.895730,0.797375,0.787866,0.792734,0.875518,0.818433,0.550148,0.846179,0.827474
1.100880,1.429352,1.730228,1.773967,1.723078,1.777794,1.777922,1.507243,1.622509,0.506510,1.792103,1.542497,1.649263,0.000000,1.780636,1.693498,1.583177,0.904364,1.750346,1.785413,1.782040,1.727878,1.780461,1.543576,1.756056,0.992390,1.774706,1.685044,0.994579,1.781404,1.118845,1.780636,1.750515,0.558529,1.786305,1.698624,1.645979,1.087314,1.773677,1.772100,1.773522,1.495982,1.735164,1.786948,1.797694,1.590712,1.761758,1.767499,1.793886,0.870350,1.488014,1.781404,1.761758,1.128694,1.774955,1.752733,0.946033,1.767904,1.773169,1.646480,1.815909,0.844794,1.734012,1.269015,1.780221,1.797668,1.755721,1.698745,0.873748,1.775718,1.774706,1.776984,1.778003,1.788953,1.625089,1.541293,1.159701,1.778034,1.782655,0.721719,1.773272,0.983712,0.855277,1.725514,1.752949,1.765003,1.778752,1.740764,0.961583,1.708859,0.849594,1.741759,1.800219,1.796327,1.788953,1.763798,1.771520,1.706573,1.776939,1.805199
1.863834,1.385157,0.618909,0.136064,0.262601,0.138264,0.146206,1.196084,0.881990,1.935608,0.279839,1.092518,0.759337,1.780636,0.000000,0.527282,1.185283,1.970284,0.303753,0.178417,0.186707,0.397615,0.198670,0.787929,0.186369,1.963681,0.384759,0.464666,1.940019,0.258206,1.393323,0.000000,0.191570,1.872824,0.183736,0.613310,0.961399,1.881472,0.228721,0.254479,0.486852,1.459001,0.302801,0.169947,0.188617,0.934114,0.438536,0.374529,0.226303,1.753412,1.545415,0.258206,0.438536,1.913733,0.344570,0.368288,1.859579,0.565709,0.349128,0.867469,0.230373,1.972503,0.587860,1.491601,0.217821,0.248357,0.254902,0.771765,1.868988,0.196811,0.384759,0.244149,0.318180,0.182000,0.941583,0.983379,1.868402,0.145979,0.260480,1.966581,0.348107,1.906293,1.988149,0.349491,0.203843,0.213404,0.175163,0.905995,1.629237,0.690560,1.953695,0.348943,0.207293,0.188357,0.182000,0.230050,0.265154,0.469092,0.195536,0.199682
1.671024,1.093796,0.335005,0.577490,0.718375,0.567411,0.552180,0.787104,0.515369,1.852143,0.593671,1.116127,0.710945,1.693498,0.527282,0.000000,1.166671,1.882147,0.709541,0.477955,0.485730,0.727242,0.558427,1.115543,0.576552,1.833484,0.292890,0.128675,1.832604,0.394318,1.570400,0.527282,0.568552,1.820442,0.466652,0.475071,0.571525,1.704386,0.687807,0.724544,0.314706,1.190708,0.747312,0.509711,0.521033,0.508989,0.227343,0.303474,0.553954,1.579355,1.406597,0.394318,0.227343,1.759155,0.687753,0.699561,1.702300,0.336709,0.731635,0.551491,0.557072,1.896814,0.373911,1.203753,0.590222,0.571521,0.670017,0.416486,1.678852,0.591250,0.292890,0.573836,0.641646,0.481487,0.547752,0.570901,1.739438,0.497302,0.665719,1.895736,0.706671,1.746442,1.912276,0.708124,0.576178,0.624474,0.504927,0.710139,1.494746,0.327248,1.851481,0.764504,0.461863,0.482705,0.481487,0.636578,0.622777,0.355981,0.581388,0.505819
1.472174,1.254810,1.196713,1.155330,1.243026,1.154217,1.169274,1.159071,1.069778,1.591792,1.138907,0.266547,1.384126,1.583177,1.185283,1.166671,0.000000,1.584424,1.179247,1.158857,1.160424,1.291287,1.166722,1.432666,1.204809,1.551569,1.165062,1.183333,1.440073,1.155406,1.674524,1.185283,1.226724,1.635518,1.155577,1.049127,1.158510,1.515316,1.198794,1.201167,1.169952,1.135184,1.293195,1.180176,1.151746,1.275090,1.157445,1.172204,1.185792,1.409807,1.428718,1.155406,1.157445,1.374477,1.127328,1.197215,1.547976,1.129015,1.121256,1.209598,1.151123,1.551753,1.108280,1.516061,1.258040,1.210216,1.180015,1.183392,1.472734,1.183057,1.165062,1.230352,1.100158,1.166286,1.188065,1.261159,1.366030,1.173444,1.142282,1.573584,1.271105,1.506001,1.584678,1.163833,1.190824,1.199579,1.170222,0.951876,1.635457,1.165942,1.531799,1.257124,1.157209,1.168735,1.166286,1.166730,1.275573,1.296384,1.178859,1.157121
0.686248,1.360004,1.853039,1.972229,1.961565,1.971103,1.971396,1.527745,1.729549,0.534607,1.961510,1.646886,1.823498,0.904364,1.970284,1.882147,1.584424,0.000000,1.962800,1.967058,1.968412,1.949469,1.972532,1.838899,1.973702,0.442481,1.927861,1.901863,0.437679,1.955331,1.498239,1.970284,1.972443,0.747192,1.965876,1.856999,1.686641,0.620555,1.969511,1.967831,1.900723,1.295036,1.966330,1.971638,1.970488,1.699690,1.913094,1.925369,1.960830,0.893105,1.242327,1.955331,1.913094,0.555240,1.958358,1.956018,0.654129,1.872539,1.959694,1.760539,1.964859,0.423917,1.864340,1.253169,1.970954,1.957926,1.971158,1.788634,0.675877,1.975237,1.927861,1.965304,1.960200,1.967441,1.698904,1.677860,0.702732,1.969451,1.968371,0.433474,1.955710,0.594927,0.339639,1.960095,1.970859,1.975698,1.969361,1.722293,1.136870,1.821930,0.438977,1.965325,1.963769,1.967144,1.967441,1.970258,1.968027,1.904931,1.973893,1.967934
1.910529,1.500192,0.836039,0.220531,0.256949,0.249959,0.244107,1.340801,1.027726,1.904809,0.347716,1.055746,0.953336,1.750346,0.303753,0.709541,1.179247,1.962800,0.000000,0.318034,0.298612,0.324360,0.241394,0.642056,0.232345,1.978196,0.596116,0.628045,1.931917,0.452028,1.321388,0.303753,0.273910,1.840369,0.328727,0.788638,1.150822,1.910171,0.260895,0.242232,0.702208,1.581509,0.303801,0.297467,0.311572,1.117798,0.647368,0.571826,0.390672,1.804304,1.628016,0.452028,0.647368,1.929812,0.284003,0.293277,1.909883,0.771886,0.160924,1.056987,0.313634,1.953593,0.767599,1.607050,0.317127,0.386792,0.195097,0.986147,1.896568,0.227027,0.596116,0.320887,0.288692,0.327312,1.137524,1.147373,1.880233,0.291850,0.223482,1.938762,0.372974,1.940378,1.972269,0.303109,0.222568,0.202452,0.279856,1.060179,1.680225,0.898148,1.958081,0.281774,0.357352,0.340420,0.327312,0.206845,0.321437,0.692518,0.237683,0.318321
1.847275,1.357209,0.584168,0.192852,0.370370,0.202494,0.174552,1.152190,0.825238,1.935706,0.276225,1.071368,0.786415,1.785413,0.178417,0.477955,1.158857,1.967058,0.318034,0.000000,0.125579,0.400028,0.160559,0.839851,0.153848,1.954954,0.337094,0.424683,1.929151,0.214315,1.445739,0.178417,0.202850,1.886969,0.020833,0.571070,0.922270,1.869507,0.317291,0.341317,0.442701,1.422248,0.395970,0.085407,0.154891,0.900100,0.385803,0.325098,0.266469,1.754905,1.539799,0.214315,0.385803,1.895810,0.328783,0.357483,1.861622,0.521756,0.344055,0.828893,0.193913,1.973705,0.547263,1.474190,0.242481,0.269513,0.262756,0.735129,1.860178,0.169365,0.337094,0.225311,0.300366,0.067688,0.907394,0.945718,1.844642,0.135813,0.282558,1.964501,0.379569,1.894537,1.989065,0.371724,0.170596,0.207329,0.058943,0.871011,1.642271,0.650479,1.955414,0.375978,0.099498,0.086016,0.067688,0.228341,0.267063,0.464347,0.163276,0.114606
1.853041,1.365005,0.613498,0.184260,0.365467,0.181723,0.166834,1.157757,0.832230,1.934169,0.254164,1.067323,0.828548,1.782040,0.186707,0.485730,1.160424,1.968412,0.298612,0.125579,0.000000,0.374893,0.088901,0.849528,0.174808,1.954973,0.361517,0.425730,1.929219,0.234371,1.444356,0.186707,0.180525,1.889170,0.128492,0.603401,0.936041,1.871125,0.299213,0.322399,0.472504,1.438434,0.397234,0.098250,0.142120,0.905307,0.405620,0.350817,0.243047,1.767011,1.556395,0.234371,0.405620,1.892899,0.329451,0.333519,1.873049,0.536211,0.321160,0.844099,0.183207,1.971658,0.556575,1.481224,0.236547,0.261327,0.248611,0.758969,1.862768,0.143890,0.361517,0.215350,0.295227,0.106012,0.925963,0.954420,1.845367,0.126691,0.262598,1.964033,0.375394,1.897704,1.989075,0.383983,0.174618,0.187152,0.109921,0.894784,1.652040,0.673180,1.957968,0.370590,0.107095,0.110150,0.106012,0.214314,0.260433,0.493279,0.131433,0.081937
1.914200,1.490087,0.848936,0.379024,0.378951,0.402054,0.373665,1.350941,1.046163,1.888244,0.434322,1.172035,0.954200,1.727878,0.397615,0.727242,1.291287,1.949469,0.324360,0.400028,0.374893,0.000000,0.333505,0.699562,0.325842,1.960550,0.616201,0.655342,1.933890,0.494604,1.309008,0.397615,0.335511,1.838689,0.408860,0.824046,1.158338,1.911607,0.416053,0.400764,0.717189,1.593389,0.386996,0.376422,0.384428,1.107372,0.663727,0.614986,0.468950,1.833371,1.666121,0.494604,0.663727,1.930868,0.395444,0.329577,1.921701,0.804364,0.362188,1.066416,0.409365,1.947304,0.803554,1.596532,0.292139,0.445317,0.305561,0.990445,1.879454,0.321649,0.616201,0.255598,0.434807,0.402120,1.141376,1.148181,1.870171,0.379233,0.396144,1.924209,0.408313,1.925268,1.964198,0.422956,0.318996,0.300906,0.364152,1.112345,1.657398,0.909717,1.955251,0.313018,0.424119,0.411734,0.402120,0.325432,0.225385,0.700000,0.331581,0.394039
1.875061,1.415856,0.684109,0.167038,0.322001,0.166269,0.163858,1.216834,0.893266,1.932383,0.266832,1.065916,0.862765,1.780461,0.198670,0.558427,1.166722,1.972532,0.241394,0.160559,0.088901,0.333505,0.000000,0.798965,0.145112,1.964614,0.434777,0.492761,1.934258,0.298364,1.411505,0.198670,0.165333,1.882146,0.169603,0.647183,1.004486,1.891674,0.262978,0.275974,0.544191,1.479774,0.348533,0.123409,0.165732,0.972024,0.481349,0.422654,0.262924,1.784569,1.582223,0.298364,0.481349,1.908564,0.305384,0.293057,1.890171,0.610310,0.265845,0.905127,0.191376,1.971810,0.615680,1.523289,0.225173,0.273691,0.188245,0.830278,1.882611,0.092026,0.434777,0.206344,0.280822,0.151221,0.993091,1.012913,1.859350,0.154419,0.228955,1.961944,0.352262,1.915661,1.988273,0.344631,0.141927,0.128491,0.123719,0.947876,1.666627,0.745416,1.962423,0.318676,0.167819,0.158753,0.151221,0.161072,0.240178,0.556508,0.077677,0.123932
1.911666,1.708495,1.205843,0.759247,0.576143,0.772562,0.783775,1.627764,1.380436,1.718632,0.849982,1.296140,1.091996,1.543576,0.787929,1.115543,1.432666,1.838899,0.642056,0.839851,0.849528,0.699562,0.798965,0.000000,0.726600,1.907399,1.048660,1.022955,1.883021,0.937156,0.923740,0.787929,0.738056,1.584022,0.850768,1.153520,1.500427,1.895330,0.697302,0.667856,1.126034,1.783980,0.587693,0.829144,0.847381,1.407917,1.097275,1.014509,0.861622,1.748974,1.715169,0.937156,1.097275,1.945786,0.778807,0.726172,1.829028,1.222219,0.732909,1.397335,0.862543,1.820421,1.182509,1.662360,0.770275,0.841010,0.680587,1.355148,1.823067,0.762553,1.048660,0.803080,0.802002,0.862168,1.458080,1.413349,1.918938,0.822715,0.737881,1.781746,0.720188,1.915567,1.815963,0.627169,0.726050,0.715227,0.807125,1.415050,1.505572,1.274063,1.845070,0.608787,0.898773,0.874433,0.862168,0.713618,0.766469,1.022069,0.776915,0.873555
1.885465,1.434550,0.688943,0.171023,0.263351,0.191955,0.175759,1.246839,0.931865,1.921545,0.289186,1.095229,0.817025,1.756056,0.186369,0.576552,1.204809,1.973702,0.232345,0.153848,0.174808,0.325842,0.145112,0.726600,0.000000,1.972530,0.445110,0.503757,1.946900,0.304965,1.359680,0.186369,0.124465,1.857844,0.170268,0.661407,1.030326,1.904544,0.251601,0.262509,0.553048,1.507452,0.295042,0.128836,0.197626,0.992375,0.498807,0.432028,0.296536,1.772111,1.592955,0.304965,0.498807,1.931539,0.297523,0.305394,1.882510,0.636859,0.291630,0.923439,0.244950,1.972228,0.654113,1.524126,0.217183,0.298111,0.166125,0.843468,1.879664,0.110994,0.445110,0.216253,0.290095,0.161706,1.010261,1.033256,1.881325,0.177131,0.236709,1.957732,0.336760,1.925801,1.986959,0.298941,0.079106,0.109509,0.111067,0.975767,1.630462,0.760764,1.961408,0.258885,0.209820,0.179340,0.161706,0.156869,0.226906,0.527740,0.119250,0.191284
0.508711,1.277295,1.793558,1.968274,1.978715,1.965640,1.964726,1.420905,1.665855,0.616986,1.958001,1.643341,1.769234,0.992390,1.963681,1.833484,1.551569,0.442481,1.978196,1.954954,1.954973,1.960550,1.964614,1.907399,1.972530,0.000000,1.888479,1.863839,0.439128,1.931079,1.557495,1.963681,1.971432,0.807516,1.952948,1.815861,1.596912,0.516091,1.975958,1.979709,1.852853,1.173358,1.975832,1.959337,1.957149,1.622178,1.866594,1.888684,1.951974,0.828744,1.104979,1.931079,1.866594,0.427783,1.967480,1.965969,0.587505,1.817666,1.970609,1.659394,1.952637,0.449066,1.805066,1.183904,1.966161,1.954962,1.981614,1.713690,0.564988,1.970619,1.888479,1.959465,1.963459,1.953503,1.609765,1.595393,0.579472,1.958102,1.973358,0.491484,1.962629,0.428964,0.388931,1.962595,1.973352,1.975690,1.960201,1.659398,1.143315,1.754838,0.430876,1.977038,1.945202,1.951264,1.953503,1.978639,1.964754,1.869642,1.968363,1.952239
1.743883,1.174682,0.293701,0.447925,0.611268,0.444710,0.414950,0.937685,0.650682,1.919765,0.430565,1.115600,0.651289,1.774706,0.384759,0.292890,1.165062,1.927861,0.596116,0.337094,0.361517,0.616201,0.434777,1.048660,0.445110,1.888479,0.000000,0.313843,1.888770,0.177225,1.542179,0.384759,0.434421,1.885230,0.326499,0.466809,0.670390,1.773176,0.550141,0.587938,0.126930,1.262550,0.629132,0.357389,0.345808,0.661156,0.098479,0.157109,0.398957,1.665653,1.415707,0.177225,0.098479,1.815491,0.529314,0.609247,1.769367,0.286134,0.600186,0.603618,0.397694,1.942865,0.406116,1.305470,0.429065,0.418315,0.548412,0.454323,1.770600,0.456849,0.000000,0.426137,0.488892,0.326206,0.650642,0.741469,1.781912,0.356460,0.524171,1.948927,0.568791,1.803623,1.960892,0.597731,0.459101,0.495335,0.373157,0.702524,1.571319,0.368549,1.903574,0.627760,0.308987,0.321281,0.326206,0.514288,0.464799,0.296612,0.446445,0.355022
1.715031,1.173218,0.412613,0.510019,0.630806,0.501416,0.488252,0.879073,0.595147,1.856518,0.550578,1.112004,0.724218,1.685044,0.464666,0.128675,1.183333,1.901863,0.628045,0.424683,0.425730,0.655342,0.492761,1.022955,0.503757,1.863839,0.313843,0.000000,1.859688,0.364978,1.509729,0.464666,0.493898,1.810355,0.415340,0.513044,0.684589,1.742815,0.618350,0.652267,0.368059,1.269201,0.668636,0.453187,0.468927,0.594262,0.279386,0.296790,0.514188,1.607525,1.453837,0.364978,0.279386,1.801064,0.635362,0.624489,1.735266,0.418453,0.665567,0.635445,0.510321,1.910452,0.411931,1.256004,0.533544,0.532464,0.593213,0.529726,1.706152,0.522777,0.313843,0.519862,0.589497,0.433990,0.654555,0.645274,1.784547,0.438238,0.599367,1.906485,0.650847,1.788276,1.925599,0.622042,0.499353,0.549314,0.443490,0.777780,1.494442,0.428102,1.873330,0.684872,0.420484,0.437771,0.433990,0.562623,0.567152,0.358616,0.514860,0.457847
0.629427,1.316538,1.815847,1.935585,1.949511,1.935877,1.934726,1.427212,1.651834,0.644507,1.929525,1.524924,1.825066,0.994579,1.940019,1.832604,1.440073,0.437679,1.931917,1.929151,1.929219,1.933890,1.934258,1.883021,1.946900,0.439128,1.888770,1.859688,0.000000,1.919052,1.585105,1.940019,1.951704,0.825851,1.927023,1.799795,1.611268,0.606566,1.948959,1.948549,1.861742,1.204162,1.954593,1.935994,1.930548,1.656390,1.866600,1.889391,1.933483,0.855166,1.193810,1.919052,1.866600,0.415063,1.926031,1.930033,0.690177,1.812685,1.918540,1.691586,1.921267,0.500523,1.792530,1.298623,1.951402,1.935297,1.945905,1.733888,0.650024,1.941143,1.888770,1.939582,1.924135,1.928853,1.631620,1.625146,0.574943,1.932847,1.938943,0.527356,1.945267,0.549821,0.464850,1.946953,1.944018,1.946827,1.933827,1.651752,1.283674,1.770402,0.513670,1.955753,1.921315,1.928393,1.928853,1.942357,1.948046,1.890976,1.938375,1.926358
1.807188,1.278489,0.442588,0.314081,0.479852,0.318242,0.281389,1.060489,0.750949,1.935532,0.310302,1.082436,0.712570,1.781404,0.258206,0.394318,1.155406,1.955331,0.452028,0.214315,0.234371,0.494604,0.298364,0.937156,0.304965,1.931079,0.177225,0.364978,1.919052,0.000000,1.480827,0.258206,0.294439,1.892983,0.207876,0.519264,0.810036,1.830077,0.418323,0.449901,0.282585,1.357742,0.503881,0.221363,0.187431,0.794081,0.253816,0.202995,0.301675,1.713994,1.479782,0.000000,0.253816,1.864489,0.395148,0.478620,1.822457,0.401562,0.459802,0.720720,0.271493,1.960710,0.470583,1.399006,0.311685,0.327312,0.400540,0.607994,1.820915,0.313540,0.177225,0.301982,0.358794,0.199726,0.793774,0.861817,1.825973,0.226322,0.385732,1.965880,0.462114,1.856419,1.982223,0.470533,0.317728,0.349910,0.242081,0.787451,1.608072,0.520542,1.933456,0.484734,0.195043,0.197362,0.199726,0.368508,0.345694,0.362772,0.305385,0.229271
1.663902,1.816552,1.603090,1.380931,1.235017,1.389179,1.395893,1.790794,1.721957,1.299729,1.444152,1.584439,1.386116,1.118845,1.393323,1.570400,1.674524,1.498239,1.321388,1.445739,1.444356,1.309008,1.411505,0.923740,1.359680,1.557495,1.542179,1.509729,1.585105,1.480827,0.000000,1.393323,1.354798,1.116652,1.453182,1.589494,1.760974,1.650749,1.316150,1.300666,1.580281,1.834913,1.220128,1.426182,1.440060,1.683481,1.571357,1.523601,1.437008,1.490950,1.647081,1.480827,1.571357,1.706872,1.394839,1.362750,1.520916,1.642521,1.360508,1.659822,1.455160,1.428126,1.589037,1.638678,1.373614,1.440101,1.334820,1.681538,1.517071,1.379294,1.542179,1.406547,1.412785,1.453566,1.718396,1.660185,1.729242,1.420770,1.363174,1.392889,1.351165,1.572897,1.406747,1.259518,1.365061,1.347904,1.426621,1.705853,1.248725,1.650340,1.479668,1.258224,1.478931,1.458359,1.453566,1.359189,1.366148,1.467060,1.386860,1.462737
1.863834,1.385157,0.618909,0.136064,0.262601,0.138264,0.146206,1.196084,0.881990,1.935608,0.279839,1.092518,0.759337,1.780636,0.000000,0.527282,1.185283,1.970284,0.303753,0.178417,0.186707,0.397615,0.198670,0.787929,0.186369,1.963681,0.384759,0.464666,1.940019,0.258206,1.393323,0.000000,0.191570,1.872824,0.183736,0.613310,0.961399,1.881472,0.228721,0.254479,0.486852,1.459001,0.302801,0.169947,0.188617,0.934114,0.438536,0.374529,0.226303,1.753412,1.545415,0.258206,0.438536,1.913733,0.344570,0.368288,1.859579,0.565709,0.349128,0.867469,0.230373,1.972503,0.587860,1.491601,0.217821,0.248357,0.254902,0.771765,1.868988,0.196811,0.384759,0.244149,0.318180,0.182000,0.941583,0.983379,1.868402,0.145979,0.260480,1.966581,0.348107,1.906293,1.988149,0.349491,0.203843,0.213404,0.175163,0.905995,1.629237,0.690560,1.953695,0.348943,0.207293,0.188357,0.182000,0.230050,0.265154,0.469092,0.195536,0.199682
1.879437,1.427293,0.667619,0.200514,0.273367,0.212442,0.197759,1.233283,0.911130,1.921126,0.283813,1.119186,0.786086,1.750515,0.191570,0.568552,1.226724,1.972443,0.273910,0.202850,0.180525,0.335511,0.165333,0.738056,0.124465,1.971432,0.434421,0.493898,1.951704,0.294439,1.354798,0.191570,0.000000,1.854718,0.214325,0.646262,1.014986,1.900976,0.264677,0.279213,0.539104,1.498305,0.304310,0.158458,0.203053,0.968467,0.491428,0.416263,0.277005,1.764517,1.585743,0.294439,0.491428,1.932576,0.323585,0.336682,1.874610,0.623622,0.328987,0.901025,0.265319,1.969695,0.642776,1.502998,0.201912,0.283193,0.190038,0.828049,1.874038,0.139877,0.434421,0.222251,0.311309,0.197352,0.990530,1.008098,1.887662,0.183536,0.259796,1.960114,0.327590,1.922864,1.986627,0.318311,0.124583,0.133606,0.169761,0.968127,1.603780,0.741761,1.957526,0.245438,0.233133,0.206336,0.197352,0.179606,0.224028,0.501309,0.150531,0.214413
0.979100,1.525961,1.826953,1.867029,1.803478,1.868654,1.875420,1.602192,1.743705,0.445062,1.893888,1.632428,1.679816,0.558529,1.872824,1.820442,1.635518,0.747192,1.840369,1.886969,1.889170,1.838689,1.882146,1.584022,1.857844,0.807516,1.885230,1.810355,0.825851,1.892983,1.116652,1.872824,1.854718,0.000000,1.888455,1.798088,1.749755,0.982498,1.855871,1.853159,1.878101,1.503810,1.811532,1.887571,1.898751,1.705402,1.876700,1.871354,1.892947,0.804615,1.398055,1.892983,1.876700,1.017288,1.867510,1.855918,0.782920,1.878028,1.865475,1.751813,1.907069,0.679637,1.843810,1.327994,1.875612,1.895505,1.852332,1.807379,0.761989,1.873126,1.885230,1.886477,1.871813,1.893826,1.719065,1.645246,1.128129,1.883381,1.870895,0.571841,1.862951,0.939047,0.599041,1.810478,1.856267,1.860567,1.880813,1.800413,0.926449,1.810214,0.711376,1.828328,1.902850,1.898374,1.893826,1.860323,1.876451,1.820948,1.874811,1.904559
1.842863,1.348310,0.573342,0.202051,0.381496,0.210026,0.182589,1.141902,0.813488,1.935860,0.278897,1.069932,0.784164,1.786305,0.183736,0.466652,1.155577,1.965876,0.328727,0.020833,0.128492,0.408860,0.169603,0.850768,0.170268,1.952948,0.326499,0.415340,1.927023,0.207876,1.453182,0.183736,0.214325,1.888455,0.000000,0.562526,0.910934,1.865140,0.327298,0.352447,0.431757,1.414418,0.408033,0.096343,0.159366,0.889066,0.374001,0.315011,0.266624,1.752837,1.534865,0.207876,0.374001,1.892014,0.335283,0.363557,1.859488,0.511180,0.352103,0.819348,0.197727,1.973183,0.536108,1.467488,0.249770,0.270413,0.274933,0.723835,1.856717,0.181281,0.326499,0.232969,0.305181,0.073677,0.896276,0.935424,1.841233,0.140552,0.291246,1.964458,0.386988,1.890989,1.988617,0.380183,0.183943,0.220256,0.075919,0.862482,1.642274,0.638704,1.954702,0.390660,0.096981,0.089263,0.073677,0.238641,0.275599,0.458686,0.174526,0.117267
1.643936,1.109929,0.434030,0.653513,0.779470,0.635135,0.647789,0.839785,0.513774,1.838963,0.659216,1.027004,0.645867,1.698624,0.613310,0.475071,1.049127,1.856999,0.788638,0.571070,0.603401,0.824046,0.647183,1.153520,0.661407,1.815861,0.466809,0.513044,1.799795,0.519264,1.589494,0.613310,0.646262,1.798088,0.562526,0.000000,0.645222,1.710534,0.734832,0.766532,0.450850,1.107576,0.811160,0.606149,0.611020,0.678778,0.451925,0.466172,0.618346,1.505880,1.361266,0.519264,0.451925,1.727784,0.725579,0.789793,1.648996,0.467696,0.784200,0.531287,0.647330,1.871152,0.470470,1.248176,0.670351,0.628711,0.722904,0.515706,1.671123,0.667115,0.466809,0.664517,0.675207,0.583241,0.592856,0.642019,1.707251,0.606451,0.717571,1.870787,0.753097,1.721921,1.885624,0.734359,0.658663,0.695484,0.600434,0.632886,1.517675,0.434254,1.810563,0.803800,0.574858,0.584789,0.583241,0.689412,0.709294,0.538935,0.660056,0.609631
1.366524,0.732537,0.473793,1.012408,1.158382,1.000506,0.988372,0.370666,0.431333,1.729032,0.970468,1.207030,0.807923,1.645979,0.961399,0.571525,1.158510,1.686641,1.150822,0.922270,0.936041,1.158338,1.004486,1.500427,1.030326,1.596912,0.670390,0.684589,1.611268,0.810036,1.760974,0.961399,1.014986,1.749755,0.910934,0.645222,0.000000,1.431025,1.099436,1.136379,0.588594,0.798770,1.174047,0.947288,0.944084,0.367264,0.604099,0.702131,0.936869,1.345098,1.139824,0.810036,0.604099,1.478988,1.070227,1.143115,1.433630,0.469775,1.141216,0.416312,0.959793,1.723864,0.606435,0.933296,1.009173,0.955626,1.114324,0.266295,1.451923,1.034013,0.670390,0.999229,1.026985,0.912955,0.167914,0.439132,1.470947,0.939912,1.075732,1.745438,1.097554,1.459753,1.742411,1.151294,1.037012,1.072255,0.956817,0.579785,1.409252,0.367215,1.638788,1.190917,0.886592,0.906993,0.912955,1.079893,1.039914,0.686414,1.022559,0.930528
0.374493,1.104694,1.658474,1.886970,1.924019,1.884309,1.878249,1.246036,1.504231,0.811115,1.871969,1.611890,1.689157,1.087314,1.881472,1.704386,1.515316,0.620555,1.910171,1.869507,1.871125,1.911607,1.891674,1.895330,1.904544,0.516091,1.773176,1.742815,0.606566,1.830077,1.650749,1.881472,1.900976,0.982498,1.865140,1.710534,1.431025,0.000000,1.908825,1.917552,1.730033,1.033152,1.924723,1.877064,1.871195,1.452495,1.746339,1.765130,1.862774,0.825233,0.838951,1.830077,1.746339,0.500913,1.890080,1.898814,0.593591,1.687489,1.902615,1.517054,1.862482,0.674850,1.683313,1.039708,1.893340,1.865707,1.926327,1.570574,0.663119,1.901114,1.773176,1.890514,1.880888,1.867335,1.451063,1.431376,0.645329,1.869386,1.902311,0.736803,1.896264,0.490693,0.674934,1.914607,1.906014,1.912068,1.879597,1.525632,1.178155,1.609306,0.642241,1.932797,1.853507,1.863638,1.867335,1.916947,1.903720,1.754816,1.897060,1.865840
1.896569,1.479157,0.775240,0.194357,0.207528,0.162067,0.245753,1.314603,1.017156,1.925396,0.288515,1.094455,0.853770,1.773677,0.228721,0.687807,1.198794,1.969511,0.260895,0.317291,0.299213,0.416053,0.262978,0.697302,0.251601,1.975958,0.550141,0.618350,1.948959,0.418323,1.316150,0.228721,0.264677,1.855871,0.327298,0.734832,1.099436,1.908825,0.000000,0.076560,0.647868,1.539115,0.261417,0.289348,0.315084,1.082670,0.603333,0.540093,0.250448,1.785447,1.580866,0.418323,0.603333,1.931229,0.330120,0.351113,1.886582,0.713827,0.308401,0.987460,0.331781,1.962271,0.743121,1.571749,0.294316,0.281252,0.242257,0.921268,1.903910,0.247409,0.550141,0.342116,0.310390,0.315061,1.084320,1.115687,1.886725,0.281516,0.191523,1.953220,0.300376,1.931325,1.976839,0.325782,0.262639,0.234507,0.291834,1.012346,1.650471,0.847612,1.954564,0.310538,0.345296,0.321846,0.315061,0.248092,0.338382,0.627038,0.257319,0.313589
1.908587,1.506044,0.814747,0.215276,0.189226,0.196337,0.267320,1.346257,1.047878,1.922491,0.310204,1.093061,0.884292,1.772100,0.254479,0.724544,1.201167,1.967831,0.242232,0.341317,0.322399,0.400764,0.275974,0.667856,0.262509,1.979709,0.587938,0.652267,1.948549,0.449901,1.300666,0.254479,0.279213,1.853159,0.352447,0.766532,1.136379,1.917552,0.076560,0.000000,0.685328,1.562996,0.253657,0.312648,0.331218,1.116729,0.641939,0.574543,0.299498,1.800971,1.602923,0.449901,0.641939,1.935920,0.327576,0.336766,1.899302,0.753802,0.291573,1.026854,0.347057,1.960201,0.770536,1.593417,0.313632,0.315544,0.226651,0.961549,1.912147,0.257187,0.587938,0.352313,0.315724,0.341318,1.121452,1.150378,1.891149,0.307796,0.184572,1.950255,0.304767,1.938447,1.974269,0.318901,0.268253,0.236278,0.311363,1.039175,1.660347,0.886076,1.955284,0.289145,0.371590,0.348521,0.341318,0.240243,0.345533,0.664760,0.268204,0.335448
1.694352,1.113102,0.192366,0.554143,0.709821,0.549223,0.522717,0.866306,0.606989,1.907282,0.523592,1.142021,0.611182,1.773522,0.486852,0.314706,1.169952,1.900723,0.702208,0.442701,0.472504,0.717189,0.544191,1.126034,0.553048,1.852853,0.126930,0.368059,1.861742,0.282585,1.580281,0.486852,0.539104,1.878101,0.431757,0.450850,0.588594,1.730033,0.647868,0.685328,0.000000,1.192774,0.726097,0.464604,0.451005,0.594810,0.141834,0.208000,0.492529,1.624108,1.357743,0.282585,0.141834,1.776416,0.621065,0.711937,1.722964,0.247503,0.701095,0.531891,0.496580,1.921630,0.396651,1.242784,0.528274,0.511186,0.654172,0.364985,1.734498,0.564104,0.126930,0.527911,0.580572,0.433377,0.562993,0.684516,1.747155,0.466228,0.623009,1.933021,0.659828,1.759564,1.939730,0.687820,0.567726,0.602466,0.481598,0.646232,1.543320,0.277791,1.872339,0.726818,0.412749,0.425761,0.433377,0.618787,0.564072,0.306795,0.553169,0.459789
0.926772,0.785805,1.096565,1.480780,1.593752,1.469600,1.467252,0.673774,0.873327,1.427129,1.466420,1.268193,1.252700,1.495982,1.459001,1.190708,1.135184,1.295036,1.581509,1.422248,1.438434,1.593389,1.479774,1.783980,1.507452,1.173358,1.262550,1.269201,1.204162,1.357742,1.834913,1.459001,1.498305,1.503810,1.414418,1.107576,0.798770,1.033152,1.539115,1.562996,1.192774,0.000000,1.595765,1.444061,1.440396,0.937160,1.219062,1.268811,1.433514,1.020404,0.938994,1.357742,1.219062,1.028010,1.526799,1.564781,1.041904,1.125426,1.561846,0.899579,1.438682,1.343293,1.131446,0.957335,1.501159,1.446347,1.551034,0.965887,1.129018,1.497465,1.262550,1.489729,1.496610,1.420058,0.828821,0.877404,1.058530,1.437732,1.532086,1.390589,1.542337,1.046427,1.352689,1.551629,1.507933,1.525752,1.448159,0.805758,1.266278,1.023284,1.234865,1.596399,1.397528,1.414123,1.420058,1.529782,1.524190,1.277504,1.489227,1.425603
1.915666,1.535071,0.842508,0.288432,0.191428,0.304991,0.306020,1.381489,1.079978,1.899757,0.452866,1.180867,0.852261,1.735164,0.302801,0.747312,1.293195,1.966330,0.303801,0.395970,0.397234,0.386996,0.348533,0.587693,0.295042,1.975832,0.629132,0.668636,1.954593,0.503881,1.220128,0.302801,0.304310,1.811532,0.408033,0.811160,1.174047,1.924723,0.261417,0.253657,0.726097,1.595765,0.000000,0.369018,0.398404,1.119460,0.681377,0.615240,0.415936,1.786078,1.615285,0.503881,0.681377,1.962897,0.431172,0.403590,1.882994,0.812402,0.376322,1.055739,0.410075,1.956995,0.798938,1.600483,0.324769,0.413336,0.284689,0.990599,1.903801,0.310659,0.629132,0.362505,0.441296,0.403852,1.145630,1.146013,1.910464,0.343934,0.356164,1.936905,0.381872,1.939687,1.962862,0.336849,0.312601,0.279424,0.366399,1.100977,1.621600,0.917622,1.952768,0.275557,0.439457,0.411766,0.403852,0.310271,0.336239,0.641798,0.321997,0.411855
1.855878,1.379631,0.607713,0.176015,0.350026,0.189605,0.155723,1.178117,0.859139,1.938827,0.257574,1.089033,0.794643,1.786948,0.169947,0.509711,1.180176,1.971638,0.297467,0.085407,0.098250,0.376422,0.123409,0.829144,0.128836,1.959337,0.357389,0.453187,1.935994,0.221363,1.426182,0.169947,0.158458,1.887571,0.096343,0.606149,0.947288,1.877064,0.289348,0.312648,0.464604,1.444061,0.369018,0.000000,0.131215,0.921315,0.411165,0.346540,0.253597,1.764710,1.543846,0.221363,0.411165,1.905175,0.312502,0.349968,1.869716,0.541436,0.320813,0.844745,0.180630,1.975471,0.571160,1.488749,0.216508,0.269255,0.241142,0.759603,1.869934,0.118644,0.357389,0.206810,0.289535,0.057079,0.933213,0.972981,1.854144,0.121647,0.259509,1.967730,0.371928,1.902077,1.991848,0.364199,0.153184,0.163804,0.074325,0.894033,1.643557,0.677760,1.960001,0.341646,0.090497,0.059193,0.057079,0.211968,0.239251,0.474108,0.111585,0.079978
