0.000000,1.058288,1.590690,1.871851,1.910786,1.866845,1.862236,1.137791,1.421037,0.839497,1.852723,1.556151,1.597200,1.091179,1.859380,1.661972,1.444416,0.699605,1.901886,1.841885,1.845383,1.906571,1.867405,1.912147,1.879894,0.503970,1.730918,1.707374,0.620962,1.795622,1.674241,1.859380,1.868872,0.969939,1.837387,1.605534,1.350283,0.375251,1.895643,1.906255,1.678790,0.915441,1.911507,1.849217,1.845576,1.383259,1.702631,1.721479,1.840563,0.699076,0.817046,1.795622,1.702631,0.521230,1.875974,1.903995,0.511939,1.625035,1.892614,1.404130,1.840115,0.749125,1.609212,0.958861,1.871445,1.842873,1.907082,1.498941,0.619415,1.877331,1.730918,1.868625,1.863165,1.839063,1.362316,1.335197,0.680222,1.848952,1.888158,0.770627,1.883383,0.497466,0.728822,1.884659,1.882815,1.889861,1.854040,1.447060,1.119401,1.541279,0.669256,1.913121,1.824969,1.834645,1.839063,1.895005,1.884207,1.701672,1.872461,1.840767
1.058288,0.000000,1.019483,1.419753,1.522848,1.415987,1.400550,0.666660,0.858946,1.431150,1.364807,1.286796,1.203487,1.413041,1.385671,1.090050,1.217868,1.360596,1.492429,1.356713,1.361435,1.481325,1.411778,1.702964,1.433091,1.264845,1.166382,1.170611,1.302510,1.270852,1.826540,1.385671,1.419477,1.511552,1.347762,1.085065,0.724117,1.096314,1.484426,1.508978,1.102904,0.772114,1.534271,1.377374,1.373451,0.807880,1.120788,1.197123,1.355625,1.109478,1.064204,1.270852,1.120788,1.148939,1.420392,1.490485,1.151962,1.018663,1.483056,0.927549,1.389126,1.426362,1.099728,0.831936,1.408047,1.356685,1.485492,0.872011,1.099714,1.437138,1.166382,1.389975,1.399879,1.347662,0.770911,0.856226,1.159815,1.364240,1.457158,1.438108,1.445417,1.153179,1.443306,1.514151,1.437117,1.463240,1.380929,0.957272,1.316199,0.945956,1.348903,1.538889,1.329990,1.345596,1.347662,1.462362,1.418877,1.149005,1.429726,1.360817
1.590690,1.019483,0.000000,0.701099,0.839952,0.696664,0.668336,0.737425,0.515019,1.849218,0.681124,1.149397,0.526882,1.713364,0.633967,0.344523,1.156411,1.850412,0.833736,0.596989,0.620281,0.842927,0.689488,1.197742,0.699150,1.777540,0.296546,0.423606,1.800204,0.444934,1.623190,0.633967,0.667628,1.811739,0.586163,0.436863,0.467405,1.646848,0.794705,0.830669,0.192773,1.074147,0.852585,0.616681,0.605762,0.469831,0.273257,0.312840,0.643744,1.502116,1.251973,0.444934,0.273257,1.719822,0.760394,0.852083,1.617207,0.286247,0.836258,0.411850,0.644984,1.881805,0.411298,1.120077,0.659862,0.655956,0.796765,0.253438,1.637579,0.709612,0.296546,0.665438,0.718432,0.590628,0.408557,0.541710,1.679713,0.615348,0.768373,1.877487,0.795469,1.683987,1.893376,0.796595,0.712767,0.744959,0.633798,0.598548,1.460333,0.132698,1.819816,0.854100,0.569946,0.582391,0.590628,0.761529,0.699537,0.347196,0.697504,0.615889
1.871851,1.419753,0.701099,0.000000,0.254668,0.080684,0.077951,1.236895,0.921497,1.928796,0.278819,1.048035,0.847043,1.770953,0.136396,0.581993,1.152268,1.972451,0.213048,0.194446,0.189750,0.364408,0.171484,0.736328,0.171678,1.965659,0.458861,0.513262,1.933515,0.324843,1.386468,0.136396,0.209900,1.865201,0.203745,0.702980,1.020346,1.885395,0.194673,0.216687,0.567419,1.477201,0.286401,0.180024,0.207980,0.998339,0.506047,0.439508,0.249452,1.757756,1.561071,0.324843,0.506047,1.913587,0.308187,0.323050,1.871610,0.631404,0.264170,0.931487,0.214565,1.968286,0.646791,1.535428,0.241591,0.274245,0.220277,0.845293,1.875622,0.170679,0.458861,0.254793,0.284381,0.197957,1.005543,1.036197,1.857400,0.138490,0.214698,1.959639,0.346826,1.911859,1.985032,0.322860,0.183425,0.182308,0.173174,0.943170,1.656359,0.762757,1.957772,0.317762,0.228317,0.209917,0.197957,0.207423,0.278504,0.557200,0.171779,0.203151
1.910786,1.522848,0.839952,0.254668,0.000000,0.256132,0.304328,1.361972,1.074576,1.897500,0.402043,1.126030,0.864323,1.723427,0.263667,0.723598,1.248829,1.962283,0.264595,0.372028,0.371705,0.377244,0.329030,0.554274,0.266708,1.977768,0.622978,0.635023,1.949821,0.491798,1.237490,0.263667,0.289868,1.804387,0.383213,0.828768,1.165893,1.923845,0.197526,0.185466,0.723515,1.591527,0.192674,0.353935,0.387610,1.115106,0.673115,0.601000,0.374716,1.771095,1.626930,0.491798,0.673115,1.955862,0.402477,0.358435,1.883577,0.803460,0.358448,1.068060,0.413928,1.951413,0.794997,1.578313,0.338628,0.392934,0.242471,0.990529,1.886990,0.294969,0.622978,0.379830,0.399695,0.386590,1.137672,1.146133,1.915268,0.345783,0.286501,1.939401,0.362556,1.946399,1.962645,0.290368,0.269121,0.257148,0.342005,1.093143,1.604941,0.909345,1.948817,0.271374,0.423974,0.398164,0.386590,0.262060,0.361383,0.656972,0.308405,0.397784
1.866845,1.415987,0.696664,0.080684,0.256132,0.000000,0.132641,1.226551,0.916001,1.929909,0.265834,1.051463,0.839790,1.774591,0.138379,0.574533,1.151975,1.970505,0.240398,0.206265,0.190142,0.384491,0.172349,0.745238,0.192507,1.963758,0.459219,0.506730,1.934070,0.332084,1.393140,0.138379,0.223357,1.866681,0.214056,0.691741,1.012522,1.883161,0.162825,0.196434,0.566550,1.468794,0.300397,0.196839,0.225322,0.990381,0.503082,0.441504,0.208253,1.755277,1.552911,0.332084,0.503082,1.910333,0.318903,0.328787,1.867594,0.626943,0.285516,0.921084,0.232862,1.968152,0.642670,1.521715,0.248781,0.240897,0.229636,0.839336,1.877731,0.187043,0.459219,0.273544,0.284253,0.211279,0.997906,1.023115,1.857858,0.166185,0.203613,1.959373,0.326097,1.911993,1.983347,0.328921,0.200573,0.198727,0.185276,0.941222,1.654021,0.757066,1.954891,0.335635,0.236591,0.222440,0.211279,0.212228,0.296914,0.562626,0.186637,0.212316
1.862236,1.400550,0.668336,0.077951,0.304328,0.132641,0.000000,1.213292,0.892140,1.932339,0.287507,1.062810,0.838114,1.774320,0.147045,0.553247,1.162092,1.972436,0.237822,0.173268,0.167678,0.361003,0.164619,0.766055,0.175987,1.960755,0.420914,0.488703,1.931726,0.287096,1.404238,0.147045,0.201727,1.873082,0.181210,0.688234,0.991359,1.875749,0.248065,0.270976,0.530647,1.459820,0.307049,0.154557,0.172236,0.966512,0.469817,0.402544,0.256624,1.754041,1.545360,0.287096,0.469817,1.908790,0.318842,0.338943,1.865661,0.597881,0.281464,0.901632,0.173611,1.970793,0.614587,1.518756,0.223272,0.274751,0.245325,0.813172,1.869684,0.171850,0.420914,0.225867,0.297882,0.169441,0.978141,1.007956,1.849207,0.088943,0.254573,1.962573,0.363342,1.902592,1.987394,0.347748,0.190599,0.194724,0.157849,0.923602,1.657202,0.731434,1.958624,0.335228,0.195921,0.179075,0.169441,0.228157,0.256345,0.521315,0.167417,0.175062
1.137791,0.666660,0.737425,1.236895,1.361972,1.226551,1.213292,0.000000,0.499968,1.546809,1.207151,1.184017,0.997081,1.487689,1.199738,0.787564,1.114939,1.526017,1.333145,1.154884,1.156586,1.341110,1.214805,1.619435,1.247888,1.405582,0.931398,0.880628,1.410322,1.054587,1.804601,1.199738,1.226629,1.584712,1.144569,0.819098,0.366334,1.235256,1.323825,1.352428,0.858077,0.657069,1.382659,1.178545,1.169879,0.479844,0.869454,0.940047,1.185513,1.134552,1.061922,1.054587,0.869454,1.286934,1.277973,1.334364,1.241413,0.754400,1.323571,0.580192,1.180315,1.562960,0.793827,0.800121,1.233533,1.194457,1.316817,0.585893,1.231948,1.249588,0.931398,1.217012,1.236772,1.150067,0.398974,0.441448,1.292309,1.170929,1.289342,1.568501,1.312520,1.276153,1.582715,1.328367,1.247190,1.282457,1.181284,0.721430,1.315448,0.631197,1.470031,1.386250,1.124085,1.146017,1.150067,1.285329,1.260460,0.937093,1.236956,1.161647
1.421037,0.858946,0.515019,0.921497,1.074576,0.916001,0.892140,0.499968,0.000000,1.719982,0.906381,1.051665,0.862071,1.605802,0.893696,0.523402,1.031668,1.730089,1.027519,0.834649,0.836958,1.045901,0.897265,1.381054,0.939715,1.647255,0.647766,0.605502,1.635336,0.749686,1.736946,0.893696,0.909334,1.727440,0.822861,0.502363,0.413846,1.493064,1.031075,1.059926,0.599207,0.849976,1.088689,0.864117,0.854798,0.457514,0.594740,0.635468,0.887149,1.363056,1.233467,0.749686,0.594740,1.532361,0.981230,1.032047,1.497317,0.525822,1.022912,0.450339,0.869921,1.751720,0.505876,1.070845,0.932632,0.888715,1.003299,0.464953,1.477593,0.934562,0.647766,0.907273,0.936329,0.836403,0.403381,0.362535,1.500982,0.843849,0.993613,1.748359,1.011962,1.524526,1.772343,1.026754,0.930085,0.968697,0.862647,0.577077,1.460565,0.421998,1.692778,1.080060,0.809894,0.833682,0.836403,0.968969,0.960997,0.678012,0.923470,0.846287
0.839497,1.431150,1.849218,1.928796,1.897500,1.929909,1.932339,1.546809,1.719982,0.000000,1.935354,1.616056,1.773215,0.510646,1.936032,1.846987,1.593229,0.548327,1.908197,1.934724,1.932720,1.895781,1.931791,1.738232,1.921845,0.612255,1.913828,1.852919,0.646173,1.931806,1.302413,1.936032,1.919590,0.448139,1.934736,1.814409,1.713144,0.809283,1.925056,1.923207,1.898423,1.416319,1.902548,1.937120,1.943625,1.699896,1.899199,1.907766,1.939419,0.834577,1.363994,1.931806,1.899199,0.783573,1.921973,1.909524,0.742560,1.876223,1.918055,1.742426,1.946893,0.451942,1.856214,1.311634,1.932763,1.940472,1.918341,1.799021,0.686747,1.930490,1.913828,1.930010,1.924856,1.937283,1.708510,1.655936,0.834264,1.933485,1.928599,0.250910,1.922305,0.686863,0.453072,1.890670,1.919243,1.924632,1.931586,1.781867,1.034892,1.820284,0.500971,1.907474,1.940177,1.940262,1.937283,1.922768,1.927403,1.867565,1.930896,1.943257
1.852723,1.364807,0.681124,0.278819,0.402043,0.265834,0.287507,1.207151,0.906381,1.935354,0.000000,1.039446,0.857146,1.787771,0.279343,0.597623,1.131331,1.961285,0.337446,0.277019,0.256029,0.415477,0.266907,0.826191,0.288033,1.954975,0.440016,0.553124,1.926606,0.318108,1.450416,0.279343,0.286217,1.891091,0.279845,0.702922,0.979150,1.869968,0.291641,0.311982,0.536173,1.462037,0.450238,0.259535,0.258311,0.983942,0.490992,0.459052,0.224007,1.774459,1.543569,0.318108,0.490992,1.887270,0.217465,0.394980,1.879093,0.583019,0.321019,0.921490,0.308259,1.963138,0.657967,1.511553,0.292778,0.242493,0.311199,0.809705,1.863720,0.275083,0.440016,0.308022,0.190748,0.260225,0.976328,1.038839,1.832712,0.267743,0.212301,1.958388,0.315080,1.899134,1.981343,0.436013,0.288893,0.291162,0.267962,0.932051,1.670355,0.740163,1.946786,0.391498,0.273161,0.265125,0.260225,0.292379,0.322237,0.573919,0.284524,0.260212
1.556151,1.286796,1.149397,1.048035,1.126030,1.051463,1.062810,1.184017,1.051665,1.616056,1.039446,0.000000,1.333395,1.540310,1.085916,1.092484,0.260486,1.663165,1.052408,1.059112,1.052524,1.173164,1.053859,1.315856,1.087645,1.631167,1.087995,1.093167,1.520479,1.060256,1.605284,1.085916,1.103077,1.630897,1.057090,0.980798,1.160695,1.605131,1.090073,1.091575,1.108087,1.226725,1.181390,1.073393,1.051176,1.252343,1.086662,1.097040,1.090151,1.428685,1.497930,1.060256,1.086662,1.493185,1.016336,1.077764,1.614008,1.074418,1.003702,1.175040,1.061051,1.614421,1.060202,1.555210,1.158217,1.117909,1.057757,1.154310,1.526292,1.066623,1.087995,1.127999,0.993805,1.063267,1.185520,1.245001,1.469917,1.067514,1.034440,1.622292,1.168210,1.599738,1.657661,1.039625,1.071323,1.079263,1.065749,0.978096,1.617112,1.130122,1.605086,1.133393,1.060759,1.067994,1.063267,1.049867,1.171616,1.210152,1.063386,1.057756
1.597200,1.203487,0.526882,0.847043,0.864323,0.839790,0.838114,0.997081,0.862071,1.773215,0.857146,1.333395,0.000000,1.631853,0.772372,0.712408,1.340938,1.821095,0.951392,0.795441,0.832200,0.950077,0.866049,1.087220,0.825986,1.751838,0.648584,0.728590,1.808163,0.711422,1.418478,0.772372,0.785662,1.663941,0.792932,0.633967,0.795790,1.676391,0.872325,0.899971,0.605463,1.224756,0.864575,0.800658,0.813146,0.769375,0.661654,0.642660,0.811613,1.445270,1.251742,0.711422,0.661654,1.773064,0.900842,0.989995,1.547945,0.690040,0.976517,0.684843,0.856049,1.836746,0.754118,1.153406,0.771121,0.819813,0.901056,0.640288,1.620225,0.854046,0.648584,0.823050,0.870744,0.799382,0.691100,0.776354,1.738396,0.811738,0.881884,1.812121,0.881559,1.686921,1.828437,0.844896,0.848835,0.863212,0.816694,0.877771,1.295580,0.590565,1.765948,0.897383,0.802996,0.793571,0.799382,0.883082,0.815801,0.547580,0.850165,0.832299
1.091179,1.413041,1.713364,1.770953,1.723427,1.774591,1.774320,1.487689,1.605802,0.510646,1.787771,1.540310,1.631853,0.000000,1.777523,1.684310,1.576130,0.919454,1.749392,1.780707,1.776564,1.730672,1.775863,1.557978,1.752622,0.991207,1.764376,1.677453,0.997458,1.773256,1.132914,1.777523,1.744581,0.561622,1.781441,1.670801,1.626605,1.087960,1.770541,1.769910,1.760282,1.479649,1.734663,1.781302,1.793120,1.575512,1.751349,1.757720,1.789114,0.860144,1.472146,1.773256,1.751349,1.126839,1.771808,1.752810,0.940767,1.752044,1.772337,1.619089,1.811817,0.853363,1.722216,1.262807,1.776893,1.793592,1.754103,1.680384,0.875589,1.771135,1.764376,1.773968,1.773663,1.783277,1.606215,1.525697,1.162544,1.773144,1.779666,0.726965,1.772199,0.977853,0.868003,1.723373,1.749990,1.761258,1.774820,1.723815,0.953752,1.692530,0.853148,1.741372,1.794160,1.790149,1.783277,1.761558,1.769099,1.693841,1.772116,1.799614
1.859380,1.385671,0.633967,0.136396,0.263667,0.138379,0.147045,1.199738,0.893696,1.936032,0.279343,1.085916,0.772372,1.777523,0.000000,0.530962,1.180415,1.970771,0.298382,0.178953,0.190512,0.384320,0.201311,0.767493,0.186660,1.960678,0.395655,0.467151,1.937718,0.269125,1.399512,0.000000,0.199505,1.870905,0.184330,0.664584,0.968505,1.879632,0.229523,0.256375,0.500258,1.454688,0.301672,0.172264,0.193272,0.939167,0.446859,0.385401,0.220746,1.746093,1.540529,0.269125,0.446859,1.914630,0.344436,0.365056,1.857069,0.575880,0.343391,0.884862,0.232946,1.972209,0.595547,1.490880,0.218399,0.249001,0.253174,0.782166,1.864453,0.198567,0.395655,0.243575,0.320096,0.183418,0.949081,0.989022,1.862261,0.148821,0.260705,1.966966,0.345872,1.906028,1.987695,0.346618,0.203752,0.214137,0.175872,0.915040,1.629188,0.702237,1.954152,0.343887,0.208989,0.190198,0.183418,0.229196,0.262837,0.479477,0.198244,0.202137
1.661972,1.090050,0.344523,0.581993,0.723598,0.574533,0.553247,0.787564,0.523402,1.846987,0.597623,1.092484,0.712408,1.684310,0.530962,0.000000,1.145242,1.881773,0.703991,0.480501,0.485886,0.716766,0.558137,1.103100,0.578418,1.825842,0.293401,0.129617,1.825187,0.392957,1.581716,0.530962,0.566028,1.813272,0.469108,0.511897,0.574817,1.698672,0.695881,0.730834,0.318622,1.181332,0.749577,0.510850,0.518140,0.510325,0.228196,0.303270,0.559748,1.566268,1.394872,0.392957,0.228196,1.759632,0.683805,0.698884,1.695804,0.339118,0.723915,0.566480,0.554978,1.897779,0.374770,1.200157,0.584702,0.573661,0.670446,0.422758,1.667494,0.592031,0.293401,0.566841,0.639536,0.483023,0.551803,0.573116,1.725497,0.498121,0.667749,1.890316,0.705711,1.743882,1.912264,0.701597,0.578113,0.625276,0.507160,0.711081,1.492785,0.335470,1.853194,0.760466,0.463076,0.483831,0.483023,0.637607,0.616176,0.357318,0.581423,0.506752
1.444416,1.217868,1.156411,1.152268,1.248829,1.151975,1.162092,1.114939,1.031668,1.593229,1.131331,0.260486,1.340938,1.576130,1.180415,1.145242,0.000000,1.600023,1.174877,1.149099,1.147513,1.289605,1.156041,1.447238,1.198253,1.537489,1.138864,1.166494,1.434067,1.134673,1.692212,1.180415,1.210677,1.629459,1.145325,0.999391,1.112801,1.507544,1.197152,1.201336,1.137053,1.093847,1.293025,1.166724,1.139918,1.239363,1.131238,1.147372,1.176429,1.372309,1.383957,1.134673,1.131238,1.376582,1.119395,1.198715,1.531115,1.088037,1.116784,1.148177,1.140694,1.562168,1.079555,1.499436,1.245898,1.200990,1.178215,1.139389,1.459179,1.172773,1.138864,1.218857,1.090668,1.153025,1.143964,1.223554,1.350797,1.162346,1.138153,1.573306,1.267131,1.495836,1.596989,1.156302,1.185983,1.191547,1.162580,0.915454,1.621284,1.126940,1.538963,1.253215,1.142478,1.153579,1.153025,1.163800,1.264611,1.264313,1.167564,1.143661
0.699605,1.360596,1.850412,1.972451,1.962283,1.970505,1.972436,1.526017,1.730089,0.548327,1.961285,1.663165,1.821095,0.919454,1.970771,1.881773,1.600023,0.000000,1.966787,1.967350,1.969129,1.956386,1.973647,1.853683,1.974608,0.461351,1.927493,1.901889,0.458155,1.955761,1.484679,1.970771,1.973865,0.761896,1.966139,1.848385,1.683500,0.629314,1.968283,1.967369,1.899318,1.306444,1.967796,1.972002,1.972311,1.698072,1.912567,1.925321,1.959866,0.911944,1.252363,1.955761,1.912567,0.544489,1.961058,1.958647,0.662817,1.869905,1.964478,1.754010,1.966566,0.414628,1.863450,1.254640,1.973983,1.958348,1.972968,1.785499,0.698365,1.976051,1.927493,1.968821,1.961910,1.967662,1.696173,1.677383,0.731567,1.970179,1.969181,0.451316,1.958047,0.592273,0.336903,1.964056,1.971883,1.976772,1.970003,1.721936,1.136160,1.819658,0.424241,1.969067,1.963896,1.967278,1.967662,1.971691,1.971712,1.903722,1.974850,1.968306
1.901886,1.492429,0.833736,0.213048,0.264595,0.240398,0.237822,1.333145,1.027519,1.908197,0.337446,1.052408,0.951392,1.749392,0.298382,0.703991,1.174877,1.966787,0.000000,0.308483,0.290482,0.321687,0.234287,0.634294,0.226000,1.974238,0.592572,0.622639,1.930268,0.448332,1.332136,0.298382,0.270662,1.840384,0.319079,0.810596,1.144130,1.908122,0.251146,0.239047,0.699475,1.568168,0.306076,0.286210,0.309008,1.112365,0.642646,0.569078,0.375275,1.791402,1.615360,0.448332,0.642646,1.929314,0.282868,0.294944,1.905371,0.764421,0.160732,1.052313,0.310443,1.954034,0.763470,1.603755,0.316728,0.380506,0.194131,0.980760,1.892428,0.217440,0.592572,0.321023,0.285387,0.316061,1.131390,1.142547,1.874644,0.283779,0.217408,1.941835,0.372676,1.938036,1.973776,0.302919,0.217637,0.194847,0.272431,1.057504,1.678099,0.894690,1.958255,0.281712,0.346125,0.328407,0.316061,0.203990,0.321225,0.687694,0.229331,0.308023
1.841885,1.356713,0.596989,0.194446,0.372028,0.206265,0.173268,1.154884,0.834649,1.934724,0.277019,1.059112,0.795441,1.780707,0.178953,0.480501,1.149099,1.967350,0.308483,0.000000,0.126902,0.382205,0.159979,0.818909,0.152784,1.950973,0.345661,0.426105,1.925619,0.221934,1.453631,0.178953,0.204559,1.883762,0.020890,0.619214,0.928227,1.866860,0.321639,0.344860,0.453937,1.416228,0.395011,0.086669,0.153237,0.903906,0.392361,0.333376,0.265836,1.745947,1.532994,0.221934,0.392361,1.896952,0.324762,0.352598,1.858323,0.530653,0.332988,0.844848,0.191991,1.973984,0.553188,1.472821,0.236589,0.269799,0.259479,0.744023,1.853975,0.169177,0.345661,0.216928,0.299139,0.068521,0.913527,0.949703,1.836388,0.135953,0.282378,1.963372,0.375903,1.894045,1.988873,0.364498,0.169181,0.206292,0.057778,0.877732,1.641975,0.660319,1.956502,0.368304,0.100586,0.087277,0.068521,0.225994,0.258526,0.472072,0.163197,0.115922
1.845383,1.361435,0.620281,0.189750,0.371705,0.190142,0.167678,1.156586,0.836958,1.932720,0.256029,1.052524,0.832200,1.776564,0.190512,0.485886,1.147513,1.969129,0.290482,0.126902,0.000000,0.359019,0.088281,0.832479,0.176766,1.949584,0.365181,0.425644,1.924643,0.237210,1.454793,0.190512,0.180258,1.885222,0.129412,0.639618,0.937444,1.867493,0.306737,0.329324,0.478048,1.428468,0.399376,0.097705,0.139463,0.905736,0.407968,0.354399,0.243192,1.755060,1.545978,0.237210,0.407968,1.893351,0.325784,0.331811,1.868241,0.539258,0.310696,0.852858,0.181195,1.971984,0.558795,1.478665,0.230658,0.262476,0.248602,0.762582,1.855211,0.144403,0.365181,0.206813,0.293784,0.105113,0.927546,0.954758,1.835556,0.127021,0.264472,1.962285,0.373861,1.896010,1.989087,0.377510,0.176843,0.187794,0.112539,0.896927,1.650736,0.677874,1.958868,0.364996,0.105246,0.108180,0.105113,0.215233,0.252426,0.496231,0.131346,0.081247
1.906571,1.481325,0.842927,0.364408,0.377244,0.384491,0.361003,1.341110,1.045901,1.895781,0.415477,1.173164,0.950077,1.730672,0.384320,0.716766,1.289605,1.956386,0.321687,0.382205,0.359019,0.000000,0.318975,0.699398,0.311018,1.958877,0.607663,0.644679,1.935284,0.485204,1.317046,0.384320,0.325513,1.842400,0.391011,0.844579,1.148318,1.911675,0.397529,0.388482,0.710071,1.580754,0.382557,0.356649,0.376594,1.099260,0.653900,0.607695,0.443553,1.821252,1.653451,0.485204,0.653900,1.930893,0.390625,0.326107,1.918665,0.790990,0.361326,1.057609,0.401051,1.948749,0.795441,1.593555,0.287894,0.431434,0.297035,0.981151,1.878659,0.303868,0.607663,0.253153,0.427045,0.382360,1.132249,1.141831,1.868470,0.363646,0.384296,1.931501,0.403479,1.923786,1.967594,0.421203,0.305584,0.285016,0.348462,1.107974,1.655526,0.902796,1.955991,0.309923,0.404394,0.391122,0.382360,0.315138,0.222229,0.689963,0.315554,0.375524
1.867405,1.411778,0.689488,0.171484,0.329030,0.172349,0.164619,1.214805,0.897265,1.931791,0.266907,1.053859,0.866049,1.775863,0.201311,0.558137,1.156041,1.973647,0.234287,0.159979,0.088281,0.318975,0.000000,0.782564,0.146996,1.959575,0.437667,0.492317,1.930270,0.300858,1.421810,0.201311,0.166792,1.878919,0.168730,0.681233,1.004780,1.888396,0.268738,0.282510,0.548616,1.469463,0.351229,0.121168,0.165382,0.971780,0.482966,0.425667,0.259886,1.772689,1.571695,0.300858,0.482966,1.908801,0.303080,0.292302,1.885525,0.611987,0.256667,0.911684,0.190774,1.971963,0.617345,1.520764,0.221753,0.274060,0.189151,0.832607,1.875835,0.092004,0.437667,0.201079,0.280246,0.148748,0.993611,1.012673,1.850499,0.154124,0.230680,1.961059,0.351465,1.913898,1.988350,0.339711,0.144451,0.129351,0.124938,0.949474,1.665258,0.748924,1.963037,0.314071,0.164885,0.155480,0.148748,0.162801,0.234587,0.558642,0.077520,0.121850
1.912147,1.702964,1.197742,0.736328,0.554274,0.745238,0.766055,1.619435,1.381054,1.738232,0.826191,1.315856,1.087220,1.557978,0.767493,1.103100,1.447238,1.853683,0.634294,0.818909,0.832479,0.699398,0.782564,0.000000,0.705953,1.915620,1.038339,1.008961,1.895754,0.925686,0.919406,0.767493,0.724568,1.598604,0.830000,1.166642,1.490446,1.904253,0.662305,0.638960,1.116960,1.777876,0.566987,0.808134,0.837219,1.399927,1.086063,1.004999,0.830515,1.746701,1.710264,0.925686,1.086063,1.949887,0.770286,0.714928,1.833755,1.207840,0.730159,1.385261,0.851559,1.824947,1.173088,1.663484,0.763672,0.821712,0.663907,1.344785,1.835039,0.742445,1.038339,0.798971,0.789776,0.841234,1.448850,1.408105,1.932024,0.804421,0.717448,1.801977,0.707385,1.919741,1.824586,0.620837,0.706454,0.695072,0.787725,1.411863,1.505360,1.265816,1.848154,0.598480,0.878606,0.853251,0.841234,0.696052,0.761637,1.008792,0.758677,0.854477
1.879894,1.433091,0.699150,0.171678,0.266708,0.192507,0.175987,1.247888,0.939715,1.921845,0.288033,1.087645,0.825986,1.752622,0.186660,0.578418,1.198253,1.974608,0.226000,0.152784,0.176766,0.311018,0.146996,0.705953,0.000000,1.969005,0.452045,0.504864,1.944311,0.311776,1.367901,0.186660,0.133369,1.855679,0.169252,0.703385,1.034144,1.902407,0.252813,0.265200,0.561963,1.500340,0.295237,0.128741,0.200645,0.995038,0.503870,0.439082,0.291792,1.763258,1.585636,0.311776,0.503870,1.932168,0.297016,0.302707,1.879365,0.642824,0.285161,0.935336,0.246412,1.972060,0.658842,1.522807,0.217074,0.298126,0.164558,0.849906,1.874692,0.111900,0.452045,0.215073,0.291354,0.160741,1.014408,1.036268,1.874666,0.177965,0.236918,1.957981,0.335058,1.925038,1.986752,0.295600,0.079084,0.109861,0.110913,0.981025,1.629964,0.768373,1.961848,0.253024,0.209190,0.178493,0.160741,0.156256,0.224030,0.534319,0.121347,0.191667
0.503970,1.264845,1.777540,1.965659,1.977768,1.963758,1.960755,1.405582,1.647255,0.612255,1.954975,1.631167,1.751838,0.991207,1.960678,1.825842,1.537489,0.461351,1.974238,1.950973,1.949584,1.958877,1.959575,1.915620,1.969005,0.000000,1.878212,1.857626,0.437370,1.922521,1.563833,1.960678,1.964461,0.805999,1.948863,1.781991,1.580930,0.516436,1.974768,1.978082,1.839922,1.163305,1.974021,1.954438,1.951027,1.609484,1.856817,1.878614,1.950136,0.824333,1.095552,1.922521,1.856817,0.432805,1.962120,1.963862,0.584924,1.804346,1.966092,1.635913,1.947100,0.473484,1.794076,1.179375,1.960222,1.951124,1.978689,1.697811,0.562907,1.966100,1.878212,1.953431,1.957852,1.948790,1.593919,1.581218,0.577284,1.953349,1.970093,0.483141,1.959666,0.426626,0.417112,1.957425,1.970072,1.971661,1.956415,1.642793,1.140320,1.739741,0.450321,1.973884,1.940146,1.946177,1.948790,1.975481,1.959307,1.858296,1.963364,1.947164
1.730918,1.166382,0.296546,0.458861,0.622978,0.459219,0.420914,0.931398,0.647766,1.913828,0.440016,1.087995,0.648584,1.764376,0.395655,0.293401,1.138864,1.927493,0.592572,0.345661,0.365181,0.607663,0.437667,1.038339,0.452045,1.878212,0.000000,0.316744,1.879331,0.177099,1.557503,0.395655,0.433210,1.876587,0.334971,0.492165,0.666548,1.765746,0.564552,0.600047,0.128796,1.246460,0.636205,0.362504,0.345503,0.657439,0.097830,0.156091,0.411110,1.647190,1.398954,0.177099,0.097830,1.814582,0.527046,0.612752,1.760269,0.281495,0.593489,0.606324,0.398503,1.943106,0.404012,1.300542,0.424982,0.425391,0.553164,0.452847,1.757043,0.461104,0.000000,0.420162,0.488862,0.332411,0.647351,0.736798,1.765142,0.361841,0.530549,1.942249,0.571656,1.798958,1.960383,0.592318,0.466223,0.499835,0.381259,0.698492,1.567807,0.368779,1.904363,0.626203,0.314419,0.326304,0.332411,0.519864,0.459465,0.294776,0.449552,0.359747
1.707374,1.170611,0.423606,0.513262,0.635023,0.506730,0.488703,0.880628,0.605502,1.852919,0.553124,1.093167,0.728590,1.677453,0.467151,0.129617,1.166494,1.901889,0.622639,0.426105,0.425644,0.644679,0.492317,1.008961,0.504864,1.857626,0.316744,0.000000,1.853866,0.365210,1.520166,0.467151,0.492210,1.804642,0.416663,0.554292,0.688702,1.738270,0.624589,0.657257,0.374310,1.261291,0.670140,0.453696,0.466607,0.596897,0.282123,0.299415,0.517512,1.596351,1.443906,0.365210,0.282123,1.801671,0.631964,0.623211,1.729969,0.422430,0.658456,0.650971,0.508517,1.911180,0.414699,1.253159,0.528832,0.533735,0.593084,0.536594,1.696814,0.523129,0.316744,0.513852,0.587750,0.434668,0.659468,0.649245,1.773049,0.438536,0.600689,1.902822,0.649538,1.786394,1.925604,0.616078,0.500499,0.549654,0.444788,0.780714,1.492988,0.437085,1.874758,0.680780,0.420900,0.438158,0.434668,0.563032,0.561315,0.362360,0.514694,0.458235
0.620962,1.302510,1.800204,1.933515,1.949821,1.934070,1.931726,1.410322,1.635336,0.646173,1.926606,1.520479,1.808163,0.997458,1.937718,1.825187,1.434067,0.458155,1.930268,1.925619,1.924643,1.935284,1.930270,1.895754,1.944311,0.437370,1.879331,1.853866,0.000000,1.911580,1.588628,1.937718,1.946231,0.828390,1.923358,1.769321,1.594195,0.606144,1.947600,1.947342,1.849475,1.193935,1.954170,1.931614,1.925971,1.643275,1.857366,1.880319,1.931049,0.849202,1.182785,1.911580,1.857366,0.410781,1.922567,1.929681,0.685681,1.798882,1.916652,1.666971,1.917133,0.516418,1.781886,1.293688,1.947582,1.932092,1.944407,1.717563,0.651361,1.937469,1.879331,1.935860,1.919962,1.924519,1.615004,1.611047,0.578154,1.928883,1.936558,0.527003,1.943959,0.542268,0.485597,1.944179,1.941753,1.943820,1.930769,1.636200,1.279994,1.755494,0.522451,1.954799,1.916558,1.923619,1.924519,1.940431,1.944923,1.880107,1.934334,1.921799
1.795622,1.270852,0.444934,0.324843,0.491798,0.332084,0.287096,1.054587,0.749686,1.931806,0.318108,1.060256,0.711422,1.773256,0.269125,0.392957,1.134673,1.955761,0.448332,0.221934,0.237210,0.485204,0.300858,0.925686,0.311776,1.922521,0.177099,0.365210,1.911580,0.000000,1.495415,0.269125,0.293430,1.886424,0.215181,0.548020,0.806416,1.824031,0.431577,0.461647,0.284034,1.342799,0.510735,0.225248,0.186965,0.790577,0.252478,0.202795,0.309915,1.697333,1.464593,0.000000,0.252478,1.863773,0.392947,0.481958,1.814690,0.397927,0.452984,0.723027,0.272043,1.960937,0.468831,1.394558,0.307484,0.332815,0.405347,0.606517,1.809747,0.317290,0.177099,0.295712,0.358685,0.204316,0.790603,0.857725,1.812014,0.231080,0.391755,1.961553,0.464557,1.852524,1.982035,0.465347,0.324867,0.354144,0.249937,0.784843,1.605079,0.520656,1.934092,0.483040,0.198166,0.200195,0.204316,0.374109,0.340159,0.361242,0.308041,0.232601
1.674241,1.826540,1.623190,1.386468,1.237490,1.393140,1.404238,1.804601,1.736946,1.302413,1.450416,1.605284,1.418478,1.132914,1.399512,1.581716,1.692212,1.484679,1.332136,1.453631,1.454793,1.317046,1.421810,0.919406,1.367901,1.563833,1.557503,1.520166,1.588628,1.495415,0.000000,1.399512,1.370446,1.128457,1.461185,1.619110,1.776712,1.651394,1.319907,1.304816,1.597712,1.844389,1.226547,1.436666,1.451315,1.697884,1.585465,1.539014,1.442619,1.514801,1.665948,1.495415,1.585465,1.700555,1.405962,1.367182,1.529163,1.660719,1.371735,1.686163,1.464935,1.416423,1.604127,1.643237,1.386591,1.447472,1.341836,1.699755,1.526878,1.389605,1.557503,1.418779,1.423911,1.463152,1.735129,1.676453,1.736002,1.430529,1.370620,1.396317,1.358038,1.575218,1.394287,1.275080,1.372394,1.357670,1.434027,1.721180,1.260165,1.667841,1.469800,1.268763,1.488724,1.468813,1.463152,1.366224,1.378593,1.487402,1.397904,1.472544
1.859380,1.385671,0.633967,0.136396,0.263667,0.138379,0.147045,1.199738,0.893696,1.936032,0.279343,1.085916,0.772372,1.777523,0.000000,0.530962,1.180415,1.970771,0.298382,0.178953,0.190512,0.384320,0.201311,0.767493,0.186660,1.960678,0.395655,0.467151,1.937718,0.269125,1.399512,0.000000,0.199505,1.870905,0.184330,0.664584,0.968505,1.879632,0.229523,0.256375,0.500258,1.454688,0.301672,0.172264,0.193272,0.939167,0.446859,0.385401,0.220746,1.746093,1.540529,0.269125,0.446859,1.914630,0.344436,0.365056,1.857069,0.575880,0.343391,0.884862,0.232946,1.972209,0.595547,1.490880,0.218399,0.249001,0.253174,0.782166,1.864453,0.198567,0.395655,0.243575,0.320096,0.183418,0.949081,0.989022,1.862261,0.148821,0.260705,1.966966,0.345872,1.906028,1.987695,0.346618,0.203752,0.214137,0.175872,0.915040,1.629188,0.702237,1.954152,0.343887,0.208989,0.190198,0.183418,0.229196,0.262837,0.479477,0.198244,0.202137
1.868872,1.419477,0.667628,0.209900,0.289868,0.223357,0.201727,1.226629,0.909334,1.919590,0.286217,1.103077,0.785662,1.744581,0.199505,0.566028,1.210677,1.973865,0.270662,0.204559,0.180258,0.325513,0.166792,0.724568,0.133369,1.964461,0.433210,0.492210,1.946231,0.293430,1.370446,0.199505,0.000000,1.850163,0.215394,0.670634,1.010243,1.896285,0.276003,0.291374,0.538571,1.483111,0.313142,0.157115,0.202602,0.964455,0.489297,0.415450,0.276737,1.749236,1.570974,0.293430,0.489297,1.931831,0.322160,0.340682,1.867999,0.619522,0.323187,0.900145,0.265255,1.969841,0.640518,1.498976,0.198946,0.285441,0.197476,0.825068,1.865308,0.142597,0.433210,0.217877,0.310998,0.195821,0.986217,1.003791,1.876597,0.184693,0.264859,1.958163,0.330369,1.919497,1.986831,0.314192,0.135245,0.139324,0.174542,0.964608,1.601232,0.740234,1.957875,0.244343,0.230522,0.203165,0.195821,0.187269,0.219544,0.499268,0.151964,0.213169
0.969939,1.511552,1.811739,1.865201,1.804387,1.866681,1.873082,1.584712,1.727440,0.448139,1.891091,1.630897,1.663941,0.561622,1.870905,1.813272,1.629459,0.761896,1.840384,1.883762,1.885222,1.842400,1.878919,1.598604,1.855679,0.805999,1.876587,1.804642,0.828390,1.886424,1.128457,1.870905,1.850163,0.000000,1.885118,1.769664,1.732548,0.982865,1.853866,1.851914,1.866544,1.489291,1.811755,1.883500,1.895458,1.692251,1.868118,1.863148,1.889946,0.796640,1.384653,1.886424,1.868118,1.014210,1.865483,1.856882,0.776818,1.864488,1.865638,1.726214,1.904200,0.687711,1.833810,1.322774,1.873410,1.892807,1.851729,1.791064,0.764559,1.869920,1.876587,1.884605,1.868713,1.889800,1.702170,1.631238,1.132096,1.879965,1.869046,0.575678,1.862823,0.932801,0.613210,1.809349,1.854524,1.858076,1.878245,1.784765,0.918276,1.795617,0.713413,1.828839,1.898477,1.893889,1.889800,1.859170,1.875138,1.810175,1.871369,1.900533
1.837387,1.347762,0.586163,0.203745,0.383213,0.214056,0.181210,1.144569,0.822861,1.934736,0.279845,1.057090,0.792932,1.781441,0.184330,0.469108,1.145325,1.966139,0.319079,0.020890,0.129412,0.391011,0.168730,0.830000,0.169252,1.948863,0.334971,0.416663,1.923358,0.215181,1.461185,0.184330,0.215394,1.885118,0.000000,0.610859,0.916880,1.862399,0.331911,0.356117,0.442960,1.408309,0.407115,0.097276,0.157056,0.892817,0.380487,0.323141,0.266390,1.743737,1.527939,0.215181,0.380487,1.893176,0.330966,0.358625,1.856108,0.520066,0.340788,0.835379,0.195372,1.973518,0.541949,1.466051,0.243435,0.270685,0.271686,0.732729,1.850332,0.180952,0.334971,0.224110,0.303664,0.074315,0.902393,0.939339,1.832757,0.140451,0.291068,1.963177,0.383253,1.890469,1.988447,0.372680,0.182573,0.219159,0.074913,0.869085,1.641951,0.648538,1.955852,0.383013,0.097942,0.090327,0.074315,0.236293,0.266729,0.466251,0.174186,0.118339
1.605534,1.085065,0.436863,0.702980,0.828768,0.691741,0.688234,0.819098,0.502363,1.814409,0.702922,0.980798,0.633967,1.670801,0.664584,0.511897,0.999391,1.848385,0.810596,0.619214,0.639618,0.844579,0.681233,1.166642,0.703385,1.781991,0.492165,0.554292,1.769321,0.548020,1.619110,0.664584,0.670634,1.769664,0.610859,0.000000,0.631368,1.686357,0.784821,0.812239,0.465416,1.067387,0.849209,0.644019,0.642327,0.676107,0.480231,0.493071,0.669960,1.460045,1.315285,0.548020,0.480231,1.715059,0.748923,0.824873,1.621146,0.470906,0.801609,0.500171,0.678273,1.861909,0.490861,1.239995,0.694882,0.671759,0.761546,0.509483,1.636658,0.702051,0.492165,0.687798,0.703249,0.624330,0.582576,0.635683,1.665643,0.646153,0.755622,1.843149,0.787279,1.700036,1.875697,0.754814,0.702620,0.730755,0.647279,0.621128,1.503829,0.439388,1.802463,0.829146,0.614359,0.622837,0.624330,0.730536,0.731234,0.551331,0.693025,0.646241
1.350283,0.724117,0.467405,1.020346,1.165893,1.012522,0.991359,0.366334,0.413846,1.713144,0.979150,1.160695,0.795790,1.626605,0.968505,0.574817,1.112801,1.683500,1.144130,0.928227,0.937444,1.148318,1.004780,1.490446,1.034144,1.580930,0.666548,0.688702,1.594195,0.806416,1.776712,0.968505,1.010243,1.732548,0.916880,0.631368,0.000000,1.419145,1.112722,1.146103,0.582956,0.779483,1.177832,0.950683,0.940511,0.364594,0.602453,0.697390,0.950655,1.322220,1.118433,0.806416,0.602453,1.480041,1.064686,1.143558,1.420894,0.467289,1.131339,0.415192,0.957654,1.726249,0.602912,0.928649,1.001936,0.960897,1.115833,0.263543,1.428760,1.035961,0.666548,0.990361,1.024054,0.917559,0.165761,0.430892,1.442543,0.942666,1.079690,1.728219,1.097554,1.454261,1.741998,1.142231,1.040887,1.074066,0.961754,0.567196,1.404918,0.362245,1.642782,1.186167,0.890988,0.911063,0.917559,1.082341,1.031616,0.682546,1.023209,0.933681
0.375251,1.096314,1.646848,1.885395,1.923845,1.883161,1.875749,1.235256,1.493064,0.809283,1.869968,1.605131,1.676391,1.087960,1.879632,1.698672,1.507544,0.629314,1.908122,1.866860,1.867493,1.911675,1.888396,1.904253,1.902407,0.516436,1.765746,1.738270,0.606144,1.824031,1.651394,1.879632,1.896285,0.982865,1.862399,1.686357,1.419145,0.000000,1.908199,1.916715,1.720583,1.032057,1.923988,1.873746,1.867196,1.443106,1.739177,1.757928,1.861483,0.826021,0.840209,1.824031,1.739177,0.500906,1.886790,1.897989,0.592295,1.677246,1.900240,1.500345,1.858899,0.685161,1.675236,1.036300,1.889651,1.863194,1.924793,1.558779,0.663721,1.898200,1.765746,1.886813,1.877267,1.864112,1.439540,1.421888,0.647120,1.866229,1.900360,0.733578,1.894745,0.487205,0.685892,1.911600,1.904084,1.909581,1.877180,1.514651,1.175677,1.598376,0.649556,1.931326,1.849976,1.860105,1.864112,1.915178,1.900481,1.746417,1.893796,1.862371
1.895643,1.484426,0.794705,0.194673,0.197526,0.162825,0.248065,1.323825,1.031075,1.925056,0.291641,1.090073,0.872325,1.770541,0.229523,0.695881,1.197152,1.968283,0.251146,0.321639,0.306737,0.397529,0.268738,0.662305,0.252813,1.974768,0.564552,0.624589,1.947600,0.431577,1.319907,0.229523,0.276003,1.853866,0.331911,0.784821,1.112722,1.908199,0.000000,0.072749,0.665313,1.538904,0.253997,0.296761,0.320980,1.092566,0.615991,0.553883,0.251720,1.782453,1.581063,0.431577,0.615991,1.933296,0.330786,0.343146,1.886283,0.731593,0.299345,1.012141,0.336091,1.961556,0.755293,1.573168,0.295784,0.284833,0.237175,0.937641,1.900860,0.252773,0.564552,0.342229,0.315075,0.321786,1.097445,1.125490,1.882182,0.287321,0.191861,1.953083,0.294611,1.933017,1.975352,0.321917,0.262448,0.237063,0.294689,1.025582,1.652173,0.863943,1.955172,0.300850,0.352661,0.329780,0.321786,0.245641,0.336307,0.642480,0.263673,0.320948
1.906255,1.508978,0.830669,0.216687,0.185466,0.196434,0.270976,1.352428,1.059926,1.923207,0.311982,1.091575,0.899971,1.769910,0.256375,0.730834,1.201336,1.967369,0.239047,0.344860,0.329324,0.388482,0.282510,0.638960,0.265200,1.978082,0.600047,0.657257,1.947342,0.461647,1.304816,0.256375,0.291374,1.851914,0.356117,0.812239,1.146103,1.916715,0.072749,0.000000,0.699815,1.560780,0.250854,0.318615,0.338668,1.124097,0.652231,0.586493,0.297433,1.796361,1.601095,0.461647,0.652231,1.937072,0.331539,0.332979,1.898247,0.767214,0.288757,1.046017,0.352838,1.959132,0.780534,1.594072,0.318836,0.318914,0.225830,0.974129,1.909324,0.262888,0.600047,0.356331,0.322201,0.346409,1.131203,1.157858,1.887022,0.313309,0.187295,1.951084,0.303232,1.939149,1.972919,0.319999,0.270076,0.240501,0.314562,1.050301,1.661278,0.899199,1.955215,0.284757,0.377045,0.354342,0.346409,0.241049,0.347765,0.677172,0.274985,0.341480
1.678790,1.102904,0.192773,0.567419,0.723515,0.566550,0.530647,0.858077,0.599207,1.898423,0.536173,1.108087,0.605463,1.760282,0.500258,0.318622,1.137053,1.899318,0.699475,0.453937,0.478048,0.710071,0.548616,1.116960,0.561963,1.839922,0.128796,0.374310,1.849475,0.284034,1.597712,0.500258,0.538571,1.866544,0.442960,0.465416,0.582956,1.720583,0.665313,0.699815,0.000000,1.173494,0.734895,0.472106,0.452206,0.590145,0.144766,0.207980,0.509131,1.602378,1.337911,0.284034,0.144766,1.774861,0.619621,0.716929,1.711699,0.241655,0.694922,0.531083,0.498930,1.921582,0.394458,1.237177,0.525242,0.520832,0.660498,0.361512,1.717654,0.570119,0.128796,0.522947,0.581659,0.442281,0.557936,0.677718,1.726514,0.473709,0.631328,1.923173,0.664318,1.753454,1.938581,0.682782,0.576764,0.608605,0.491959,0.639038,1.538849,0.276027,1.872983,0.726277,0.421093,0.433623,0.442281,0.626098,0.559752,0.305068,0.557875,0.466896
0.915441,0.772114,1.074147,1.477201,1.591527,1.468794,1.459820,0.657069,0.849976,1.416319,1.462037,1.226725,1.224756,1.479649,1.454688,1.181332,1.093847,1.306444,1.568168,1.416228,1.428468,1.580754,1.469463,1.777876,1.500340,1.163305,1.246460,1.261291,1.193935,1.342799,1.844389,1.454688,1.483111,1.489291,1.408309,1.067387,0.779483,1.032057,1.538904,1.560780,1.173494,0.000000,1.590302,1.435252,1.427818,0.922352,1.204733,1.252841,1.432614,0.998144,0.915396,1.342799,1.204733,1.042790,1.513081,1.557771,1.036231,1.105652,1.546609,0.868975,1.427545,1.357455,1.116517,0.957456,1.486341,1.440101,1.543486,0.944985,1.112807,1.488217,1.246460,1.474302,1.484071,1.412231,0.809841,0.860501,1.037090,1.429268,1.525130,1.378063,1.534157,1.049591,1.365101,1.536227,1.501312,1.516864,1.441913,0.787284,1.263051,1.003340,1.251639,1.584856,1.389364,1.405509,1.412231,1.522558,1.509128,1.259240,1.478931,1.416783
1.911507,1.534271,0.852585,0.286401,0.192674,0.300397,0.307049,1.382659,1.088689,1.902548,0.450238,1.181390,0.864575,1.734663,0.301672,0.749577,1.293025,1.967796,0.306076,0.395011,0.399376,0.382557,0.351229,0.566987,0.295237,1.974021,0.636205,0.670140,1.954170,0.510735,1.226547,0.301672,0.313142,1.811755,0.407115,0.849209,1.177832,1.923988,0.253997,0.250854,0.734895,1.590302,0.000000,0.369193,0.403632,1.122679,0.686672,0.622664,0.407827,1.779603,1.610571,0.510735,0.686672,1.963126,0.435003,0.403473,1.881183,0.817983,0.378781,1.066608,0.413953,1.956028,0.804352,1.599995,0.331596,0.412949,0.285467,0.996965,1.901730,0.311871,0.636205,0.368826,0.444972,0.403307,1.149939,1.150127,1.907360,0.345241,0.356081,1.939781,0.382586,1.939290,1.962426,0.341557,0.312861,0.280660,0.366282,1.107393,1.621506,0.925257,1.952250,0.276410,0.439121,0.411341,0.403307,0.310968,0.341651,0.649254,0.324449,0.412410
1.849217,1.377374,0.616681,0.180024,0.353935,0.196839,0.154557,1.178545,0.864117,1.937120,0.259535,1.073393,0.800658,1.781302,0.172264,0.510850,1.166724,1.972002,0.286210,0.086669,0.097705,0.356649,0.121168,0.808134,0.128741,1.954438,0.362504,0.453696,1.931614,0.225248,1.436666,0.172264,0.157115,1.883500,0.097276,0.644019,0.950683,1.873746,0.296761,0.318615,0.472106,1.435252,0.369193,0.000000,0.125743,0.923138,0.414905,0.351273,0.255033,1.753954,1.534961,0.225248,0.414905,1.906159,0.306917,0.345682,1.865541,0.547223,0.307275,0.856560,0.176688,1.975968,0.574629,1.486690,0.207287,0.269919,0.238344,0.765448,1.862586,0.117854,0.362504,0.194479,0.287006,0.057040,0.936690,0.974423,1.844498,0.121030,0.260058,1.965784,0.368427,1.901050,1.991806,0.355305,0.152886,0.162607,0.075090,0.897496,1.642788,0.684257,1.961249,0.332834,0.090295,0.058706,0.057040,0.210283,0.227361,0.479104,0.109986,0.080081
