0.000000,1.115822,1.650488,1.905418,1.933898,1.899535,1.896712,1.224346,1.522067,0.809029,1.886405,1.743333,1.647180,1.067469,1.889746,1.716984,1.664289,0.615390,1.932714,1.874363,1.882936,1.934286,1.902665,1.918341,1.910904,0.446227,1.782636,1.754708,0.598429,1.839961,1.601536,1.889746,1.906470,0.962157,1.869622,1.716287,1.421287,0.321284,1.920630,1.932770,1.732643,1.060587,1.931090,1.885138,1.885248,1.442828,1.756688,1.770312,1.869796,0.723228,0.862115,1.839961,1.756688,0.506438,1.913390,1.918937,0.470180,1.684990,1.926472,1.506369,1.878127,0.687205,1.683771,1.017050,1.901578,1.875241,1.936843,1.564943,0.621839,1.912048,1.782636,1.904016,1.899956,1.874418,1.433238,1.406708,0.682271,1.883061,1.916254,0.730686,1.909100,0.453426,0.666836,1.914119,1.915473,1.922983,1.887194,1.561235,1.190014,1.605253,0.606625,1.944474,1.861451,1.870265,1.874418,1.926596,1.914049,1.730793,1.907250,1.876808
1.115822,0.000000,1.051858,1.418678,1.524446,1.411725,1.400489,0.649459,0.867161,1.453401,1.357866,1.324917,1.262815,1.444469,1.388534,1.094161,1.245941,1.357663,1.481324,1.346643,1.354058,1.483285,1.406531,1.710696,1.428752,1.273559,1.186856,1.171646,1.294149,1.287906,1.836766,1.388534,1.421348,1.542235,1.336917,1.127864,0.727700,1.109432,1.480765,1.505383,1.127826,0.761694,1.540973,1.371376,1.385945,0.823648,1.134922,1.220293,1.353351,1.126360,1.123778,1.287906,1.134922,1.128917,1.419541,1.463716,1.167018,1.024152,1.471720,0.950858,1.394291,1.421566,1.102456,0.835701,1.402889,1.350738,1.479480,0.891683,1.087014,1.432859,1.186856,1.394887,1.396234,1.339838,0.787953,0.876240,1.155627,1.359424,1.445680,1.457408,1.437153,1.159804,1.456618,1.518402,1.429860,1.460051,1.372549,0.987130,1.418610,0.968409,1.335206,1.541079,1.319721,1.337381,1.339838,1.457882,1.416154,1.147336,1.426212,1.351497
1.650488,1.051858,0.000000,0.683807,0.817557,0.672310,0.654876,0.746417,0.528568,1.862676,0.651808,1.059843,0.493813,1.733688,0.612776,0.318146,1.027608,1.855387,0.812716,0.571795,0.603326,0.843426,0.674737,1.181197,0.678884,1.795370,0.288163,0.393743,1.824697,0.434807,1.600796,0.612776,0.657214,1.836907,0.561074,0.375350,0.485229,1.675941,0.767867,0.808746,0.185170,1.041344,0.836035,0.598692,0.595640,0.484609,0.260665,0.307087,0.613404,1.520310,1.296432,0.434807,0.260665,1.731094,0.745692,0.825732,1.626685,0.288704,0.821819,0.437404,0.627124,1.889925,0.408696,1.117084,0.635813,0.624109,0.774696,0.264657,1.635146,0.693754,0.288163,0.656638,0.693807,0.571604,0.417075,0.551161,1.702094,0.597577,0.737523,1.892014,0.759571,1.691476,1.903482,0.784885,0.690537,0.728482,0.609975,0.544148,1.469301,0.139149,1.822615,0.847398,0.550262,0.563561,0.571604,0.740870,0.679353,0.307817,0.683399,0.597387
1.905418,1.418678,0.683807,0.000000,0.244640,0.087127,0.069402,1.235798,0.896592,1.927284,0.279768,0.853534,0.800958,1.773781,0.132491,0.570424,0.932107,1.974255,0.217064,0.212392,0.191585,0.341265,0.172898,0.722409,0.180825,1.970205,0.439406,0.504373,1.939398,0.306810,1.386032,0.132491,0.188338,1.865290,0.221218,0.598920,1.014102,1.901135,0.199453,0.216683,0.550382,1.438723,0.269090,0.187980,0.196950,0.993625,0.489288,0.433180,0.245718,1.767041,1.579023,0.306810,0.489288,1.920824,0.304265,0.315689,1.876594,0.619988,0.266601,0.904667,0.212007,1.972787,0.622341,1.521028,0.213946,0.253961,0.214456,0.830612,1.863338,0.167699,0.439406,0.238548,0.277194,0.212640,0.994574,1.034354,1.867756,0.127736,0.207599,1.961103,0.308734,1.912516,1.986677,0.343421,0.187903,0.176705,0.191287,0.890254,1.626749,0.748812,1.962742,0.316275,0.243491,0.223946,0.212640,0.201316,0.238399,0.550736,0.167709,0.213257
1.933898,1.524446,0.817557,0.244640,0.000000,0.258851,0.291731,1.358462,1.049618,1.894123,0.403566,0.904772,0.824672,1.725664,0.258646,0.705848,1.016611,1.965537,0.261369,0.389555,0.373553,0.364786,0.333484,0.551717,0.282020,1.977528,0.592521,0.621250,1.955928,0.462896,1.250700,0.258646,0.281982,1.802355,0.400922,0.735839,1.157255,1.933201,0.213835,0.193586,0.697363,1.551593,0.187625,0.361587,0.359976,1.106282,0.647005,0.581562,0.380297,1.774250,1.635878,0.462896,0.647005,1.960720,0.386148,0.356920,1.885743,0.788964,0.356229,1.039312,0.395415,1.955176,0.777131,1.563425,0.328127,0.392731,0.252894,0.971944,1.876566,0.296918,0.592521,0.366900,0.384933,0.397937,1.127457,1.141635,1.920583,0.341131,0.286627,1.937621,0.353276,1.947042,1.960923,0.289678,0.283089,0.257908,0.358728,1.033588,1.558964,0.892471,1.957626,0.261941,0.435975,0.409923,0.397937,0.272061,0.340930,0.663501,0.309738,0.405328
1.899535,1.411725,0.672310,0.087127,0.258851,0.000000,0.126915,1.221568,0.888007,1.931547,0.269063,0.857099,0.793101,1.780487,0.137125,0.559783,0.929508,1.973130,0.248493,0.219106,0.183376,0.370817,0.164627,0.745635,0.201633,1.966824,0.430834,0.497829,1.938483,0.305987,1.396485,0.137125,0.202473,1.869547,0.225939,0.576619,1.000478,1.897560,0.163521,0.196300,0.541446,1.422939,0.296439,0.194650,0.207272,0.979472,0.477641,0.430949,0.194536,1.764430,1.566640,0.305987,0.477641,1.915784,0.320481,0.329371,1.872548,0.608305,0.290958,0.879665,0.224277,1.973012,0.615489,1.503434,0.220905,0.215622,0.227505,0.816592,1.863923,0.177065,0.430834,0.257647,0.281228,0.215403,0.981691,1.018848,1.867638,0.154268,0.197130,1.963615,0.290058,1.910389,1.986985,0.352677,0.208935,0.191403,0.201168,0.885836,1.629334,0.736990,1.960726,0.337906,0.240171,0.224491,0.215403,0.207711,0.260094,0.553142,0.172739,0.210499
1.896712,1.400489,0.654876,0.069402,0.291731,0.126915,0.000000,1.212035,0.865296,1.929198,0.289839,0.862279,0.792325,1.777404,0.146687,0.546209,0.934060,1.972002,0.233285,0.187136,0.178149,0.348017,0.172046,0.745992,0.182388,1.965678,0.410569,0.484042,1.934763,0.279592,1.404415,0.146687,0.188939,1.870999,0.195201,0.577634,0.987574,1.891268,0.248247,0.267488,0.520608,1.417700,0.295321,0.168255,0.173061,0.966764,0.460980,0.401219,0.259467,1.759312,1.563434,0.279592,0.460980,1.913657,0.312447,0.334932,1.867459,0.591397,0.276739,0.877707,0.176577,1.973731,0.591088,1.505023,0.202453,0.258881,0.235138,0.803105,1.854592,0.173276,0.410569,0.219474,0.283967,0.188483,0.968149,1.008314,1.857320,0.088649,0.239656,1.962082,0.329715,1.902675,1.987897,0.361121,0.191194,0.192476,0.171829,0.865570,1.631777,0.719619,1.960203,0.336937,0.216272,0.198882,0.188483,0.217478,0.226561,0.522300,0.168125,0.191860
1.224346,0.649459,0.746417,1.235798,1.358462,1.221568,1.212035,0.000000,0.523856,1.572673,1.199776,1.225097,1.004122,1.513860,1.193737,0.786123,1.130795,1.529030,1.327673,1.140583,1.150624,1.341457,1.210785,1.621897,1.242388,1.418983,0.940926,0.875424,1.428683,1.064054,1.783017,1.193737,1.228228,1.619437,1.128609,0.840164,0.364360,1.271732,1.318995,1.350938,0.866490,0.646033,1.379967,1.173104,1.179771,0.463617,0.873782,0.953260,1.173075,1.150197,1.134659,1.064054,0.873782,1.294261,1.279862,1.302726,1.247139,0.759211,1.321767,0.621095,1.184150,1.580171,0.800152,0.785320,1.216753,1.177629,1.312668,0.588171,1.214563,1.247709,0.940926,1.216146,1.233223,1.141250,0.387713,0.442975,1.313132,1.161718,1.277654,1.594658,1.290740,1.279712,1.603576,1.331614,1.241953,1.281257,1.171484,0.759819,1.402076,0.633839,1.473854,1.392344,1.114282,1.137447,1.141250,1.282137,1.245993,0.904508,1.234732,1.154102
1.522067,0.867161,0.528568,0.896592,1.049618,0.888007,0.865296,0.523856,0.000000,1.746832,0.879157,0.991893,0.900703,1.632918,0.864919,0.484396,0.936714,1.741446,0.990530,0.793718,0.800282,1.016812,0.864703,1.366910,0.907414,1.677358,0.635314,0.563007,1.661070,0.733881,1.723181,0.864919,0.886316,1.766691,0.779929,0.500694,0.432529,1.533603,1.007379,1.037070,0.594407,0.841881,1.068736,0.831492,0.835499,0.438290,0.573479,0.633786,0.858848,1.411546,1.327882,0.733881,0.573479,1.551792,0.959683,0.960617,1.532962,0.521276,0.989328,0.488506,0.844464,1.770560,0.496565,1.060948,0.891466,0.851611,0.971264,0.473105,1.474769,0.905562,0.635314,0.882638,0.909905,0.799530,0.426193,0.385814,1.530095,0.808382,0.958881,1.778106,0.967523,1.547610,1.799814,1.018660,0.895572,0.941335,0.824638,0.590071,1.530294,0.428999,1.709386,1.063549,0.770650,0.797687,0.799530,0.939412,0.920675,0.633519,0.893907,0.809018
0.809029,1.453401,1.862676,1.927284,1.894123,1.931547,1.929198,1.572673,1.746832,0.000000,1.935430,1.714043,1.806820,0.483236,1.933369,1.850716,1.724663,0.557378,1.903362,1.935427,1.933560,1.883671,1.932444,1.731810,1.921035,0.608252,1.917191,1.852887,0.683422,1.933190,1.271953,1.933369,1.921209,0.443287,1.935324,1.867397,1.735376,0.796288,1.928197,1.925473,1.905134,1.494067,1.896810,1.939192,1.941065,1.704051,1.903290,1.908510,1.940981,0.842993,1.380273,1.933190,1.903290,0.806541,1.917390,1.897412,0.760005,1.890590,1.914884,1.780357,1.943605,0.476757,1.872229,1.330651,1.928189,1.941336,1.919944,1.817465,0.739410,1.932147,1.917191,1.924347,1.924207,1.938839,1.733464,1.664731,0.838662,1.931173,1.931290,0.242738,1.922166,0.724280,0.445103,1.882772,1.919333,1.924922,1.931402,1.829012,1.067164,1.835653,0.551612,1.900249,1.942757,1.943009,1.938839,1.926269,1.922074,1.873002,1.933062,1.945584
1.886405,1.357866,0.651808,0.279768,0.403566,0.269063,0.289839,1.199776,0.879157,1.935430,0.000000,0.815367,0.806059,1.792535,0.284211,0.581230,0.873458,1.959284,0.335781,0.284140,0.257877,0.425324,0.273422,0.820641,0.298706,1.956482,0.413196,0.542383,1.927155,0.299574,1.456437,0.284211,0.286093,1.889217,0.286666,0.594017,0.965324,1.882743,0.302174,0.322283,0.509078,1.406150,0.460089,0.262635,0.258586,0.974591,0.466366,0.444454,0.230987,1.777326,1.555974,0.299574,0.466366,1.887274,0.214272,0.400305,1.878391,0.567659,0.328037,0.886296,0.314993,1.966944,0.626181,1.488638,0.276674,0.248635,0.310719,0.785145,1.843181,0.273291,0.413196,0.307299,0.168745,0.266788,0.954701,1.038799,1.841516,0.267910,0.196994,1.961520,0.311321,1.896307,1.982783,0.424149,0.294716,0.290011,0.280852,0.858889,1.641289,0.714324,1.950558,0.402732,0.278113,0.269581,0.266788,0.293328,0.301103,0.572928,0.280474,0.262718
1.743333,1.324917,1.059843,0.853534,0.904772,0.857099,0.862279,1.225097,0.991893,1.714043,0.815367,0.000000,1.265900,1.588063,0.873028,0.929737,0.265988,1.770581,0.850360,0.877651,0.839815,0.879539,0.841539,1.138754,0.892595,1.771840,0.924130,0.910277,1.687391,0.882275,1.504725,0.873028,0.888396,1.737892,0.874257,0.932827,1.141678,1.741983,0.892024,0.890430,0.976408,1.349786,0.957153,0.884290,0.856629,1.157169,0.924692,0.956675,0.873041,1.648243,1.651909,0.882275,0.924692,1.659251,0.826081,0.833928,1.787099,0.967232,0.807407,1.163879,0.877637,1.744959,0.903590,1.553710,0.912691,0.889057,0.842039,1.085422,1.643380,0.862498,0.924130,0.885261,0.819740,0.879261,1.158628,1.187002,1.625425,0.850267,0.839136,1.750480,0.918585,1.720990,1.782361,0.857626,0.865804,0.869589,0.876576,1.010502,1.641964,1.048757,1.751644,0.920763,0.875821,0.885465,0.879261,0.838344,0.907878,1.045373,0.861341,0.863926
1.647180,1.262815,0.493813,0.800958,0.824672,0.793101,0.792325,1.004122,0.900703,1.806820,0.806059,1.265900,0.000000,1.669275,0.724955,0.653209,1.264123,1.842853,0.913625,0.757959,0.792992,0.933645,0.830973,1.076023,0.785535,1.782215,0.586195,0.662175,1.858356,0.647359,1.388477,0.724955,0.756238,1.721048,0.756740,0.657777,0.797279,1.697867,0.823322,0.857852,0.550106,1.230796,0.822890,0.759723,0.754770,0.769899,0.604394,0.579085,0.757385,1.483697,1.277565,0.647359,0.604394,1.798161,0.862668,0.946283,1.576244,0.658589,0.944750,0.710266,0.796507,1.853715,0.762598,1.166319,0.741207,0.779752,0.865596,0.622191,1.654410,0.816199,0.586195,0.794733,0.826721,0.759718,0.704657,0.786323,1.779780,0.769276,0.837509,1.843703,0.846573,1.715055,1.845301,0.818290,0.807801,0.825114,0.776028,0.831404,1.275602,0.575086,1.794592,0.869809,0.763360,0.754058,0.759718,0.850588,0.786912,0.503203,0.814964,0.791595
1.067469,1.444469,1.733688,1.773781,1.725664,1.780487,1.777404,1.513860,1.632918,0.483236,1.792535,1.588063,1.669275,0.000000,1.780863,1.693737,1.646075,0.914113,1.749596,1.788511,1.786206,1.732913,1.786221,1.559072,1.760118,0.972039,1.775181,1.683418,1.011936,1.783590,1.104209,1.780863,1.756722,0.524409,1.789330,1.719386,1.654562,1.072254,1.778230,1.776856,1.774236,1.534294,1.737535,1.792381,1.798057,1.589892,1.762170,1.764705,1.797825,0.821492,1.489395,1.783590,1.762170,1.124477,1.770730,1.746482,0.924607,1.772476,1.776079,1.664139,1.812876,0.845188,1.748025,1.283081,1.780579,1.801959,1.764691,1.705540,0.902213,1.782195,1.775181,1.778091,1.776229,1.793530,1.637028,1.537420,1.146852,1.778735,1.786625,0.693919,1.781031,0.990690,0.835559,1.718790,1.758184,1.770473,1.781895,1.756087,0.969554,1.714152,0.860502,1.740865,1.805563,1.801950,1.793530,1.774177,1.774269,1.714635,1.784470,1.810671
1.889746,1.388534,0.612776,0.132491,0.258646,0.137125,0.146687,1.193737,0.864919,1.933369,0.284211,0.873028,0.724955,1.780863,0.000000,0.516648,0.938292,1.971579,0.295505,0.200618,0.202920,0.393900,0.213739,0.759364,0.202886,1.963116,0.372529,0.456354,1.942526,0.245860,1.406463,0.000000,0.199046,1.871298,0.206063,0.543385,0.960705,1.893492,0.233744,0.256940,0.479356,1.405977,0.303006,0.189084,0.176738,0.934412,0.427408,0.374546,0.227029,1.746680,1.556247,0.245860,0.427408,1.917808,0.337944,0.362233,1.856644,0.563823,0.344447,0.854229,0.223451,1.974979,0.575091,1.476497,0.212706,0.239429,0.256176,0.766065,1.850555,0.206591,0.372529,0.250566,0.306044,0.204615,0.936099,0.983727,1.868788,0.152952,0.251143,1.966219,0.323267,1.904928,1.987496,0.353220,0.215681,0.220080,0.197231,0.845870,1.596866,0.685210,1.956677,0.352004,0.230768,0.212239,0.204615,0.232263,0.252799,0.480265,0.205916,0.219547
1.716984,1.094161,0.318146,0.570424,0.705848,0.559783,0.546209,0.786123,0.484396,1.850716,0.581230,0.929737,0.653209,1.693737,0.516648,0.000000,0.940036,1.886551,0.683186,0.461385,0.477301,0.711207,0.549376,1.084827,0.565236,1.833615,0.288576,0.127674,1.833213,0.391427,1.572190,0.516648,0.556028,1.815012,0.449726,0.345764,0.578439,1.731725,0.683458,0.718926,0.305739,1.122772,0.739585,0.502201,0.517837,0.515120,0.220532,0.306761,0.550137,1.558429,1.437544,0.391427,0.220532,1.766262,0.664561,0.676431,1.693933,0.338723,0.708623,0.547772,0.551140,1.908170,0.346828,1.191830,0.551977,0.553974,0.654155,0.413676,1.647606,0.582308,0.288576,0.553190,0.610758,0.472996,0.534606,0.565068,1.736432,0.485653,0.642966,1.895489,0.675780,1.746469,1.920292,0.685155,0.565444,0.614257,0.492087,0.647768,1.503921,0.309634,1.853234,0.751063,0.455107,0.475240,0.472996,0.623308,0.585939,0.332556,0.572350,0.499465
1.664289,1.245941,1.027608,0.932107,1.016611,0.929508,0.934060,1.130795,0.936714,1.724663,0.873458,0.265988,1.264123,1.646075,0.938292,0.940036,0.000000,1.736855,0.955103,0.933658,0.901371,0.992248,0.914166,1.283100,0.980359,1.712442,0.931774,0.946414,1.636197,0.916099,1.605347,0.938292,0.975749,1.778711,0.927243,0.930763,1.054488,1.670059,0.975026,0.979053,0.960185,1.228776,1.057339,0.944797,0.910386,1.104474,0.924092,0.968599,0.924112,1.633697,1.559392,0.916099,0.924092,1.571480,0.905753,0.934226,1.743560,0.930144,0.896254,1.108413,0.921146,1.721515,0.874498,1.500818,0.978269,0.940502,0.942276,1.028836,1.602656,0.941784,0.931774,0.954571,0.886153,0.933573,1.082409,1.137342,1.536240,0.914402,0.914480,1.738679,0.998916,1.641490,1.757392,0.958717,0.958059,0.959972,0.942767,0.920607,1.671139,1.003703,1.715594,1.034663,0.917516,0.933731,0.933573,0.928185,0.983320,1.060550,0.937107,0.911568
0.615390,1.357663,1.855387,1.974255,1.965537,1.973130,1.972002,1.529030,1.741446,0.557378,1.959284,1.770581,1.842853,0.914113,1.971579,1.886551,1.736855,0.000000,1.965055,1.966981,1.967095,1.947863,1.971360,1.859231,1.974842,0.420608,1.929163,1.906248,0.436706,1.956736,1.489490,1.971579,1.973256,0.778215,1.965638,1.883293,1.687251,0.576989,1.971253,1.969909,1.901818,1.348841,1.968081,1.970942,1.971044,1.697088,1.914310,1.925907,1.960324,0.913835,1.225127,1.956736,1.914310,0.536905,1.958519,1.956504,0.663673,1.872754,1.959990,1.767022,1.964816,0.432348,1.869511,1.265595,1.968612,1.957902,1.973012,1.790280,0.727674,1.974839,1.929163,1.962650,1.961343,1.966582,1.703739,1.677020,0.691584,1.968652,1.970042,0.444185,1.958148,0.590477,0.355301,1.958151,1.972266,1.975781,1.969396,1.754890,1.192601,1.824609,0.448106,1.964596,1.961813,1.965715,1.966582,1.972299,1.966257,1.903603,1.973491,1.966089
1.932714,1.481324,0.812716,0.217064,0.261369,0.248493,0.233285,1.327673,0.990530,1.903362,0.335781,0.850360,0.913625,1.749596,0.295505,0.683186,0.955103,1.965055,0.000000,0.313361,0.285712,0.268841,0.233262,0.622996,0.231523,1.974875,0.570368,0.605636,1.934423,0.436990,1.335668,0.295505,0.252013,1.835110,0.323227,0.716694,1.134317,1.917401,0.277893,0.263239,0.679909,1.528456,0.301852,0.288536,0.304043,1.090515,0.619567,0.556132,0.376665,1.803373,1.629350,0.436990,0.619567,1.932952,0.271234,0.291887,1.908565,0.754489,0.161601,1.020442,0.306567,1.959136,0.721677,1.570835,0.268946,0.362841,0.190200,0.962048,1.871888,0.213536,0.570368,0.283824,0.274673,0.321402,1.114953,1.130845,1.880850,0.274055,0.222583,1.941206,0.336490,1.935220,1.974199,0.306090,0.217064,0.187517,0.277878,1.006879,1.646196,0.874296,1.963739,0.270370,0.350891,0.334495,0.321402,0.203291,0.258779,0.686880,0.223902,0.311505
1.874363,1.346643,0.571795,0.212392,0.389555,0.219106,0.187136,1.140583,0.793718,1.935427,0.284140,0.877651,0.757959,1.788511,0.200618,0.461385,0.933658,1.966981,0.313361,0.000000,0.120288,0.382134,0.158640,0.827370,0.157188,1.952824,0.324117,0.411853,1.925467,0.207415,1.463726,0.200618,0.196943,1.886530,0.021857,0.487790,0.913163,1.879405,0.341179,0.365011,0.431302,1.364509,0.407517,0.082152,0.157825,0.891471,0.369903,0.323649,0.269959,1.749859,1.550249,0.207415,0.369903,1.896079,0.328524,0.358200,1.859471,0.511718,0.334770,0.800596,0.188748,1.977030,0.515992,1.453046,0.216905,0.254006,0.263186,0.722097,1.834201,0.172105,0.324117,0.213070,0.293334,0.062399,0.892123,0.936214,1.841536,0.138545,0.290392,1.965091,0.353132,1.890233,1.991267,0.411554,0.171270,0.212719,0.056926,0.810241,1.630795,0.635819,1.955546,0.385133,0.093018,0.082210,0.062399,0.231994,0.232320,0.460286,0.164562,0.110237
1.882936,1.354058,0.603326,0.191585,0.373553,0.183376,0.178149,1.150624,0.800282,1.933560,0.257877,0.839815,0.792992,1.786206,0.202920,0.477301,0.901371,1.967095,0.285712,0.120288,0.000000,0.369717,0.088952,0.826985,0.176710,1.953233,0.354948,0.423431,1.922653,0.235836,1.464154,0.202920,0.177454,1.883694,0.124673,0.504840,0.929530,1.884553,0.309963,0.332408,0.466407,1.372140,0.410150,0.099312,0.155841,0.906406,0.396066,0.356272,0.248615,1.757060,1.567906,0.235836,0.396066,1.891422,0.320907,0.339102,1.868327,0.530410,0.306658,0.817300,0.191537,1.973910,0.524442,1.462871,0.216243,0.254484,0.239152,0.747995,1.834237,0.143093,0.354948,0.209709,0.275468,0.106317,0.911740,0.953800,1.841511,0.136479,0.250171,1.964573,0.355609,1.893878,1.990365,0.397094,0.172737,0.188133,0.111384,0.824971,1.639551,0.660514,1.956269,0.373277,0.109588,0.111376,0.106317,0.204885,0.233750,0.502935,0.128175,0.082883
1.934286,1.483285,0.843426,0.341265,0.364786,0.370817,0.348017,1.341457,1.016812,1.883671,0.425324,0.879539,0.933645,1.732913,0.393900,0.711207,0.992248,1.947863,0.268841,0.382134,0.369717,0.000000,0.327513,0.647266,0.310908,1.960647,0.609484,0.638851,1.921872,0.486678,1.348731,0.393900,0.332605,1.826815,0.392252,0.743114,1.150168,1.916419,0.400733,0.383154,0.713445,1.526776,0.397417,0.370080,0.373149,1.123732,0.655442,0.600527,0.472768,1.810052,1.660617,0.486678,0.655442,1.923695,0.346421,0.305054,1.911425,0.793487,0.306237,1.050946,0.390528,1.944553,0.782375,1.588417,0.312839,0.454034,0.277378,0.983772,1.854280,0.309906,0.609484,0.264720,0.382822,0.394694,1.132938,1.162802,1.861275,0.369282,0.350746,1.919489,0.416691,1.929895,1.959488,0.383387,0.295636,0.286131,0.348290,1.026498,1.629155,0.900253,1.956470,0.296571,0.422099,0.408930,0.394694,0.301084,0.244107,0.734861,0.320633,0.390068
1.902665,1.406531,0.674737,0.172898,0.333484,0.164627,0.172046,1.210785,0.864703,1.932444,0.273422,0.841539,0.830973,1.786221,0.213739,0.549376,0.914166,1.971360,0.233262,0.158640,0.088952,0.327513,0.000000,0.777904,0.148419,1.963233,0.426976,0.489032,1.927949,0.296811,1.432226,0.213739,0.164163,1.877807,0.168775,0.560567,0.998207,1.902629,0.272412,0.286594,0.537697,1.418055,0.362539,0.123247,0.171503,0.973108,0.471306,0.424368,0.264398,1.777753,1.589989,0.296811,0.471306,1.907249,0.302079,0.303580,1.886787,0.604132,0.254245,0.878288,0.191446,1.973327,0.590117,1.505493,0.212200,0.267224,0.180183,0.819633,1.856772,0.091804,0.426976,0.203664,0.267988,0.150965,0.980632,1.013271,1.855801,0.162923,0.220181,1.962762,0.334533,1.912014,1.988917,0.368864,0.141568,0.131988,0.126108,0.882560,1.651383,0.734035,1.961731,0.324499,0.168381,0.158894,0.150965,0.151715,0.218464,0.568298,0.072127,0.122449
1.918341,1.710696,1.181197,0.722409,0.551717,0.745635,0.745992,1.621897,1.366910,1.731810,0.820641,1.138754,1.076023,1.559072,0.759364,1.084827,1.283100,1.859231,0.622996,0.827370,0.826985,0.647266,0.777904,0.000000,0.708698,1.911098,1.007523,0.993262,1.903112,0.897809,0.949525,0.759364,0.715693,1.596690,0.839114,1.128360,1.487978,1.897504,0.677606,0.647552,1.091906,1.760932,0.551252,0.808322,0.804714,1.390995,1.059151,0.976842,0.836122,1.758876,1.700086,0.897809,1.059151,1.957267,0.741399,0.705139,1.840438,1.198634,0.710355,1.377241,0.822553,1.833864,1.161496,1.649229,0.745341,0.824662,0.664614,1.332678,1.835538,0.736343,1.007523,0.768660,0.771228,0.844772,1.449041,1.406748,1.930143,0.793301,0.720112,1.793955,0.709602,1.926868,1.818731,0.604262,0.707619,0.686972,0.792152,1.370849,1.446853,1.254341,1.873247,0.566639,0.882267,0.857646,0.844772,0.699465,0.731407,1.027577,0.752446,0.853544
1.910904,1.428752,0.678884,0.180825,0.282020,0.201633,0.182388,1.242388,0.907414,1.921035,0.298706,0.892595,0.785535,1.760118,0.202886,0.565236,0.980359,1.974842,0.231523,0.157188,0.176710,0.310908,0.148419,0.708698,0.000000,1.971181,0.433221,0.496096,1.945083,0.297164,1.376686,0.202886,0.120470,1.853642,0.175148,0.585510,1.026265,1.915357,0.273875,0.286016,0.543265,1.454739,0.304743,0.130194,0.193163,0.990387,0.486382,0.428288,0.300445,1.765590,1.601135,0.297164,0.486382,1.932890,0.294610,0.315214,1.880062,0.632155,0.286604,0.900947,0.236976,1.974465,0.631849,1.507964,0.202849,0.294239,0.166518,0.834026,1.856888,0.114926,0.433221,0.207291,0.281374,0.163283,1.000323,1.030527,1.880129,0.184555,0.246218,1.957844,0.320715,1.923239,1.986792,0.340900,0.079297,0.116172,0.113699,0.916907,1.610301,0.750622,1.961897,0.264279,0.213329,0.182354,0.163283,0.160660,0.198044,0.536150,0.122109,0.193837
0.446227,1.273559,1.795370,1.970205,1.977528,1.966824,1.965678,1.418983,1.677358,0.608252,1.956482,1.771840,1.782215,0.972039,1.963116,1.833615,1.712442,0.420608,1.974875,1.952824,1.953233,1.960647,1.963233,1.911098,1.971181,0.000000,1.891336,1.861857,0.443851,1.932865,1.532749,1.963116,1.969678,0.810266,1.950419,1.841970,1.595679,0.476067,1.974741,1.978799,1.855033,1.236041,1.975932,1.957880,1.959552,1.612702,1.869301,1.889757,1.951727,0.841563,1.105510,1.932865,1.869301,0.427880,1.968377,1.962148,0.593252,1.818247,1.969625,1.668215,1.955253,0.437922,1.808529,1.186754,1.963344,1.954284,1.980122,1.715696,0.583998,1.969686,1.891336,1.957975,1.963731,1.951682,1.611050,1.593168,0.583997,1.956937,1.971148,0.490879,1.962263,0.425723,0.414279,1.955240,1.971835,1.974756,1.958459,1.699147,1.188705,1.756331,0.414517,1.978045,1.942683,1.949087,1.951682,1.977625,1.963710,1.858682,1.967172,1.950488
1.782636,1.186856,0.288163,0.439406,0.592521,0.430834,0.410569,0.940926,0.635314,1.917191,0.413196,0.924130,0.586195,1.775181,0.372529,0.288576,0.931774,1.929163,0.570368,0.324117,0.354948,0.609484,0.426976,1.007523,0.433221,1.891336,0.000000,0.308889,1.892935,0.172409,1.542681,0.372529,0.419788,1.883049,0.314487,0.350795,0.678392,1.794797,0.533016,0.571734,0.128683,1.199087,0.618328,0.350292,0.341876,0.675748,0.100885,0.171756,0.385869,1.655900,1.435321,0.172409,0.100885,1.823245,0.509999,0.597927,1.764103,0.290706,0.579669,0.602276,0.390526,1.947590,0.385449,1.295950,0.397646,0.394244,0.527072,0.455666,1.745435,0.446750,0.000000,0.410981,0.458818,0.321367,0.645847,0.747375,1.780758,0.349706,0.492949,1.948313,0.531823,1.802794,1.965132,0.571291,0.445114,0.483199,0.362013,0.628053,1.556586,0.365377,1.902679,0.615603,0.306508,0.316456,0.321367,0.493606,0.435501,0.283986,0.436882,0.350430
1.754708,1.171646,0.393743,0.504373,0.621250,0.497829,0.484042,0.875424,0.563007,1.852887,0.542383,0.910277,0.662175,1.683418,0.456354,0.127674,0.946414,1.906248,0.605636,0.411853,0.423431,0.638851,0.489032,0.993262,0.496096,1.861857,0.308889,0.000000,1.859093,0.363904,1.512949,0.456354,0.485497,1.800953,0.402289,0.388109,0.689510,1.766859,0.621399,0.653403,0.357574,1.202961,0.662381,0.450893,0.467297,0.596724,0.273111,0.292983,0.516142,1.581043,1.478166,0.363904,0.273111,1.806615,0.612237,0.604604,1.723615,0.421844,0.645947,0.630216,0.505461,1.921722,0.385819,1.242225,0.497135,0.520467,0.582075,0.526204,1.675813,0.518051,0.308889,0.501408,0.559408,0.430928,0.640403,0.634128,1.781037,0.429498,0.582596,1.903750,0.625179,1.787281,1.930721,0.602005,0.492759,0.542683,0.434454,0.712657,1.495458,0.409975,1.875632,0.673072,0.420186,0.436442,0.430928,0.554686,0.531418,0.346763,0.510217,0.457787
0.598429,1.294149,1.824697,1.939398,1.955928,1.938483,1.934763,1.428683,1.661070,0.683422,1.927155,1.687391,1.858356,1.011936,1.942526,1.833213,1.636197,0.436706,1.934423,1.925467,1.922653,1.921872,1.927949,1.903112,1.945083,0.443851,1.892935,1.859093,0.000000,1.922452,1.576884,1.942526,1.947388,0.883502,1.922708,1.836162,1.608361,0.567581,1.951650,1.951798,1.867316,1.281021,1.953265,1.932019,1.933157,1.653099,1.868561,1.893805,1.928763,0.918276,1.191785,1.922452,1.868561,0.411166,1.928830,1.919887,0.738121,1.809807,1.915561,1.701247,1.921772,0.520835,1.789422,1.308332,1.945633,1.927075,1.944944,1.735805,0.702792,1.938397,1.892935,1.932872,1.929406,1.924220,1.638348,1.625499,0.573755,1.927933,1.940880,0.565162,1.936059,0.562120,0.508611,1.956429,1.941552,1.945092,1.930190,1.699204,1.368814,1.776897,0.539954,1.954281,1.915199,1.923199,1.924220,1.941491,1.940059,1.880058,1.935338,1.920218
1.839961,1.287906,0.434807,0.306810,0.462896,0.305987,0.279592,1.064054,0.733881,1.933190,0.299574,0.882275,0.647359,1.783590,0.245860,0.391427,0.916099,1.956736,0.436990,0.207415,0.235836,0.486678,0.296811,0.897809,0.297164,1.932865,0.172409,0.363904,1.922452,0.000000,1.484187,0.245860,0.282518,1.889796,0.202712,0.416423,0.815564,1.848334,0.405306,0.438074,0.279226,1.298610,0.491541,0.220565,0.186014,0.805180,0.251034,0.210084,0.288249,1.705958,1.492283,0.000000,0.251034,1.871412,0.383107,0.474214,1.817132,0.406057,0.449235,0.715669,0.264900,1.965363,0.452071,1.388583,0.279980,0.302335,0.383330,0.605965,1.799661,0.307746,0.172409,0.288970,0.337617,0.203942,0.787071,0.863690,1.824753,0.224510,0.361732,1.964789,0.424999,1.854333,1.983788,0.457456,0.307756,0.341401,0.236623,0.716453,1.585347,0.514930,1.933918,0.475402,0.203272,0.201740,0.203942,0.350365,0.314066,0.362147,0.300091,0.232689
1.601536,1.836766,1.600796,1.386032,1.250700,1.396485,1.404415,1.783017,1.723181,1.271953,1.456437,1.504725,1.388477,1.104209,1.406463,1.572190,1.605347,1.489490,1.335668,1.463726,1.464154,1.348731,1.432226,0.949525,1.376686,1.532749,1.542681,1.512949,1.576884,1.484187,0.000000,1.406463,1.377439,1.058364,1.472231,1.582607,1.764669,1.617173,1.326888,1.313440,1.580447,1.815750,1.241900,1.443325,1.443236,1.689719,1.573688,1.516538,1.452732,1.424080,1.590843,1.484187,1.573688,1.684637,1.399664,1.403168,1.478563,1.649313,1.377677,1.648830,1.456864,1.398804,1.601215,1.635267,1.406219,1.466543,1.357085,1.684613,1.514959,1.396871,1.542681,1.430138,1.417153,1.471159,1.722026,1.657916,1.721530,1.438606,1.379337,1.362846,1.392171,1.558859,1.364031,1.259281,1.383054,1.364913,1.443464,1.670341,1.145812,1.650976,1.465055,1.272247,1.497765,1.477083,1.471159,1.381179,1.403894,1.504812,1.405767,1.482072
1.889746,1.388534,0.612776,0.132491,0.258646,0.137125,0.146687,1.193737,0.864919,1.933369,0.284211,0.873028,0.724955,1.780863,0.000000,0.516648,0.938292,1.971579,0.295505,0.200618,0.202920,0.393900,0.213739,0.759364,0.202886,1.963116,0.372529,0.456354,1.942526,0.245860,1.406463,0.000000,0.199046,1.871298,0.206063,0.543385,0.960705,1.893492,0.233744,0.256940,0.479356,1.405977,0.303006,0.189084,0.176738,0.934412,0.427408,0.374546,0.227029,1.746680,1.556247,0.245860,0.427408,1.917808,0.337944,0.362233,1.856644,0.563823,0.344447,0.854229,0.223451,1.974979,0.575091,1.476497,0.212706,0.239429,0.256176,0.766065,1.850555,0.206591,0.372529,0.250566,0.306044,0.204615,0.936099,0.983727,1.868788,0.152952,0.251143,1.966219,0.323267,1.904928,1.987496,0.353220,0.215681,0.220080,0.197231,0.845870,1.596866,0.685210,1.956677,0.352004,0.230768,0.212239,0.204615,0.232263,0.252799,0.480265,0.205916,0.219547
1.906470,1.421348,0.657214,0.188338,0.281982,0.202473,0.188939,1.228228,0.886316,1.921209,0.286093,0.888396,0.756238,1.756722,0.199046,0.556028,0.975749,1.973256,0.252013,0.196943,0.177454,0.332605,0.164163,0.715693,0.120470,1.969678,0.419788,0.485497,1.947388,0.282518,1.377439,0.199046,0.000000,1.849752,0.209907,0.562410,1.009450,1.911116,0.271084,0.286077,0.528057,1.437140,0.318922,0.154220,0.191498,0.970352,0.476420,0.409760,0.280790,1.752853,1.592530,0.282518,0.476420,1.931797,0.305498,0.333129,1.869512,0.616086,0.309216,0.878058,0.251490,1.971173,0.622769,1.486950,0.189786,0.284790,0.180219,0.817263,1.849102,0.133165,0.419788,0.218212,0.283890,0.193507,0.980616,1.012065,1.884445,0.182639,0.242607,1.960452,0.319427,1.921571,1.986448,0.328094,0.117402,0.128712,0.166551,0.899656,1.586045,0.730737,1.958814,0.244550,0.232413,0.204715,0.193507,0.172609,0.203271,0.519974,0.142787,0.211297
0.962157,1.542235,1.836907,1.865290,1.802355,1.869547,1.870999,1.619437,1.766691,0.443287,1.889217,1.737892,1.721048,0.524409,1.871298,1.815012,1.778711,0.778215,1.835110,1.886530,1.883694,1.826815,1.877807,1.596690,1.853642,0.810266,1.883049,1.800953,0.883502,1.889796,1.058364,1.871298,1.849752,0.000000,1.888301,1.839889,1.762819,0.969959,1.856082,1.853832,1.880159,1.587586,1.804176,1.885024,1.893573,1.701947,1.874310,1.869039,1.891173,0.830568,1.414380,1.889796,1.874310,1.044411,1.861243,1.842538,0.818257,1.881773,1.861107,1.773594,1.900875,0.679251,1.853986,1.345232,1.870363,1.895683,1.851429,1.816562,0.821735,1.869868,1.883049,1.877995,1.869267,1.891698,1.742185,1.650050,1.155096,1.878448,1.872323,0.575060,1.863515,0.970346,0.598851,1.807251,1.852160,1.856264,1.878348,1.842848,0.941204,1.823118,0.745462,1.817759,1.901281,1.896803,1.891698,1.862075,1.869153,1.819799,1.872743,1.902030
1.869622,1.336917,0.561074,0.221218,0.400922,0.225939,0.195201,1.128609,0.779929,1.935324,0.286666,0.874257,0.756740,1.789330,0.206063,0.449726,0.927243,1.965638,0.323227,0.021857,0.124673,0.392252,0.168775,0.839114,0.175148,1.950419,0.314487,0.402289,1.922708,0.202712,1.472231,0.206063,0.209907,1.888301,0.000000,0.476473,0.900840,1.874638,0.350869,0.375583,0.420934,1.355421,0.420612,0.095917,0.164063,0.879736,0.358347,0.314520,0.270745,1.746964,1.545149,0.202712,0.358347,1.891679,0.334538,0.363202,1.856803,0.499951,0.341637,0.789792,0.192974,1.976419,0.503970,1.445736,0.225330,0.253719,0.276186,0.710479,1.830222,0.185397,0.314487,0.222773,0.297357,0.071356,0.880243,0.924659,1.837162,0.142993,0.298061,1.964686,0.359776,1.886304,1.990873,0.419156,0.186025,0.226750,0.075376,0.800734,1.631960,0.623511,1.954478,0.400382,0.091628,0.087949,0.071356,0.243004,0.243409,0.454542,0.177450,0.114671
1.716287,1.127864,0.375350,0.598920,0.735839,0.576619,0.577634,0.840164,0.500694,1.867397,0.594017,0.932827,0.657777,1.719386,0.543385,0.345764,0.930763,1.883293,0.716694,0.487790,0.504840,0.743114,0.560567,1.128360,0.585510,1.841970,0.350795,0.388109,1.836162,0.416423,1.582607,0.543385,0.562410,1.839889,0.476473,0.000000,0.625301,1.738770,0.680835,0.717546,0.351012,1.097348,0.759504,0.516182,0.522795,0.612700,0.325176,0.382677,0.534548,1.562943,1.413329,0.416423,0.325176,1.763824,0.675721,0.693278,1.694849,0.387104,0.719637,0.490284,0.558005,1.898002,0.412750,1.227255,0.569530,0.536471,0.656755,0.460025,1.673941,0.588800,0.350795,0.575809,0.623736,0.490102,0.582218,0.619385,1.733226,0.519568,0.658814,1.903054,0.665335,1.745323,1.921684,0.711634,0.581852,0.623152,0.517512,0.617494,1.542551,0.383781,1.847431,0.751388,0.474320,0.489068,0.490102,0.625421,0.607435,0.416847,0.579436,0.513040
1.421287,0.727700,0.485229,1.014102,1.157255,1.000478,0.987574,0.364360,0.432529,1.735376,0.965324,1.141678,0.797279,1.654562,0.960705,0.578439,1.054488,1.687251,1.134317,0.913163,0.929530,1.150168,0.998207,1.487978,1.026265,1.595679,0.678392,0.689510,1.608361,0.815564,1.764669,0.960705,1.009450,1.762819,0.900840,0.625301,0.000000,1.453738,1.098696,1.135081,0.596511,0.733249,1.173494,0.942406,0.948674,0.379931,0.609519,0.717271,0.933900,1.338701,1.179224,0.815564,0.609519,1.483599,1.062030,1.118387,1.429255,0.468788,1.124671,0.442177,0.959996,1.735618,0.605285,0.925065,0.986151,0.941090,1.106316,0.270701,1.417564,1.029912,0.678392,0.989552,1.014519,0.906923,0.155032,0.452274,1.460376,0.932690,1.060750,1.750545,1.073080,1.458609,1.757283,1.142954,1.032523,1.068619,0.950314,0.572391,1.465197,0.373908,1.640633,1.187733,0.879237,0.900323,0.906923,1.073387,1.018069,0.657079,1.017642,0.923426
0.321284,1.109432,1.675941,1.901135,1.933201,1.897560,1.891268,1.271732,1.533603,0.796288,1.882743,1.741983,1.697867,1.072254,1.893492,1.731725,1.670059,0.576989,1.917401,1.879405,1.884553,1.916419,1.902629,1.897504,1.915357,0.476067,1.794797,1.766859,0.567581,1.848334,1.617173,1.893492,1.911116,0.969959,1.874638,1.738770,1.453738,0.000000,1.919874,1.928693,1.749907,1.108283,1.930662,1.889959,1.888259,1.471782,1.769584,1.783434,1.873352,0.810990,0.845490,1.848334,1.769584,0.489379,1.899171,1.906307,0.555966,1.707990,1.909337,1.545978,1.878765,0.678381,1.703801,1.068284,1.896299,1.871523,1.936020,1.593700,0.651079,1.913611,1.794797,1.896971,1.889473,1.879725,1.470347,1.447345,0.636083,1.879665,1.910454,0.714556,1.896476,0.470204,0.670639,1.917773,1.918261,1.923718,1.890421,1.585793,1.259256,1.627818,0.617341,1.941154,1.866550,1.876319,1.879725,1.927501,1.907655,1.757279,1.909296,1.879321
1.920630,1.480765,0.767867,0.199453,0.213835,0.163521,0.248247,1.318995,1.007379,1.928197,0.302174,0.892024,0.823322,1.778230,0.233744,0.683458,0.975026,1.971253,0.277893,0.341179,0.309963,0.400733,0.272412,0.677606,0.273875,1.974741,0.533016,0.621399,1.951650,0.405306,1.326888,0.233744,0.271084,1.856082,0.350869,0.680835,1.098696,1.919874,0.000000,0.077830,0.637169,1.489413,0.265507,0.301668,0.304326,1.079638,0.588422,0.541989,0.240960,1.790343,1.585633,0.405306,0.588422,1.936102,0.340449,0.372994,1.889539,0.712668,0.322338,0.964372,0.331782,1.964730,0.730672,1.552826,0.289444,0.278359,0.251793,0.911225,1.887856,0.252039,0.533016,0.335460,0.320929,0.331212,1.080199,1.122672,1.891926,0.288899,0.199780,1.958721,0.281566,1.928847,1.976811,0.340620,0.285234,0.239509,0.318230,0.970144,1.616967,0.842938,1.961297,0.307273,0.361192,0.337105,0.331212,0.254087,0.318989,0.644015,0.259581,0.325848
1.932770,1.505383,0.808746,0.216683,0.193586,0.196300,0.267488,1.350938,1.037070,1.925473,0.322283,0.890430,0.857852,1.776856,0.256940,0.718926,0.979053,1.969909,0.263239,0.365011,0.332408,0.383154,0.286594,0.647552,0.286016,1.978799,0.571734,0.653403,1.951798,0.438074,1.313440,0.256940,0.286077,1.853832,0.375583,0.717546,1.135081,1.928693,0.077830,0.000000,0.675679,1.516463,0.255242,0.325705,0.321908,1.113893,0.627195,0.577191,0.291171,1.807970,1.609634,0.438074,0.627195,1.941097,0.338421,0.351802,1.903454,0.751754,0.308722,1.006159,0.348567,1.962713,0.758021,1.575219,0.310973,0.312005,0.240415,0.951708,1.897886,0.263926,0.571734,0.347760,0.328486,0.357715,1.117836,1.157165,1.896701,0.312534,0.195188,1.956019,0.285411,1.936947,1.973759,0.337181,0.291514,0.243387,0.337858,0.998401,1.624890,0.882054,1.962737,0.286227,0.388014,0.364419,0.357715,0.249273,0.327745,0.681105,0.273097,0.348287
1.732643,1.127826,0.185170,0.550382,0.697363,0.541446,0.520608,0.866490,0.594407,1.905134,0.509078,0.976408,0.550106,1.774236,0.479356,0.305739,0.960185,1.901818,0.679909,0.431302,0.466407,0.713445,0.537697,1.091906,0.543265,1.855033,0.128683,0.357574,1.867316,0.279226,1.580447,0.479356,0.528057,1.880159,0.420934,0.351012,0.596511,1.749907,0.637169,0.675679,0.000000,1.129948,0.718181,0.458527,0.447596,0.608092,0.143227,0.213660,0.482229,1.614345,1.377027,0.279226,0.143227,1.783988,0.605209,0.699054,1.716887,0.250662,0.682824,0.537869,0.487996,1.927106,0.379711,1.233526,0.502282,0.489727,0.637521,0.367622,1.709748,0.556844,0.128683,0.516178,0.555855,0.428474,0.557909,0.686075,1.744577,0.460628,0.598859,1.932027,0.626718,1.758199,1.944762,0.667661,0.555975,0.593677,0.471132,0.568969,1.533288,0.274071,1.871735,0.718837,0.408654,0.420641,0.428474,0.603584,0.540306,0.280013,0.546493,0.454788
1.060587,0.761694,1.041344,1.438723,1.551593,1.422939,1.417700,0.646033,0.841881,1.494067,1.406150,1.349786,1.230796,1.534294,1.405977,1.122772,1.228776,1.348841,1.528456,1.364509,1.372140,1.526776,1.418055,1.760932,1.454739,1.236041,1.199087,1.202961,1.281021,1.298610,1.815750,1.405977,1.437140,1.587586,1.355421,1.097348,0.733249,1.108283,1.489413,1.516463,1.129948,0.000000,1.547582,1.384532,1.387273,0.856479,1.151141,1.217322,1.368235,1.131985,1.026691,1.298610,1.151141,1.109475,1.482408,1.499376,1.132103,1.058364,1.511539,0.861633,1.386081,1.412956,1.070328,0.939655,1.423396,1.376592,1.498281,0.896443,1.161307,1.441871,1.199087,1.417910,1.450693,1.358981,0.776238,0.821410,1.118376,1.375154,1.479090,1.467104,1.470181,1.099907,1.438506,1.508227,1.454767,1.472317,1.391786,0.817747,1.358654,0.966687,1.306450,1.547620,1.332167,1.350780,1.358981,1.478507,1.443913,1.181548,1.432795,1.360902
1.931090,1.540973,0.836035,0.269090,0.187625,0.296439,0.295321,1.379967,1.068736,1.896810,0.460089,0.957153,0.822890,1.737535,0.303006,0.739585,1.057339,1.968081,0.301852,0.407517,0.410150,0.397417,0.362539,0.551252,0.304743,1.975932,0.618328,0.662381,1.953265,0.491541,1.241900,0.303006,0.318922,1.804176,0.420612,0.759504,1.173494,1.930662,0.265507,0.255242,0.718181,1.547582,0.000000,0.379392,0.383737,1.129121,0.673080,0.605047,0.424592,1.771041,1.612707,0.491541,0.673080,1.964122,0.420591,0.411639,1.876427,0.810259,0.372458,1.046372,0.397564,1.956221,0.796618,1.594012,0.352034,0.429798,0.290627,0.986633,1.891511,0.318041,0.618328,0.380821,0.428069,0.415462,1.142463,1.153735,1.910814,0.350437,0.353045,1.934093,0.398502,1.941496,1.956923,0.346978,0.320344,0.286060,0.377696,1.038053,1.577045,0.912731,1.956209,0.282612,0.453625,0.425244,0.415462,0.315861,0.356314,0.668317,0.329612,0.424170
1.885138,1.371376,0.598692,0.187980,0.361587,0.194650,0.168255,1.173104,0.831492,1.939192,0.262635,0.884290,0.759723,1.792381,0.189084,0.502201,0.944797,1.970942,0.288536,0.082152,0.099312,0.370080,0.123247,0.808322,0.130194,1.957880,0.350292,0.450893,1.932019,0.220565,1.443325,0.189084,0.154220,1.885024,0.095917,0.516182,0.942406,1.889959,0.301668,0.325705,0.458527,1.384532,0.379392,0.000000,0.141084,0.922303,0.402081,0.351905,0.254668,1.758454,1.554272,0.220565,0.402081,1.905551,0.308206,0.356666,1.866399,0.536344,0.309043,0.819526,0.181727,1.977960,0.544030,1.472163,0.194968,0.256439,0.233924,0.749954,1.843509,0.120131,0.350292,0.200165,0.274322,0.058265,0.921496,0.972218,1.851348,0.132097,0.252595,1.968635,0.346275,1.898403,1.993287,0.389486,0.151526,0.167096,0.074704,0.829347,1.631192,0.667152,1.958694,0.347231,0.093540,0.061308,0.058265,0.205077,0.210652,0.480594,0.111228,0.080472
