0.000000,1.098453,1.649989,1.898243,1.922637,1.886976,1.892055,1.183085,1.445715,0.868867,1.868079,1.648820,1.674368,1.115020,1.880193,1.707303,1.540599,0.621906,1.922220,1.861524,1.873389,1.930480,1.893032,1.908245,1.899989,0.512819,1.771272,1.742289,0.609784,1.830969,1.565732,1.880193,1.901737,0.991180,1.856680,1.643841,1.402958,0.277408,1.905463,1.919478,1.723661,0.966800,1.933191,1.874214,1.880599,1.419198,1.741585,1.775534,1.851546,0.669333,0.718542,1.830969,1.741585,0.483697,1.900305,1.902514,0.487326,1.662660,1.914875,1.492183,1.877587,0.671800,1.698074,0.941141,1.898210,1.855369,1.924928,1.553083,0.672766,1.901935,1.771272,1.897717,1.884576,1.861085,1.436050,1.385943,0.727276,1.875629,1.905327,0.782188,1.893007,0.523794,0.661658,1.887132,1.906116,1.913668,1.874863,1.512440,1.158348,1.602003,0.590709,1.939968,1.848131,1.857569,1.861085,1.915639,1.910650,1.731802,1.898203,1.865635
1.098453,0.000000,1.060236,1.406582,1.516493,1.397872,1.384169,0.621048,0.802191,1.459389,1.350210,1.292860,1.272075,1.438856,1.381352,1.095996,1.209052,1.370019,1.473207,1.340717,1.352668,1.495346,1.403464,1.697106,1.423758,1.286235,1.180928,1.169056,1.290643,1.281726,1.824608,1.381352,1.417659,1.533621,1.331564,1.078565,0.701645,1.077401,1.463723,1.496032,1.127528,0.704045,1.522450,1.364410,1.384794,0.824076,1.126410,1.224891,1.329946,1.099845,1.024501,1.281726,1.126410,1.133502,1.424056,1.455533,1.161553,0.994404,1.461549,0.930621,1.388658,1.403661,1.130887,0.772697,1.400718,1.325473,1.479770,0.881475,1.124432,1.428154,1.180928,1.393742,1.391923,1.332658,0.791305,0.841779,1.138810,1.344810,1.441902,1.465440,1.411536,1.183582,1.449305,1.503177,1.428055,1.455814,1.367965,0.908839,1.392535,0.977307,1.309790,1.532137,1.314504,1.330225,1.332658,1.462673,1.420351,1.125047,1.421714,1.347554
1.649989,1.060236,0.000000,0.693667,0.819955,0.676388,0.657668,0.785856,0.632209,1.842685,0.662771,1.116495,0.500128,1.702228,0.619366,0.313359,1.120428,1.855774,0.808974,0.574381,0.618014,0.872299,0.684711,1.176475,0.676546,1.798238,0.282612,0.375202,1.835811,0.432515,1.655951,0.619366,0.665269,1.814322,0.564052,0.485310,0.518442,1.663364,0.761261,0.811595,0.179558,1.164236,0.822969,0.603148,0.603881,0.493853,0.265154,0.306413,0.605460,1.559672,1.333178,0.432515,0.265154,1.740170,0.770347,0.839016,1.652823,0.342410,0.831123,0.482658,0.640953,1.888309,0.363432,1.105625,0.664467,0.613754,0.778196,0.290229,1.634818,0.696036,0.282612,0.681563,0.707524,0.577717,0.410645,0.565682,1.691374,0.602653,0.741986,1.881960,0.746565,1.714143,1.896212,0.805262,0.692315,0.729420,0.611713,0.623192,1.438072,0.139916,1.812482,0.839765,0.561407,0.571414,0.577717,0.744961,0.711453,0.318241,0.686774,0.610995
1.898243,1.406582,0.693667,0.000000,0.253547,0.084350,0.081923,1.263376,0.974740,1.917810,0.285011,0.916530,0.827724,1.758425,0.138580,0.574122,1.025652,1.971718,0.207001,0.224844,0.199203,0.346353,0.186763,0.719927,0.194029,1.972502,0.452326,0.510787,1.948694,0.316997,1.472708,0.138580,0.194956,1.859805,0.231839,0.685761,1.028583,1.895048,0.185355,0.208159,0.558108,1.523377,0.265658,0.200622,0.194516,0.999006,0.504777,0.439057,0.270324,1.811600,1.644165,0.316997,0.504777,1.923617,0.282461,0.308344,1.903404,0.647451,0.277336,0.932498,0.209532,1.976354,0.600750,1.540428,0.223299,0.288517,0.210367,0.839427,1.846085,0.173368,0.452326,0.249350,0.269040,0.229743,0.991956,1.065057,1.864048,0.141571,0.201241,1.959313,0.335411,1.927167,1.983057,0.380616,0.189700,0.179434,0.206473,0.948500,1.619764,0.751741,1.964500,0.328772,0.255761,0.240022,0.229743,0.190141,0.252727,0.567766,0.179200,0.225393
1.922637,1.516493,0.819955,0.253547,0.000000,0.271914,0.304146,1.381482,1.118421,1.873006,0.434838,0.956354,0.828644,1.697021,0.259453,0.717904,1.091692,1.961305,0.284554,0.412171,0.401719,0.369963,0.365089,0.540309,0.306759,1.973423,0.605463,0.635979,1.959833,0.476687,1.335035,0.259453,0.299212,1.787095,0.423823,0.815989,1.172438,1.925646,0.221007,0.197335,0.700039,1.613850,0.200588,0.385946,0.362386,1.117202,0.666879,0.578957,0.418197,1.810488,1.694816,0.476687,0.666879,1.959011,0.398204,0.381052,1.900964,0.816979,0.392846,1.078038,0.388234,1.960619,0.753226,1.589679,0.343870,0.434013,0.261168,0.984614,1.856768,0.320980,0.605463,0.383558,0.411875,0.425597,1.122896,1.172585,1.915308,0.360815,0.310094,1.926768,0.402956,1.950566,1.954978,0.317995,0.298659,0.280224,0.380756,1.068896,1.536772,0.891539,1.962394,0.285847,0.462029,0.437873,0.425597,0.278240,0.354316,0.678155,0.337734,0.432694
1.886976,1.397872,0.676388,0.084350,0.271914,0.000000,0.126094,1.240717,0.952019,1.921849,0.270783,0.908848,0.821345,1.765353,0.140271,0.556973,1.010250,1.970213,0.237229,0.218121,0.185212,0.374566,0.174999,0.747982,0.204215,1.968231,0.437270,0.496566,1.944836,0.308987,1.487165,0.140271,0.204662,1.864543,0.223838,0.655841,1.007535,1.886252,0.156205,0.195738,0.542899,1.502223,0.307246,0.194256,0.193890,0.978662,0.486595,0.426498,0.227313,1.805948,1.625180,0.308987,0.486595,1.914767,0.302171,0.325954,1.896755,0.627641,0.298710,0.904753,0.204585,1.975491,0.585355,1.519210,0.233224,0.257089,0.221299,0.820510,1.846231,0.175262,0.437270,0.264626,0.272438,0.219569,0.972685,1.042517,1.859966,0.159134,0.190946,1.961606,0.325845,1.922828,1.982532,0.384844,0.202273,0.189062,0.202231,0.932596,1.616014,0.733236,1.959828,0.349278,0.240657,0.228737,0.219569,0.194005,0.272358,0.569059,0.177964,0.212961
1.892055,1.384169,0.657668,0.081923,0.304146,0.126094,0.000000,1.237671,0.945581,1.919998,0.286451,0.928891,0.813107,1.763465,0.145983,0.543634,1.031496,1.970791,0.220411,0.192648,0.172308,0.358506,0.174144,0.747979,0.190297,1.968103,0.413179,0.485891,1.943974,0.276613,1.500340,0.145983,0.187313,1.867686,0.198213,0.668044,0.997202,1.887643,0.235648,0.263491,0.518894,1.501584,0.286581,0.172057,0.156888,0.969876,0.467115,0.401876,0.265281,1.808782,1.631980,0.276613,0.467115,1.917121,0.287800,0.326441,1.897929,0.612038,0.280540,0.899587,0.167033,1.977979,0.560792,1.523673,0.209097,0.272832,0.233003,0.804088,1.839669,0.172263,0.413179,0.224397,0.271391,0.195580,0.960123,1.036183,1.847960,0.088542,0.232457,1.959772,0.336689,1.918974,1.986504,0.404167,0.190490,0.190806,0.181046,0.925527,1.623533,0.716213,1.962211,0.341910,0.218863,0.204585,0.195580,0.209036,0.239562,0.530093,0.169743,0.192770
1.183085,0.621048,0.785856,1.263376,1.381482,1.240717,1.237671,0.000000,0.513391,1.576134,1.208602,1.191536,1.066359,1.518529,1.219267,0.816366,1.097394,1.509130,1.344011,1.162348,1.181915,1.381745,1.240760,1.630978,1.265628,1.418741,0.957366,0.897818,1.430371,1.084962,1.813976,1.219267,1.263157,1.609553,1.149616,0.817116,0.375337,1.201937,1.326489,1.366653,0.889948,0.732564,1.399207,1.196413,1.213798,0.490604,0.886685,0.998682,1.171799,1.162876,1.040507,1.084962,0.886685,1.267804,1.304248,1.317719,1.263164,0.766573,1.340537,0.625643,1.223827,1.550814,0.854408,0.705916,1.253277,1.170871,1.338450,0.601041,1.218156,1.272593,0.957366,1.252328,1.246418,1.162962,0.433903,0.424844,1.305299,1.184488,1.295784,1.595487,1.286843,1.314940,1.567080,1.345494,1.271260,1.306422,1.196404,0.760682,1.369264,0.675703,1.430530,1.410147,1.137622,1.159414,1.162962,1.309295,1.287207,0.938660,1.261587,1.180614
1.445715,0.802191,0.632209,0.974740,1.118421,0.952019,0.945581,0.513391,0.000000,1.732737,0.916296,0.961317,1.007796,1.631784,0.940011,0.584206,0.900051,1.705512,1.050281,0.862587,0.878722,1.095264,0.937987,1.418731,0.975433,1.650723,0.713233,0.657982,1.628059,0.813631,1.806118,0.940011,0.969582,1.750715,0.848853,0.492488,0.443187,1.446500,1.052639,1.090564,0.676904,0.881443,1.139111,0.900431,0.922803,0.471775,0.645398,0.748428,0.884701,1.423253,1.241524,0.813631,0.645398,1.498682,1.006867,1.011126,1.530851,0.572627,1.044260,0.485625,0.935053,1.727561,0.640902,1.015381,0.969663,0.869216,1.040116,0.510403,1.471764,0.974708,0.713233,0.957098,0.952949,0.865151,0.476799,0.394836,1.476887,0.885271,1.015132,1.755804,0.986589,1.556144,1.752550,1.065791,0.971840,1.010518,0.896028,0.652968,1.494417,0.531732,1.647754,1.122371,0.838935,0.864036,0.865151,1.011923,1.000628,0.739486,0.965309,0.879903
0.868867,1.459389,1.842685,1.917810,1.873006,1.921849,1.919998,1.576134,1.732737,0.000000,1.930875,1.681110,1.760039,0.478175,1.917847,1.847756,1.677614,0.603067,1.895963,1.926978,1.930815,1.865527,1.928397,1.699231,1.910457,0.644065,1.901093,1.846621,0.745303,1.919965,1.159150,1.917847,1.911038,0.448712,1.927197,1.848270,1.741458,0.863752,1.916098,1.910880,1.885225,1.441229,1.879832,1.932904,1.929878,1.709629,1.892430,1.894492,1.935716,0.842662,1.346725,1.919965,1.892430,0.837029,1.911350,1.890070,0.757027,1.887053,1.909919,1.789885,1.933557,0.594853,1.865053,1.315538,1.917954,1.931638,1.904096,1.816289,0.748421,1.925183,1.901093,1.915874,1.919996,1.933318,1.733932,1.665162,0.900006,1.923439,1.920193,0.257169,1.915358,0.727820,0.489233,1.855104,1.908869,1.915796,1.922415,1.788959,1.047281,1.823181,0.706395,1.882643,1.938986,1.938226,1.933318,1.911080,1.909404,1.856341,1.927542,1.942153
1.868079,1.350210,0.662771,0.285011,0.434838,0.270783,0.286451,1.208602,0.916296,1.930875,0.000000,0.888551,0.834436,1.785453,0.308351,0.575026,0.971998,1.961418,0.339851,0.282074,0.247329,0.447876,0.265115,0.832965,0.299582,1.957151,0.427506,0.541514,1.931437,0.309953,1.542837,0.308351,0.278110,1.888114,0.284321,0.647322,0.959086,1.866326,0.301808,0.337061,0.523945,1.464464,0.463216,0.253297,0.263679,0.970026,0.473221,0.442648,0.196655,1.807350,1.592176,0.309953,0.473221,1.889297,0.229686,0.409195,1.892842,0.571096,0.339631,0.872557,0.308204,1.961818,0.617546,1.496572,0.269356,0.236450,0.331353,0.777691,1.844855,0.268858,0.427506,0.302791,0.172202,0.259168,0.942562,1.032725,1.826996,0.265129,0.209712,1.960502,0.295867,1.907269,1.978693,0.464345,0.297296,0.288592,0.280719,0.909420,1.624758,0.717692,1.934261,0.400035,0.270212,0.260258,0.259168,0.315505,0.307673,0.577634,0.274204,0.254334
1.648820,1.292860,1.116495,0.916530,0.956354,0.908848,0.928891,1.191536,0.961317,1.681110,0.888551,0.000000,1.318484,1.542719,0.936719,0.985845,0.277056,1.736360,0.922905,0.943310,0.917483,0.950776,0.921026,1.155948,0.958010,1.740671,0.998796,0.967520,1.654835,0.962138,1.545765,0.936719,0.959468,1.683604,0.940300,0.927195,1.137753,1.665956,0.936440,0.941160,1.043360,1.335006,1.031497,0.950840,0.944489,1.174777,0.990886,1.027322,0.911767,1.607639,1.598470,0.962138,0.990886,1.622922,0.903176,0.882487,1.739454,0.995456,0.900681,1.161939,0.953239,1.706178,0.994648,1.491648,0.976195,0.929450,0.921570,1.109435,1.616929,0.939248,0.998796,0.954801,0.893277,0.944758,1.170069,1.157598,1.614615,0.920845,0.911504,1.719279,0.968305,1.717815,1.720003,0.882236,0.938191,0.945319,0.944876,1.029365,1.532748,1.096319,1.711012,0.997447,0.944557,0.952172,0.944758,0.921167,0.976399,1.088582,0.939238,0.938848
1.674368,1.272075,0.500128,0.827724,0.828644,0.821345,0.813107,1.066359,1.007796,1.760039,0.834436,1.318484,0.000000,1.599272,0.741195,0.673716,1.352455,1.833502,0.919329,0.777433,0.824415,0.953691,0.856715,1.062492,0.794964,1.774770,0.598140,0.670436,1.863362,0.657353,1.430635,0.741195,0.774059,1.679277,0.776928,0.786688,0.859971,1.706733,0.840387,0.875234,0.555180,1.350711,0.825806,0.783605,0.767161,0.801257,0.633481,0.580157,0.787053,1.523163,1.376071,0.657353,0.633481,1.808916,0.899690,0.978353,1.601160,0.730198,0.967273,0.814681,0.815426,1.856438,0.713256,1.162533,0.784987,0.800347,0.866299,0.675877,1.639404,0.830482,0.598140,0.826701,0.859956,0.788060,0.731199,0.839892,1.775013,0.793659,0.859266,1.815948,0.857699,1.723461,1.838637,0.839119,0.814253,0.834453,0.792493,0.907911,1.246187,0.592091,1.792635,0.864454,0.796714,0.785031,0.788060,0.850212,0.821437,0.533283,0.831837,0.824970
1.115020,1.438856,1.702228,1.758425,1.697021,1.765353,1.763465,1.518529,1.631784,0.478175,1.785453,1.542719,1.599272,0.000000,1.756994,1.687873,1.591683,0.952946,1.741413,1.776674,1.782679,1.707104,1.780924,1.526239,1.746063,0.998094,1.748688,1.675071,1.056477,1.763870,1.021483,1.756994,1.742518,0.528477,1.777989,1.700332,1.654814,1.133583,1.759905,1.756483,1.741056,1.498931,1.711218,1.782982,1.780008,1.596880,1.743581,1.743507,1.789907,0.872055,1.479850,1.763870,1.743581,1.141744,1.763692,1.739610,0.951645,1.762953,1.771314,1.685868,1.795875,0.950841,1.727263,1.300209,1.764883,1.789855,1.740439,1.697370,0.865822,1.770822,1.748688,1.765366,1.771964,1.785965,1.623967,1.546455,1.198375,1.766605,1.770092,0.698712,1.774919,1.009975,0.860544,1.684593,1.743609,1.756490,1.769421,1.700088,0.975897,1.689571,1.017288,1.716922,1.799684,1.795062,1.785965,1.750549,1.754846,1.688711,1.776252,1.805269
1.880193,1.381352,0.619366,0.138580,0.259453,0.140271,0.145983,1.219267,0.940011,1.917847,0.308351,0.936719,0.741195,1.756994,0.000000,0.522555,1.032989,1.969868,0.294180,0.222042,0.229983,0.411550,0.240321,0.746736,0.218515,1.963391,0.387289,0.461706,1.950051,0.259995,1.487935,0.000000,0.212094,1.857764,0.227262,0.640043,0.976670,1.883296,0.221503,0.254136,0.485666,1.485558,0.291918,0.210488,0.184405,0.943095,0.447432,0.373646,0.249841,1.786758,1.611675,0.259995,0.447432,1.920605,0.347611,0.369907,1.877841,0.594822,0.363219,0.885709,0.218656,1.976964,0.550122,1.490646,0.234531,0.266845,0.264190,0.778004,1.839189,0.222163,0.387289,0.271851,0.320246,0.232113,0.932313,1.008044,1.862799,0.167791,0.263743,1.960054,0.342684,1.917657,1.982380,0.384623,0.223738,0.230730,0.218159,0.897457,1.571751,0.687225,1.954860,0.358766,0.256876,0.239694,0.232113,0.240185,0.278925,0.493271,0.225842,0.247094
1.707303,1.095996,0.313359,0.574122,0.717904,0.556973,0.543634,0.816366,0.584206,1.847756,0.575026,0.985845,0.673716,1.687873,0.522555,0.000000,1.024733,1.887806,0.679710,0.459438,0.488598,0.736362,0.558270,1.092562,0.566022,1.842313,0.269100,0.120190,1.849671,0.380879,1.638803,0.522555,0.567773,1.812677,0.446981,0.437047,0.584910,1.710743,0.673075,0.718644,0.291588,1.233399,0.726535,0.502742,0.521349,0.531255,0.202101,0.309539,0.536006,1.604312,1.450497,0.380879,0.202101,1.767428,0.664779,0.686818,1.721659,0.354594,0.709394,0.547730,0.558069,1.907398,0.326507,1.201608,0.567529,0.536613,0.662933,0.403781,1.649146,0.585775,0.269100,0.573077,0.601818,0.472307,0.516356,0.582067,1.729048,0.482607,0.638354,1.897133,0.662216,1.767817,1.914770,0.713500,0.572536,0.619026,0.493239,0.703626,1.502251,0.297544,1.843423,0.748023,0.456605,0.475131,0.472307,0.630225,0.610717,0.357596,0.576666,0.504825
1.540599,1.209052,1.120428,1.025652,1.091692,1.010250,1.031496,1.097394,0.900051,1.677614,0.971998,0.277056,1.352455,1.591683,1.032989,1.024733,0.000000,1.681782,1.047764,1.025955,1.004795,1.091362,1.017830,1.315389,1.069298,1.659604,1.042942,1.029122,1.580818,1.029548,1.643009,1.032989,1.071822,1.710284,1.020102,0.931714,1.067559,1.564496,1.044700,1.055028,1.065952,1.198040,1.159682,1.037291,1.031159,1.131130,1.024274,1.073478,0.985634,1.570252,1.475906,1.029548,1.024274,1.516335,1.010968,1.002457,1.675672,0.986921,1.011590,1.112947,1.031610,1.654136,1.009282,1.407924,1.073134,1.002339,1.045612,1.079304,1.573695,1.042960,1.042942,1.053109,0.986469,1.025083,1.120939,1.110339,1.503386,1.015314,1.014881,1.690115,1.064679,1.627829,1.672683,1.003440,1.053883,1.058851,1.036912,0.966884,1.540482,1.086806,1.641277,1.131768,1.013327,1.026822,1.025083,1.036756,1.082467,1.134800,1.039324,1.013418
0.621906,1.370019,1.855774,1.971718,1.961305,1.970213,1.970791,1.509130,1.705512,0.603067,1.961418,1.736360,1.833502,0.952946,1.969868,1.887806,1.681782,0.000000,1.967490,1.967951,1.968357,1.951001,1.972463,1.852493,1.975732,0.426568,1.927791,1.905521,0.402515,1.957142,1.389135,1.969868,1.975099,0.784690,1.966816,1.850275,1.683067,0.586730,1.967847,1.966930,1.901974,1.267858,1.965218,1.971387,1.973048,1.695229,1.911792,1.929868,1.958283,0.817614,1.129149,1.957142,1.911792,0.519347,1.965354,1.956465,0.585045,1.863519,1.961838,1.759524,1.967789,0.402337,1.877792,1.245799,1.969126,1.955915,1.974829,1.790290,0.729079,1.975746,1.927791,1.964906,1.965473,1.966802,1.709493,1.667071,0.732781,1.967817,1.970720,0.475842,1.956833,0.551678,0.345657,1.948599,1.974462,1.977087,1.970164,1.718107,1.215839,1.826632,0.461714,1.966432,1.961894,1.965606,1.966802,1.975007,1.968037,1.895483,1.974560,1.966350
1.922220,1.473207,0.808974,0.207001,0.284554,0.237229,0.220411,1.344011,1.050281,1.895963,0.339851,0.922905,0.919329,1.741413,0.294180,0.679710,1.047764,1.967490,0.000000,0.311389,0.274601,0.265840,0.223581,0.638140,0.231056,1.977384,0.571346,0.610594,1.942377,0.433468,1.431073,0.294180,0.242358,1.836153,0.321227,0.784924,1.133186,1.913191,0.269284,0.260022,0.675844,1.588613,0.289068,0.283398,0.283763,1.094230,0.621632,0.547928,0.375865,1.846143,1.687788,0.433468,0.621632,1.934184,0.229904,0.288909,1.930332,0.765678,0.166719,1.024830,0.278769,1.964401,0.701615,1.600384,0.243058,0.372960,0.200752,0.954755,1.864236,0.209947,0.571346,0.263720,0.262098,0.317089,1.098429,1.147128,1.867256,0.266555,0.218637,1.937761,0.351257,1.942865,1.973751,0.363551,0.216044,0.187521,0.274791,1.053312,1.636220,0.864813,1.965535,0.280121,0.345638,0.330280,0.317089,0.208018,0.241804,0.693163,0.217599,0.303845
1.861524,1.340717,0.574381,0.224844,0.412171,0.218121,0.192648,1.162348,0.862587,1.926978,0.282074,0.943310,0.777433,1.776674,0.222042,0.459438,1.025955,1.967951,0.311389,0.000000,0.131438,0.408611,0.163271,0.837724,0.158969,1.956068,0.330119,0.414292,1.934775,0.211815,1.550152,0.222042,0.206131,1.881838,0.021991,0.572227,0.919705,1.864429,0.333002,0.368342,0.433034,1.446241,0.403020,0.085367,0.161824,0.892851,0.376740,0.322274,0.255302,1.791746,1.588974,0.211815,0.376740,1.898586,0.316999,0.369561,1.881994,0.535817,0.340619,0.806793,0.187908,1.977712,0.499177,1.469129,0.229679,0.245294,0.273536,0.720286,1.833846,0.173295,0.330119,0.227938,0.281039,0.066513,0.880893,0.949695,1.828288,0.147350,0.287200,1.961730,0.345824,1.904238,1.987920,0.454209,0.176205,0.215680,0.057362,0.872639,1.617217,0.631950,1.947244,0.387287,0.100959,0.089707,0.066513,0.240245,0.258879,0.485378,0.166390,0.122035
1.873389,1.352668,0.618014,0.199203,0.401719,0.185212,0.172308,1.181915,0.878722,1.930815,0.247329,0.917483,0.824415,1.782679,0.229983,0.488598,1.004795,1.968357,0.274601,0.131438,0.000000,0.390183,0.088821,0.832428,0.186556,1.958905,0.370381,0.441693,1.932680,0.243072,1.547896,0.229983,0.189073,1.885379,0.134828,0.599353,0.943195,1.871939,0.301611,0.333924,0.479962,1.458136,0.401208,0.101460,0.153090,0.920361,0.412076,0.365616,0.241779,1.803348,1.609936,0.243072,0.412076,1.894652,0.287233,0.338768,1.894106,0.556826,0.294494,0.825990,0.180435,1.972723,0.523090,1.487956,0.215425,0.254460,0.258131,0.754313,1.835351,0.146831,0.370381,0.214963,0.242404,0.110501,0.911652,0.979674,1.830292,0.133516,0.240693,1.965594,0.347539,1.908362,1.988794,0.448177,0.184651,0.194552,0.126169,0.886977,1.638699,0.669272,1.947595,0.375806,0.112696,0.113461,0.110501,0.222847,0.251050,0.528717,0.130743,0.079770
1.930480,1.495346,0.872299,0.346353,0.369963,0.374566,0.358506,1.381745,1.095264,1.865527,0.447876,0.950776,0.953691,1.707104,0.411550,0.736362,1.091362,1.951001,0.265840,0.408611,0.390183,0.000000,0.340293,0.625207,0.327480,1.962503,0.644986,0.667800,1.927892,0.517931,1.410378,0.411550,0.342566,1.811788,0.418755,0.829468,1.182994,1.916755,0.397238,0.378021,0.744596,1.606118,0.373787,0.393751,0.394200,1.152498,0.693019,0.621143,0.482641,1.844808,1.716236,0.517931,0.693019,1.933203,0.346510,0.313099,1.929629,0.839588,0.315845,1.076276,0.400085,1.947498,0.790964,1.624745,0.307573,0.469902,0.283209,1.011999,1.859365,0.320634,0.644986,0.272476,0.392604,0.422684,1.150600,1.192488,1.857392,0.387882,0.355343,1.908193,0.424201,1.942222,1.955750,0.414834,0.307743,0.290833,0.373205,1.108653,1.629732,0.927000,1.956796,0.293910,0.452046,0.437584,0.422684,0.307044,0.243499,0.765502,0.333023,0.416547
1.893032,1.403464,0.684711,0.186763,0.365089,0.174999,0.174144,1.240760,0.937987,1.928397,0.265115,0.921026,0.856715,1.780924,0.240321,0.558270,1.017830,1.972463,0.223581,0.163271,0.088821,0.340293,0.000000,0.786033,0.154743,1.967868,0.439732,0.504823,1.938245,0.302179,1.517948,0.240321,0.169908,1.879926,0.172781,0.649517,1.011020,1.891552,0.270355,0.291495,0.547347,1.499991,0.360097,0.123500,0.162988,0.984446,0.485393,0.426717,0.266680,1.823565,1.636100,0.302179,0.485393,1.910533,0.263002,0.306870,1.911284,0.630271,0.244729,0.886896,0.174367,1.973989,0.584078,1.529543,0.208031,0.275396,0.197390,0.824718,1.856825,0.095865,0.439732,0.201613,0.237243,0.153138,0.979110,1.037460,1.844633,0.168497,0.210536,1.962729,0.334326,1.924445,1.987815,0.419968,0.147893,0.137701,0.133852,0.944509,1.647991,0.739506,1.954837,0.325262,0.170582,0.160729,0.153138,0.165357,0.227259,0.592644,0.075845,0.121618
1.908245,1.697106,1.176475,0.719927,0.540309,0.747982,0.747979,1.630978,1.418731,1.699231,0.832965,1.155948,1.062492,1.526239,0.746736,1.092562,1.315389,1.852493,0.638140,0.837724,0.832428,0.625207,0.786033,0.000000,0.715647,1.897158,1.009996,1.007406,1.886911,0.901247,1.067915,0.746736,0.712953,1.579251,0.850735,1.179498,1.491304,1.905017,0.680239,0.643772,1.085524,1.788396,0.561619,0.815864,0.794388,1.400359,1.066842,0.970444,0.851251,1.788919,1.764295,0.901247,1.066842,1.949496,0.735277,0.715503,1.851417,1.205411,0.727808,1.406427,0.808130,1.847528,1.139251,1.704694,0.741759,0.844113,0.662784,1.334595,1.806004,0.743210,1.009996,0.762334,0.787841,0.851906,1.436993,1.444650,1.908887,0.797799,0.725228,1.769938,0.732857,1.919144,1.821501,0.611833,0.711624,0.692021,0.799302,1.393315,1.434542,1.245827,1.893002,0.568414,0.889999,0.866023,0.851906,0.699420,0.715963,1.027993,0.761810,0.860282
1.899989,1.423758,0.676546,0.194029,0.306759,0.204215,0.190297,1.265628,0.975433,1.910457,0.299582,0.958010,0.794964,1.746063,0.218515,0.566022,1.069298,1.975732,0.231056,0.158969,0.186556,0.327480,0.154743,0.715647,0.000000,1.973807,0.436288,0.502379,1.953869,0.299629,1.466154,0.218515,0.127690,1.847990,0.177343,0.667356,1.035269,1.904645,0.268657,0.289037,0.540378,1.532327,0.300011,0.135437,0.187591,0.994289,0.493532,0.419848,0.297011,1.808957,1.646089,0.299629,0.493532,1.936096,0.275276,0.335588,1.901861,0.657279,0.296070,0.915566,0.224812,1.979463,0.610289,1.529202,0.204080,0.296802,0.169133,0.834626,1.854775,0.111641,0.436288,0.213664,0.269291,0.170476,0.989977,1.047992,1.870708,0.195849,0.239588,1.953167,0.325824,1.934626,1.984995,0.385159,0.074982,0.113135,0.113447,0.974854,1.599936,0.744851,1.959639,0.265104,0.221330,0.191084,0.170476,0.154433,0.209046,0.558325,0.122835,0.203828
0.512819,1.286235,1.798238,1.972502,1.973423,1.968231,1.968103,1.418741,1.650723,0.644065,1.957151,1.740671,1.774770,0.998094,1.963391,1.842313,1.659604,0.426568,1.977384,1.956068,1.958905,1.962503,1.967868,1.897158,1.973807,0.000000,1.891361,1.867398,0.459364,1.933025,1.429356,1.963391,1.973670,0.820109,1.953865,1.816808,1.604972,0.510027,1.972974,1.976115,1.855572,1.150997,1.975585,1.961542,1.962872,1.620243,1.871132,1.895123,1.951825,0.778136,1.021299,1.933025,1.871132,0.428069,1.972432,1.962280,0.537643,1.817068,1.971657,1.675807,1.960012,0.424703,1.824285,1.141905,1.966093,1.950780,1.981027,1.724689,0.632083,1.973298,1.891361,1.960979,1.965857,1.955755,1.630269,1.593187,0.636472,1.959627,1.972255,0.523365,1.957201,0.384905,0.409956,1.940706,1.975291,1.977709,1.961875,1.658172,1.189911,1.765188,0.429090,1.977252,1.947329,1.952986,1.955755,1.979648,1.966549,1.854557,1.971014,1.955014
1.771272,1.180928,0.282612,0.452326,0.605463,0.437270,0.413179,0.957366,0.713233,1.901093,0.427506,0.998796,0.598140,1.748688,0.387289,0.269100,1.042942,1.927791,0.571346,0.330119,0.370381,0.644986,0.439732,1.009996,0.436288,1.891361,0.000000,0.284737,1.900561,0.175417,1.616575,0.387289,0.429134,1.865268,0.320328,0.465217,0.681589,1.777522,0.530682,0.581641,0.128233,1.297672,0.610999,0.356837,0.357491,0.670422,0.104453,0.159545,0.374006,1.688673,1.471519,0.175417,0.104453,1.829087,0.536945,0.613875,1.782993,0.318681,0.595112,0.611108,0.406216,1.945057,0.342334,1.285582,0.429012,0.385399,0.540682,0.449259,1.740194,0.453659,0.000000,0.441113,0.473425,0.329412,0.624371,0.744030,1.768899,0.354718,0.500892,1.940950,0.521654,1.820544,1.958258,0.607697,0.452029,0.489463,0.368774,0.699715,1.527303,0.353563,1.890158,0.615181,0.319598,0.326023,0.329412,0.507473,0.473968,0.281553,0.444040,0.366819
1.742289,1.169056,0.375202,0.510787,0.635979,0.496566,0.485891,0.897818,0.657982,1.846621,0.541514,0.967520,0.670436,1.675071,0.461706,0.120190,1.029122,1.905521,0.610594,0.414292,0.441693,0.667800,0.504823,1.007406,0.502379,1.867398,0.284737,0.000000,1.874263,0.353549,1.586466,0.461706,0.503561,1.797810,0.403909,0.474863,0.687864,1.745676,0.612359,0.654840,0.333382,1.303409,0.651628,0.456969,0.472314,0.605976,0.253160,0.290632,0.506555,1.625956,1.494034,0.353549,0.253160,1.804684,0.614754,0.622454,1.748479,0.432853,0.655928,0.633936,0.514294,1.923274,0.359785,1.256938,0.515416,0.508868,0.594777,0.508601,1.671561,0.527207,0.284737,0.525588,0.557052,0.435259,0.612151,0.652682,1.771472,0.431253,0.582520,1.902427,0.620019,1.803481,1.924258,0.636402,0.506112,0.553468,0.440480,0.760756,1.492701,0.384457,1.869119,0.677252,0.426637,0.441638,0.435259,0.564879,0.558901,0.370895,0.520589,0.468725
0.609784,1.290643,1.835811,1.948694,1.959833,1.944836,1.943974,1.430371,1.628059,0.745303,1.931437,1.654835,1.863362,1.056477,1.950051,1.849671,1.580818,0.402515,1.942377,1.934775,1.932680,1.927892,1.938245,1.886911,1.953869,0.459364,1.900561,1.874263,0.000000,1.930412,1.483261,1.950051,1.957906,0.890504,1.932117,1.805261,1.616814,0.579198,1.954007,1.954212,1.876095,1.181946,1.962137,1.941138,1.945365,1.666481,1.875911,1.909307,1.926591,0.853502,1.099560,1.930412,1.875911,0.413687,1.934560,1.923028,0.678960,1.811775,1.922693,1.698020,1.935222,0.493277,1.823477,1.250240,1.949264,1.921995,1.954222,1.744506,0.739500,1.948496,1.900561,1.938862,1.933076,1.933107,1.661949,1.620793,0.663027,1.936465,1.948519,0.612171,1.932196,0.559840,0.477007,1.947674,1.951739,1.954826,1.940105,1.662198,1.350964,1.794165,0.539158,1.960177,1.924813,1.931758,1.933107,1.951103,1.944917,1.882334,1.945879,1.929815
1.830969,1.281726,0.432515,0.316997,0.476687,0.308987,0.276613,1.084962,0.813631,1.919965,0.309953,0.962138,0.657353,1.763870,0.259995,0.380879,1.029548,1.957142,0.433468,0.211815,0.243072,0.517931,0.302179,0.901247,0.299629,1.933025,0.175417,0.353549,1.930412,0.000000,1.569159,0.259995,0.285934,1.878361,0.206328,0.529195,0.820889,1.835968,0.399414,0.444894,0.278896,1.388462,0.478182,0.222957,0.195724,0.804547,0.255928,0.193214,0.271455,1.747568,1.538864,0.000000,0.255928,1.877521,0.399027,0.484058,1.840734,0.430157,0.458693,0.728525,0.269556,1.966299,0.415596,1.393182,0.303319,0.293281,0.394568,0.602414,1.796232,0.309419,0.175417,0.313020,0.344637,0.209810,0.771129,0.871085,1.811463,0.224194,0.362930,1.958824,0.413622,1.871182,1.980030,0.501570,0.312142,0.342978,0.242159,0.783445,1.564112,0.507231,1.926526,0.473061,0.211970,0.207894,0.209810,0.361836,0.347271,0.364156,0.300713,0.242348
1.565732,1.824608,1.655951,1.472708,1.335035,1.487165,1.500340,1.813976,1.806118,1.159150,1.542837,1.545765,1.430635,1.021483,1.487935,1.638803,1.643009,1.389135,1.431073,1.550152,1.547896,1.410378,1.517948,1.067915,1.466154,1.429356,1.616575,1.586466,1.483261,1.569159,0.000000,1.487935,1.465459,0.957682,1.558323,1.670110,1.810904,1.592897,1.424964,1.402819,1.643745,1.832550,1.346932,1.531565,1.523272,1.718340,1.647604,1.585989,1.558185,1.383551,1.650939,1.569159,1.647604,1.613609,1.481133,1.488915,1.421645,1.725297,1.472919,1.741775,1.540492,1.350531,1.637821,1.670409,1.492125,1.575581,1.429018,1.743440,1.376973,1.480720,1.616575,1.511515,1.508162,1.559938,1.755692,1.733964,1.688688,1.531098,1.461067,1.258135,1.506552,1.470733,1.281208,1.348279,1.466216,1.449295,1.528706,1.727907,1.212143,1.697670,1.444042,1.372716,1.582309,1.565440,1.559938,1.449677,1.479741,1.582099,1.491913,1.566312
1.880193,1.381352,0.619366,0.138580,0.259453,0.140271,0.145983,1.219267,0.940011,1.917847,0.308351,0.936719,0.741195,1.756994,0.000000,0.522555,1.032989,1.969868,0.294180,0.222042,0.229983,0.411550,0.240321,0.746736,0.218515,1.963391,0.387289,0.461706,1.950051,0.259995,1.487935,0.000000,0.212094,1.857764,0.227262,0.640043,0.976670,1.883296,0.221503,0.254136,0.485666,1.485558,0.291918,0.210488,0.184405,0.943095,0.447432,0.373646,0.249841,1.786758,1.611675,0.259995,0.447432,1.920605,0.347611,0.369907,1.877841,0.594822,0.363219,0.885709,0.218656,1.976964,0.550122,1.490646,0.234531,0.266845,0.264190,0.778004,1.839189,0.222163,0.387289,0.271851,0.320246,0.232113,0.932313,1.008044,1.862799,0.167791,0.263743,1.960054,0.342684,1.917657,1.982380,0.384623,0.223738,0.230730,0.218159,0.897457,1.571751,0.687225,1.954860,0.358766,0.256876,0.239694,0.232113,0.240185,0.278925,0.493271,0.225842,0.247094
1.901737,1.417659,0.665269,0.194956,0.299212,0.204662,0.187313,1.263157,0.969582,1.911038,0.278110,0.959468,0.774059,1.742518,0.212094,0.567773,1.071822,1.975099,0.242358,0.206131,0.189073,0.342566,0.169908,0.712953,0.127690,1.973670,0.429134,0.503561,1.957906,0.285934,1.465459,0.212094,0.000000,1.846796,0.218900,0.657779,1.028880,1.903721,0.255703,0.279051,0.532654,1.523891,0.296037,0.163654,0.182216,0.985367,0.491164,0.412639,0.280587,1.801676,1.642981,0.285934,0.491164,1.937667,0.270457,0.337251,1.896864,0.646944,0.303044,0.901317,0.239874,1.975004,0.613729,1.513880,0.185911,0.287387,0.176164,0.826113,1.848106,0.131960,0.429134,0.217756,0.261252,0.205899,0.982029,1.043909,1.876312,0.187330,0.228623,1.956755,0.309248,1.935671,1.985989,0.368753,0.117122,0.122890,0.177557,0.963227,1.582938,0.736089,1.956921,0.233646,0.245700,0.217621,0.205899,0.167667,0.210491,0.541353,0.145564,0.222498
0.991180,1.533621,1.814322,1.859805,1.787095,1.864543,1.867686,1.609553,1.750715,0.448712,1.888114,1.683604,1.679277,0.528477,1.857764,1.812677,1.710284,0.784690,1.836153,1.881838,1.885379,1.811788,1.879926,1.579251,1.847990,0.820109,1.865268,1.797810,0.890504,1.878361,0.957682,1.857764,1.846796,0.000000,1.883980,1.814939,1.757240,1.014692,1.849371,1.844603,1.856929,1.533157,1.799519,1.882212,1.884600,1.703334,1.861369,1.856975,1.889581,0.802255,1.387433,1.878361,1.861369,1.039160,1.861845,1.844737,0.796641,1.872043,1.865774,1.786766,1.894092,0.762104,1.839077,1.352319,1.864492,1.890805,1.839662,1.808397,0.773268,1.866742,1.865268,1.872556,1.872768,1.889222,1.731699,1.654506,1.203411,1.875076,1.868555,0.578682,1.865911,0.957992,0.614845,1.783120,1.847085,1.851968,1.873476,1.794440,0.954724,1.805327,0.865904,1.809431,1.899916,1.894896,1.889222,1.849529,1.858074,1.804843,1.872417,1.901902
1.856680,1.331564,0.564052,0.231839,0.423823,0.223838,0.198213,1.149616,0.848853,1.927197,0.284321,0.940300,0.776928,1.777989,0.227262,0.446981,1.020102,1.966816,0.321227,0.021991,0.134828,0.418755,0.172781,0.850735,0.177343,1.953865,0.320328,0.403909,1.932117,0.206328,1.558323,0.227262,0.218900,1.883980,0.000000,0.562023,0.906282,1.859145,0.342702,0.379055,0.423011,1.437357,0.415129,0.098176,0.167569,0.881359,0.364538,0.313958,0.255992,1.788757,1.583269,0.206328,0.364538,1.893782,0.322894,0.373214,1.879439,0.522817,0.346369,0.794444,0.191863,1.976534,0.487935,1.462677,0.238208,0.244888,0.287661,0.707867,1.830019,0.187410,0.320328,0.237266,0.284469,0.073006,0.868165,0.937500,1.823173,0.148570,0.294766,1.961468,0.351900,1.900307,1.987305,0.463409,0.192119,0.230714,0.076003,0.862775,1.618487,0.619343,1.945375,0.402568,0.098019,0.093447,0.073006,0.253093,0.270322,0.479669,0.179424,0.124903
1.643841,1.078565,0.485310,0.685761,0.815989,0.655841,0.668044,0.817116,0.492488,1.848270,0.647322,0.927195,0.786688,1.700332,0.640043,0.437047,0.931714,1.850275,0.784924,0.572227,0.599353,0.829468,0.649517,1.179498,0.667356,1.816808,0.465217,0.474863,1.805261,0.529195,1.670110,0.640043,0.657779,1.814939,0.562023,0.000000,0.619008,1.661697,0.744819,0.787181,0.464002,1.135015,0.850977,0.599958,0.629614,0.595497,0.429502,0.504642,0.591505,1.560268,1.364900,0.529195,0.429502,1.725190,0.739235,0.756677,1.681445,0.439235,0.789920,0.504886,0.654200,1.863452,0.522748,1.170979,0.669520,0.588867,0.734289,0.495727,1.650211,0.669935,0.465217,0.670160,0.679750,0.574149,0.593711,0.606711,1.704849,0.611645,0.726640,1.885931,0.714690,1.745026,1.882942,0.763235,0.666508,0.703152,0.603159,0.648279,1.504550,0.464449,1.794541,0.824932,0.559213,0.573594,0.574149,0.706369,0.706463,0.530504,0.664616,0.600282
1.402958,0.701645,0.518442,1.028583,1.172438,1.007535,0.997202,0.375337,0.443187,1.741458,0.959086,1.137753,0.859971,1.654814,0.976670,0.584910,1.067559,1.683067,1.133186,0.919705,0.943195,1.182994,1.011020,1.491304,1.035269,1.604972,0.681589,0.687864,1.616814,0.820889,1.810904,0.976670,1.028880,1.757240,0.906282,0.619008,0.000000,1.411290,1.096539,1.142191,0.610598,0.852971,1.178655,0.950030,0.968243,0.379146,0.608074,0.745983,0.919162,1.365481,1.141328,0.820889,0.608074,1.477989,1.073277,1.121461,1.456234,0.463379,1.126290,0.425548,0.984584,1.716952,0.624627,0.865841,1.011291,0.920886,1.120127,0.272502,1.425218,1.039121,0.681589,1.014073,1.009709,0.913709,0.197776,0.415957,1.456983,0.939105,1.064649,1.758601,1.053898,1.496991,1.740659,1.154861,1.045818,1.078743,0.960138,0.598352,1.452410,0.408932,1.608610,1.193934,0.886694,0.906815,0.913709,1.087317,1.050303,0.672804,1.027808,0.933805
0.277408,1.077401,1.663364,1.895048,1.925646,1.886252,1.887643,1.201937,1.446500,0.863752,1.866326,1.665956,1.706733,1.133583,1.883296,1.710743,1.564496,0.586730,1.913191,1.864429,1.871939,1.916755,1.891552,1.905017,1.904645,0.510027,1.777522,1.745676,0.579198,1.835968,1.592897,1.883296,1.903721,1.014692,1.859145,1.661697,1.411290,0.000000,1.908352,1.919939,1.733774,0.988852,1.934960,1.876950,1.881640,1.429209,1.746825,1.780987,1.854886,0.748504,0.726457,1.835968,1.746825,0.443148,1.893732,1.896095,0.544840,1.671901,1.905560,1.510370,1.877240,0.663641,1.701471,0.973093,1.892825,1.853121,1.927339,1.564422,0.666028,1.903425,1.777522,1.891910,1.880549,1.863888,1.450068,1.405269,0.653430,1.872347,1.902229,0.769897,1.883988,0.503317,0.671033,1.896727,1.909301,1.915231,1.876890,1.534098,1.235561,1.610774,0.600882,1.938307,1.849365,1.860331,1.863888,1.918602,1.904684,1.744948,1.899087,1.864861
1.905463,1.463723,0.761261,0.185355,0.221007,0.156205,0.235648,1.326489,1.052639,1.916098,0.301808,0.936440,0.840387,1.759905,0.221503,0.673075,1.044700,1.967847,0.269284,0.333002,0.301611,0.397238,0.270355,0.680239,0.268657,1.972974,0.530682,0.612359,1.954007,0.399414,1.424964,0.221503,0.255703,1.849371,0.342702,0.744819,1.096539,1.908352,0.000000,0.082809,0.629295,1.549679,0.287734,0.292246,0.280598,1.070739,0.589662,0.522121,0.267820,1.825753,1.644539,0.399414,0.589662,1.933701,0.328070,0.377949,1.907603,0.719328,0.332930,0.987630,0.296300,1.968214,0.690389,1.564231,0.290290,0.313764,0.237883,0.908647,1.868783,0.241341,0.530682,0.332568,0.316222,0.326468,1.063557,1.136340,1.882778,0.282992,0.192625,1.955580,0.325248,1.935860,1.974262,0.363635,0.268567,0.227762,0.309885,0.998041,1.595450,0.830125,1.959918,0.314528,0.353673,0.332258,0.326468,0.234060,0.317351,0.647211,0.253477,0.319136
1.919478,1.496032,0.811595,0.208159,0.197335,0.195738,0.263491,1.366653,1.090564,1.910880,0.337061,0.941160,0.875234,1.756483,0.254136,0.718644,1.055028,1.966930,0.260022,0.368342,0.333924,0.378021,0.291495,0.643772,0.289037,1.976115,0.581641,0.654840,1.954212,0.444894,1.402819,0.254136,0.279051,1.844603,0.379055,0.787181,1.142191,1.919939,0.082809,0.000000,0.679187,1.578465,0.270652,0.327786,0.310113,1.114267,0.640119,0.567282,0.323724,1.842319,1.670589,0.444894,0.640119,1.940404,0.333416,0.357203,1.920364,0.770296,0.325041,1.034575,0.323790,1.965551,0.731246,1.593918,0.310952,0.355711,0.231072,0.958588,1.880820,0.261880,0.581641,0.347119,0.335332,0.364699,1.109927,1.177837,1.887959,0.316713,0.199876,1.950166,0.336856,1.942898,1.969909,0.363934,0.282404,0.238338,0.339888,1.035050,1.604886,0.879158,1.962573,0.299237,0.392755,0.371531,0.364699,0.236725,0.326155,0.693221,0.275479,0.352639
1.723661,1.127528,0.179558,0.558108,0.700039,0.542899,0.518894,0.889948,0.676904,1.885225,0.523945,1.043360,0.555180,1.741056,0.485666,0.291588,1.065952,1.901974,0.675844,0.433034,0.479962,0.744596,0.547347,1.085524,0.540378,1.855572,0.128233,0.333382,1.876095,0.278896,1.643745,0.485666,0.532654,1.856929,0.423011,0.464002,0.610598,1.733774,0.629295,0.679187,0.000000,1.234282,0.704658,0.461478,0.458388,0.606892,0.151919,0.198613,0.468108,1.646066,1.410668,0.278896,0.151919,1.793197,0.634256,0.710898,1.736177,0.295114,0.694334,0.557537,0.499309,1.925638,0.335198,1.216896,0.530053,0.476517,0.644028,0.372622,1.708544,0.559414,0.128233,0.541810,0.572313,0.433280,0.541762,0.682794,1.732906,0.462295,0.603945,1.922277,0.612882,1.778573,1.937495,0.690345,0.557216,0.594620,0.472674,0.642492,1.493569,0.266445,1.860923,0.711691,0.419867,0.427631,0.433280,0.611531,0.573591,0.273541,0.549887,0.469104
0.966800,0.704045,1.164236,1.523377,1.613850,1.502223,1.501584,0.732564,0.881443,1.441229,1.464464,1.335006,1.350711,1.498931,1.485558,1.233399,1.198040,1.267858,1.588613,1.446241,1.458136,1.606118,1.499991,1.788396,1.532327,1.150997,1.297672,1.303409,1.181946,1.388462,1.832550,1.485558,1.523891,1.533157,1.437357,1.135015,0.852971,0.988852,1.549679,1.578465,1.234282,0.000000,1.622465,1.464953,1.478724,0.951350,1.252227,1.330357,1.431315,1.093317,0.901302,1.388462,1.252227,1.013165,1.542862,1.548719,1.087854,1.148061,1.568276,0.951905,1.479491,1.304748,1.203311,0.833056,1.510125,1.429784,1.569776,1.012270,1.131626,1.519890,1.297672,1.497981,1.509267,1.440901,0.921741,0.911846,1.026303,1.459942,1.549972,1.404559,1.509728,1.078608,1.348807,1.547258,1.531772,1.547556,1.474583,0.871203,1.307782,1.097040,1.199231,1.619384,1.416059,1.432731,1.440901,1.555386,1.529486,1.274192,1.513439,1.443613
1.933191,1.522450,0.822969,0.265658,0.200588,0.307246,0.286581,1.399207,1.139111,1.879832,0.463216,1.031497,0.825806,1.711218,0.291918,0.726535,1.159682,1.965218,0.289068,0.403020,0.401208,0.373787,0.360097,0.561619,0.300011,1.975585,0.610999,0.651628,1.962137,0.478182,1.346932,0.291918,0.296037,1.799519,0.415129,0.850977,1.178655,1.934960,0.287734,0.270652,0.704658,1.622465,0.000000,0.376832,0.354009,1.126165,0.672401,0.582671,0.461513,1.817792,1.703524,0.478182,0.672401,1.967671,0.395809,0.413286,1.904031,0.826795,0.374029,1.070633,0.369756,1.965595,0.745943,1.614036,0.351581,0.469936,0.268455,0.984447,1.862979,0.312831,0.610999,0.373217,0.421769,0.416164,1.125925,1.179335,1.904877,0.344493,0.348622,1.927840,0.439256,1.948373,1.960012,0.401089,0.300730,0.276975,0.373070,1.087369,1.569942,0.895878,1.964571,0.276648,0.451737,0.426250,0.416164,0.286114,0.347898,0.665896,0.326065,0.421602
1.874214,1.364410,0.603148,0.200622,0.385946,0.194256,0.172057,1.196413,0.900431,1.932904,0.253297,0.950840,0.783605,1.782982,0.210488,0.502742,1.037291,1.971387,0.283398,0.085367,0.101460,0.393751,0.123500,0.815864,0.135437,1.961542,0.356837,0.456969,1.941138,0.222957,1.531565,0.210488,0.163654,1.882212,0.098176,0.599958,0.950030,1.876950,0.292246,0.327786,0.461478,1.464953,0.376832,0.000000,0.140046,0.925428,0.409795,0.351806,0.237853,1.801495,1.597576,0.222957,0.409795,1.908769,0.284748,0.365011,1.889854,0.558806,0.310378,0.828537,0.175632,1.978469,0.529105,1.488681,0.200104,0.246992,0.246275,0.749341,1.843539,0.118988,0.356837,0.209079,0.250952,0.060396,0.913240,0.988833,1.840370,0.137458,0.246271,1.967358,0.336541,1.912396,1.991317,0.433447,0.156771,0.169528,0.080215,0.890004,1.621011,0.665927,1.950404,0.351140,0.096295,0.064790,0.060396,0.213837,0.231754,0.503044,0.109430,0.085360
