0.000000,1.071058,1.647845,1.902347,1.934324,1.896846,1.892393,1.211241,1.503387,0.822734,1.884621,1.734659,1.654062,1.081520,1.887424,1.705832,1.648633,0.634092,1.931101,1.869166,1.876183,1.931211,1.897314,1.921784,1.906779,0.451550,1.775572,1.744716,0.596397,1.834727,1.622800,1.887424,1.902459,0.983328,1.864245,1.708932,1.411358,0.325017,1.919900,1.931938,1.727000,1.025141,1.932368,1.879625,1.879910,1.431151,1.747435,1.765333,1.866946,0.730905,0.873028,1.834727,1.747435,0.483085,1.910678,1.911112,0.492647,1.676848,1.922226,1.499942,1.871286,0.691691,1.673635,0.997542,1.898526,1.872216,1.933824,1.556800,0.608437,1.907327,1.775572,1.899781,1.898274,1.868444,1.426550,1.394659,0.672297,1.878023,1.915176,0.742277,1.907834,0.455525,0.675653,1.917426,1.910753,1.919009,1.882022,1.550782,1.195513,1.600324,0.623268,1.941392,1.854925,1.864287,1.868444,1.923700,1.910410,1.727928,1.902497,1.870258
1.071058,0.000000,1.061514,1.433821,1.535621,1.429217,1.415982,0.664005,0.894185,1.432106,1.381455,1.344227,1.253051,1.421491,1.400810,1.114812,1.265682,1.346704,1.506971,1.368688,1.379293,1.499236,1.429613,1.712235,1.447758,1.264813,1.201773,1.188153,1.296874,1.300343,1.823764,1.400810,1.442312,1.530449,1.358975,1.154558,0.750096,1.083948,1.496621,1.521925,1.140157,0.773768,1.547626,1.394473,1.396843,0.841859,1.153933,1.226889,1.369461,1.107015,1.091699,1.300343,1.153933,1.128926,1.441216,1.482331,1.144972,1.047657,1.497963,0.982829,1.406010,1.413959,1.137640,0.847032,1.427122,1.369582,1.501010,0.912293,1.102865,1.454885,1.201773,1.415943,1.420184,1.363351,0.801586,0.878567,1.158035,1.378377,1.470141,1.435279,1.456185,1.147866,1.433909,1.538095,1.451165,1.480762,1.393719,1.000048,1.362526,0.982915,1.337528,1.561286,1.345385,1.361940,1.363351,1.479205,1.438781,1.161981,1.447965,1.376816
1.647845,1.061514,0.000000,0.680656,0.817495,0.670545,0.651031,0.747181,0.527377,1.864496,0.656683,1.074268,0.535861,1.731606,0.609875,0.324753,1.056253,1.857868,0.814548,0.568779,0.600065,0.838882,0.671574,1.189282,0.674678,1.799973,0.290632,0.397013,1.829446,0.435694,1.596126,0.609875,0.655020,1.833522,0.557640,0.413403,0.479333,1.668688,0.767208,0.808578,0.188646,1.054040,0.831227,0.595657,0.592973,0.483033,0.263846,0.305213,0.611676,1.531416,1.284208,0.435694,0.263846,1.737600,0.750851,0.818581,1.634951,0.288999,0.826180,0.399475,0.625422,1.890521,0.399811,1.123134,0.638229,0.626630,0.776440,0.259636,1.649288,0.691986,0.290632,0.655610,0.702379,0.567013,0.416220,0.558875,1.710111,0.594989,0.743565,1.895014,0.766301,1.697826,1.904597,0.791153,0.688990,0.727247,0.607356,0.552930,1.464091,0.135929,1.829233,0.847109,0.546541,0.559639,0.567013,0.742639,0.678499,0.311928,0.680595,0.594186
1.902347,1.433821,0.680656,0.000000,0.253135,0.082334,0.073723,1.232280,0.899842,1.928278,0.269151,0.865137,0.819326,1.772893,0.132815,0.575713,0.956776,1.973859,0.214722,0.208144,0.186791,0.341855,0.168067,0.744343,0.179406,1.969803,0.443690,0.511393,1.942875,0.314243,1.380577,0.132815,0.188091,1.863886,0.217092,0.617085,1.008252,1.892468,0.199653,0.220165,0.551387,1.450792,0.264251,0.183657,0.206872,0.991984,0.493165,0.434366,0.238561,1.772594,1.563477,0.314243,0.493165,1.924005,0.306185,0.316476,1.878072,0.615730,0.271827,0.887482,0.221928,1.972284,0.613507,1.524163,0.213213,0.250465,0.220617,0.826260,1.872202,0.166589,0.443690,0.238442,0.278314,0.207246,0.991985,1.037399,1.868674,0.127334,0.207228,1.962282,0.312949,1.913412,1.987719,0.336242,0.189606,0.177645,0.188554,0.890165,1.632178,0.745560,1.962817,0.318663,0.237117,0.217625,0.207246,0.206207,0.237030,0.550460,0.165553,0.207683
1.934324,1.535621,0.817495,0.253135,0.000000,0.255199,0.305205,1.356267,1.049239,1.891831,0.400053,0.918582,0.828509,1.721851,0.264407,0.717210,1.040065,1.961073,0.258158,0.387316,0.376664,0.377095,0.334770,0.564579,0.283115,1.977303,0.606115,0.635961,1.954201,0.480486,1.239425,0.264407,0.281197,1.794410,0.398617,0.733358,1.152512,1.927614,0.199876,0.181292,0.706088,1.559824,0.188770,0.362539,0.383511,1.106753,0.659032,0.594842,0.378448,1.775544,1.624032,0.480486,0.659032,1.962673,0.395306,0.373944,1.883700,0.788813,0.361860,1.020539,0.418292,1.951411,0.766445,1.563829,0.329654,0.389219,0.249089,0.969746,1.876842,0.298904,0.606115,0.374296,0.387820,0.398143,1.122631,1.146464,1.919290,0.350063,0.273993,1.937183,0.348324,1.944448,1.962025,0.271497,0.284724,0.261024,0.359425,1.036210,1.567479,0.890668,1.950050,0.270403,0.435447,0.408938,0.398143,0.263858,0.346787,0.662036,0.310213,0.406750
1.896846,1.429217,0.670545,0.082334,0.255199,0.000000,0.131084,1.219887,0.892111,1.929093,0.257193,0.865839,0.805432,1.775255,0.130461,0.566632,0.951204,1.973063,0.241527,0.216288,0.185858,0.370656,0.168020,0.757180,0.198282,1.966889,0.439293,0.504548,1.943978,0.317963,1.385966,0.130461,0.200777,1.864288,0.223559,0.593455,0.997664,1.890354,0.164747,0.199010,0.545307,1.437407,0.283771,0.196167,0.221978,0.978303,0.486000,0.433169,0.193179,1.767554,1.553181,0.317963,0.486000,1.920736,0.318093,0.326120,1.872573,0.607848,0.296257,0.868242,0.238065,1.972109,0.607503,1.507266,0.217182,0.215109,0.230655,0.815608,1.872593,0.179475,0.439293,0.257956,0.277521,0.216163,0.980650,1.021609,1.868746,0.157291,0.194214,1.962120,0.293526,1.911791,1.986804,0.332776,0.207764,0.191852,0.199259,0.886568,1.627496,0.735574,1.959766,0.336700,0.241382,0.225193,0.216163,0.211306,0.257507,0.552727,0.175900,0.213810
1.892393,1.415982,0.651031,0.073723,0.305205,0.131084,0.000000,1.207427,0.869879,1.931222,0.281779,0.874276,0.817511,1.777300,0.150630,0.548179,0.960260,1.972136,0.235151,0.185218,0.170833,0.347299,0.167161,0.773060,0.183697,1.964975,0.410937,0.487409,1.938869,0.282536,1.401551,0.150630,0.192154,1.871752,0.193109,0.604664,0.980625,1.880925,0.255137,0.276761,0.518786,1.430213,0.294524,0.163487,0.176513,0.963752,0.461061,0.398282,0.253996,1.766338,1.546910,0.282536,0.461061,1.916421,0.315527,0.332024,1.870155,0.585526,0.283942,0.860517,0.181194,1.973577,0.583064,1.507928,0.205981,0.259535,0.246404,0.797476,1.865236,0.173690,0.410937,0.219589,0.288783,0.181890,0.965931,1.010941,1.858686,0.084752,0.247263,1.963969,0.339907,1.904247,1.988826,0.360628,0.195656,0.195702,0.170978,0.864943,1.636382,0.715906,1.962279,0.341107,0.207903,0.191332,0.181890,0.229079,0.226196,0.522562,0.167393,0.183825
1.211241,0.664005,0.747181,1.232280,1.356267,1.219887,1.207427,0.000000,0.527062,1.573162,1.204362,1.231951,1.019599,1.507279,1.189508,0.782186,1.147276,1.537602,1.332005,1.138951,1.148753,1.337997,1.208208,1.622897,1.238492,1.430217,0.936954,0.868263,1.445132,1.057387,1.776153,1.189508,1.226340,1.627000,1.126879,0.862042,0.367342,1.260271,1.317562,1.349975,0.863482,0.663679,1.373119,1.170866,1.170423,0.463560,0.871134,0.943617,1.170564,1.165407,1.114484,1.057387,0.871134,1.307667,1.283336,1.295225,1.260787,0.759299,1.324166,0.620503,1.174722,1.582575,0.803412,0.797778,1.222689,1.178580,1.312109,0.591102,1.246174,1.245207,0.936954,1.216871,1.239352,1.138889,0.399341,0.440789,1.328632,1.159158,1.282932,1.595747,1.294277,1.290518,1.603471,1.337493,1.239234,1.278916,1.168845,0.759698,1.373646,0.637594,1.490409,1.392296,1.112863,1.135701,1.138889,1.281655,1.248915,0.903477,1.231668,1.152315
1.503387,0.894185,0.527377,0.899842,1.049239,0.892111,0.869879,0.527062,0.000000,1.739090,0.889911,1.007950,0.888232,1.622888,0.864620,0.504236,0.958778,1.741686,1.005845,0.802672,0.814239,1.024196,0.876060,1.366482,0.914570,1.678706,0.646058,0.576044,1.671665,0.742061,1.708016,0.864620,0.895394,1.762002,0.788840,0.520320,0.441961,1.520364,1.009879,1.040954,0.601737,0.852766,1.062626,0.843163,0.838985,0.449567,0.588907,0.630934,0.861054,1.410263,1.296921,0.742061,0.588907,1.560660,0.972434,0.967382,1.526578,0.536547,1.006251,0.491929,0.846310,1.771161,0.513317,1.070554,0.903452,0.855889,0.981039,0.483929,1.495669,0.915880,0.646058,0.893001,0.924491,0.811858,0.426218,0.369165,1.534309,0.816281,0.970410,1.770155,0.973193,1.545751,1.793124,1.021632,0.904743,0.950188,0.833307,0.585546,1.499521,0.431923,1.715274,1.071749,0.785046,0.810831,0.811858,0.948098,0.932157,0.640471,0.903922,0.823001
0.822734,1.432106,1.864496,1.928278,1.891831,1.929093,1.931222,1.573162,1.739090,0.000000,1.936685,1.712708,1.790105,0.494959,1.933696,1.853236,1.715669,0.535774,1.904270,1.934161,1.933589,1.887964,1.931362,1.719500,1.920597,0.617648,1.920382,1.856314,0.651508,1.935516,1.272428,1.933696,1.919936,0.453389,1.933971,1.849971,1.735298,0.815384,1.922697,1.920022,1.908549,1.474186,1.898373,1.938308,1.943624,1.707181,1.906122,1.913290,1.939110,0.832880,1.387899,1.935516,1.906122,0.794843,1.920518,1.903100,0.751216,1.891062,1.913656,1.778173,1.946144,0.459700,1.869770,1.321600,1.929544,1.938352,1.915498,1.817839,0.696684,1.930691,1.920382,1.926526,1.925212,1.938253,1.730060,1.664966,0.833898,1.932688,1.926624,0.251567,1.916546,0.704011,0.454369,1.883008,1.918031,1.923751,1.930701,1.827548,1.077701,1.836195,0.515277,1.901570,1.941895,1.941980,1.938253,1.920545,1.924850,1.871321,1.931169,1.944810
1.884621,1.381455,0.656683,0.269151,0.400053,0.257193,0.281779,1.204362,0.889911,1.936685,0.000000,0.829127,0.826314,1.791576,0.276147,0.595567,0.900922,1.964195,0.334892,0.273055,0.252923,0.415162,0.261380,0.836909,0.283062,1.959298,0.422932,0.556840,1.934163,0.304866,1.446846,0.276147,0.276589,1.888615,0.276491,0.607180,0.967912,1.877792,0.291012,0.313567,0.516056,1.426674,0.443633,0.252940,0.252960,0.981148,0.477767,0.448420,0.219765,1.783966,1.541487,0.304866,0.477767,1.894709,0.210824,0.393551,1.882546,0.568956,0.323774,0.875401,0.307398,1.966996,0.629734,1.501965,0.279661,0.239924,0.305707,0.789228,1.858272,0.263941,0.422932,0.302742,0.168401,0.255550,0.961770,1.048106,1.843834,0.265145,0.199690,1.961974,0.306692,1.900651,1.984314,0.431181,0.287400,0.281896,0.268277,0.869458,1.650450,0.720908,1.951329,0.391785,0.271072,0.260042,0.255550,0.286469,0.298763,0.576643,0.270357,0.255645
1.734659,1.344227,1.074268,0.865137,0.918582,0.865839,0.874276,1.231951,1.007950,1.712708,0.829127,0.000000,1.279431,1.588370,0.885744,0.960755,0.280787,1.768842,0.864751,0.888427,0.854836,0.893166,0.850748,1.157138,0.901702,1.768230,0.943418,0.942697,1.685160,0.895513,1.495700,0.885744,0.900475,1.741538,0.885700,0.938049,1.152050,1.734903,0.897897,0.897722,0.993615,1.371510,0.962489,0.894509,0.866160,1.175837,0.947411,0.974889,0.881396,1.651339,1.635518,0.895513,0.947411,1.658792,0.838754,0.856278,1.786309,0.979099,0.812014,1.161141,0.885865,1.737061,0.922186,1.574788,0.931997,0.895947,0.849970,1.099909,1.649356,0.872012,0.943418,0.901266,0.827723,0.889925,1.172815,1.203772,1.620584,0.865460,0.848736,1.744624,0.922401,1.715232,1.779274,0.880797,0.878109,0.880255,0.886235,1.029102,1.666661,1.064778,1.738864,0.933675,0.887331,0.895991,0.889925,0.844328,0.928167,1.059712,0.870262,0.875454
1.654062,1.253051,0.535861,0.819326,0.828509,0.805432,0.817511,1.019599,0.888232,1.790105,0.826314,1.279431,0.000000,1.655101,0.744773,0.702379,1.279688,1.828537,0.923566,0.773158,0.814668,0.949253,0.849522,1.062788,0.800871,1.778199,0.643541,0.711852,1.840354,0.701311,1.372283,0.744773,0.770704,1.683021,0.771727,0.630971,0.813273,1.701280,0.829086,0.861895,0.607506,1.223810,0.835935,0.781663,0.798871,0.793575,0.657373,0.639974,0.778879,1.473364,1.286401,0.701311,0.657373,1.793902,0.883430,0.965975,1.565924,0.692701,0.961552,0.691281,0.838101,1.840202,0.758942,1.165250,0.752039,0.795643,0.875348,0.651103,1.634609,0.835032,0.643541,0.812156,0.846197,0.780473,0.710070,0.808354,1.772212,0.793921,0.845263,1.831936,0.855122,1.705766,1.837393,0.822286,0.823570,0.842025,0.793968,0.854459,1.282077,0.602024,1.771611,0.880510,0.785866,0.775554,0.780473,0.858848,0.799921,0.542495,0.833302,0.814520
1.081520,1.421491,1.731606,1.772893,1.721851,1.775255,1.777300,1.507279,1.622888,0.494959,1.791576,1.588370,1.655101,0.000000,1.779265,1.692465,1.645297,0.898802,1.746958,1.783809,1.782275,1.736061,1.780876,1.546243,1.756031,0.988058,1.775304,1.683149,0.991263,1.781595,1.101294,1.779265,1.751622,0.549927,1.784484,1.701254,1.647740,1.082227,1.769369,1.768245,1.774450,1.519975,1.738155,1.787103,1.797408,1.587779,1.762150,1.766998,1.793133,0.822539,1.494279,1.781595,1.762150,1.120681,1.773139,1.751473,0.929429,1.768329,1.771120,1.650905,1.813991,0.833920,1.740071,1.270594,1.782048,1.797136,1.755662,1.701010,0.867176,1.776488,1.775304,1.779398,1.775033,1.788534,1.628096,1.537466,1.153792,1.777782,1.778270,0.712538,1.773825,0.980203,0.852929,1.718070,1.752940,1.765643,1.777758,1.754700,0.978451,1.710281,0.837681,1.742500,1.800001,1.796249,1.788534,1.763598,1.777126,1.706527,1.777846,1.805481
1.887424,1.400810,0.609875,0.132815,0.264407,0.130461,0.150630,1.189508,0.864620,1.933696,0.276147,0.885744,0.744773,1.779265,0.000000,0.522205,0.964066,1.970603,0.293834,0.192006,0.195992,0.395866,0.207737,0.778118,0.198510,1.963293,0.380172,0.464022,1.944998,0.259865,1.401004,0.000000,0.195390,1.867893,0.197263,0.558428,0.953306,1.884951,0.230372,0.256556,0.482660,1.416012,0.299691,0.182087,0.194104,0.931636,0.433094,0.379401,0.219111,1.752190,1.541169,0.259865,0.433094,1.920780,0.342767,0.362040,1.858205,0.558938,0.349243,0.832575,0.237583,1.973639,0.560989,1.477978,0.211959,0.234837,0.258122,0.760535,1.857862,0.203480,0.380172,0.251485,0.310061,0.195906,0.931608,0.986603,1.869573,0.153322,0.248800,1.967341,0.326443,1.905408,1.988693,0.346483,0.213747,0.219058,0.191674,0.845505,1.602076,0.681121,1.955741,0.354370,0.221334,0.202503,0.195906,0.232030,0.252114,0.478998,0.201189,0.211914
1.705832,1.114812,0.324753,0.575713,0.717210,0.566632,0.548179,0.782186,0.504236,1.853236,0.595567,0.960755,0.702379,1.692465,0.522205,0.000000,0.988968,1.886426,0.697155,0.465814,0.479049,0.719217,0.551205,1.107432,0.567867,1.836580,0.291365,0.124059,1.840818,0.392078,1.568665,0.522205,0.562958,1.822111,0.453441,0.431626,0.569893,1.712038,0.689588,0.726751,0.308635,1.142380,0.741229,0.502545,0.515081,0.510138,0.224304,0.301212,0.550819,1.575621,1.410590,0.392078,0.224304,1.770982,0.683064,0.670913,1.702297,0.339220,0.721719,0.525868,0.547398,1.905213,0.351810,1.195049,0.573359,0.562298,0.663037,0.408911,1.666919,0.584687,0.291365,0.567984,0.633791,0.472555,0.538421,0.576735,1.742299,0.490816,0.658321,1.897989,0.691230,1.749192,1.919665,0.704138,0.569426,0.618780,0.495773,0.654445,1.492498,0.316832,1.860779,0.763165,0.453339,0.474095,0.472555,0.631368,0.603063,0.334525,0.572617,0.497952
1.648633,1.265682,1.056253,0.956776,1.040065,0.951204,0.960260,1.147276,0.958778,1.715669,0.900922,0.280787,1.279688,1.645297,0.964066,0.988968,0.000000,1.729915,0.983726,0.959242,0.932392,1.015687,0.939169,1.304275,1.003837,1.699321,0.968370,0.996315,1.626453,0.948372,1.597400,0.964066,1.001619,1.772733,0.953673,0.939794,1.077895,1.659920,0.992868,0.997735,0.994058,1.245042,1.072573,0.971365,0.936859,1.136993,0.963723,1.002464,0.946227,1.629345,1.539452,0.948372,0.963723,1.563242,0.930199,0.969049,1.733823,0.958148,0.916494,1.117394,0.943879,1.708121,0.907812,1.524176,1.006483,0.959509,0.965183,1.057278,1.605426,0.966953,0.968370,0.980818,0.908368,0.960732,1.107782,1.160214,1.520342,0.944049,0.938214,1.722690,1.012943,1.627770,1.744617,0.990781,0.985281,0.984965,0.967358,0.946953,1.696216,1.033946,1.695853,1.054865,0.946309,0.961108,0.960732,0.949708,1.011981,1.092024,0.962388,0.940077
0.634092,1.346704,1.857868,1.973859,1.961073,1.973063,1.972136,1.537602,1.741686,0.535774,1.964195,1.768842,1.828537,0.898802,1.970603,1.886426,1.729915,0.000000,1.965308,1.967294,1.968944,1.947606,1.972651,1.841845,1.973789,0.442902,1.930213,1.904890,0.424716,1.956787,1.483038,1.970603,1.972602,0.756084,1.965902,1.876475,1.694486,0.616424,1.970031,1.968077,1.903366,1.342277,1.966216,1.971931,1.971350,1.699467,1.915927,1.927024,1.962491,0.898327,1.253161,1.956787,1.915927,0.543706,1.960429,1.955571,0.658804,1.877588,1.961096,1.779031,1.965720,0.426180,1.874458,1.264872,1.969988,1.959761,1.971531,1.795274,0.701779,1.975287,1.930213,1.963943,1.963565,1.967653,1.706589,1.678006,0.704650,1.969636,1.970754,0.429759,1.958190,0.595447,0.343784,1.959374,1.971449,1.975647,1.969608,1.760873,1.176245,1.827796,0.441014,1.964133,1.963873,1.967251,1.967653,1.970889,1.967580,1.901994,1.973785,1.968181
1.931101,1.506971,0.814548,0.214722,0.258158,0.241527,0.235151,1.332005,1.005845,1.904270,0.334892,0.864751,0.923566,1.746958,0.293834,0.697155,0.983726,1.965308,0.000000,0.315134,0.290755,0.262632,0.230235,0.637302,0.228557,1.977320,0.578518,0.620451,1.938450,0.440968,1.320743,0.293834,0.251493,1.834323,0.325478,0.732914,1.137190,1.912191,0.265379,0.252652,0.685106,1.547982,0.283426,0.289730,0.305353,1.098544,0.630325,0.559655,0.370864,1.808586,1.615044,0.440968,0.630325,1.939612,0.277262,0.305435,1.910998,0.757934,0.166056,1.013008,0.312289,1.959233,0.727678,1.581998,0.278812,0.361270,0.189101,0.965906,1.884522,0.212682,0.578518,0.287831,0.279002,0.322592,1.119838,1.140946,1.885457,0.279150,0.221145,1.942537,0.334987,1.938043,1.975706,0.301889,0.221186,0.186611,0.279319,1.015767,1.652970,0.878305,1.964241,0.268908,0.353239,0.335529,0.322592,0.199459,0.265027,0.688482,0.221326,0.314207
1.869166,1.368688,0.568779,0.208144,0.387316,0.216288,0.185218,1.138951,0.802672,1.934161,0.273055,0.888427,0.773158,1.783809,0.192006,0.465814,0.959242,1.967294,0.315134,0.000000,0.121097,0.381156,0.158916,0.839251,0.155620,1.954184,0.329973,0.414407,1.933075,0.214503,1.452662,0.192006,0.197132,1.884791,0.022371,0.519904,0.910372,1.869542,0.338424,0.364369,0.433005,1.380123,0.395274,0.085156,0.159332,0.891583,0.376583,0.316762,0.261159,1.755510,1.531379,0.214503,0.376583,1.902259,0.330383,0.354127,1.861020,0.510559,0.343295,0.790824,0.190786,1.977301,0.510324,1.457724,0.222176,0.251659,0.267271,0.720701,1.848477,0.172597,0.329973,0.215770,0.297444,0.067234,0.892152,0.939185,1.844989,0.137652,0.291762,1.964664,0.357319,1.892527,1.991182,0.396125,0.171278,0.211953,0.057370,0.807895,1.623744,0.634329,1.958763,0.385852,0.095277,0.084514,0.067234,0.236187,0.233914,0.459632,0.164765,0.112870
1.876183,1.379293,0.600065,0.186791,0.376664,0.185858,0.170833,1.148753,0.814239,1.933589,0.252923,0.854836,0.814668,1.782275,0.195992,0.479049,0.932392,1.968944,0.290755,0.121097,0.000000,0.368313,0.087957,0.845242,0.172935,1.954633,0.354416,0.422803,1.932114,0.230982,1.454552,0.195992,0.180482,1.885530,0.125800,0.546451,0.926818,1.873144,0.313538,0.338311,0.463779,1.392378,0.398276,0.095991,0.140495,0.905212,0.398226,0.344168,0.242097,1.764527,1.548075,0.230982,0.398226,1.898103,0.324492,0.330243,1.871355,0.528136,0.315863,0.809396,0.179549,1.974295,0.525140,1.469611,0.229949,0.256811,0.248187,0.746478,1.850753,0.142841,0.354416,0.215983,0.282491,0.103089,0.913828,0.957451,1.845525,0.133612,0.261226,1.964684,0.365495,1.897226,1.990344,0.392756,0.173397,0.188450,0.108629,0.826112,1.632336,0.659954,1.960815,0.376804,0.106452,0.108078,0.103089,0.215656,0.241717,0.500841,0.126769,0.079846
1.931211,1.499236,0.838882,0.341855,0.377095,0.370656,0.347299,1.337997,1.024196,1.887964,0.415162,0.893166,0.949253,1.736061,0.395866,0.719217,1.015687,1.947606,0.262632,0.381156,0.368313,0.000000,0.324140,0.677394,0.311758,1.959108,0.609879,0.649443,1.924799,0.485717,1.344956,0.395866,0.334836,1.830419,0.391770,0.758192,1.145222,1.908817,0.402299,0.387520,0.711459,1.542434,0.396452,0.366474,0.372741,1.123819,0.657596,0.600566,0.468126,1.816101,1.645585,0.485717,0.657596,1.926194,0.342109,0.316949,1.913034,0.788860,0.301868,1.035047,0.391855,1.945123,0.780784,1.594812,0.310999,0.450447,0.282826,0.980005,1.862150,0.308457,0.609879,0.262945,0.374418,0.391132,1.131510,1.167179,1.862212,0.368638,0.347965,1.922335,0.416666,1.930409,1.961795,0.383337,0.299925,0.287248,0.347236,1.029399,1.641436,0.896760,1.955455,0.303185,0.417294,0.404320,0.391132,0.304886,0.243390,0.734390,0.318827,0.385672
1.897314,1.429613,0.671574,0.168067,0.334770,0.168020,0.167161,1.208208,0.876060,1.931362,0.261380,0.850748,0.849522,1.780876,0.207737,0.551205,0.939169,1.972651,0.230235,0.158916,0.087957,0.324140,0.000000,0.794300,0.143865,1.964084,0.427928,0.488807,1.936647,0.294982,1.421950,0.207737,0.164305,1.877820,0.169773,0.593414,0.995470,1.892743,0.276880,0.292784,0.536165,1.436996,0.349976,0.121867,0.164192,0.971532,0.474254,0.416114,0.260683,1.783106,1.573229,0.294982,0.474254,1.913382,0.298446,0.295407,1.888807,0.601683,0.258976,0.871287,0.187435,1.973397,0.587571,1.511275,0.219069,0.269619,0.187653,0.818395,1.870734,0.090755,0.427928,0.205553,0.265119,0.150189,0.981982,1.016275,1.859099,0.160485,0.225490,1.962196,0.342771,1.914991,1.988938,0.355145,0.139910,0.130161,0.123450,0.882684,1.645140,0.732999,1.964430,0.325505,0.167701,0.157994,0.150189,0.162817,0.220967,0.566033,0.072428,0.122720
1.921784,1.712235,1.189282,0.744343,0.564579,0.757180,0.773060,1.622897,1.366482,1.719500,0.836909,1.157138,1.062788,1.546243,0.778118,1.107432,1.304275,1.841845,0.637302,0.839251,0.845242,0.677394,0.794300,0.000000,0.725229,1.906645,1.032829,1.020835,1.883878,0.925869,0.928596,0.778118,0.729498,1.570273,0.850599,1.111817,1.487656,1.896096,0.681758,0.652094,1.111629,1.760700,0.576433,0.824093,0.839839,1.397711,1.082772,1.005640,0.850337,1.746845,1.698551,0.925869,1.082772,1.951414,0.766505,0.743987,1.828152,1.208333,0.728752,1.363279,0.860356,1.819411,1.159694,1.645357,0.761752,0.836199,0.673922,1.337211,1.813885,0.753596,1.032829,0.790257,0.787928,0.859113,1.444460,1.416896,1.922702,0.816506,0.723505,1.786904,0.716622,1.914317,1.815228,0.612136,0.724587,0.705725,0.807696,1.382579,1.465907,1.258916,1.846626,0.593302,0.896117,0.871034,0.859113,0.704522,0.752567,1.032422,0.767824,0.869883
1.906779,1.447758,0.674678,0.179406,0.283115,0.198282,0.183697,1.238492,0.914570,1.920597,0.283062,0.901702,0.800871,1.756031,0.198510,0.567867,1.003837,1.973789,0.228557,0.155620,0.172935,0.311758,0.143865,0.725229,0.000000,1.971951,0.436589,0.498357,1.950475,0.300569,1.366804,0.198510,0.118299,1.853197,0.173841,0.609133,1.021142,1.905748,0.269888,0.284722,0.543436,1.468356,0.295032,0.127066,0.196607,0.989140,0.490235,0.424324,0.291664,1.770776,1.583736,0.300569,0.490235,1.937443,0.294547,0.317023,1.881450,0.628254,0.291187,0.888243,0.243168,1.974159,0.624111,1.510858,0.207024,0.291003,0.168456,0.830485,1.868091,0.110964,0.436589,0.209697,0.280085,0.161164,0.998133,1.033236,1.882656,0.183904,0.241262,1.958437,0.323471,1.924441,1.987650,0.320651,0.077938,0.112657,0.112898,0.914101,1.606457,0.747241,1.963238,0.267875,0.209375,0.178423,0.161164,0.161500,0.199990,0.533347,0.117587,0.190460
0.451550,1.264813,1.799973,1.969803,1.977303,1.966889,1.964975,1.430217,1.678706,0.617648,1.959298,1.768230,1.778199,0.988058,1.963293,1.836580,1.699321,0.442902,1.977320,1.954184,1.954633,1.959108,1.964084,1.906645,1.971951,0.000000,1.891633,1.864624,0.440660,1.932889,1.539520,1.963293,1.970883,0.825428,1.951853,1.838495,1.605411,0.511554,1.974795,1.978605,1.856613,1.225563,1.975239,1.959304,1.957863,1.620950,1.869897,1.890656,1.952124,0.840805,1.120986,1.932889,1.869897,0.419540,1.968464,1.961445,0.595808,1.822424,1.969890,1.680639,1.952077,0.453911,1.816594,1.194651,1.963219,1.954154,1.981214,1.721752,0.588021,1.970660,1.891633,1.957297,1.965258,1.953239,1.619302,1.594445,0.577214,1.957137,1.973309,0.487294,1.961304,0.432003,0.403231,1.959672,1.973120,1.975460,1.959432,1.701588,1.188959,1.761966,0.439050,1.975921,1.944737,1.950974,1.953239,1.978842,1.963107,1.864189,1.968361,1.951951
1.775572,1.201773,0.290632,0.443690,0.606115,0.439293,0.410937,0.936954,0.646058,1.920382,0.422932,0.943418,0.643541,1.775304,0.380172,0.291365,0.968370,1.930213,0.578518,0.329973,0.354416,0.609879,0.427928,1.032829,0.436589,1.891633,0.000000,0.311172,1.897776,0.173995,1.542718,0.380172,0.426983,1.885424,0.319962,0.423796,0.670918,1.780927,0.544010,0.583360,0.127696,1.215768,0.621353,0.351347,0.339135,0.671812,0.099356,0.164836,0.390026,1.668192,1.417620,0.173995,0.099356,1.826247,0.521224,0.591568,1.771275,0.287361,0.589146,0.578578,0.388434,1.946817,0.385036,1.300624,0.412024,0.406411,0.538990,0.450457,1.760304,0.450330,0.000000,0.418053,0.475613,0.320339,0.648402,0.754484,1.785283,0.352093,0.510242,1.951113,0.550579,1.806849,1.965064,0.588409,0.451223,0.488578,0.366599,0.635396,1.555628,0.366843,1.909057,0.623399,0.304195,0.315405,0.320339,0.506739,0.443668,0.294733,0.439186,0.348513
1.744716,1.188153,0.397013,0.511393,0.635961,0.504548,0.487409,0.868263,0.576044,1.856314,0.556840,0.942697,0.711852,1.683149,0.464022,0.124059,0.996315,1.904890,0.620451,0.414407,0.422803,0.649443,0.488807,1.020835,0.498357,1.864624,0.311172,0.000000,1.864321,0.364718,1.511321,0.464022,0.492111,1.809100,0.403858,0.459447,0.677157,1.747056,0.626959,0.661081,0.359296,1.219171,0.667045,0.448641,0.465946,0.589501,0.274383,0.291116,0.515604,1.598166,1.451634,0.364718,0.274383,1.809735,0.633066,0.600989,1.731887,0.416969,0.658674,0.602246,0.503622,1.917732,0.382403,1.243034,0.521031,0.527818,0.590285,0.517531,1.691913,0.519028,0.311172,0.518103,0.583851,0.427319,0.639143,0.644659,1.785525,0.435385,0.597173,1.907370,0.640635,1.788561,1.931204,0.624906,0.496220,0.546995,0.436969,0.717881,1.489521,0.411638,1.880796,0.687744,0.414240,0.431564,0.427319,0.561266,0.551032,0.344042,0.508396,0.452898
0.596397,1.296874,1.829446,1.942875,1.954201,1.943978,1.938869,1.445132,1.671665,0.651508,1.934163,1.685160,1.840354,0.991263,1.944998,1.840818,1.626453,0.424716,1.938450,1.933075,1.932114,1.924799,1.936647,1.883878,1.950475,0.440660,1.897776,1.864321,0.000000,1.925824,1.561934,1.944998,1.953174,0.856075,1.930489,1.838234,1.625004,0.605461,1.955964,1.955435,1.871814,1.286277,1.952626,1.940287,1.936619,1.663050,1.875631,1.896825,1.935861,0.894050,1.216362,1.925824,1.875631,0.423493,1.931980,1.924815,0.717698,1.821975,1.921784,1.725469,1.926256,0.520524,1.804648,1.317393,1.950026,1.933859,1.949999,1.748307,0.686132,1.945584,1.897776,1.938009,1.932938,1.933109,1.647986,1.629427,0.591669,1.933614,1.946363,0.529175,1.940231,0.563677,0.473445,1.957452,1.947500,1.950831,1.937239,1.709008,1.341254,1.784322,0.536968,1.957926,1.925483,1.932730,1.933109,1.947290,1.944812,1.884606,1.942917,1.930241
1.834727,1.300343,0.435694,0.314243,0.480486,0.317963,0.282536,1.057387,0.742061,1.935516,0.304866,0.895513,0.701311,1.781595,0.259865,0.392078,0.948372,1.956787,0.440968,0.214503,0.230982,0.485717,0.294982,0.925869,0.300569,1.932889,0.173995,0.364718,1.925824,0.000000,1.484182,0.259865,0.289272,1.891195,0.209665,0.473976,0.806919,1.835656,0.419704,0.452534,0.279208,1.314245,0.497769,0.219222,0.184199,0.800240,0.251254,0.208299,0.295782,1.715970,1.478077,0.000000,0.251254,1.873459,0.391497,0.469022,1.823883,0.399536,0.454371,0.692934,0.267951,1.963571,0.444966,1.391898,0.297754,0.318812,0.395069,0.600763,1.811131,0.309970,0.173995,0.296198,0.350080,0.199238,0.787798,0.870176,1.828867,0.228068,0.378988,1.967527,0.446738,1.857864,1.984545,0.473336,0.313613,0.346402,0.241497,0.722143,1.588067,0.514662,1.937289,0.484167,0.195866,0.196442,0.199238,0.364717,0.322991,0.366906,0.300984,0.226885
1.622800,1.823764,1.596126,1.380577,1.239425,1.385966,1.401551,1.776153,1.708016,1.272428,1.446846,1.495700,1.372283,1.101294,1.401004,1.568665,1.597400,1.483038,1.320743,1.452662,1.454552,1.344956,1.421950,0.928596,1.366804,1.539520,1.542718,1.511321,1.561934,1.484182,0.000000,1.401004,1.365132,1.047844,1.461157,1.552662,1.755346,1.631816,1.312977,1.298682,1.580009,1.804346,1.239877,1.433392,1.445697,1.683483,1.572206,1.520589,1.445778,1.416769,1.607154,1.484182,1.572206,1.682155,1.392380,1.403342,1.477878,1.641464,1.364623,1.629562,1.461144,1.393968,1.581971,1.623692,1.395577,1.457084,1.341244,1.676874,1.486715,1.386402,1.542718,1.422907,1.405631,1.461095,1.710059,1.655883,1.717553,1.433134,1.361396,1.370784,1.378394,1.554716,1.377763,1.242805,1.371707,1.354597,1.433697,1.666561,1.172657,1.643349,1.443547,1.263345,1.487410,1.466497,1.461095,1.364450,1.395541,1.494230,1.394996,1.472503
1.887424,1.400810,0.609875,0.132815,0.264407,0.130461,0.150630,1.189508,0.864620,1.933696,0.276147,0.885744,0.744773,1.779265,0.000000,0.522205,0.964066,1.970603,0.293834,0.192006,0.195992,0.395866,0.207737,0.778118,0.198510,1.963293,0.380172,0.464022,1.944998,0.259865,1.401004,0.000000,0.195390,1.867893,0.197263,0.558428,0.953306,1.884951,0.230372,0.256556,0.482660,1.416012,0.299691,0.182087,0.194104,0.931636,0.433094,0.379401,0.219111,1.752190,1.541169,0.259865,0.433094,1.920780,0.342767,0.362040,1.858205,0.558938,0.349243,0.832575,0.237583,1.973639,0.560989,1.477978,0.211959,0.234837,0.258122,0.760535,1.857862,0.203480,0.380172,0.251485,0.310061,0.195906,0.931608,0.986603,1.869573,0.153322,0.248800,1.967341,0.326443,1.905408,1.988693,0.346483,0.213747,0.219058,0.191674,0.845505,1.602076,0.681121,1.955741,0.354370,0.221334,0.202503,0.195906,0.232030,0.252114,0.478998,0.201189,0.211914
1.902459,1.442312,0.655020,0.188091,0.281197,0.200777,0.192154,1.226340,0.895394,1.919936,0.276589,0.900475,0.770704,1.751622,0.195390,0.562958,1.001619,1.972602,0.251493,0.197132,0.180482,0.334836,0.164305,0.729498,0.118299,1.970883,0.426983,0.492111,1.953174,0.289272,1.365132,0.195390,0.000000,1.848356,0.210430,0.585514,1.006587,1.902344,0.267217,0.284811,0.531072,1.453340,0.306719,0.154994,0.197893,0.970931,0.484545,0.409149,0.274992,1.757764,1.575502,0.289272,0.484545,1.937279,0.308413,0.336434,1.870820,0.615118,0.314815,0.866312,0.259053,1.970370,0.618702,1.491921,0.199326,0.283752,0.182086,0.816325,1.860351,0.133161,0.426983,0.224915,0.284989,0.194500,0.980254,1.016500,1.887137,0.186880,0.240562,1.960165,0.322412,1.922995,1.986947,0.311568,0.118165,0.128330,0.166948,0.900553,1.580536,0.729723,1.959147,0.249039,0.232816,0.204617,0.194500,0.173015,0.210810,0.518211,0.141727,0.212928
0.983328,1.530449,1.833522,1.863886,1.794410,1.864288,1.871752,1.627000,1.762002,0.453389,1.888615,1.741538,1.683021,0.549927,1.867893,1.822111,1.772733,0.756084,1.834323,1.884791,1.885530,1.830419,1.877820,1.570273,1.853197,0.825428,1.885424,1.809100,0.856075,1.891195,1.047844,1.867893,1.848356,0.000000,1.886375,1.816673,1.764817,1.003879,1.846055,1.843820,1.880994,1.571192,1.801538,1.884723,1.896046,1.709076,1.878044,1.872685,1.886504,0.822225,1.425141,1.891195,1.878044,1.043902,1.863656,1.851473,0.806230,1.883653,1.861456,1.771672,1.904533,0.685143,1.853982,1.344046,1.868149,1.889718,1.846277,1.816795,0.785120,1.869096,1.885424,1.878711,1.868621,1.891640,1.735134,1.652880,1.156071,1.879177,1.864138,0.587646,1.854062,0.957599,0.613029,1.801514,1.851725,1.855263,1.877931,1.842294,0.945653,1.819682,0.723807,1.819142,1.901331,1.896320,1.891640,1.855003,1.869706,1.815901,1.871305,1.902370
1.864245,1.358975,0.557640,0.217092,0.398617,0.223559,0.193109,1.126879,0.788840,1.933971,0.276491,0.885700,0.771727,1.784484,0.197263,0.453441,0.953673,1.965902,0.325478,0.022371,0.125800,0.391770,0.169773,0.850599,0.173841,1.951853,0.319962,0.403858,1.930489,0.209665,1.461157,0.197263,0.210430,1.886375,0.000000,0.510316,0.897821,1.864518,0.348498,0.375302,0.422225,1.371097,0.408678,0.098753,0.165482,0.879359,0.364678,0.306677,0.262098,1.752736,1.526072,0.209665,0.364678,1.897968,0.337218,0.358384,1.858337,0.498810,0.351097,0.779986,0.194853,1.976685,0.498060,1.450123,0.230951,0.251786,0.280646,0.708789,1.844587,0.186279,0.319962,0.226145,0.302592,0.075828,0.879961,0.927390,1.840831,0.142019,0.300109,1.964247,0.364594,1.888639,1.990697,0.404160,0.186066,0.226369,0.076141,0.798261,1.624267,0.621647,1.957924,0.401713,0.094088,0.090328,0.075828,0.247601,0.245589,0.453303,0.177929,0.117502
1.708932,1.154558,0.413403,0.617085,0.733358,0.593455,0.604664,0.862042,0.520320,1.849971,0.607180,0.938049,0.630971,1.701254,0.558428,0.431626,0.939794,1.876475,0.732914,0.519904,0.546451,0.758192,0.593414,1.111817,0.609133,1.838495,0.423796,0.459447,1.838234,0.473976,1.552662,0.558428,0.585514,1.816673,0.510316,0.000000,0.660075,1.737022,0.687575,0.723421,0.416322,1.112862,0.755954,0.554444,0.561912,0.653251,0.409514,0.432111,0.556500,1.551581,1.397955,0.473976,0.409514,1.770273,0.689525,0.721555,1.681953,0.444632,0.741557,0.513276,0.594311,1.893048,0.442689,1.241885,0.585434,0.554576,0.672785,0.508991,1.680873,0.617231,0.423796,0.597159,0.636976,0.532271,0.605062,0.637710,1.731780,0.551758,0.669745,1.887138,0.671472,1.740455,1.911381,0.697471,0.606977,0.645166,0.548228,0.631502,1.517170,0.424314,1.837536,0.760520,0.521812,0.532541,0.532271,0.642102,0.624658,0.461942,0.609908,0.557014
1.411358,0.750096,0.479333,1.008252,1.152512,0.997664,0.980625,0.367342,0.441961,1.735298,0.967912,1.152050,0.813273,1.647740,0.953306,0.569893,1.077895,1.694486,1.137190,0.910372,0.926818,1.145222,0.995470,1.487656,1.021142,1.605411,0.670918,0.677157,1.625004,0.806919,1.755346,0.953306,1.006587,1.764817,0.897821,0.660075,0.000000,1.443270,1.096586,1.133554,0.588699,0.755803,1.163570,0.939370,0.937862,0.373603,0.603574,0.701674,0.929707,1.352159,1.158721,0.806919,0.603574,1.497723,1.064348,1.107709,1.440026,0.468334,1.128452,0.439682,0.949405,1.739416,0.607509,0.935017,0.989749,0.941298,1.105999,0.269953,1.446167,1.026946,0.670918,0.988731,1.020398,0.903657,0.167534,0.449399,1.476112,0.927969,1.065720,1.751830,1.077128,1.469628,1.757224,1.144524,1.028805,1.065476,0.946725,0.570543,1.435064,0.371804,1.657122,1.186739,0.877110,0.897823,0.903657,1.073343,1.018629,0.652664,1.014097,0.921080
0.325017,1.083948,1.668688,1.892468,1.927614,1.890354,1.880925,1.260271,1.520364,0.815384,1.877792,1.734903,1.701280,1.082227,1.884951,1.712038,1.659920,0.616424,1.912191,1.869542,1.873144,1.908817,1.892743,1.896096,1.905748,0.511554,1.780927,1.747056,0.605461,1.835656,1.631816,1.884951,1.902344,1.003879,1.864518,1.737022,1.443270,0.000000,1.914654,1.923535,1.737829,1.089809,1.924893,1.879419,1.875423,1.455766,1.754078,1.769696,1.865447,0.831392,0.850058,1.835656,1.754078,0.501385,1.893097,1.890440,0.593893,1.696579,1.902181,1.545644,1.864470,0.696464,1.693923,1.053738,1.890878,1.864585,1.928387,1.582890,0.673598,1.903793,1.780927,1.889444,1.885320,1.868932,1.463602,1.433487,0.650817,1.869359,1.906250,0.735846,1.892200,0.500449,0.688917,1.916239,1.907907,1.914546,1.880199,1.573172,1.244574,1.619902,0.665461,1.934316,1.855379,1.865613,1.868932,1.920056,1.901153,1.747132,1.899276,1.868024
1.919900,1.496621,0.767208,0.199653,0.199876,0.164747,0.255137,1.317562,1.009879,1.922697,0.291012,0.897897,0.829086,1.769369,0.230372,0.689588,0.992868,1.970031,0.265379,0.338424,0.313538,0.402299,0.276880,0.681758,0.269888,1.974795,0.544010,0.626959,1.955964,0.419704,1.312977,0.230372,0.267217,1.846055,0.348498,0.687575,1.096586,1.914654,0.000000,0.077068,0.643419,1.502883,0.251124,0.304117,0.323010,1.077840,0.598665,0.547726,0.246206,1.790053,1.576225,0.419704,0.598665,1.940935,0.336253,0.371574,1.887597,0.713698,0.325390,0.955198,0.349755,1.962314,0.721526,1.555105,0.284190,0.279941,0.249270,0.911387,1.892338,0.254529,0.544010,0.336675,0.313452,0.333109,1.078408,1.125137,1.891970,0.293594,0.188696,1.955370,0.282530,1.929381,1.976200,0.309158,0.281710,0.239252,0.316557,0.971700,1.613543,0.842022,1.956778,0.304145,0.363948,0.339186,0.333109,0.251954,0.316444,0.641860,0.262858,0.330912
1.931938,1.521925,0.808578,0.220165,0.181292,0.199010,0.276761,1.349975,1.040954,1.920022,0.313567,0.897722,0.861895,1.768245,0.256556,0.726751,0.997735,1.968077,0.252652,0.364369,0.338311,0.387520,0.292784,0.652094,0.284722,1.978605,0.583360,0.661081,1.955435,0.452534,1.298682,0.256556,0.284811,1.843820,0.375302,0.723421,1.133554,1.923535,0.077068,0.000000,0.682557,1.530298,0.242429,0.329781,0.341505,1.113299,0.638419,0.584148,0.296152,1.807266,1.599786,0.452534,0.638419,1.945683,0.336595,0.355823,1.900985,0.753531,0.313036,0.997468,0.367884,1.959998,0.750891,1.578028,0.309074,0.313965,0.239107,0.952493,1.901777,0.268346,0.583360,0.351633,0.322385,0.361316,1.116473,1.160494,1.896599,0.319548,0.184124,1.952599,0.285841,1.936882,1.973122,0.307988,0.290761,0.245631,0.338382,1.000948,1.623219,0.881782,1.957359,0.286177,0.392210,0.367959,0.361316,0.247746,0.328679,0.679479,0.277981,0.354860
1.727000,1.140157,0.188646,0.551387,0.706088,0.545307,0.518786,0.863482,0.601737,1.908549,0.516056,0.993615,0.607506,1.774450,0.482660,0.308635,0.994058,1.903366,0.685106,0.433005,0.463779,0.711459,0.536165,1.111629,0.543436,1.856613,0.127696,0.359296,1.871814,0.279208,1.580009,0.482660,0.531072,1.880994,0.422225,0.416322,0.588699,1.737829,0.643419,0.682557,0.000000,1.145207,0.718801,0.457189,0.444128,0.604753,0.141017,0.208747,0.483459,1.627049,1.360999,0.279208,0.141017,1.787748,0.613485,0.692230,1.725131,0.246977,0.689456,0.508572,0.485394,1.926928,0.375964,1.238631,0.510966,0.497476,0.644995,0.361481,1.724545,0.557624,0.127696,0.519117,0.568725,0.425288,0.560035,0.693765,1.750529,0.460163,0.611129,1.935432,0.640576,1.763234,1.945290,0.681187,0.558659,0.595920,0.472339,0.577073,1.532824,0.274962,1.878784,0.723322,0.404871,0.417633,0.425288,0.611779,0.544092,0.290308,0.546108,0.451385
1.025141,0.773768,1.054040,1.450792,1.559824,1.437407,1.430213,0.663679,0.852766,1.474186,1.426674,1.371510,1.223810,1.519975,1.416012,1.142380,1.245042,1.342277,1.547982,1.380123,1.392378,1.542434,1.436996,1.760700,1.468356,1.225563,1.215768,1.219171,1.286277,1.314245,1.804346,1.416012,1.453340,1.571192,1.371097,1.112862,0.755803,1.089809,1.502883,1.530298,1.145207,0.000000,1.552340,1.402175,1.400090,0.869277,1.170204,1.228456,1.383158,1.119063,0.999214,1.314245,1.170204,1.109477,1.500291,1.510336,1.111387,1.080482,1.532081,0.885136,1.396564,1.402679,1.093830,0.948649,1.440658,1.391067,1.514600,0.916881,1.166905,1.458978,1.215768,1.435469,1.469647,1.377072,0.790104,0.822327,1.111473,1.390820,1.497939,1.444009,1.484192,1.086254,1.417324,1.522856,1.469996,1.488202,1.406891,0.829610,1.311562,0.982154,1.299640,1.562603,1.352156,1.369746,1.377072,1.494556,1.462011,1.196148,1.449908,1.380824
1.932368,1.547626,0.831227,0.264251,0.188770,0.283771,0.294524,1.373119,1.062626,1.898373,0.443633,0.962489,0.835935,1.738155,0.299691,0.741229,1.072573,1.966216,0.283426,0.395274,0.398276,0.396452,0.349976,0.576433,0.295032,1.975239,0.621353,0.667045,1.952626,0.497769,1.239877,0.299691,0.306719,1.801538,0.408678,0.755954,1.163570,1.924893,0.251124,0.242429,0.718801,1.552340,0.000000,0.367768,0.393399,1.124450,0.674120,0.609499,0.414548,1.774659,1.601436,0.497769,0.674120,1.964807,0.414302,0.413331,1.877045,0.801540,0.362703,1.022552,0.407439,1.954732,0.777708,1.592456,0.337827,0.418377,0.278392,0.978424,1.892938,0.306482,0.621353,0.372603,0.417377,0.403696,1.134762,1.154335,1.908601,0.344603,0.334053,1.936580,0.388730,1.940289,1.960272,0.325187,0.310272,0.275440,0.367231,1.034083,1.591228,0.905898,1.951398,0.275250,0.440809,0.412302,0.403696,0.302173,0.345012,0.663914,0.317976,0.412066
1.879625,1.394473,0.595657,0.183657,0.362539,0.196167,0.163487,1.170866,0.843163,1.938308,0.252940,0.894509,0.781663,1.787103,0.182087,0.502545,0.971365,1.971931,0.289730,0.085156,0.095991,0.366474,0.121867,0.824093,0.127066,1.959304,0.351347,0.448641,1.940287,0.219222,1.433392,0.182087,0.154994,1.884723,0.098753,0.554444,0.939370,1.879419,0.304117,0.329781,0.457189,1.402175,0.367768,0.000000,0.131915,0.920985,0.404691,0.341298,0.248949,1.764762,1.536552,0.219222,0.404691,1.911696,0.309021,0.348473,1.869178,0.534116,0.316907,0.811582,0.177731,1.978172,0.540882,1.477266,0.204973,0.259632,0.241024,0.748310,1.858638,0.120103,0.351347,0.202820,0.278823,0.057643,0.922696,0.975517,1.855423,0.128808,0.259793,1.968620,0.356183,1.901736,1.993255,0.377888,0.151261,0.166369,0.074684,0.828618,1.623062,0.666111,1.962889,0.348444,0.092411,0.060275,0.057643,0.214380,0.213423,0.478965,0.110850,0.079850
