0.000000,1.150001,1.686704,1.902348,1.926962,1.891466,1.896263,1.239869,1.440707,0.824510,1.880009,1.640200,1.727924,1.086680,1.885675,1.737358,1.519926,0.582008,1.922646,1.874266,1.881514,1.934144,1.899974,1.911304,1.912049,0.494858,1.792254,1.767804,0.581375,1.849228,1.558881,1.885675,1.907821,0.964313,1.869459,1.627177,1.445612,0.245795,1.909265,1.921288,1.753466,0.919942,1.941692,1.885636,1.890047,1.447741,1.763003,1.798234,1.860861,0.598025,0.667958,1.849228,1.763003,0.479605,1.906786,1.925471,0.435169,1.694660,1.916017,1.471863,1.883224,0.662823,1.701285,0.983483,1.895814,1.861157,1.929741,1.586294,0.723388,1.908842,1.792254,1.899330,1.889484,1.874869,1.490437,1.391313,0.682247,1.882629,1.904918,0.742184,1.901565,0.504751,0.643601,1.890181,1.914902,1.919771,1.886593,1.468272,1.116650,1.642451,0.573352,1.941322,1.861183,1.870783,1.874869,1.922121,1.910711,1.774281,1.905771,1.876101
1.150001,0.000000,1.085216,1.385027,1.481344,1.376667,1.364298,0.629359,0.797415,1.453931,1.347621,1.278850,1.299953,1.399131,1.357318,1.102515,1.207772,1.393880,1.447111,1.327482,1.339478,1.478140,1.387785,1.683326,1.409113,1.295781,1.187546,1.164148,1.298328,1.279317,1.789466,1.357318,1.401939,1.511136,1.318426,1.041107,0.728592,1.126612,1.439464,1.467174,1.142155,0.782473,1.499186,1.349971,1.375103,0.840411,1.133899,1.231223,1.327015,1.105710,1.089014,1.279317,1.133899,1.141318,1.412873,1.470894,1.186382,1.002908,1.435825,0.921197,1.377516,1.429199,1.100678,0.768983,1.388568,1.320071,1.458076,0.905088,1.112074,1.407930,1.187546,1.381037,1.379570,1.323076,0.826215,0.851164,1.160888,1.325832,1.420588,1.469505,1.405063,1.197486,1.444490,1.476244,1.410574,1.434475,1.355163,0.860978,1.355053,1.003507,1.339279,1.509730,1.303929,1.319280,1.323076,1.444832,1.408512,1.124931,1.402498,1.335439
1.686704,1.085216,0.000000,0.652000,0.756140,0.635774,0.616088,0.811013,0.681829,1.839783,0.649327,1.213848,0.487366,1.654700,0.566401,0.326911,1.240666,1.875125,0.770499,0.574897,0.593042,0.825633,0.653926,1.160685,0.661562,1.818019,0.274773,0.381418,1.842989,0.413035,1.597865,0.566401,0.629441,1.804384,0.566483,0.493908,0.536835,1.691225,0.702396,0.746060,0.180528,1.221955,0.766227,0.584571,0.570012,0.518310,0.264816,0.294093,0.572047,1.589112,1.399556,0.413035,0.264816,1.754933,0.763115,0.875928,1.666582,0.390591,0.797829,0.522127,0.604413,1.898021,0.341105,1.129712,0.628889,0.575706,0.743789,0.296314,1.663811,0.662105,0.274773,0.651644,0.694940,0.569924,0.398448,0.610376,1.708035,0.570748,0.708004,1.887476,0.710136,1.701050,1.900895,0.770491,0.679133,0.693474,0.606869,0.707650,1.401582,0.136675,1.827308,0.796510,0.551873,0.559978,0.569924,0.712688,0.672998,0.308676,0.653641,0.592338
1.902348,1.385027,0.652000,0.000000,0.237214,0.086322,0.089240,1.209362,0.980025,1.916965,0.287215,0.989089,0.784731,1.737381,0.137132,0.525431,1.110097,1.972410,0.212373,0.215818,0.194895,0.309030,0.186773,0.740965,0.197626,1.970032,0.425042,0.465713,1.945277,0.294827,1.462577,0.137132,0.213539,1.860638,0.222100,0.720259,0.983069,1.901632,0.178488,0.195151,0.518975,1.546308,0.283965,0.196062,0.199182,0.975528,0.475787,0.406169,0.271134,1.823671,1.689776,0.294827,0.475787,1.913777,0.291978,0.333857,1.902814,0.600052,0.275624,0.962752,0.221665,1.979646,0.602352,1.512163,0.203762,0.287743,0.209591,0.805333,1.834457,0.176278,0.425042,0.230333,0.273132,0.220940,0.935542,1.059687,1.863651,0.137045,0.200342,1.963297,0.323291,1.906892,1.982900,0.361103,0.193110,0.181318,0.201052,1.001380,1.595921,0.703798,1.968112,0.340750,0.245431,0.232909,0.220940,0.193633,0.231638,0.511202,0.184956,0.221563
1.926962,1.481344,0.756140,0.237214,0.000000,0.261713,0.290863,1.327247,1.106565,1.875078,0.418902,1.036464,0.763937,1.683845,0.247688,0.656633,1.181607,1.964729,0.284587,0.396865,0.377042,0.300300,0.344775,0.579781,0.295499,1.975910,0.558384,0.579307,1.961402,0.431788,1.343676,0.247688,0.286521,1.797063,0.408565,0.839616,1.120176,1.928997,0.215051,0.190271,0.640765,1.627962,0.222964,0.367689,0.342156,1.081172,0.621372,0.522999,0.408340,1.831330,1.737671,0.431788,0.621372,1.953422,0.393993,0.367185,1.905497,0.767495,0.384726,1.088773,0.383366,1.963386,0.746387,1.560247,0.315771,0.424160,0.249872,0.937087,1.847866,0.309065,0.558384,0.348630,0.403437,0.403691,1.053584,1.154316,1.911061,0.342614,0.304205,1.931701,0.382231,1.933758,1.959224,0.315380,0.288161,0.269745,0.364374,1.121423,1.523410,0.824603,1.967287,0.291443,0.440508,0.417805,0.403691,0.262420,0.314121,0.612555,0.325034,0.412080
1.891466,1.376667,0.635774,0.086322,0.261713,0.000000,0.133725,1.186599,0.958484,1.922530,0.269468,0.977207,0.780835,1.746195,0.144204,0.510349,1.090553,1.971359,0.238074,0.206431,0.185754,0.342020,0.178011,0.773030,0.207721,1.965176,0.410558,0.454742,1.943573,0.284180,1.480132,0.144204,0.230877,1.869052,0.211415,0.692044,0.962672,1.894122,0.146942,0.179604,0.502750,1.525193,0.324988,0.189970,0.193808,0.957525,0.459365,0.393342,0.232810,1.821816,1.674104,0.284180,0.459365,1.903967,0.305921,0.354030,1.899211,0.579703,0.287197,0.938321,0.213636,1.978806,0.587099,1.489888,0.221861,0.263592,0.217390,0.787411,1.836878,0.179538,0.410558,0.247304,0.268436,0.210305,0.917091,1.040403,1.859235,0.156372,0.181670,1.966665,0.318832,1.902659,1.981958,0.358114,0.204958,0.192007,0.194740,0.984843,1.590512,0.686011,1.963343,0.364151,0.229185,0.221254,0.210305,0.198317,0.257068,0.514856,0.186998,0.209118
1.896263,1.364298,0.616088,0.089240,0.290863,0.133725,0.000000,1.185540,0.954858,1.918110,0.290861,1.001222,0.770413,1.739658,0.145339,0.493651,1.114658,1.972318,0.228471,0.187656,0.169309,0.325122,0.174329,0.766628,0.198184,1.964847,0.384813,0.440975,1.938650,0.254863,1.486231,0.145339,0.204584,1.866042,0.192049,0.700704,0.951591,1.893480,0.230718,0.253457,0.479725,1.523122,0.301840,0.168900,0.160701,0.946006,0.435759,0.369187,0.262324,1.819349,1.675444,0.254863,0.435759,1.906262,0.302634,0.360148,1.895994,0.565490,0.285295,0.930988,0.172836,1.981109,0.563389,1.496591,0.185828,0.266949,0.236911,0.768662,1.827526,0.173451,0.384813,0.205614,0.280126,0.189940,0.903687,1.033369,1.846002,0.082209,0.233523,1.962916,0.322788,1.896332,1.986303,0.383027,0.200289,0.192038,0.180971,0.976447,1.597604,0.668306,1.965382,0.352697,0.210201,0.199449,0.189940,0.215190,0.215707,0.473261,0.172994,0.190566
1.239869,0.629359,0.811013,1.209362,1.327247,1.186599,1.185540,0.000000,0.426760,1.588908,1.169143,1.179536,1.120931,1.492243,1.167132,0.823938,1.101523,1.539127,1.289950,1.132252,1.144681,1.345183,1.202326,1.613888,1.238343,1.453408,0.951575,0.894606,1.454755,1.066118,1.812707,1.167132,1.230536,1.621867,1.119414,0.737281,0.376348,1.245110,1.268208,1.303364,0.897123,0.771487,1.362425,1.162868,1.180530,0.505830,0.884077,0.990001,1.130455,1.178051,1.107872,1.066118,0.884077,1.280280,1.259118,1.323280,1.287897,0.748363,1.284456,0.587571,1.184484,1.586620,0.808482,0.733800,1.209664,1.125088,1.295915,0.625173,1.261754,1.233181,0.951575,1.214375,1.198474,1.132967,0.476636,0.420048,1.312306,1.135915,1.239104,1.616203,1.242420,1.329684,1.588137,1.304189,1.241378,1.267302,1.166006,0.710946,1.334825,0.701078,1.468063,1.372390,1.103470,1.127289,1.132967,1.271752,1.251355,0.932331,1.223388,1.143928
1.440707,0.797415,0.681829,0.980025,1.106565,0.958484,0.954858,0.426760,0.000000,1.708405,0.955584,1.053898,1.051443,1.576347,0.937813,0.635194,1.017140,1.690289,1.054250,0.897054,0.906249,1.110265,0.962864,1.439067,1.007601,1.635343,0.758956,0.697471,1.597566,0.853284,1.793381,0.937813,0.994686,1.721443,0.884381,0.477315,0.414130,1.437416,1.052440,1.081361,0.724365,0.937980,1.157996,0.931195,0.953163,0.471720,0.695420,0.791503,0.909451,1.380646,1.265142,0.853284,0.695420,1.471400,1.031825,1.087062,1.489486,0.586006,1.051933,0.497086,0.957016,1.727024,0.640610,0.947846,0.968126,0.884814,1.062119,0.549156,1.457274,1.000172,0.758956,0.967638,0.977270,0.899953,0.483194,0.383897,1.459959,0.902665,1.016973,1.743060,1.000661,1.516872,1.737529,1.082385,1.005513,1.034255,0.929378,0.678549,1.424643,0.580936,1.643735,1.138123,0.870923,0.896958,0.899953,1.039000,1.011567,0.764381,0.991214,0.910096
0.824510,1.453931,1.839783,1.916965,1.875078,1.922530,1.918110,1.588908,1.708405,0.000000,1.932167,1.660396,1.757498,0.520248,1.912682,1.855678,1.650014,0.612200,1.901036,1.929174,1.932396,1.874907,1.931496,1.700953,1.912542,0.659323,1.896182,1.853033,0.752173,1.914495,1.179725,1.912682,1.908451,0.441789,1.929646,1.825457,1.743028,0.827015,1.919089,1.914927,1.879611,1.388829,1.878096,1.934119,1.925473,1.695526,1.890830,1.892520,1.934327,0.784452,1.248388,1.914495,1.890830,0.877405,1.913714,1.894181,0.709800,1.884562,1.916770,1.760165,1.929064,0.610685,1.847502,1.306434,1.915883,1.928804,1.908440,1.812549,0.774442,1.928166,1.896182,1.915060,1.924126,1.934304,1.739006,1.641341,0.911357,1.921617,1.923248,0.278298,1.915710,0.767865,0.492153,1.860531,1.914068,1.919104,1.925206,1.751736,1.030482,1.824084,0.704470,1.879675,1.940043,1.938882,1.934304,1.915774,1.909842,1.853215,1.930129,1.943294
1.880009,1.347621,0.649327,0.287215,0.418902,0.269468,0.290861,1.169143,0.955584,1.932167,0.000000,0.942107,0.805863,1.764967,0.311732,0.553675,1.037026,1.965679,0.329770,0.262217,0.256154,0.419683,0.267611,0.838759,0.291645,1.950893,0.425767,0.525473,1.933748,0.313360,1.522292,0.311732,0.312312,1.892579,0.264233,0.695342,0.931525,1.882850,0.289277,0.316215,0.510515,1.491692,0.460688,0.243055,0.268302,0.973743,0.466310,0.438004,0.195447,1.831704,1.649992,0.313360,0.466310,1.877669,0.230027,0.426882,1.902579,0.534989,0.326501,0.935967,0.298550,1.967589,0.626483,1.482396,0.275342,0.235002,0.313786,0.762263,1.842393,0.257612,0.425767,0.297151,0.171312,0.250216,0.909628,1.057028,1.829315,0.266677,0.207625,1.966254,0.286984,1.887990,1.977721,0.422963,0.289623,0.275954,0.266923,0.950351,1.599660,0.695794,1.940121,0.409797,0.257206,0.249827,0.250216,0.307716,0.304028,0.547013,0.267481,0.247573
1.640200,1.278850,1.213848,0.989089,1.036464,0.977207,1.001222,1.179536,1.053898,1.660396,0.942107,0.000000,1.393484,1.552753,1.021642,1.081008,0.291339,1.691926,0.963749,1.004456,1.003335,1.024862,1.001557,1.189552,1.030466,1.706241,1.100351,1.071598,1.608599,1.062367,1.594134,1.021642,1.055362,1.669229,1.000040,1.009627,1.166680,1.643563,1.005214,1.006902,1.140807,1.405280,1.112049,1.026440,1.032213,1.246376,1.091712,1.126481,0.967329,1.613645,1.625253,1.062367,1.091712,1.538767,0.956327,0.930845,1.714683,1.023484,0.956170,1.278588,1.015222,1.672509,1.096124,1.453250,1.038002,0.977004,0.998985,1.191260,1.583088,1.020210,1.100351,1.030056,0.948515,1.014729,1.230382,1.256309,1.571052,0.998897,0.970065,1.690466,1.012014,1.684276,1.685126,0.962165,1.012539,1.025012,1.009324,1.118721,1.569338,1.186827,1.671481,1.084494,1.014145,1.024328,1.014729,1.002442,1.048046,1.166694,1.022326,1.014092
1.727924,1.299953,0.487366,0.784731,0.763937,0.780835,0.770413,1.120931,1.051443,1.757498,0.805863,1.393484,0.000000,1.552900,0.697225,0.665545,1.446672,1.859873,0.881152,0.776784,0.784479,0.881854,0.810988,1.029308,0.770833,1.801606,0.574521,0.659877,1.877004,0.622040,1.349608,0.697225,0.722501,1.675134,0.778434,0.823571,0.896619,1.740545,0.776707,0.806383,0.539292,1.400759,0.747387,0.756935,0.719347,0.837742,0.615777,0.552206,0.750250,1.592350,1.464109,0.622040,0.615777,1.832220,0.880628,0.982703,1.645841,0.774140,0.930226,0.852378,0.775009,1.860135,0.717998,1.231668,0.753274,0.765999,0.821606,0.683247,1.674760,0.784248,0.574521,0.789037,0.839571,0.771182,0.738229,0.895927,1.790881,0.760784,0.823287,1.820619,0.815320,1.717836,1.848287,0.806429,0.791972,0.785936,0.782824,0.990923,1.251579,0.582607,1.813947,0.803269,0.779060,0.765033,0.771182,0.804888,0.773695,0.534398,0.784650,0.793666
1.086680,1.399131,1.654700,1.737381,1.683845,1.746195,1.739658,1.492243,1.576347,0.520248,1.764967,1.552753,1.552900,0.000000,1.727882,1.663121,1.599706,1.003531,1.730807,1.758291,1.761350,1.692011,1.763038,1.536663,1.729594,1.027284,1.705583,1.652821,1.090583,1.724099,1.049202,1.727882,1.717011,0.596447,1.759804,1.647453,1.611702,1.110843,1.743976,1.742089,1.691683,1.418646,1.693421,1.761706,1.747102,1.545201,1.704809,1.706560,1.765418,0.856856,1.370277,1.724099,1.704809,1.185110,1.747701,1.739719,0.930480,1.724001,1.761754,1.620886,1.765498,1.000200,1.668954,1.263777,1.735879,1.763285,1.728631,1.647111,0.906887,1.753302,1.705583,1.735788,1.756848,1.764248,1.578204,1.489638,1.204531,1.741914,1.752680,0.760045,1.753211,1.016094,0.907868,1.673883,1.732595,1.740485,1.752330,1.632839,0.936369,1.644246,1.052553,1.692429,1.777108,1.772381,1.764248,1.738300,1.727288,1.650243,1.757952,1.782975
1.885675,1.357318,0.566401,0.137132,0.247688,0.144204,0.145339,1.167132,0.937813,1.912682,0.311732,1.021642,0.697225,1.727882,0.000000,0.470223,1.130757,1.970665,0.298894,0.235691,0.221808,0.371358,0.237026,0.774357,0.238621,1.959590,0.349683,0.414892,1.945913,0.227468,1.476352,0.000000,0.220797,1.856784,0.240153,0.666143,0.928597,1.887144,0.210218,0.237114,0.435400,1.503663,0.312903,0.214138,0.186366,0.918567,0.410315,0.329424,0.250265,1.799348,1.658232,0.227468,0.410315,1.908091,0.357780,0.412886,1.876921,0.553186,0.361503,0.908776,0.233873,1.977281,0.549205,1.467753,0.213642,0.263077,0.270608,0.737159,1.828195,0.224476,0.349683,0.249838,0.324344,0.234978,0.868497,0.999657,1.856295,0.162899,0.261305,1.961047,0.326534,1.891687,1.981822,0.372235,0.242703,0.233841,0.231404,0.948199,1.543098,0.628162,1.958238,0.366223,0.254321,0.241165,0.234978,0.248851,0.254718,0.437102,0.228620,0.244932
1.737358,1.102515,0.326911,0.525431,0.656633,0.510349,0.493651,0.823938,0.635194,1.855678,0.553675,1.081008,0.665545,1.663121,0.470223,0.000000,1.143131,1.903098,0.636077,0.452090,0.455532,0.690557,0.522036,1.077319,0.547311,1.860623,0.264201,0.114260,1.860194,0.360240,1.599682,0.470223,0.534547,1.810877,0.441795,0.489739,0.589389,1.739541,0.611284,0.651117,0.293132,1.288379,0.676319,0.479033,0.486418,0.556375,0.203484,0.300485,0.509088,1.636514,1.518833,0.360240,0.203484,1.778789,0.645309,0.720334,1.736550,0.358593,0.666154,0.599402,0.521138,1.920139,0.338284,1.212706,0.529850,0.509817,0.623584,0.416845,1.668331,0.550360,0.264201,0.540376,0.575699,0.456336,0.509157,0.636176,1.746249,0.443189,0.592894,1.909511,0.625748,1.762268,1.919588,0.687599,0.553582,0.582725,0.480512,0.785977,1.471703,0.306448,1.861385,0.708623,0.438300,0.456091,0.456336,0.594876,0.572054,0.317882,0.540064,0.477285
1.519926,1.207772,1.240666,1.110097,1.181607,1.090553,1.114658,1.101523,1.017140,1.650014,1.037026,0.291339,1.446672,1.599706,1.130757,1.143131,0.000000,1.619091,1.100859,1.100637,1.104120,1.176521,1.111112,1.352417,1.153365,1.607860,1.162730,1.153653,1.520920,1.146692,1.688498,1.130757,1.176897,1.687646,1.093488,1.016591,1.117089,1.526076,1.122787,1.131193,1.185934,1.260824,1.248199,1.124697,1.130420,1.222487,1.144776,1.190429,1.050599,1.554740,1.488790,1.146692,1.144776,1.406778,1.073207,1.069540,1.629453,1.037777,1.081119,1.243716,1.104167,1.605148,1.132548,1.368388,1.145826,1.059157,1.132849,1.183349,1.535425,1.133128,1.162730,1.141177,1.052846,1.108859,1.208146,1.228424,1.445571,1.105133,1.085474,1.651697,1.118006,1.579253,1.627193,1.085505,1.138702,1.146954,1.114293,1.051195,1.568231,1.202563,1.582350,1.224568,1.096426,1.111937,1.108859,1.129292,1.166714,1.234048,1.132449,1.101768
0.582008,1.393880,1.875125,1.972410,1.964729,1.971359,1.972318,1.539127,1.690289,0.612200,1.965679,1.691926,1.859873,1.003531,1.970665,1.903098,1.619091,0.000000,1.966330,1.969130,1.970705,1.959396,1.974051,1.849677,1.977530,0.433171,1.938304,1.916346,0.374453,1.963857,1.411635,1.970665,1.976713,0.788925,1.967871,1.834086,1.706756,0.553015,1.972344,1.970585,1.916506,1.242555,1.968344,1.973818,1.975898,1.704739,1.923364,1.938762,1.966641,0.781268,1.051602,1.963857,1.923364,0.556769,1.962606,1.955043,0.584570,1.877293,1.956892,1.738220,1.970696,0.411202,1.872924,1.271107,1.970956,1.963256,1.976293,1.810469,0.757864,1.977295,1.938304,1.967480,1.963065,1.969856,1.740438,1.657903,0.731843,1.969198,1.968314,0.464029,1.964996,0.619191,0.330303,1.949714,1.975395,1.978470,1.971453,1.687787,1.237622,1.848837,0.444003,1.967662,1.964562,1.968513,1.969856,1.976616,1.971300,1.914058,1.976618,1.968585
1.922646,1.447111,0.770499,0.212373,0.284587,0.238074,0.228471,1.289950,1.054250,1.901036,0.329770,0.963749,0.881152,1.730807,0.298894,0.636077,1.100859,1.966330,0.000000,0.284267,0.278433,0.245854,0.231225,0.664808,0.216149,1.977061,0.550046,0.573778,1.941875,0.416892,1.440913,0.298894,0.264590,1.841758,0.293992,0.810860,1.086943,1.919916,0.273730,0.265128,0.641480,1.602297,0.313585,0.273688,0.291631,1.070390,0.597817,0.523085,0.369786,1.854842,1.728616,0.416892,0.597817,1.924241,0.237782,0.272323,1.928785,0.715095,0.169082,1.054278,0.289698,1.966491,0.715888,1.563352,0.246536,0.369207,0.192231,0.919932,1.852394,0.218225,0.550046,0.264799,0.261627,0.299639,1.045616,1.142491,1.872718,0.262818,0.231964,1.944946,0.343126,1.932247,1.973737,0.333726,0.196819,0.196171,0.250977,1.093782,1.611442,0.821042,1.963227,0.310503,0.331208,0.317176,0.299639,0.205703,0.246196,0.640713,0.230033,0.301443
1.874266,1.327482,0.574897,0.215818,0.396865,0.206431,0.187656,1.132252,0.897054,1.929174,0.262217,1.004456,0.776784,1.758291,0.235691,0.452090,1.100637,1.969130,0.284267,0.000000,0.145360,0.403590,0.165009,0.845589,0.162977,1.955475,0.347907,0.417093,1.932623,0.240874,1.537533,0.235691,0.225080,1.882449,0.022212,0.634670,0.895298,1.875831,0.303982,0.334990,0.437818,1.484280,0.404183,0.095173,0.192917,0.904933,0.386521,0.342356,0.238494,1.807062,1.640635,0.240874,0.386521,1.885306,0.310008,0.405376,1.885420,0.507807,0.318358,0.866374,0.207321,1.979851,0.536502,1.453291,0.235254,0.228216,0.259977,0.713092,1.828212,0.172868,0.347907,0.244200,0.265431,0.072284,0.854048,0.982872,1.829613,0.149899,0.269442,1.967189,0.315257,1.887326,1.987041,0.446301,0.173282,0.211093,0.056562,0.934771,1.603788,0.621854,1.949216,0.388981,0.109470,0.099666,0.072284,0.233736,0.267242,0.465619,0.171867,0.133893
1.881514,1.339478,0.593042,0.194895,0.377042,0.185754,0.169309,1.144681,0.906249,1.932396,0.256154,1.003335,0.784479,1.761350,0.221808,0.455532,1.104120,1.970705,0.278433,0.145360,0.000000,0.375088,0.087674,0.842321,0.194584,1.956935,0.355749,0.413950,1.930790,0.235365,1.522594,0.221808,0.195095,1.884512,0.149795,0.659190,0.909553,1.882653,0.278488,0.304270,0.455002,1.492742,0.392236,0.102503,0.163926,0.914396,0.394590,0.352282,0.248895,1.816686,1.658771,0.235365,0.394590,1.887180,0.297097,0.392412,1.894876,0.521231,0.289626,0.871247,0.198789,1.975557,0.535104,1.472338,0.208164,0.262063,0.250168,0.730617,1.826749,0.139952,0.355749,0.208722,0.251844,0.113522,0.867829,0.994484,1.832775,0.140722,0.236165,1.971483,0.333501,1.887238,1.987450,0.442694,0.194336,0.186466,0.142505,0.947500,1.619065,0.637589,1.952804,0.368945,0.112295,0.112480,0.113522,0.219355,0.242355,0.473808,0.124107,0.077781
1.934144,1.478140,0.825633,0.309030,0.300300,0.342020,0.325122,1.345183,1.110265,1.874907,0.419683,1.024862,0.881854,1.692011,0.371358,0.690557,1.176521,1.959396,0.245854,0.403590,0.375088,0.000000,0.328172,0.612271,0.309140,1.972597,0.606950,0.623312,1.935129,0.480595,1.380679,0.371358,0.321732,1.810457,0.414655,0.885791,1.145502,1.929598,0.344112,0.320128,0.696924,1.632781,0.311699,0.383223,0.367337,1.128977,0.657768,0.581468,0.459856,1.857370,1.755403,0.480595,0.657768,1.938444,0.337422,0.340299,1.929369,0.789464,0.298958,1.103974,0.385234,1.956463,0.789571,1.601669,0.288293,0.453893,0.266819,0.976009,1.854422,0.315315,0.606950,0.264390,0.375475,0.409290,1.101358,1.184958,1.881212,0.364413,0.322893,1.923556,0.383023,1.935150,1.957038,0.398526,0.299907,0.280910,0.367409,1.161845,1.596409,0.881506,1.963928,0.273286,0.443120,0.426284,0.409290,0.294955,0.229343,0.691129,0.327702,0.408324
1.899974,1.387785,0.653926,0.186773,0.344775,0.178011,0.174329,1.202326,0.962864,1.931496,0.267611,1.001557,0.810988,1.763038,0.237026,0.522036,1.111112,1.974051,0.231225,0.165009,0.087674,0.328172,0.000000,0.798086,0.156128,1.966382,0.419481,0.474550,1.936720,0.286518,1.496672,0.237026,0.173659,1.880759,0.175192,0.706575,0.975578,1.901269,0.249847,0.266034,0.516484,1.533088,0.352258,0.118329,0.167768,0.974754,0.464059,0.407192,0.268476,1.837307,1.682528,0.286518,0.464059,1.902434,0.274489,0.352654,1.912215,0.591698,0.244085,0.928954,0.191471,1.976136,0.596826,1.509930,0.203239,0.280656,0.190611,0.797700,1.846511,0.090662,0.419481,0.196135,0.246239,0.145469,0.933144,1.050145,1.848471,0.175038,0.210146,1.969504,0.319149,1.905009,1.986984,0.414707,0.153089,0.130313,0.139265,1.002363,1.631273,0.703884,1.959092,0.320993,0.164446,0.153091,0.145469,0.162904,0.220253,0.535785,0.072561,0.118088
1.911304,1.683326,1.160685,0.740965,0.579781,0.773030,0.766628,1.613888,1.439067,1.700953,0.838759,1.189552,1.029308,1.536663,0.774357,1.077319,1.352417,1.849677,0.664808,0.845589,0.842321,0.612271,0.798086,0.000000,0.725455,1.900505,1.007563,0.999045,1.887681,0.903538,1.073981,0.774357,0.731210,1.583419,0.858430,1.236646,1.479200,1.912848,0.711162,0.679546,1.074549,1.798907,0.578540,0.826345,0.807604,1.401619,1.062443,0.964395,0.868674,1.820649,1.809566,0.903538,1.062443,1.950356,0.748381,0.680419,1.862411,1.191048,0.751854,1.446433,0.824003,1.843567,1.169127,1.697403,0.759483,0.864492,0.676438,1.326168,1.800236,0.759189,1.007563,0.775183,0.803820,0.858209,1.415783,1.457848,1.909845,0.813165,0.753251,1.768805,0.747986,1.915338,1.819372,0.637331,0.720293,0.709492,0.807301,1.445807,1.442739,1.227996,1.891393,0.596740,0.897740,0.873910,0.858209,0.708703,0.722908,1.008651,0.775529,0.868670
1.912049,1.409113,0.661562,0.197626,0.295499,0.207721,0.198184,1.238343,1.007601,1.912542,0.291645,1.030466,0.770833,1.729594,0.238621,0.547311,1.153365,1.977530,0.216149,0.162977,0.194584,0.309140,0.156128,0.725455,0.000000,1.974611,0.436547,0.492324,1.953027,0.305625,1.450515,0.238621,0.147623,1.849242,0.181931,0.731805,1.011479,1.915722,0.249480,0.264041,0.528784,1.569029,0.297462,0.141913,0.208775,0.999389,0.490146,0.419860,0.294269,1.830210,1.696193,0.305625,0.490146,1.927574,0.283835,0.358976,1.908174,0.634053,0.286498,0.967380,0.245637,1.980401,0.640314,1.514425,0.214641,0.296629,0.154060,0.820852,1.848234,0.116231,0.436547,0.224478,0.271521,0.170482,0.956915,1.074731,1.873934,0.207974,0.238918,1.957926,0.305275,1.919341,1.984101,0.387216,0.070542,0.109583,0.116123,1.040903,1.591225,0.723285,1.962300,0.265890,0.226181,0.195261,0.170482,0.144600,0.210684,0.527374,0.131715,0.211078
0.494858,1.295781,1.818019,1.970032,1.975910,1.965176,1.964847,1.453408,1.635343,0.659323,1.950893,1.706241,1.801606,1.027284,1.959590,1.860623,1.607860,0.433171,1.977061,1.955475,1.956935,1.972597,1.966382,1.900505,1.974611,0.000000,1.896878,1.884963,0.478662,1.936522,1.454391,1.959590,1.970900,0.844207,1.953245,1.791345,1.618503,0.490564,1.969471,1.973082,1.867561,1.089054,1.974320,1.959998,1.960909,1.636669,1.877200,1.907897,1.944589,0.726296,0.942452,1.936522,1.877200,0.440196,1.965407,1.968477,0.514053,1.823668,1.970085,1.651511,1.955847,0.425756,1.816474,1.173410,1.961579,1.942070,1.978515,1.733231,0.676015,1.970813,1.896878,1.959316,1.959899,1.954392,1.657008,1.594582,0.590961,1.957388,1.967460,0.534229,1.952276,0.419692,0.423416,1.945614,1.975795,1.975970,1.961951,1.602911,1.215663,1.786176,0.413086,1.972562,1.945227,1.950807,1.954392,1.977827,1.966339,1.868972,1.968771,1.951892
1.792254,1.187546,0.274773,0.425042,0.558384,0.410558,0.384813,0.951575,0.758956,1.896182,0.425767,1.100351,0.574521,1.705583,0.349683,0.264201,1.162730,1.938304,0.550046,0.347907,0.355749,0.606950,0.419481,1.007563,0.436547,1.896878,0.000000,0.285437,1.901968,0.168587,1.567162,0.349683,0.410181,1.858607,0.340533,0.514024,0.672610,1.795151,0.482645,0.527011,0.117911,1.337525,0.570986,0.351205,0.335655,0.685361,0.101350,0.162974,0.353121,1.710906,1.528520,0.168587,0.101350,1.830149,0.540063,0.666155,1.790104,0.338917,0.574582,0.661295,0.383781,1.949703,0.343587,1.295000,0.403301,0.361918,0.518902,0.439679,1.751470,0.430016,0.000000,0.419038,0.472060,0.335527,0.595206,0.778739,1.773420,0.337127,0.476933,1.944166,0.494097,1.796090,1.958342,0.583495,0.454716,0.464535,0.379871,0.773399,1.495599,0.335601,1.899929,0.585221,0.322016,0.327334,0.335527,0.489631,0.444044,0.254101,0.420984,0.357800
1.767804,1.164148,0.381418,0.465713,0.579307,0.454742,0.440975,0.894606,0.697471,1.853033,0.525473,1.071598,0.659877,1.652821,0.414892,0.114260,1.153653,1.916346,0.573778,0.417093,0.413950,0.623312,0.474550,0.999045,0.492324,1.884963,0.285437,0.000000,1.881200,0.339915,1.555501,0.414892,0.478437,1.797770,0.409174,0.539293,0.682362,1.769536,0.555637,0.591711,0.335259,1.353949,0.608141,0.442279,0.444983,0.620722,0.257356,0.284506,0.487617,1.658095,1.560684,0.339915,0.257356,1.813393,0.601189,0.657601,1.760717,0.429150,0.618609,0.679268,0.485293,1.933352,0.380770,1.258681,0.481042,0.489735,0.560890,0.514500,1.687413,0.501129,0.285437,0.496383,0.537493,0.426602,0.595200,0.693923,1.783540,0.398719,0.542423,1.912052,0.588397,1.796177,1.927298,0.627893,0.495421,0.526278,0.436667,0.853097,1.468381,0.383277,1.884423,0.646899,0.416265,0.430831,0.426602,0.534236,0.523065,0.332320,0.492855,0.448239
0.581375,1.298328,1.842989,1.945277,1.961402,1.943573,1.938650,1.454755,1.597566,0.752173,1.933748,1.608599,1.877004,1.090583,1.945913,1.860194,1.520920,0.374453,1.941875,1.932623,1.930790,1.935129,1.936720,1.887681,1.953027,0.478662,1.901968,1.881200,0.000000,1.929503,1.514044,1.945913,1.951547,0.901729,1.929924,1.772977,1.630236,0.539689,1.955444,1.955501,1.880034,1.148606,1.962403,1.938792,1.942870,1.661741,1.880700,1.908991,1.928518,0.783988,1.022691,1.929503,1.880700,0.427010,1.931979,1.925158,0.639300,1.816432,1.922692,1.666105,1.931937,0.491154,1.814590,1.267679,1.942859,1.921802,1.953654,1.755286,0.747239,1.946411,1.901968,1.934214,1.933008,1.931047,1.683757,1.602740,0.629679,1.932966,1.946528,0.603272,1.935594,0.600448,0.490706,1.948176,1.950358,1.953094,1.938479,1.617158,1.356676,1.806854,0.520725,1.955481,1.922442,1.929155,1.931047,1.950420,1.942841,1.884612,1.943837,1.927237
1.849228,1.279317,0.413035,0.294827,0.431788,0.284180,0.254863,1.066118,0.853284,1.914495,0.313360,1.062367,0.622040,1.724099,0.227468,0.360240,1.146692,1.963857,0.416892,0.240874,0.235365,0.480595,0.286518,0.903538,0.305625,1.936522,0.168587,0.339915,1.929503,0.000000,1.527031,0.227468,0.276942,1.871978,0.237973,0.582961,0.801762,1.850735,0.351924,0.391155,0.261782,1.428084,0.442680,0.227334,0.181527,0.808940,0.246174,0.190656,0.249853,1.768985,1.596464,0.000000,0.246174,1.873944,0.414667,0.535871,1.846624,0.429368,0.445975,0.778071,0.254876,1.968766,0.428426,1.389854,0.281877,0.270568,0.377413,0.585864,1.799068,0.292543,0.168587,0.295410,0.353488,0.224867,0.733914,0.896382,1.815964,0.215846,0.344739,1.960703,0.386240,1.847912,1.978435,0.484904,0.321973,0.323654,0.262341,0.860226,1.537604,0.480317,1.933463,0.453303,0.224798,0.220325,0.224867,0.349378,0.320651,0.331547,0.285726,0.243897
1.558881,1.789466,1.597865,1.462577,1.343676,1.480132,1.486231,1.812707,1.793381,1.179725,1.522292,1.594134,1.349608,1.049202,1.476352,1.599682,1.688498,1.411635,1.440913,1.537533,1.522594,1.380679,1.496672,1.073981,1.450515,1.454391,1.567162,1.555501,1.514044,1.527031,0.000000,1.476352,1.434745,1.020779,1.546170,1.678662,1.782604,1.580323,1.419998,1.403765,1.588955,1.796521,1.326630,1.511763,1.490532,1.681172,1.601166,1.540430,1.534610,1.423128,1.611955,1.527031,1.601166,1.654158,1.473634,1.464084,1.432394,1.703009,1.481879,1.708497,1.516789,1.359235,1.615308,1.662814,1.465290,1.555486,1.418854,1.695525,1.404724,1.463452,1.567162,1.481119,1.503302,1.537743,1.709108,1.711442,1.680613,1.516705,1.458901,1.281356,1.489646,1.458096,1.323478,1.358885,1.455423,1.433947,1.514870,1.744050,1.260331,1.644682,1.462800,1.347096,1.561239,1.543291,1.537743,1.433694,1.444107,1.541913,1.472217,1.542790
1.885675,1.357318,0.566401,0.137132,0.247688,0.144204,0.145339,1.167132,0.937813,1.912682,0.311732,1.021642,0.697225,1.727882,0.000000,0.470223,1.130757,1.970665,0.298894,0.235691,0.221808,0.371358,0.237026,0.774357,0.238621,1.959590,0.349683,0.414892,1.945913,0.227468,1.476352,0.000000,0.220797,1.856784,0.240153,0.666143,0.928597,1.887144,0.210218,0.237114,0.435400,1.503663,0.312903,0.214138,0.186366,0.918567,0.410315,0.329424,0.250265,1.799348,1.658232,0.227468,0.410315,1.908091,0.357780,0.412886,1.876921,0.553186,0.361503,0.908776,0.233873,1.977281,0.549205,1.467753,0.213642,0.263077,0.270608,0.737159,1.828195,0.224476,0.349683,0.249838,0.324344,0.234978,0.868497,0.999657,1.856295,0.162899,0.261305,1.961047,0.326534,1.891687,1.981822,0.372235,0.242703,0.233841,0.231404,0.948199,1.543098,0.628162,1.958238,0.366223,0.254321,0.241165,0.234978,0.248851,0.254718,0.437102,0.228620,0.244932
1.907821,1.401939,0.629441,0.213539,0.286521,0.230877,0.204584,1.230536,0.994686,1.908451,0.312312,1.055362,0.722501,1.717011,0.220797,0.534547,1.176897,1.976713,0.264590,0.225080,0.195095,0.321732,0.173659,0.731210,0.147623,1.970900,0.410181,0.478437,1.951547,0.276942,1.434745,0.220797,0.000000,1.843744,0.238203,0.714084,0.996708,1.909859,0.257389,0.269124,0.499828,1.555746,0.283266,0.172889,0.199583,0.978087,0.470281,0.393949,0.303225,1.818737,1.683781,0.276942,0.470281,1.930542,0.313614,0.387022,1.898231,0.625106,0.321579,0.937795,0.263956,1.973830,0.619590,1.499727,0.196032,0.307882,0.190470,0.796766,1.838790,0.138500,0.410181,0.215987,0.304802,0.212823,0.933069,1.055393,1.875434,0.209224,0.262466,1.958896,0.313902,1.910091,1.984188,0.382812,0.148869,0.128594,0.198513,1.022587,1.571066,0.695869,1.959605,0.227901,0.251886,0.222869,0.212823,0.178716,0.201119,0.489555,0.146261,0.228452
0.964313,1.511136,1.804384,1.860638,1.797063,1.869052,1.866042,1.621867,1.721443,0.441789,1.892579,1.669229,1.675134,0.596447,1.856784,1.810877,1.687646,0.788925,1.841758,1.882449,1.884512,1.810457,1.880759,1.583419,1.849242,0.844207,1.858607,1.797770,0.901729,1.871978,1.020779,1.856784,1.843744,0.000000,1.884882,1.797069,1.757599,0.985517,1.859357,1.855408,1.848434,1.487503,1.801010,1.882518,1.881929,1.685924,1.856323,1.848570,1.893795,0.799497,1.334943,1.871978,1.856323,1.071701,1.868267,1.835318,0.784838,1.873752,1.874376,1.755987,1.891990,0.752775,1.832447,1.347290,1.862698,1.893296,1.844903,1.802131,0.782588,1.870336,1.858607,1.869482,1.880422,1.888104,1.729734,1.629214,1.191395,1.873581,1.876406,0.559130,1.872448,0.989503,0.625511,1.796786,1.850343,1.856850,1.873932,1.780223,0.960882,1.798084,0.851619,1.811991,1.899273,1.894050,1.888104,1.852171,1.854655,1.799664,1.874186,1.901058
1.869459,1.318426,0.566483,0.222100,0.408565,0.211415,0.192049,1.119414,0.884381,1.929646,0.264233,1.000040,0.778434,1.759804,0.240153,0.441795,1.093488,1.967871,0.293992,0.022212,0.149795,0.414655,0.175192,0.858430,0.181931,1.953245,0.340533,0.409174,1.929924,0.237973,1.546170,0.240153,0.238203,1.884882,0.000000,0.624872,0.882130,1.870603,0.313618,0.345645,0.429774,1.475400,0.416177,0.107469,0.197652,0.894125,0.376517,0.336338,0.238027,1.803861,1.634876,0.237973,0.376517,1.880119,0.315474,0.410001,1.882627,0.494271,0.324008,0.855586,0.208617,1.978914,0.526398,1.446391,0.243601,0.226394,0.274600,0.701796,1.825030,0.187216,0.340533,0.253397,0.268603,0.079729,0.842440,0.971873,1.824438,0.149981,0.276768,1.967154,0.321627,1.883354,1.986489,0.454931,0.190436,0.226675,0.076225,0.924725,1.604155,0.610958,1.947358,0.404733,0.106927,0.103585,0.079729,0.247386,0.278912,0.461323,0.184729,0.136773
1.627177,1.041107,0.493908,0.720259,0.839616,0.692044,0.700704,0.737281,0.477315,1.825457,0.695342,1.009627,0.823571,1.647453,0.666143,0.489739,1.016591,1.834086,0.810860,0.634670,0.659190,0.885791,0.706575,1.236646,0.731805,1.791345,0.514024,0.539293,1.772977,0.582961,1.678662,0.666143,0.714084,1.797069,0.624872,0.000000,0.545385,1.638685,0.769932,0.804480,0.491714,1.141776,0.896809,0.659699,0.681889,0.571965,0.477446,0.552440,0.622395,1.535709,1.371406,0.582961,0.477446,1.676719,0.789866,0.869453,1.644537,0.428253,0.819720,0.519224,0.693086,1.850626,0.523383,1.100001,0.703800,0.609564,0.789757,0.467575,1.629432,0.728714,0.514024,0.716396,0.723610,0.635782,0.530089,0.596427,1.669017,0.652561,0.756668,1.870124,0.740791,1.689039,1.865307,0.799950,0.734785,0.761500,0.666522,0.668382,1.444125,0.456992,1.775277,0.875472,0.617622,0.633029,0.635782,0.764408,0.752060,0.549420,0.724126,0.659098
1.445612,0.728592,0.536835,0.983069,1.120176,0.962672,0.951591,0.376348,0.414130,1.743028,0.931525,1.166680,0.896619,1.611702,0.928597,0.589389,1.117089,1.706756,1.086943,0.895298,0.909553,1.145502,0.975578,1.479200,1.011479,1.618503,0.672610,0.682362,1.630236,0.801762,1.782604,0.928597,0.996708,1.757599,0.882130,0.545385,0.000000,1.445753,1.043762,1.083345,0.611796,0.889944,1.143585,0.918535,0.937001,0.414660,0.601011,0.736295,0.885782,1.382474,1.206814,0.801762,0.601011,1.480792,1.038952,1.144107,1.475363,0.458708,1.078012,0.413334,0.949446,1.739252,0.571221,0.901458,0.972259,0.882061,1.081960,0.290334,1.447519,0.999761,0.672610,0.977068,0.972650,0.888524,0.223737,0.441065,1.459167,0.896670,1.016831,1.770492,1.015232,1.486274,1.751793,1.110239,1.020128,1.039813,0.935347,0.547346,1.406508,0.424518,1.636273,1.154320,0.856695,0.877981,0.888524,1.053565,1.015876,0.664144,0.989334,0.900226
0.245795,1.126612,1.691225,1.901632,1.928997,1.894122,1.893480,1.245110,1.437416,0.827015,1.882850,1.643563,1.740545,1.110843,1.887144,1.739541,1.526076,0.553015,1.919916,1.875831,1.882653,1.929598,1.901269,1.912848,1.915722,0.490564,1.795151,1.769536,0.539689,1.850735,1.580323,1.887144,1.909859,0.985517,1.870603,1.638685,1.445753,0.000000,1.915819,1.925520,1.756806,0.940447,1.940070,1.887707,1.890529,1.448058,1.765973,1.800389,1.867850,0.666470,0.669019,1.850735,1.765973,0.443898,1.905628,1.921426,0.485369,1.698255,1.912748,1.488523,1.883014,0.655840,1.695095,0.998619,1.895515,1.862934,1.932520,1.588445,0.695613,1.911274,1.795151,1.897359,1.891742,1.876940,1.492686,1.399924,0.618188,1.880194,1.908362,0.732839,1.899405,0.489956,0.635272,1.898215,1.917812,1.922492,1.888653,1.481006,1.186491,1.643740,0.577914,1.941698,1.862247,1.872664,1.876940,1.924928,1.910153,1.773978,1.907708,1.876446
1.909265,1.439464,0.702396,0.178488,0.215051,0.146942,0.230718,1.268208,1.052440,1.919089,0.289277,1.005214,0.776707,1.743976,0.210218,0.611284,1.122787,1.972344,0.273730,0.303982,0.278488,0.344112,0.249847,0.711162,0.249480,1.969471,0.482645,0.555637,1.955444,0.351924,1.419998,0.210218,0.257389,1.859357,0.313618,0.769932,1.043762,1.915819,0.000000,0.074232,0.569621,1.565442,0.299930,0.265052,0.253996,1.039678,0.542556,0.469449,0.258874,1.845683,1.691150,0.351924,0.542556,1.925909,0.323434,0.379420,1.913383,0.665020,0.321314,1.009842,0.284223,1.973218,0.676470,1.533998,0.262440,0.307834,0.218997,0.860847,1.860673,0.219537,0.482645,0.293912,0.304826,0.297056,0.996049,1.124497,1.880866,0.267271,0.181913,1.963032,0.313635,1.914710,1.977364,0.323465,0.251146,0.206690,0.283561,1.041096,1.574113,0.766688,1.965676,0.320234,0.323312,0.303822,0.297056,0.217661,0.279017,0.581804,0.235282,0.292775
1.921288,1.467174,0.746060,0.195151,0.190271,0.179604,0.253457,1.303364,1.081361,1.914927,0.316215,1.006902,0.806383,1.742089,0.237114,0.651117,1.131193,1.970585,0.265128,0.334990,0.304270,0.320128,0.266034,0.679546,0.264041,1.973082,0.527011,0.591711,1.955501,0.391155,1.403765,0.237114,0.269124,1.855408,0.345645,0.804480,1.083345,1.925520,0.074232,0.000000,0.613438,1.589302,0.287773,0.295686,0.279420,1.076630,0.586988,0.509304,0.306217,1.857440,1.712061,0.391155,0.586988,1.932446,0.321760,0.348712,1.923488,0.709059,0.313599,1.048037,0.311262,1.970797,0.713882,1.559999,0.275592,0.341784,0.206697,0.904601,1.869355,0.235604,0.527011,0.302535,0.318176,0.330009,1.036594,1.158347,1.886465,0.295457,0.185366,1.958624,0.316208,1.923335,1.973973,0.324278,0.257532,0.212156,0.308697,1.071328,1.584464,0.809527,1.968650,0.299440,0.357975,0.338267,0.330009,0.214064,0.282989,0.621075,0.253210,0.321810
1.753466,1.142155,0.180528,0.518975,0.640765,0.502750,0.479725,0.897123,0.724365,1.879611,0.510515,1.140807,0.539292,1.691683,0.435400,0.293132,1.185934,1.916506,0.641480,0.437818,0.455002,0.696924,0.516484,1.074549,0.528784,1.867561,0.117911,0.335259,1.880034,0.261782,1.588955,0.435400,0.499828,1.848434,0.429774,0.491714,0.611796,1.756806,0.569621,0.613438,0.000000,1.281407,0.651638,0.444859,0.426303,0.630522,0.146629,0.199426,0.431534,1.670470,1.474415,0.261782,0.146629,1.799296,0.628213,0.752332,1.746965,0.332647,0.664620,0.604621,0.466148,1.932334,0.326880,1.234704,0.493284,0.436399,0.611482,0.368196,1.727289,0.525155,0.117911,0.510370,0.561157,0.427807,0.519809,0.723020,1.742178,0.432757,0.570129,1.926179,0.573900,1.758267,1.939982,0.657270,0.547751,0.558810,0.471363,0.719261,1.461565,0.254687,1.873737,0.669791,0.411691,0.418137,0.427807,0.582649,0.534107,0.258584,0.516800,0.450823
0.919942,0.782473,1.221955,1.546308,1.627962,1.525193,1.523122,0.771487,0.937980,1.388829,1.491692,1.405280,1.400759,1.418646,1.503663,1.288379,1.260824,1.242555,1.602297,1.484280,1.492742,1.632781,1.533088,1.798907,1.569029,1.089054,1.337525,1.353949,1.148606,1.428084,1.796521,1.503663,1.555746,1.487503,1.475400,1.141776,0.889944,0.940447,1.565442,1.589302,1.281407,0.000000,1.647211,1.499959,1.505837,1.002835,1.292618,1.374239,1.456033,1.028743,0.827251,1.428084,1.292618,0.947699,1.561029,1.628139,1.013479,1.179367,1.586163,0.971783,1.498541,1.285696,1.222974,0.820816,1.519742,1.447872,1.603864,1.054297,1.125890,1.550041,1.337525,1.517469,1.526572,1.480598,0.984112,0.953036,0.966570,1.489050,1.557103,1.371211,1.525515,0.975306,1.317062,1.564408,1.571034,1.576617,1.512482,0.815978,1.204035,1.156767,1.165669,1.638307,1.452620,1.469686,1.480598,1.591647,1.547771,1.328600,1.544345,1.477751
1.941692,1.499186,0.766227,0.283965,0.222964,0.324988,0.301840,1.362425,1.157996,1.878096,0.460688,1.112049,0.747387,1.693421,0.312903,0.676319,1.248199,1.968344,0.313585,0.404183,0.392236,0.311699,0.352258,0.578540,0.297462,1.974320,0.570986,0.608141,1.962403,0.442680,1.326630,0.312903,0.283266,1.801010,0.416177,0.896809,1.143585,1.940070,0.299930,0.287773,0.651638,1.647211,0.000000,0.371530,0.341186,1.107594,0.635809,0.537046,0.459605,1.844522,1.745582,0.442680,0.635809,1.962017,0.412846,0.407756,1.910268,0.798359,0.396954,1.102135,0.376981,1.963874,0.760560,1.591000,0.341389,0.471985,0.279269,0.946875,1.851159,0.309086,0.570986,0.354692,0.435425,0.408377,1.069720,1.184580,1.904842,0.352339,0.365631,1.931207,0.430715,1.926807,1.962654,0.398588,0.302702,0.271875,0.372480,1.148253,1.557781,0.839527,1.968304,0.270602,0.445705,0.419845,0.408377,0.290426,0.316788,0.613097,0.321974,0.415904
1.885636,1.349971,0.584571,0.196062,0.367689,0.189970,0.168900,1.162868,0.931195,1.934119,0.243055,1.026440,0.756935,1.761706,0.214138,0.479033,1.124697,1.973818,0.273688,0.095173,0.102503,0.383223,0.118329,0.826345,0.141913,1.959998,0.351205,0.442279,1.938792,0.227334,1.511763,0.214138,0.172889,1.882518,0.107469,0.659699,0.918535,1.887707,0.265052,0.295686,0.444859,1.499959,0.371530,0.000000,0.159372,0.927518,0.398840,0.349812,0.225280,1.817759,1.648292,0.227334,0.398840,1.897816,0.288362,0.407424,1.892894,0.526378,0.300232,0.879786,0.192636,1.980386,0.550741,1.472552,0.195872,0.234241,0.235770,0.728303,1.836086,0.110107,0.351205,0.211234,0.248307,0.056545,0.873491,1.011797,1.840702,0.142616,0.236435,1.972669,0.309489,1.891446,1.990701,0.429333,0.161136,0.159793,0.092046,0.950026,1.606204,0.639254,1.953867,0.347901,0.095459,0.062180,0.056545,0.206618,0.227417,0.463701,0.105371,0.086714
