0.000000,1.025775,1.636528,1.868327,1.886778,1.862585,1.861896,1.188345,1.458843,0.820563,1.859711,1.605518,1.685497,1.088524,1.847620,1.678729,1.495793,0.618735,1.896678,1.844622,1.855130,1.886426,1.876496,1.883249,1.884009,0.557765,1.748672,1.709512,0.624802,1.813523,1.572491,1.847620,1.870119,0.942251,1.840181,1.658817,1.409305,0.350829,1.892052,1.903318,1.711043,1.125489,1.909912,1.859127,1.863076,1.420664,1.717808,1.751364,1.844477,0.601821,0.915772,1.813523,1.717808,0.557002,1.890542,1.913437,0.405034,1.663710,1.894056,1.493849,1.853655,0.665825,1.660976,0.948376,1.842749,1.846739,1.909258,1.542598,0.660893,1.886697,1.748672,1.849194,1.874367,1.846284,1.441013,1.338715,0.743858,1.848373,1.893013,0.726963,1.890062,0.528952,0.691338,1.856873,1.885229,1.898241,1.856684,1.537700,1.216991,1.594156,0.571331,1.906555,1.833970,1.843227,1.846284,1.904223,1.860195,1.738625,1.881715,1.852113
1.025775,0.000000,1.126550,1.414167,1.531230,1.408406,1.391279,0.603085,0.883139,1.460843,1.412055,1.219798,1.387278,1.474156,1.401098,1.140775,1.135506,1.306357,1.461918,1.362061,1.375288,1.506090,1.415574,1.724132,1.448568,1.206344,1.229280,1.206865,1.184566,1.320597,1.861588,1.401098,1.434326,1.531516,1.353382,1.191146,0.763878,0.994357,1.486217,1.511066,1.186016,0.946102,1.543818,1.389266,1.402664,0.925021,1.176256,1.268140,1.368210,1.082686,1.106596,1.320597,1.176256,1.041249,1.470249,1.535736,1.145602,1.062404,1.450248,1.022456,1.386871,1.389772,1.097610,0.785486,1.395160,1.367140,1.498466,0.961736,1.065516,1.443897,1.229280,1.399799,1.427870,1.355725,0.858377,0.889272,1.110549,1.359116,1.462606,1.423202,1.472099,1.178012,1.394998,1.473581,1.456091,1.478791,1.386299,1.050338,1.475299,1.042142,1.294071,1.530349,1.332378,1.351287,1.355725,1.484309,1.434944,1.263654,1.429061,1.363039
1.636528,1.126550,0.000000,0.647535,0.781384,0.641950,0.614503,0.814225,0.616757,1.849661,0.661921,1.303473,0.509950,1.662400,0.580756,0.321990,1.355340,1.853967,0.765592,0.571497,0.568799,0.758021,0.625241,1.137725,0.649543,1.783154,0.271558,0.391553,1.819714,0.414996,1.625833,0.580756,0.586987,1.805402,0.565606,0.487737,0.514852,1.583348,0.733156,0.775110,0.185662,1.055396,0.775641,0.567597,0.569754,0.448829,0.249034,0.276043,0.605113,1.569946,1.248874,0.414996,0.249034,1.760746,0.773145,0.851096,1.669100,0.393518,0.756664,0.504167,0.602388,1.880154,0.356635,1.132785,0.563100,0.608255,0.755603,0.282671,1.657344,0.640847,0.271558,0.607823,0.706274,0.551325,0.386680,0.602876,1.715143,0.562908,0.727218,1.878625,0.750347,1.746049,1.897275,0.734343,0.678767,0.679866,0.597349,0.705239,1.365910,0.125043,1.828543,0.730383,0.531895,0.539751,0.551325,0.728501,0.622776,0.358620,0.624742,0.569102
1.868327,1.414167,0.647535,0.000000,0.281774,0.077590,0.088999,1.189801,0.899151,1.903648,0.316095,1.082641,0.786207,1.682764,0.138093,0.517447,1.216543,1.958262,0.231228,0.221820,0.177566,0.304666,0.182420,0.713512,0.192812,1.946996,0.418042,0.459184,1.941215,0.286547,1.467468,0.138093,0.275314,1.851743,0.227257,0.694786,0.960307,1.819085,0.186488,0.210764,0.505519,1.386471,0.305618,0.193628,0.191530,0.902770,0.470167,0.422238,0.277944,1.787988,1.524654,0.286547,0.470167,1.909443,0.334826,0.310552,1.901325,0.583783,0.283799,0.953043,0.235774,1.981067,0.578764,1.493777,0.238999,0.292290,0.254568,0.800926,1.815262,0.194761,0.418042,0.244393,0.313026,0.211145,0.924158,1.021988,1.852968,0.156477,0.232333,1.954790,0.348077,1.919073,1.983525,0.288727,0.213477,0.211718,0.199163,0.871035,1.518658,0.695842,1.963656,0.359899,0.228437,0.219142,0.211145,0.228089,0.256807,0.440241,0.194869,0.204085
1.886778,1.531230,0.781384,0.281774,0.000000,0.297335,0.340026,1.318555,1.051149,1.843604,0.485162,1.161882,0.778426,1.589977,0.263733,0.665898,1.321580,1.943572,0.354152,0.432968,0.389069,0.311016,0.368084,0.534005,0.320868,1.959100,0.591743,0.578703,1.952859,0.463254,1.300134,0.263733,0.368676,1.762113,0.443318,0.846234,1.124310,1.846411,0.246630,0.206574,0.667471,1.483011,0.249601,0.396042,0.381689,1.022481,0.654002,0.565192,0.484533,1.778221,1.564542,0.463254,0.654002,1.950883,0.457907,0.342783,1.899440,0.786928,0.432857,1.089032,0.447757,1.951250,0.749478,1.552722,0.385819,0.498590,0.309595,0.963198,1.797800,0.349457,0.591743,0.388313,0.469823,0.431817,1.062005,1.121005,1.906320,0.393428,0.355891,1.914528,0.454536,1.937613,1.950186,0.344227,0.322025,0.316936,0.397475,1.028611,1.450179,0.843653,1.949245,0.376552,0.462527,0.443013,0.431817,0.302254,0.365977,0.550774,0.362538,0.433754
1.862585,1.408406,0.641950,0.077590,0.297335,0.000000,0.135438,1.182932,0.899217,1.905367,0.294754,1.093948,0.784484,1.689548,0.162887,0.509110,1.223955,1.956388,0.232944,0.231729,0.180787,0.312937,0.183529,0.731088,0.211403,1.943418,0.415968,0.451210,1.939178,0.287334,1.474557,0.162887,0.289565,1.853310,0.236078,0.697857,0.955017,1.816323,0.164333,0.203673,0.502159,1.381493,0.330102,0.206756,0.199562,0.898584,0.466535,0.418203,0.261733,1.791195,1.523558,0.287334,0.466535,1.905537,0.328375,0.316329,1.900713,0.586485,0.274332,0.947508,0.240031,1.979867,0.581388,1.481760,0.240287,0.295464,0.264747,0.796170,1.815816,0.204170,0.415968,0.244450,0.292213,0.224037,0.916127,1.016297,1.852344,0.179083,0.210536,1.955134,0.360552,1.918219,1.981084,0.303310,0.229093,0.221499,0.209525,0.869870,1.518953,0.688116,1.962655,0.368343,0.234427,0.230422,0.224037,0.243340,0.263654,0.452719,0.205424,0.210330
1.861896,1.391279,0.614503,0.088999,0.340026,0.135438,0.000000,1.166329,0.873247,1.912755,0.316896,1.082204,0.771994,1.698378,0.158374,0.496780,1.208466,1.959325,0.246210,0.197397,0.156423,0.330495,0.170822,0.753309,0.198770,1.940515,0.381918,0.451093,1.936105,0.253894,1.494446,0.158374,0.263927,1.864570,0.201423,0.661307,0.924117,1.808935,0.243575,0.270821,0.468921,1.358409,0.327721,0.166622,0.161238,0.875528,0.431603,0.394091,0.261750,1.782729,1.506539,0.253894,0.431603,1.900277,0.348529,0.343557,1.895175,0.540957,0.287801,0.917955,0.195134,1.982778,0.540712,1.481192,0.230265,0.266786,0.277526,0.759764,1.813794,0.186913,0.381918,0.243182,0.317709,0.177664,0.891586,1.002434,1.839909,0.107491,0.258951,1.959289,0.351158,1.911174,1.986597,0.307535,0.225919,0.218473,0.183975,0.842369,1.523707,0.661715,1.961623,0.368015,0.189942,0.181703,0.177664,0.248436,0.256476,0.414591,0.179880,0.169290
1.188345,0.603085,0.814225,1.189801,1.318555,1.182932,1.166329,0.000000,0.463340,1.551642,1.195537,1.212279,1.132679,1.451424,1.158710,0.812503,1.175468,1.511599,1.254481,1.106916,1.138993,1.276114,1.187045,1.556733,1.209938,1.406149,0.950423,0.886735,1.426764,1.063382,1.826065,1.158710,1.187840,1.588530,1.096800,0.832672,0.402575,1.158458,1.291168,1.320296,0.900453,0.753967,1.348196,1.148699,1.174229,0.535337,0.885221,0.969233,1.156006,1.147306,1.103617,1.063382,0.885221,1.303179,1.258330,1.346178,1.268914,0.759877,1.245671,0.668992,1.170544,1.575972,0.776191,0.711883,1.138602,1.144152,1.278971,0.653528,1.265158,1.213387,0.950423,1.156677,1.210418,1.111897,0.505366,0.421980,1.304577,1.120411,1.256919,1.565693,1.262265,1.350406,1.597505,1.238465,1.214972,1.249985,1.135560,0.774924,1.337173,0.715702,1.470855,1.302812,1.089916,1.110803,1.111897,1.263967,1.188867,0.986355,1.198916,1.134037
1.458843,0.883139,0.616757,0.899151,1.051149,0.899217,0.873247,0.463340,0.000000,1.712430,0.924031,1.124149,0.978818,1.549810,0.869535,0.552228,1.143062,1.716294,0.957138,0.791180,0.835450,0.968494,0.884626,1.335455,0.902005,1.620551,0.690694,0.616687,1.648615,0.786905,1.761210,0.869535,0.883857,1.710087,0.781804,0.500031,0.409358,1.404457,1.022282,1.052149,0.660651,0.840121,1.084543,0.841167,0.891187,0.465161,0.630629,0.701274,0.879771,1.357888,1.213685,0.786905,0.630629,1.544469,0.968334,1.070618,1.499312,0.515217,0.949247,0.497256,0.886367,1.763558,0.505978,0.934567,0.828950,0.852952,0.982851,0.531086,1.471409,0.911466,0.690694,0.840992,0.924024,0.801033,0.478889,0.394796,1.517067,0.825948,0.978848,1.746728,0.970471,1.575972,1.786200,0.946718,0.905526,0.950297,0.820851,0.574440,1.355190,0.540711,1.677108,1.005834,0.780409,0.801100,0.801033,0.966465,0.877253,0.742300,0.895720,0.828925
0.820563,1.460843,1.849661,1.903648,1.843604,1.905367,1.912755,1.551642,1.712430,0.000000,1.924881,1.556617,1.794826,0.591894,1.893129,1.845306,1.523759,0.625419,1.901293,1.914954,1.918175,1.870331,1.917182,1.701026,1.901789,0.687370,1.899790,1.839321,0.732318,1.913311,1.190627,1.893129,1.898827,0.499568,1.915413,1.843015,1.741558,0.922616,1.901323,1.888407,1.887591,1.484317,1.883587,1.919851,1.921649,1.719821,1.892985,1.885207,1.929416,0.813512,1.365844,1.913311,1.892985,0.830211,1.907662,1.895930,0.735863,1.874702,1.916461,1.746439,1.926266,0.534012,1.834809,1.324509,1.908167,1.926596,1.890965,1.822570,0.786734,1.913897,1.899790,1.905305,1.920360,1.919045,1.748034,1.631157,0.854409,1.917636,1.909320,0.285862,1.905589,0.657238,0.523014,1.861815,1.894602,1.905416,1.910362,1.775922,1.204394,1.832832,0.560405,1.884013,1.923675,1.923977,1.919045,1.897605,1.901962,1.879241,1.917142,1.928079
1.859711,1.412055,0.661921,0.316095,0.485162,0.294754,0.316896,1.195537,0.924031,1.924881,0.000000,1.117332,0.823161,1.733354,0.368340,0.562709,1.221982,1.959907,0.318504,0.285760,0.274065,0.377757,0.276709,0.807017,0.306344,1.932569,0.442103,0.535440,1.941479,0.340624,1.526197,0.368340,0.355969,1.886681,0.286432,0.689643,0.947133,1.829019,0.314653,0.362361,0.517047,1.324418,0.481016,0.275238,0.285972,0.942063,0.482454,0.473928,0.207716,1.808400,1.540636,0.340624,0.482454,1.884534,0.208580,0.392064,1.899949,0.577217,0.277294,0.934984,0.323251,1.977371,0.615490,1.488001,0.294389,0.259042,0.339506,0.781543,1.828595,0.276746,0.442103,0.289530,0.160532,0.290668,0.926487,1.064072,1.828528,0.284463,0.254646,1.958705,0.296329,1.910967,1.975976,0.412061,0.317549,0.299058,0.285507,0.826618,1.515162,0.705323,1.954281,0.404966,0.289943,0.286407,0.290668,0.332168,0.307890,0.549148,0.278372,0.269717
1.605518,1.219798,1.303473,1.082641,1.161882,1.093948,1.082204,1.212279,1.124149,1.556617,1.117332,0.000000,1.496442,1.433445,1.135181,1.187620,0.282358,1.617061,1.042388,1.093931,1.123926,1.126554,1.121468,1.210597,1.119632,1.578474,1.201154,1.189585,1.544563,1.166879,1.581723,1.135181,1.175674,1.595202,1.090749,1.207539,1.221368,1.561993,1.126241,1.125752,1.230466,1.367026,1.192978,1.125045,1.137455,1.288987,1.194010,1.231668,1.090954,1.505107,1.578690,1.166879,1.194010,1.453337,1.074593,1.111130,1.639174,1.104123,1.068695,1.344430,1.109815,1.655591,1.121087,1.471944,1.136112,1.088505,1.119691,1.270620,1.479444,1.131070,1.201154,1.112625,1.090933,1.101096,1.308400,1.312035,1.427311,1.092458,1.109829,1.607612,1.118361,1.545059,1.646228,1.023185,1.108180,1.143269,1.095791,1.094439,1.644826,1.276844,1.610115,1.199294,1.104274,1.111979,1.101096,1.119227,1.130962,1.253459,1.128930,1.111996
1.685497,1.387278,0.509950,0.786207,0.778426,0.784484,0.771994,1.132679,0.978818,1.794826,0.823161,1.496442,0.000000,1.601688,0.702071,0.679546,1.563155,1.836167,0.893866,0.773255,0.739618,0.804618,0.757786,1.021954,0.757665,1.783452,0.591936,0.676643,1.844418,0.628467,1.373722,0.702071,0.664580,1.697279,0.777122,0.737996,0.894341,1.638221,0.796210,0.820455,0.563660,1.193525,0.760997,0.728708,0.705023,0.785699,0.624063,0.548080,0.788659,1.583582,1.262326,0.628467,0.624063,1.835838,0.892111,0.932516,1.656253,0.778269,0.903481,0.767975,0.750473,1.829575,0.732861,1.253088,0.704507,0.799504,0.825982,0.684501,1.672886,0.746329,0.591936,0.743994,0.857218,0.748268,0.737534,0.882994,1.797346,0.762875,0.846761,1.834170,0.857956,1.766125,1.848608,0.819293,0.785422,0.753678,0.774395,0.986369,1.223050,0.594909,1.804084,0.724240,0.752389,0.738709,0.748268,0.805939,0.719487,0.570394,0.739459,0.757113
1.088524,1.474156,1.662400,1.682764,1.589977,1.689548,1.698378,1.451424,1.549810,0.591894,1.733354,1.433445,1.601688,0.000000,1.658881,1.630367,1.482590,1.050147,1.698114,1.704808,1.710676,1.638093,1.710998,1.462454,1.677220,1.092637,1.693628,1.610357,1.142201,1.700925,1.040944,1.658881,1.672420,0.676951,1.706529,1.658697,1.610863,1.167080,1.685290,1.668016,1.688015,1.435630,1.658594,1.712650,1.714361,1.556581,1.693227,1.681650,1.731906,0.860382,1.395254,1.700925,1.693227,1.210395,1.713373,1.693101,1.007095,1.693054,1.732903,1.606537,1.734409,0.993621,1.625660,1.335696,1.690292,1.726158,1.663973,1.660920,0.925481,1.704183,1.693628,1.687370,1.734227,1.712719,1.599962,1.470242,1.226125,1.705944,1.711618,0.832379,1.695441,1.030912,0.989804,1.618165,1.667275,1.690852,1.697258,1.622988,1.080488,1.654693,0.981163,1.664416,1.726629,1.722599,1.712719,1.670664,1.678771,1.656274,1.709165,1.733408
1.847620,1.401098,0.580756,0.138093,0.263733,0.162887,0.158374,1.158710,0.869535,1.893129,0.368340,1.135181,0.702071,1.658881,0.000000,0.472841,1.265642,1.954405,0.309520,0.247094,0.209085,0.327314,0.231816,0.728145,0.223263,1.940133,0.366942,0.412582,1.940988,0.247126,1.454899,0.000000,0.256046,1.834802,0.252574,0.656093,0.921906,1.797621,0.239214,0.257071,0.447501,1.352796,0.306464,0.215046,0.212349,0.847473,0.425851,0.365353,0.317449,1.757665,1.485684,0.247126,0.425851,1.910923,0.399157,0.378975,1.875963,0.557593,0.359486,0.911136,0.284712,1.974818,0.534920,1.463910,0.230127,0.319881,0.303876,0.750267,1.798243,0.232883,0.366942,0.251215,0.372607,0.234631,0.868988,0.969768,1.857925,0.185663,0.300140,1.948200,0.377358,1.908469,1.978640,0.309486,0.248913,0.248530,0.232940,0.848273,1.468010,0.636433,1.955041,0.368068,0.251572,0.238707,0.234631,0.274696,0.257646,0.358455,0.230716,0.240794
1.678729,1.140775,0.321990,0.517447,0.665898,0.509110,0.496780,0.812503,0.552228,1.845306,0.562709,1.187620,0.679546,1.630367,0.472841,0.000000,1.270917,1.879815,0.627356,0.433240,0.444009,0.626426,0.504820,1.033341,0.522658,1.828040,0.271750,0.126351,1.842029,0.368968,1.618027,0.472841,0.503532,1.795446,0.425514,0.493805,0.577905,1.642016,0.630405,0.668009,0.288651,1.119535,0.693773,0.459096,0.498834,0.502831,0.225644,0.287564,0.524616,1.602744,1.371582,0.368968,0.225644,1.784115,0.654749,0.722420,1.726587,0.362557,0.628110,0.608095,0.534194,1.907194,0.333011,1.175774,0.454035,0.525811,0.621890,0.436227,1.663036,0.532446,0.271750,0.491922,0.592471,0.431061,0.514892,0.607557,1.747130,0.445470,0.608173,1.890539,0.651513,1.791717,1.921934,0.626307,0.539842,0.571655,0.455543,0.690732,1.402364,0.314554,1.857073,0.655577,0.416078,0.431219,0.431061,0.597634,0.517681,0.355276,0.516066,0.460081
1.495793,1.135506,1.355340,1.216543,1.321580,1.223955,1.208466,1.175468,1.143062,1.523759,1.221982,0.282358,1.563155,1.482590,1.265642,1.270917,0.000000,1.523032,1.182986,1.208012,1.241586,1.269914,1.244461,1.376986,1.254089,1.458670,1.282292,1.291035,1.433675,1.270490,1.668756,1.265642,1.303809,1.597406,1.202852,1.257815,1.209237,1.444637,1.263271,1.269949,1.298856,1.281510,1.335711,1.240188,1.252658,1.308578,1.265415,1.316920,1.192542,1.456767,1.500541,1.270490,1.265415,1.303873,1.195064,1.254816,1.546883,1.155130,1.192444,1.354746,1.214490,1.572886,1.191881,1.415500,1.253797,1.189379,1.265338,1.288093,1.430630,1.256609,1.282292,1.232985,1.203031,1.213670,1.315610,1.326886,1.275912,1.212071,1.237303,1.539482,1.237062,1.421660,1.567928,1.163318,1.246739,1.275252,1.216609,1.094193,1.659695,1.317872,1.511695,1.332771,1.207829,1.219521,1.213670,1.261649,1.255132,1.349240,1.252233,1.219199
0.618735,1.306357,1.853967,1.958262,1.943572,1.956388,1.959325,1.511599,1.716294,0.625419,1.959907,1.617061,1.836167,1.050147,1.954405,1.879815,1.523032,0.000000,1.959053,1.958145,1.959886,1.956626,1.964241,1.874611,1.968329,0.526643,1.921601,1.894948,0.400467,1.950503,1.436678,1.954405,1.965274,0.821398,1.956653,1.860476,1.690074,0.726905,1.962179,1.958295,1.900787,1.431410,1.956873,1.964939,1.965529,1.717942,1.904925,1.918139,1.959444,0.838977,1.240561,1.950503,1.904925,0.536997,1.954661,1.957953,0.612571,1.867439,1.955204,1.739298,1.959736,0.397455,1.866711,1.269813,1.960559,1.958895,1.962961,1.791362,0.757017,1.969507,1.921601,1.960261,1.955320,1.958646,1.713000,1.644487,0.734362,1.957637,1.958783,0.455379,1.962920,0.581193,0.331484,1.949986,1.964245,1.970497,1.960610,1.781291,1.350951,1.826166,0.416003,1.967285,1.954244,1.958822,1.958646,1.964430,1.964305,1.913423,1.968878,1.959483
1.896678,1.461918,0.765592,0.231228,0.354152,0.232944,0.246210,1.254481,0.957138,1.901293,0.318504,1.042388,0.893866,1.698114,0.309520,0.627356,1.182986,1.959053,0.000000,0.273566,0.270649,0.255994,0.236704,0.682797,0.229862,1.955156,0.539720,0.571981,1.940089,0.401208,1.462212,0.309520,0.328920,1.849436,0.281137,0.751456,1.044368,1.853379,0.265577,0.270008,0.623894,1.409909,0.367208,0.274990,0.289665,1.006600,0.586823,0.538109,0.334460,1.816118,1.589029,0.401208,0.586823,1.906277,0.269192,0.264717,1.922142,0.665714,0.145265,1.019718,0.319391,1.975676,0.676100,1.536561,0.297583,0.339685,0.221086,0.900941,1.835437,0.231828,0.539720,0.273565,0.259284,0.292414,1.026001,1.106140,1.853681,0.268650,0.222134,1.950342,0.329135,1.933397,1.974987,0.323284,0.217350,0.227271,0.245025,0.899172,1.540687,0.808360,1.961690,0.344872,0.311294,0.303773,0.292414,0.223074,0.280370,0.591206,0.242707,0.281538
1.844622,1.362061,0.571497,0.221820,0.432968,0.231729,0.197397,1.106916,0.791180,1.914954,0.285760,1.093931,0.773255,1.704808,0.247094,0.433240,1.208012,1.958145,0.273566,0.000000,0.151770,0.337789,0.182591,0.808485,0.160292,1.927954,0.340194,0.399976,1.933275,0.230562,1.536836,0.247094,0.248235,1.868671,0.019492,0.563880,0.861997,1.795500,0.345677,0.373393,0.426417,1.277114,0.424153,0.114546,0.207092,0.825148,0.378745,0.359069,0.281521,1.762041,1.494627,0.230562,0.378745,1.884962,0.322267,0.385175,1.872665,0.474135,0.275239,0.839484,0.262344,1.977190,0.487978,1.418512,0.189498,0.263289,0.273789,0.702175,1.807455,0.186822,0.340194,0.194448,0.282795,0.089888,0.838219,0.943970,1.827331,0.152004,0.297536,1.958587,0.333338,1.902823,1.985662,0.355381,0.179491,0.229265,0.054510,0.754159,1.495935,0.612702,1.946585,0.365793,0.117876,0.110186,0.089888,0.248414,0.227911,0.413850,0.180656,0.144271
1.855130,1.375288,0.568799,0.177566,0.389069,0.180787,0.156423,1.138993,0.835450,1.918175,0.274065,1.123926,0.739618,1.710676,0.209085,0.444009,1.241586,1.959886,0.270649,0.151770,0.000000,0.322596,0.083156,0.785656,0.173006,1.929870,0.334632,0.401593,1.936269,0.213358,1.512235,0.209085,0.192053,1.870475,0.158788,0.621358,0.886751,1.808140,0.281952,0.312585,0.425686,1.327144,0.383024,0.093421,0.161678,0.851229,0.381398,0.345056,0.254732,1.781106,1.509707,0.213358,0.381398,1.895352,0.315215,0.372215,1.888266,0.513887,0.265373,0.857511,0.237290,1.982186,0.511190,1.444993,0.179095,0.258107,0.261684,0.716953,1.805436,0.124616,0.334632,0.188394,0.266987,0.115143,0.847899,0.970551,1.834897,0.129862,0.241874,1.960924,0.337033,1.907697,1.986720,0.364744,0.199149,0.176708,0.135162,0.819582,1.518777,0.614922,1.958908,0.317464,0.112506,0.106781,0.115143,0.236827,0.222104,0.408944,0.103443,0.075537
1.886426,1.506090,0.758021,0.304666,0.311016,0.312937,0.330495,1.276114,0.968494,1.870331,0.377757,1.126554,0.804618,1.638093,0.327314,0.626426,1.269914,1.956626,0.255994,0.337789,0.322596,0.000000,0.285991,0.615586,0.247412,1.950766,0.554044,0.554976,1.957312,0.429835,1.376165,0.327314,0.291024,1.799625,0.349100,0.737948,1.073962,1.848982,0.315111,0.312681,0.632147,1.387814,0.359791,0.320614,0.344578,1.004546,0.606424,0.534526,0.414526,1.780625,1.561954,0.429835,0.606424,1.933504,0.318963,0.347619,1.895493,0.712823,0.307831,0.991850,0.396873,1.967398,0.703979,1.507017,0.270092,0.421764,0.238480,0.917363,1.806445,0.260441,0.554044,0.232024,0.334499,0.356112,1.033701,1.092017,1.881271,0.350167,0.309913,1.929696,0.354694,1.934425,1.963540,0.330412,0.228283,0.230694,0.302862,0.921116,1.443375,0.814798,1.952713,0.258262,0.383701,0.366135,0.356112,0.247330,0.196274,0.592760,0.275162,0.356118
1.876496,1.415574,0.625241,0.182420,0.368084,0.183529,0.170822,1.187045,0.884626,1.917182,0.276709,1.121468,0.757786,1.710998,0.231816,0.504820,1.244461,1.964241,0.236704,0.182591,0.083156,0.285991,0.000000,0.749498,0.154174,1.938505,0.396149,0.458894,1.943451,0.264790,1.484197,0.231816,0.173576,1.868120,0.192882,0.653109,0.941463,1.830901,0.260729,0.283767,0.484466,1.357264,0.347707,0.124441,0.170742,0.906914,0.445083,0.400623,0.269566,1.800823,1.534023,0.264790,0.445083,1.908300,0.289307,0.334329,1.904848,0.571214,0.234035,0.895769,0.242098,1.983476,0.567927,1.474549,0.196661,0.275778,0.213052,0.773371,1.821141,0.077400,0.396149,0.190924,0.253385,0.162067,0.903387,1.020016,1.846241,0.169587,0.221163,1.960718,0.318585,1.919315,1.986968,0.351267,0.170466,0.122088,0.151360,0.859146,1.527477,0.674393,1.964059,0.264427,0.171845,0.160350,0.162067,0.195169,0.212618,0.464313,0.056975,0.122764
1.883249,1.724132,1.137725,0.713512,0.534005,0.731088,0.753309,1.556733,1.335455,1.701026,0.807017,1.210597,1.021954,1.462454,0.728145,1.033341,1.376986,1.874611,0.682797,0.808485,0.785656,0.615586,0.749498,0.000000,0.693548,1.901548,0.981146,0.950531,1.914034,0.868963,1.044072,0.728145,0.722422,1.600734,0.818852,1.145147,1.426842,1.869103,0.647630,0.612435,1.046728,1.604455,0.600269,0.779429,0.774299,1.322332,1.032855,0.943101,0.838122,1.756148,1.663414,0.868963,1.032855,1.936182,0.730529,0.620343,1.859697,1.130970,0.746021,1.357209,0.811242,1.843218,1.098156,1.682371,0.769484,0.842745,0.639305,1.291316,1.773926,0.717356,0.981146,0.756433,0.781799,0.814287,1.379533,1.385239,1.884424,0.799476,0.717168,1.789654,0.735973,1.897817,1.843968,0.645141,0.682464,0.672905,0.775444,1.260847,1.372005,1.198448,1.866760,0.638966,0.847141,0.825030,0.814287,0.653194,0.724404,0.933612,0.732244,0.816565
1.884009,1.448568,0.649543,0.192812,0.320868,0.211403,0.198770,1.209938,0.902005,1.901789,0.306344,1.119632,0.757665,1.677220,0.223263,0.522658,1.254089,1.968329,0.229862,0.160292,0.173006,0.247412,0.154174,0.693548,0.000000,1.950659,0.423331,0.466160,1.954965,0.284728,1.446441,0.223263,0.188437,1.840438,0.177361,0.655281,0.975432,1.839682,0.267504,0.277822,0.511078,1.358099,0.324602,0.131393,0.203265,0.920219,0.478257,0.421418,0.320054,1.787154,1.542228,0.284728,0.478257,1.924789,0.305152,0.317643,1.899242,0.601704,0.261796,0.924430,0.280688,1.978698,0.588023,1.479010,0.201369,0.315401,0.164858,0.805116,1.823222,0.118353,0.423331,0.195060,0.292498,0.164818,0.933910,1.029802,1.867253,0.205430,0.253641,1.954725,0.316565,1.929544,1.984175,0.315080,0.066744,0.122594,0.115107,0.861465,1.487431,0.705467,1.958412,0.264009,0.214113,0.185366,0.164818,0.140703,0.193558,0.466816,0.134462,0.198662
0.557765,1.206344,1.783154,1.946996,1.959100,1.943418,1.940515,1.406149,1.620551,0.687370,1.932569,1.578474,1.783452,1.092637,1.940133,1.828040,1.458670,0.526643,1.955156,1.927954,1.929870,1.950766,1.938505,1.901548,1.950659,0.000000,1.867944,1.854116,0.478789,1.911587,1.497234,1.940133,1.935244,0.865374,1.925482,1.773649,1.587072,0.611914,1.956497,1.960489,1.839504,1.267764,1.962451,1.932956,1.937960,1.633073,1.844912,1.867815,1.920556,0.781517,1.141922,1.911587,1.844912,0.445011,1.944046,1.962250,0.543854,1.800703,1.948510,1.610863,1.926510,0.497063,1.792056,1.157232,1.930128,1.919462,1.961239,1.698669,0.705181,1.945273,1.867944,1.931059,1.936643,1.924196,1.617700,1.558328,0.571416,1.932484,1.949691,0.547373,1.943614,0.371002,0.510901,1.927559,1.951279,1.952423,1.934557,1.664533,1.319799,1.749325,0.456818,1.943367,1.915209,1.921465,1.924196,1.960105,1.937872,1.871955,1.941414,1.924062
1.748672,1.229280,0.271558,0.418042,0.591743,0.415968,0.381918,0.950423,0.690694,1.899790,0.442103,1.201154,0.591936,1.693628,0.366942,0.271750,1.282292,1.921601,0.539720,0.340194,0.334632,0.554044,0.396149,0.981146,0.423331,1.867944,0.000000,0.303765,1.889755,0.174573,1.586875,0.366942,0.382347,1.858361,0.334718,0.499809,0.653328,1.701926,0.513272,0.557503,0.104678,1.168519,0.580730,0.332462,0.336521,0.619319,0.094216,0.169603,0.377416,1.679945,1.377152,0.174573,0.094216,1.833585,0.551277,0.633647,1.784866,0.333253,0.531934,0.656510,0.389850,1.946839,0.324066,1.291498,0.343382,0.380436,0.531592,0.434703,1.739567,0.411261,0.000000,0.386675,0.487436,0.316370,0.587162,0.770078,1.777514,0.325549,0.499535,1.936198,0.526540,1.831243,1.956340,0.533383,0.455904,0.455964,0.366072,0.704070,1.442141,0.326117,1.908212,0.536896,0.298347,0.304237,0.316370,0.502077,0.408967,0.261704,0.394917,0.332950
1.709512,1.206865,0.391553,0.459184,0.578703,0.451210,0.451093,0.886735,0.616687,1.839321,0.535440,1.189585,0.676643,1.610357,0.412582,0.126351,1.291035,1.894948,0.571981,0.399976,0.401593,0.554976,0.458894,0.950531,0.466160,1.854116,0.303765,0.000000,1.865355,0.353325,1.566724,0.412582,0.455451,1.776816,0.394566,0.539951,0.678904,1.672719,0.568071,0.600316,0.343301,1.182144,0.628487,0.421833,0.461056,0.569198,0.289873,0.286906,0.509996,1.622563,1.403516,0.353325,0.289873,1.818898,0.614120,0.656529,1.752135,0.438207,0.585269,0.680731,0.505626,1.917113,0.393758,1.217475,0.405734,0.514010,0.559647,0.541911,1.674638,0.483875,0.303765,0.444742,0.558479,0.401948,0.609155,0.660139,1.783278,0.410554,0.555068,1.893830,0.615509,1.821646,1.930544,0.568860,0.480678,0.515196,0.413021,0.744001,1.392463,0.405581,1.875112,0.599414,0.394671,0.405996,0.401948,0.537127,0.465279,0.341655,0.470586,0.431551
0.624802,1.184566,1.819714,1.941215,1.952859,1.939178,1.936105,1.426764,1.648615,0.732318,1.941479,1.544563,1.844418,1.142201,1.940988,1.842029,1.433675,0.400467,1.940089,1.933275,1.936269,1.957312,1.943451,1.914034,1.954965,0.478789,1.889755,1.865355,0.000000,1.924021,1.525964,1.940988,1.950736,0.879614,1.930624,1.810521,1.616811,0.720646,1.953059,1.952736,1.867624,1.389044,1.953343,1.942463,1.943915,1.669594,1.868190,1.891564,1.930033,0.822216,1.260194,1.924021,1.868190,0.390265,1.943481,1.949174,0.609553,1.814839,1.934994,1.677080,1.931186,0.489888,1.815784,1.237782,1.939592,1.927292,1.955786,1.738904,0.770070,1.951647,1.889755,1.941302,1.937042,1.931452,1.654413,1.589772,0.630594,1.930878,1.940921,0.573062,1.949611,0.500698,0.464898,1.944194,1.953922,1.957978,1.939237,1.716255,1.426783,1.784345,0.501391,1.960986,1.924288,1.931028,1.931452,1.954805,1.948662,1.889176,1.949038,1.932119
1.813523,1.320597,0.414996,0.286547,0.463254,0.287334,0.253894,1.063382,0.786905,1.913311,0.340624,1.166879,0.628467,1.700925,0.247126,0.368968,1.270490,1.950503,0.401208,0.230562,0.213358,0.429835,0.264790,0.868963,0.284728,1.911587,0.174573,0.353325,1.924021,0.000000,1.539384,0.247126,0.262485,1.865784,0.230265,0.555532,0.782429,1.767214,0.376617,0.416913,0.259394,1.260279,0.454116,0.202104,0.178664,0.742224,0.250315,0.215636,0.291367,1.737981,1.447745,0.000000,0.250315,1.878268,0.432847,0.492090,1.843106,0.419120,0.402629,0.772129,0.270794,1.969082,0.416561,1.377668,0.232195,0.299652,0.388159,0.582462,1.783772,0.268563,0.174573,0.270783,0.372097,0.204866,0.725583,0.885952,1.819641,0.205666,0.364497,1.954749,0.422302,1.880994,1.976135,0.427575,0.318401,0.310132,0.244141,0.763942,1.474553,0.475071,1.941232,0.414126,0.200189,0.194570,0.204866,0.359704,0.293299,0.294201,0.257407,0.217622
1.572491,1.861588,1.625833,1.467468,1.300134,1.474557,1.494446,1.826065,1.761210,1.190627,1.526197,1.581723,1.373722,1.040944,1.454899,1.618027,1.668756,1.436678,1.462212,1.536836,1.512235,1.376165,1.484197,1.044072,1.446441,1.497234,1.586875,1.566724,1.525964,1.539384,0.000000,1.454899,1.436594,1.016309,1.545012,1.646010,1.812906,1.591820,1.397505,1.371804,1.608204,1.730925,1.314866,1.509283,1.494573,1.702530,1.623771,1.560245,1.527417,1.441659,1.536604,1.539384,1.623771,1.663555,1.482938,1.398017,1.470505,1.715583,1.501343,1.695667,1.513939,1.343624,1.651119,1.709544,1.481420,1.533398,1.402426,1.728202,1.441479,1.461577,1.586875,1.480395,1.519981,1.536476,1.750102,1.699203,1.669244,1.531187,1.464562,1.298632,1.451133,1.495112,1.328252,1.379023,1.441489,1.426600,1.513771,1.722325,1.201497,1.678579,1.420355,1.351169,1.559641,1.541891,1.536476,1.412578,1.441963,1.533507,1.472151,1.538053
1.847620,1.401098,0.580756,0.138093,0.263733,0.162887,0.158374,1.158710,0.869535,1.893129,0.368340,1.135181,0.702071,1.658881,0.000000,0.472841,1.265642,1.954405,0.309520,0.247094,0.209085,0.327314,0.231816,0.728145,0.223263,1.940133,0.366942,0.412582,1.940988,0.247126,1.454899,0.000000,0.256046,1.834802,0.252574,0.656093,0.921906,1.797621,0.239214,0.257071,0.447501,1.352796,0.306464,0.215046,0.212349,0.847473,0.425851,0.365353,0.317449,1.757665,1.485684,0.247126,0.425851,1.910923,0.399157,0.378975,1.875963,0.557593,0.359486,0.911136,0.284712,1.974818,0.534920,1.463910,0.230127,0.319881,0.303876,0.750267,1.798243,0.232883,0.366942,0.251215,0.372607,0.234631,0.868988,0.969768,1.857925,0.185663,0.300140,1.948200,0.377358,1.908469,1.978640,0.309486,0.248913,0.248530,0.232940,0.848273,1.468010,0.636433,1.955041,0.368068,0.251572,0.238707,0.234631,0.274696,0.257646,0.358455,0.230716,0.240794
1.870119,1.434326,0.586987,0.275314,0.368676,0.289565,0.263927,1.187840,0.883857,1.898827,0.355969,1.175674,0.664580,1.672420,0.256046,0.503532,1.303809,1.965274,0.328920,0.248235,0.192053,0.291024,0.173576,0.722422,0.188437,1.935244,0.382347,0.455451,1.950736,0.262485,1.436594,0.256046,0.000000,1.833451,0.260661,0.617317,0.935791,1.829458,0.331966,0.350503,0.458850,1.335357,0.351781,0.190386,0.228747,0.888139,0.441134,0.378597,0.342636,1.766392,1.519309,0.262485,0.441134,1.923722,0.365647,0.404560,1.879205,0.580627,0.343976,0.855067,0.320882,1.973902,0.559878,1.450667,0.212776,0.338717,0.247776,0.750468,1.804306,0.151505,0.382347,0.219655,0.344697,0.234427,0.879865,0.997124,1.863638,0.249906,0.331428,1.950632,0.355200,1.916666,1.979318,0.381031,0.201928,0.161452,0.225032,0.852114,1.456522,0.650693,1.955310,0.193554,0.256875,0.231945,0.234427,0.232443,0.209783,0.423086,0.142613,0.231818
0.942251,1.531516,1.805402,1.851743,1.762113,1.853310,1.864570,1.588530,1.710087,0.499568,1.886681,1.595202,1.697279,0.676951,1.834802,1.795446,1.597406,0.821398,1.849436,1.868671,1.870475,1.799625,1.868120,1.600734,1.840438,0.865374,1.858361,1.776816,0.879614,1.865784,1.016309,1.834802,1.833451,0.000000,1.870727,1.789965,1.755746,1.031104,1.838842,1.827408,1.849398,1.510024,1.805372,1.871122,1.875742,1.687525,1.857394,1.831565,1.891794,0.794098,1.374652,1.865784,1.857394,1.042066,1.871981,1.831889,0.785237,1.861856,1.878098,1.717549,1.882073,0.670072,1.816549,1.316386,1.845145,1.896127,1.828204,1.809644,0.812256,1.861212,1.858361,1.850151,1.881475,1.874304,1.734707,1.594575,1.168875,1.873218,1.862134,0.617904,1.870027,0.923240,0.670209,1.799556,1.833519,1.847576,1.861421,1.764623,1.070986,1.802938,0.725405,1.812585,1.885019,1.880678,1.874304,1.832742,1.834451,1.812518,1.864881,1.888596
1.840181,1.353382,0.565606,0.227257,0.443318,0.236078,0.201423,1.096800,0.781804,1.915413,0.286432,1.090749,0.777122,1.706529,0.252574,0.425514,1.202852,1.956653,0.281137,0.019492,0.158788,0.349100,0.192882,0.818852,0.177361,1.925482,0.334718,0.394566,1.930624,0.230265,1.545012,0.252574,0.260661,1.870727,0.000000,0.558530,0.851614,1.790555,0.353867,0.382895,0.420079,1.270411,0.433241,0.127303,0.213071,0.815744,0.370907,0.356016,0.280453,1.759579,1.489945,0.230265,0.370907,1.880669,0.327519,0.391852,1.870007,0.462483,0.281509,0.833511,0.264761,1.976514,0.480338,1.413084,0.195393,0.261732,0.287662,0.693458,1.805604,0.200777,0.334718,0.202728,0.286091,0.097940,0.830020,0.936057,1.823288,0.151509,0.304242,1.958264,0.337752,1.899874,1.985273,0.359934,0.195856,0.244039,0.071473,0.744681,1.496613,0.604995,1.945063,0.379426,0.118470,0.115847,0.097940,0.262398,0.237262,0.409900,0.193108,0.148868
1.658817,1.191146,0.487737,0.694786,0.846234,0.697857,0.661307,0.832672,0.500031,1.843015,0.689643,1.207539,0.737996,1.658697,0.656093,0.493805,1.257815,1.860476,0.751456,0.563880,0.621358,0.737948,0.653109,1.145147,0.655281,1.773649,0.499809,0.539951,1.810521,0.555532,1.646010,0.656093,0.617317,1.789965,0.558530,0.000000,0.600298,1.606598,0.798040,0.836292,0.482522,0.940130,0.830197,0.602437,0.646960,0.592316,0.475601,0.514230,0.646488,1.546267,1.274874,0.555532,0.475601,1.741899,0.745255,0.849209,1.661450,0.428183,0.744081,0.467970,0.645775,1.877517,0.451289,1.140594,0.586428,0.612563,0.737190,0.509343,1.684191,0.662239,0.499809,0.607229,0.702510,0.580070,0.591027,0.655976,1.705632,0.612409,0.771368,1.877366,0.712207,1.748087,1.900284,0.716583,0.664086,0.695127,0.594066,0.520115,1.297350,0.495596,1.814216,0.722361,0.573579,0.578331,0.580070,0.719933,0.619029,0.547780,0.649579,0.614240
1.409305,0.763878,0.514852,0.960307,1.124310,0.955017,0.924117,0.402575,0.409358,1.741558,0.947133,1.221368,0.894341,1.610863,0.921906,0.577905,1.209237,1.690074,1.044368,0.861997,0.886751,1.073962,0.941463,1.426842,0.975432,1.587072,0.653328,0.678904,1.616811,0.782429,1.812906,0.921906,0.935791,1.755746,0.851614,0.600298,0.000000,1.371633,1.062816,1.100927,0.592427,0.813055,1.128503,0.890820,0.912719,0.401131,0.583649,0.702823,0.892646,1.370076,1.165161,0.782429,0.583649,1.505024,1.035713,1.141255,1.474773,0.456946,1.024608,0.488631,0.918173,1.742431,0.525411,0.908672,0.894697,0.880413,1.061126,0.292563,1.466960,0.966846,0.653328,0.918573,0.977203,0.855227,0.218022,0.459259,1.475992,0.867862,1.029097,1.749157,1.024724,1.539829,1.761516,1.041289,0.990635,1.011823,0.896661,0.610402,1.393456,0.407702,1.657520,1.072796,0.828301,0.847434,0.855227,1.040118,0.953044,0.717539,0.948751,0.873152
0.350829,0.994357,1.583348,1.819085,1.846411,1.816323,1.808935,1.158458,1.404457,0.922616,1.829019,1.561993,1.638221,1.167080,1.797621,1.642016,1.444637,0.726905,1.853379,1.795500,1.808140,1.848982,1.830901,1.869103,1.839682,0.611914,1.701926,1.672719,0.720646,1.767214,1.591820,1.797621,1.829458,1.031104,1.790555,1.606598,1.371633,0.000000,1.853622,1.864383,1.661472,1.096091,1.860582,1.811134,1.814517,1.349295,1.671671,1.696894,1.806914,0.673136,0.718442,1.767214,1.671671,0.637337,1.860076,1.874063,0.534595,1.616632,1.856506,1.438816,1.798933,0.784412,1.605143,0.906858,1.798069,1.807200,1.874959,1.499787,0.721029,1.843518,1.701926,1.805070,1.840589,1.795399,1.399542,1.293668,0.767576,1.798036,1.856127,0.832645,1.855616,0.604783,0.814294,1.799053,1.843618,1.857552,1.809011,1.491985,1.254736,1.543437,0.680483,1.868151,1.781489,1.791807,1.795399,1.866280,1.815510,1.683275,1.836877,1.801086
1.892052,1.486217,0.733156,0.186488,0.246630,0.164333,0.243575,1.291168,1.022282,1.901323,0.314653,1.126241,0.796210,1.685290,0.239214,0.630405,1.263271,1.962179,0.265577,0.345677,0.281952,0.315111,0.260729,0.647630,0.267504,1.956497,0.513272,0.568071,1.953059,0.376617,1.397505,0.239214,0.331966,1.838842,0.353867,0.798040,1.062816,1.853622,0.000000,0.085925,0.595472,1.447981,0.287966,0.295244,0.267793,1.005966,0.573854,0.516102,0.301434,1.819342,1.562366,0.376617,0.573854,1.930482,0.328302,0.293974,1.921652,0.701300,0.307903,1.043046,0.314891,1.976931,0.693344,1.556969,0.310958,0.346598,0.272341,0.892681,1.834606,0.254248,0.513272,0.306319,0.318008,0.330149,1.016238,1.125858,1.879086,0.293487,0.206301,1.952920,0.353735,1.934773,1.973847,0.314989,0.285036,0.243274,0.316949,0.955991,1.515580,0.790108,1.970892,0.352472,0.347815,0.332575,0.330149,0.260699,0.304171,0.534801,0.265181,0.308021
1.903318,1.511066,0.775110,0.210764,0.206574,0.203673,0.270821,1.320296,1.052149,1.888407,0.362361,1.125752,0.820455,1.668016,0.257071,0.668009,1.269949,1.958295,0.270008,0.373393,0.312585,0.312681,0.283767,0.612435,0.277822,1.960489,0.557503,0.600316,1.952736,0.416913,1.371804,0.257071,0.350503,1.827408,0.382895,0.836292,1.100927,1.864383,0.085925,0.000000,0.640088,1.477379,0.268134,0.323775,0.301362,1.041699,0.619048,0.554400,0.364908,1.825298,1.582360,0.416913,0.619048,1.936286,0.345501,0.279875,1.928801,0.743312,0.318101,1.083105,0.358597,1.972101,0.727935,1.580374,0.342668,0.395149,0.265084,0.936377,1.836521,0.272433,0.557503,0.332060,0.348587,0.359079,1.053663,1.155278,1.882851,0.324609,0.211246,1.943331,0.371424,1.938235,1.968449,0.332288,0.291295,0.251180,0.339605,0.996120,1.524380,0.831291,1.969003,0.353945,0.381550,0.365067,0.359079,0.257962,0.329132,0.568137,0.286895,0.340180
1.711043,1.186016,0.185662,0.505519,0.667471,0.502159,0.468921,0.900453,0.660651,1.887591,0.517047,1.230466,0.563660,1.688015,0.447501,0.288651,1.298856,1.900787,0.623894,0.426417,0.425686,0.632147,0.484466,1.046728,0.511078,1.839504,0.104678,0.343301,1.867624,0.259394,1.608204,0.447501,0.458850,1.849398,0.420079,0.482522,0.592427,1.661472,0.595472,0.640088,0.000000,1.120520,0.653350,0.422022,0.420567,0.563530,0.117255,0.198684,0.453906,1.645360,1.328101,0.259394,0.117255,1.806658,0.629205,0.715652,1.747478,0.324509,0.615090,0.599767,0.463013,1.927039,0.315520,1.241580,0.425332,0.457376,0.618659,0.359285,1.715264,0.498816,0.104678,0.467796,0.564486,0.405169,0.513617,0.720604,1.752812,0.412563,0.585021,1.920492,0.605112,1.800855,1.938609,0.603861,0.543015,0.541884,0.454574,0.681322,1.416682,0.246788,1.883548,0.608394,0.385301,0.392235,0.405169,0.590508,0.487759,0.283494,0.482567,0.421138
1.125489,0.946102,1.055396,1.386471,1.483011,1.381493,1.358409,0.753967,0.840121,1.484317,1.324418,1.367026,1.193525,1.435630,1.352796,1.119535,1.281510,1.431410,1.409909,1.277114,1.327144,1.387814,1.357264,1.604455,1.358099,1.267764,1.168519,1.182144,1.389044,1.260279,1.730925,1.352796,1.335357,1.510024,1.270411,0.940130,0.813055,1.096091,1.447981,1.477379,1.120520,0.000000,1.486169,1.312021,1.341579,0.908312,1.124501,1.184352,1.307484,1.066221,0.951249,1.260279,1.124501,1.247536,1.370400,1.489872,1.127927,1.021976,1.397006,0.819873,1.329841,1.450179,1.067540,0.792828,1.285225,1.294372,1.412246,0.917568,1.272401,1.361710,1.168519,1.296429,1.342364,1.290338,0.873898,0.842936,1.263030,1.318184,1.416545,1.483793,1.365382,1.258255,1.489300,1.341655,1.362000,1.387101,1.304461,0.786665,1.032312,1.006966,1.326231,1.397184,1.276666,1.286078,1.290338,1.402100,1.308416,1.218685,1.353701,1.311734
1.909912,1.543818,0.775641,0.305618,0.249601,0.330102,0.327721,1.348196,1.084543,1.883587,0.481016,1.192978,0.760997,1.658594,0.306464,0.693773,1.335711,1.956873,0.367208,0.424153,0.383024,0.359791,0.347707,0.600269,0.324602,1.962451,0.580730,0.628487,1.953343,0.454116,1.314866,0.306464,0.351781,1.805372,0.433241,0.830197,1.128503,1.860582,0.287966,0.268134,0.653350,1.486169,0.000000,0.384750,0.358099,1.041600,0.643215,0.570877,0.460723,1.818000,1.556008,0.454116,0.643215,1.956704,0.466297,0.336898,1.920443,0.781607,0.427460,1.068529,0.420792,1.961881,0.758538,1.589373,0.401229,0.462647,0.315026,0.947740,1.844449,0.327905,0.580730,0.410837,0.477060,0.419775,1.069795,1.158708,1.906341,0.369670,0.378948,1.940573,0.414379,1.941366,1.962215,0.365704,0.339319,0.300215,0.396455,1.030424,1.483608,0.844905,1.962147,0.336621,0.448044,0.426155,0.419775,0.308523,0.377194,0.536232,0.335771,0.412462
1.859127,1.389266,0.567597,0.193628,0.396042,0.206756,0.166622,1.148699,0.841167,1.919851,0.275238,1.125045,0.728708,1.712650,0.215046,0.459096,1.240188,1.964939,0.274990,0.114546,0.093421,0.320614,0.124441,0.779429,0.131393,1.932956,0.332462,0.421833,1.942463,0.202104,1.509283,0.215046,0.190386,1.871122,0.127303,0.602437,0.890820,1.811134,0.295244,0.323775,0.422022,1.312021,0.384750,0.000000,0.149749,0.855826,0.384805,0.344624,0.261039,1.781339,1.504660,0.202104,0.384805,1.899615,0.319279,0.378500,1.886131,0.511834,0.274665,0.859089,0.227592,1.981660,0.512397,1.445384,0.175537,0.256862,0.256937,0.715436,1.815735,0.117392,0.332462,0.181645,0.278659,0.068184,0.852357,0.977658,1.836710,0.143285,0.263006,1.962708,0.331238,1.908839,1.988748,0.358399,0.170601,0.168603,0.095718,0.801898,1.505898,0.618538,1.956580,0.314979,0.098422,0.066890,0.068184,0.229225,0.209332,0.408519,0.110868,0.087539
