0.000000,1.029619,1.634868,1.866347,1.884366,1.860702,1.860048,1.186096,1.459783,0.812258,1.858144,1.602619,1.684621,1.075889,1.845617,1.676780,1.495128,0.621496,1.894080,1.842978,1.853622,1.883089,1.875040,1.879673,1.881600,0.563725,1.746479,1.707072,0.627323,1.811660,1.567326,1.845617,1.867826,0.926742,1.838578,1.657823,1.408848,0.353603,1.890355,1.901682,1.708478,1.134536,1.908003,1.857623,1.861264,1.422279,1.715944,1.750218,1.843053,0.603393,0.922254,1.811660,1.715944,0.566178,1.888478,1.911964,0.407067,1.661667,1.892422,1.497164,1.852292,0.671773,1.659527,0.956163,1.840822,1.845742,1.906023,1.542621,0.666895,1.884837,1.746479,1.846543,1.872478,1.844753,1.440178,1.339759,0.753886,1.846404,1.890751,0.726102,1.889047,0.535075,0.692334,1.853872,1.882626,1.896113,1.854872,1.534032,1.215890,1.592684,0.576547,1.904155,1.833010,1.842054,1.844753,1.901118,1.857476,1.736463,1.880219,1.851281
1.029619,0.000000,1.122310,1.408838,1.525779,1.402826,1.386310,0.599185,0.881838,1.459822,1.408175,1.214716,1.385102,1.467796,1.395417,1.135571,1.134146,1.310633,1.457121,1.357732,1.371395,1.500277,1.411736,1.719246,1.443615,1.211899,1.223263,1.201348,1.188323,1.315325,1.854255,1.395417,1.429718,1.528134,1.349093,1.188000,0.761666,0.999094,1.480860,1.505737,1.179739,0.949529,1.539495,1.385243,1.398159,0.924649,1.170874,1.264608,1.363400,1.084163,1.110889,1.315325,1.170874,1.048423,1.466362,1.531000,1.149668,1.056478,1.446977,1.023408,1.382504,1.397244,1.093971,0.789174,1.390748,1.363059,1.492912,0.959530,1.068764,1.439432,1.223263,1.395383,1.424170,1.351489,0.855726,0.888686,1.118451,1.354169,1.457147,1.425416,1.468339,1.183246,1.398009,1.468889,1.451236,1.473932,1.381830,1.043763,1.472245,1.038061,1.302340,1.524978,1.328828,1.347521,1.351489,1.478843,1.429831,1.258252,1.425261,1.359703
1.634868,1.122310,0.000000,0.650151,0.783684,0.643356,0.617789,0.813946,0.614997,1.850842,0.666386,1.305380,0.510372,1.665503,0.581745,0.324255,1.355846,1.853681,0.770944,0.575910,0.574036,0.763169,0.629946,1.141450,0.654767,1.781783,0.271020,0.395662,1.819221,0.417591,1.625669,0.581745,0.593137,1.809271,0.569991,0.488100,0.513859,1.580979,0.734029,0.775962,0.183273,1.044767,0.779278,0.572345,0.574346,0.444884,0.250001,0.283127,0.606575,1.568509,1.242549,0.417591,0.250001,1.758757,0.778450,0.852705,1.667735,0.394501,0.762115,0.497758,0.604985,1.880417,0.364208,1.126611,0.568160,0.609962,0.761485,0.280420,1.655305,0.645316,0.271020,0.615770,0.712064,0.555771,0.385729,0.599941,1.712090,0.567221,0.730434,1.878341,0.752554,1.744355,1.896518,0.740944,0.684664,0.683987,0.601911,0.707861,1.366761,0.124875,1.829089,0.733543,0.535861,0.544007,0.555771,0.734413,0.628684,0.359706,0.629705,0.572951
1.866347,1.408838,0.650151,0.000000,0.281647,0.078702,0.088526,1.190864,0.895306,1.905960,0.314899,1.084533,0.788245,1.684708,0.139273,0.517763,1.218443,1.957015,0.233432,0.220567,0.175042,0.307097,0.180237,0.714956,0.194335,1.946810,0.421010,0.459166,1.939991,0.286990,1.464007,0.139273,0.275993,1.857808,0.225847,0.696684,0.961181,1.817398,0.186889,0.210597,0.510748,1.374514,0.306107,0.191715,0.190983,0.897604,0.471865,0.419894,0.279250,1.783919,1.517051,0.286990,0.471865,1.909053,0.334691,0.311417,1.899651,0.585232,0.281894,0.946477,0.235352,1.981413,0.576381,1.484019,0.238462,0.292601,0.258232,0.800371,1.809635,0.194717,0.421010,0.246179,0.312217,0.209504,0.925241,1.018349,1.852525,0.156114,0.232945,1.954932,0.348015,1.918970,1.983917,0.291258,0.215651,0.212538,0.198448,0.871540,1.513528,0.697939,1.964640,0.360590,0.224790,0.216234,0.209504,0.231721,0.258423,0.441827,0.192947,0.199571
1.884366,1.525779,0.783684,0.281647,0.000000,0.298673,0.339046,1.319785,1.046874,1.846907,0.482449,1.164435,0.780028,1.593208,0.265408,0.665894,1.323713,1.941981,0.353299,0.430666,0.385181,0.312778,0.364193,0.536243,0.320004,1.958991,0.594807,0.578188,1.951540,0.463462,1.297852,0.265408,0.367058,1.769685,0.440941,0.847804,1.124946,1.844154,0.249059,0.209079,0.672801,1.470366,0.247950,0.392855,0.379783,1.016540,0.655537,0.561673,0.485661,1.773827,1.555701,0.463462,0.655537,1.950605,0.455003,0.344821,1.897309,0.788429,0.427630,1.081866,0.446877,1.950752,0.746105,1.541738,0.383545,0.498408,0.311121,0.962231,1.791223,0.347583,0.594807,0.386339,0.466302,0.429265,1.062815,1.116730,1.906080,0.392118,0.356422,1.915015,0.453676,1.937785,1.951036,0.343387,0.321106,0.316282,0.395378,1.029485,1.444999,0.845403,1.949142,0.377632,0.458560,0.439468,0.429265,0.303349,0.365558,0.552250,0.358522,0.429080
1.860702,1.402826,0.643356,0.078702,0.298673,0.000000,0.135640,1.183497,0.894777,1.908335,0.293983,1.096158,0.785628,1.693177,0.163457,0.508787,1.225399,1.955468,0.237272,0.230816,0.178824,0.317723,0.181914,0.734322,0.214646,1.943050,0.417845,0.451200,1.938252,0.287376,1.472974,0.163457,0.291514,1.860281,0.234922,0.698615,0.954822,1.814375,0.164495,0.203644,0.506019,1.369206,0.331512,0.205295,0.199706,0.892739,0.467211,0.415574,0.261954,1.787897,1.515782,0.287376,0.467211,1.904704,0.329535,0.317360,1.899271,0.587179,0.273625,0.940121,0.239040,1.980044,0.579256,1.472178,0.240456,0.294559,0.271014,0.794472,1.810903,0.205137,0.417845,0.248292,0.292609,0.222636,0.916184,1.012084,1.851212,0.179487,0.212695,1.955647,0.360163,1.917891,1.981639,0.307737,0.233198,0.223695,0.209505,0.870826,1.515294,0.689006,1.963290,0.370439,0.230292,0.227389,0.222636,0.249486,0.267017,0.453641,0.204276,0.205314
1.860048,1.386310,0.617789,0.088526,0.339046,0.135640,0.000000,1.167640,0.870038,1.914469,0.316269,1.083789,0.774484,1.699165,0.158898,0.497529,1.210540,1.958057,0.248110,0.196855,0.155133,0.331679,0.169821,0.753616,0.199989,1.940427,0.385289,0.451235,1.934828,0.254600,1.489876,0.158898,0.264710,1.869731,0.200758,0.663893,0.925661,1.807587,0.243219,0.269905,0.474660,1.346970,0.328020,0.165674,0.161211,0.871072,0.433871,0.392442,0.263501,1.778447,1.499409,0.254600,0.433871,1.900122,0.348748,0.343825,1.893548,0.542836,0.286938,0.912122,0.195379,1.983418,0.538738,1.471850,0.230192,0.267982,0.279971,0.759991,1.808156,0.187204,0.385289,0.245274,0.317518,0.176838,0.893293,0.999368,1.839760,0.107593,0.258790,1.959165,0.351509,1.911137,1.986788,0.309761,0.227779,0.218938,0.183856,0.842632,1.517992,0.664519,1.963058,0.367759,0.187433,0.179834,0.176838,0.250917,0.257749,0.416453,0.179038,0.166091
1.186096,0.599185,0.813946,1.190864,1.319785,1.183497,1.167640,0.000000,0.464954,1.551728,1.197441,1.212854,1.132789,1.453155,1.159097,0.813252,1.175356,1.511424,1.256640,1.108774,1.141113,1.278096,1.188967,1.558910,1.211895,1.404817,0.949937,0.888252,1.426224,1.064202,1.823859,1.159097,1.190003,1.589604,1.098672,0.832612,0.402529,1.154727,1.291837,1.321072,0.899224,0.745228,1.349626,1.150581,1.175929,0.536451,0.885236,0.971381,1.156555,1.147918,1.100414,1.064202,0.885236,1.301379,1.260569,1.347126,1.267478,0.759875,1.248081,0.668657,1.171622,1.575853,0.780385,0.709076,1.140547,1.144872,1.281139,0.653735,1.265152,1.215107,0.949937,1.159689,1.212905,1.113717,0.505334,0.422581,1.303275,1.122085,1.258279,1.565294,1.263272,1.349073,1.596665,1.241026,1.217217,1.251575,1.137432,0.776727,1.339497,0.715500,1.469890,1.304217,1.091720,1.112614,1.113717,1.266132,1.191024,0.986523,1.200880,1.135791
1.459783,0.881838,0.614997,0.895306,1.046874,0.894777,0.870038,0.464954,0.000000,1.712420,0.922334,1.122447,0.978193,1.547229,0.864747,0.548614,1.143640,1.717794,0.955100,0.788912,0.833883,0.964998,0.882955,1.332157,0.899346,1.622536,0.686056,0.612954,1.649869,0.783159,1.754878,0.864747,0.881744,1.710506,0.779583,0.498599,0.411751,1.405842,1.017959,1.047736,0.656289,0.833365,1.081995,0.839253,0.888751,0.464879,0.626926,0.699821,0.876472,1.357013,1.212346,0.783159,0.626926,1.546797,0.967164,1.066889,1.500303,0.511197,0.948718,0.496382,0.883639,1.767384,0.505775,0.931549,0.826691,0.850324,0.980096,0.531342,1.470643,0.909030,0.686056,0.840081,0.923124,0.798866,0.480126,0.394694,1.519321,0.823058,0.975137,1.747321,0.968059,1.577706,1.787030,0.945250,0.903360,0.947293,0.818482,0.570699,1.352773,0.539503,1.681735,1.001753,0.778814,0.799337,0.798866,0.963758,0.874646,0.738453,0.894131,0.827480
0.812258,1.459822,1.850842,1.905960,1.846907,1.908335,1.914469,1.551728,1.712420,0.000000,1.925271,1.558061,1.795745,0.597349,1.896196,1.846667,1.523899,0.616212,1.901737,1.915813,1.918509,1.872050,1.917584,1.704473,1.902865,0.680991,1.902233,1.840741,0.725440,1.915297,1.195716,1.896196,1.899473,0.497019,1.916242,1.843926,1.741574,0.913350,1.905131,1.892526,1.890058,1.482828,1.885020,1.920475,1.922698,1.719683,1.894742,1.885662,1.931642,0.812970,1.363333,1.915297,1.894742,0.825580,1.907265,1.899428,0.727383,1.876238,1.915459,1.746219,1.927831,0.513758,1.834861,1.322598,1.909003,1.928234,1.891958,1.822836,0.783161,1.914922,1.902233,1.904979,1.919823,1.919858,1.748238,1.631034,0.855074,1.918935,1.911663,0.279575,1.907144,0.653787,0.520130,1.861795,1.895218,1.906963,1.911280,1.777270,1.207722,1.833731,0.533526,1.886745,1.924166,1.924553,1.919858,1.898573,1.902925,1.881316,1.917442,1.928448
1.858144,1.408175,0.666386,0.314899,0.482449,0.293983,0.316269,1.197441,0.922334,1.925271,0.000000,1.118130,0.826495,1.731251,0.368020,0.564035,1.224537,1.958476,0.317932,0.285391,0.273531,0.375405,0.276192,0.804322,0.305200,1.932871,0.445738,0.535346,1.940080,0.341188,1.518706,0.368020,0.355181,1.889853,0.286104,0.693659,0.950253,1.828744,0.312720,0.359926,0.523263,1.314370,0.479975,0.274823,0.285381,0.939422,0.485546,0.473286,0.210737,1.803413,1.535136,0.341188,0.485546,1.885172,0.208920,0.390855,1.898432,0.579870,0.276772,0.931301,0.323829,1.978621,0.613856,1.479432,0.293801,0.261989,0.338191,0.783678,1.822629,0.275987,0.445738,0.289735,0.160965,0.290357,0.929577,1.062337,1.829372,0.283780,0.251609,1.957996,0.297262,1.911279,1.975847,0.411688,0.316819,0.297595,0.284953,0.826161,1.507692,0.709477,1.956721,0.402099,0.289708,0.286158,0.290357,0.330899,0.306786,0.550957,0.277824,0.269336
1.602619,1.214716,1.305380,1.084533,1.164435,1.096158,1.083789,1.212854,1.122447,1.558061,1.118130,0.000000,1.498237,1.435707,1.137578,1.188935,0.283838,1.614644,1.043969,1.094987,1.124640,1.128700,1.122245,1.213552,1.121177,1.576815,1.203647,1.190943,1.541840,1.168657,1.579635,1.137578,1.176853,1.599422,1.091763,1.208978,1.221889,1.558660,1.128918,1.128539,1.233603,1.358569,1.194540,1.125932,1.138704,1.287036,1.195854,1.232011,1.092807,1.501902,1.574373,1.168657,1.195854,1.451266,1.075429,1.113619,1.636744,1.105658,1.069003,1.341835,1.111220,1.653566,1.121087,1.465534,1.137237,1.089926,1.121624,1.270845,1.474281,1.132376,1.203647,1.113641,1.091533,1.102084,1.309202,1.310496,1.427108,1.093864,1.111863,1.607002,1.119757,1.543938,1.645796,1.024821,1.109635,1.144949,1.096973,1.095658,1.641416,1.278408,1.607329,1.201664,1.104798,1.112669,1.102084,1.121084,1.132517,1.255589,1.129670,1.112422
1.684621,1.385102,0.510372,0.788245,0.780028,0.785628,0.774484,1.132789,0.978193,1.795745,0.826495,1.498237,0.000000,1.604340,0.702778,0.680919,1.563650,1.836033,0.898005,0.776341,0.743406,0.808973,0.761447,1.024826,0.761797,1.782320,0.592092,0.679069,1.844268,0.630221,1.375855,0.702778,0.669698,1.700403,0.780146,0.738546,0.894201,1.636961,0.796680,0.820814,0.563364,1.186445,0.764327,0.732210,0.708516,0.784185,0.624861,0.551680,0.789897,1.582372,1.257017,0.630221,0.624861,1.834284,0.896294,0.933803,1.655175,0.779233,0.907559,0.764829,0.752499,1.829807,0.736256,1.248784,0.708316,0.800907,0.830888,0.684153,1.671267,0.749906,0.592092,0.749997,0.861537,0.751383,0.737497,0.881642,1.794173,0.765899,0.849301,1.833831,0.859787,1.764623,1.847831,0.824772,0.790119,0.757069,0.777697,0.988295,1.225178,0.595356,1.804866,0.726769,0.755101,0.741693,0.751383,0.810823,0.724220,0.571190,0.743429,0.759902
1.075889,1.467796,1.665503,1.684708,1.593208,1.693177,1.699165,1.453155,1.547229,0.597349,1.731251,1.435707,1.604340,0.000000,1.662832,1.631667,1.485203,1.039493,1.695712,1.703795,1.708447,1.637778,1.708908,1.464907,1.676195,1.089908,1.697876,1.610831,1.133656,1.702782,1.036359,1.662832,1.670570,0.685802,1.705477,1.661176,1.612427,1.155421,1.690480,1.673668,1.693767,1.421139,1.658447,1.711114,1.713666,1.553079,1.695976,1.679922,1.734723,0.847688,1.383137,1.702782,1.695976,1.209679,1.709304,1.697684,0.994460,1.695458,1.727510,1.602393,1.735352,0.980919,1.622456,1.320086,1.689081,1.727864,1.662396,1.661491,0.906276,1.703321,1.697876,1.683445,1.729925,1.711655,1.601706,1.467485,1.232098,1.705771,1.713154,0.830339,1.696454,1.031890,0.990750,1.614624,1.665231,1.690886,1.696257,1.623290,1.072994,1.657314,0.963474,1.666430,1.725034,1.721121,1.711655,1.669113,1.677449,1.659199,1.706822,1.731512
1.845617,1.395417,0.581745,0.139273,0.265408,0.163457,0.158898,1.159097,0.864747,1.896196,0.368020,1.137578,0.702778,1.662832,0.000000,0.472235,1.267076,1.953541,0.313328,0.246475,0.207716,0.332532,0.230872,0.731775,0.226898,1.939698,0.368508,0.412491,1.940140,0.246959,1.453876,0.000000,0.258659,1.841886,0.251713,0.656475,0.921363,1.795383,0.239890,0.257562,0.451125,1.339879,0.308222,0.213898,0.212813,0.840991,0.426173,0.362249,0.317780,1.754383,1.477276,0.246959,0.426173,1.910006,0.400424,0.380345,1.874347,0.558039,0.359185,0.903170,0.284040,1.974901,0.532683,1.454195,0.230594,0.318984,0.310046,0.748061,1.793364,0.234140,0.368508,0.255559,0.373209,0.233498,0.868657,0.965089,1.856612,0.186393,0.302359,1.948755,0.377052,1.908047,1.979208,0.314395,0.253289,0.250974,0.233255,0.849297,1.464844,0.636904,1.955489,0.370533,0.247790,0.235896,0.233498,0.280862,0.261609,0.358901,0.230030,0.236523
1.676780,1.135571,0.324255,0.517763,0.665894,0.508787,0.497529,0.813252,0.548614,1.846667,0.564035,1.188935,0.680919,1.631667,0.472235,0.000000,1.272156,1.879145,0.629639,0.434626,0.445783,0.628345,0.506326,1.034657,0.524650,1.827671,0.271869,0.127833,1.841218,0.369117,1.614638,0.472235,0.505850,1.799597,0.426872,0.495244,0.578796,1.640149,0.630038,0.667589,0.290929,1.107216,0.694851,0.460542,0.500149,0.497212,0.226182,0.288375,0.524978,1.599679,1.365163,0.369117,0.226182,1.783512,0.656739,0.722692,1.725038,0.363216,0.630015,0.601187,0.534739,1.907952,0.334402,1.166660,0.455724,0.526270,0.624481,0.435611,1.658914,0.533889,0.271869,0.495792,0.594655,0.432365,0.515984,0.603545,1.746240,0.446729,0.608836,1.890445,0.652094,1.791278,1.921880,0.629276,0.542449,0.572901,0.457089,0.691347,1.399581,0.316721,1.858240,0.656114,0.416856,0.432249,0.432365,0.600214,0.520007,0.355421,0.517677,0.460787
1.495128,1.134146,1.355846,1.218443,1.323713,1.225399,1.210540,1.175356,1.143640,1.523899,1.224537,0.283838,1.563650,1.485203,1.267076,1.272156,0.000000,1.522523,1.186431,1.210359,1.244050,1.272947,1.246910,1.379879,1.256802,1.456753,1.283222,1.292803,1.432767,1.272096,1.668961,1.267076,1.306368,1.598833,1.205189,1.258213,1.209028,1.443046,1.264608,1.271296,1.299420,1.279587,1.337931,1.242521,1.254950,1.308910,1.266385,1.318632,1.193787,1.457127,1.500340,1.272096,1.266385,1.301121,1.198536,1.256232,1.546493,1.156008,1.196028,1.354712,1.216227,1.571971,1.194389,1.415552,1.256185,1.190697,1.268574,1.288251,1.430786,1.259017,1.283222,1.236400,1.206384,1.215958,1.315553,1.327030,1.273724,1.214384,1.239563,1.538806,1.238713,1.419640,1.566668,1.167359,1.249760,1.277647,1.219051,1.096249,1.659646,1.318252,1.510269,1.335101,1.209939,1.221699,1.215958,1.264820,1.257978,1.350488,1.254730,1.221327
0.621496,1.310633,1.853681,1.957015,1.941981,1.955468,1.958057,1.511424,1.717794,0.616212,1.958476,1.614644,1.836033,1.039493,1.953541,1.879145,1.522523,0.000000,1.956567,1.956863,1.958504,1.953863,1.962849,1.871499,1.966276,0.532498,1.920980,1.893714,0.401971,1.949609,1.432541,1.953541,1.963244,0.805766,1.955415,1.860501,1.690742,0.730660,1.961440,1.957546,1.900089,1.440612,1.955159,1.963656,1.964099,1.720060,1.904404,1.917430,1.958851,0.841534,1.247562,1.949609,1.904404,0.545859,1.952439,1.957088,0.615206,1.866840,1.953200,1.742623,1.958904,0.400592,1.865706,1.276775,1.959036,1.958457,1.960005,1.792229,0.762489,1.967916,1.920980,1.957664,1.953265,1.957443,1.713395,1.646345,0.744486,1.956200,1.957109,0.453891,1.962180,0.587285,0.333182,1.947095,1.961860,1.968757,1.959147,1.779550,1.350021,1.826024,0.416692,1.965546,1.953474,1.957868,1.957443,1.961615,1.962051,1.912681,1.967412,1.958721
1.894080,1.457121,0.770944,0.233432,0.353299,0.237272,0.248110,1.256640,0.955100,1.901737,0.317932,1.043969,0.898005,1.695712,0.313328,0.629639,1.186431,1.956567,0.000000,0.274147,0.270080,0.254189,0.236366,0.680537,0.229602,1.955044,0.545439,0.572734,1.937709,0.403829,1.453873,0.313328,0.328293,1.853084,0.281696,0.756496,1.047729,1.852133,0.269051,0.272513,0.632096,1.398626,0.367207,0.275088,0.290154,1.003418,0.591210,0.537427,0.339696,1.809851,1.582175,0.403829,0.591210,1.906657,0.267612,0.268003,1.919585,0.669466,0.140829,1.015448,0.322140,1.975983,0.673821,1.526039,0.297658,0.344503,0.220035,0.903188,1.827724,0.232272,0.545439,0.272454,0.257324,0.292931,1.029379,1.104019,1.854735,0.269554,0.222112,1.949249,0.332101,1.933512,1.974663,0.322331,0.216836,0.227527,0.245545,0.898979,1.531594,0.813211,1.963074,0.343884,0.311443,0.304004,0.292931,0.222130,0.279801,0.594747,0.242094,0.281392
1.842978,1.357732,0.575910,0.220567,0.430666,0.230816,0.196855,1.108774,0.788912,1.915813,0.285391,1.094987,0.776341,1.703795,0.246475,0.434626,1.210359,1.956863,0.274147,0.000000,0.151507,0.336683,0.182353,0.806917,0.160098,1.928122,0.344097,0.400070,1.931991,0.231195,1.530411,0.246475,0.248372,1.872493,0.019446,0.568001,0.864806,1.794757,0.344336,0.371511,0.432960,1.265872,0.423614,0.114379,0.206835,0.821788,0.381945,0.358281,0.283300,1.757418,1.488414,0.231195,0.381945,1.885301,0.322529,0.384258,1.871098,0.476805,0.275130,0.834754,0.262857,1.978281,0.486491,1.409385,0.189352,0.265390,0.274041,0.703812,1.801747,0.186567,0.344097,0.196657,0.282974,0.089790,0.841066,0.941756,1.827766,0.151551,0.295766,1.958109,0.333892,1.903008,1.985629,0.356272,0.180401,0.228356,0.054440,0.754003,1.489393,0.616743,1.948656,0.363579,0.117022,0.109674,0.089790,0.248692,0.227893,0.415845,0.180492,0.143207
1.853622,1.371395,0.574036,0.175042,0.385181,0.178824,0.155133,1.141113,0.833883,1.918509,0.273531,1.124640,0.743406,1.708447,0.207716,0.445783,1.244050,1.958504,0.270080,0.151507,0.000000,0.319702,0.082983,0.782623,0.171264,1.930219,0.339110,0.401620,1.934904,0.214085,1.504772,0.207716,0.191329,1.873516,0.158613,0.625891,0.890255,1.807841,0.279256,0.309130,0.432914,1.317373,0.381807,0.093281,0.160896,0.848638,0.385235,0.344702,0.256987,1.776142,1.504086,0.214085,0.385235,1.896028,0.314943,0.370583,1.886772,0.516842,0.265040,0.853779,0.238048,1.983548,0.509770,1.436285,0.178466,0.260948,0.260060,0.719470,1.799480,0.123346,0.339110,0.189429,0.266803,0.115125,0.851462,0.968929,1.835720,0.128592,0.238322,1.960205,0.337702,1.908045,1.986563,0.364548,0.198430,0.174218,0.134481,0.819066,1.511268,0.619789,1.961507,0.313443,0.112997,0.107167,0.115125,0.235208,0.220700,0.411211,0.103253,0.075881
1.883089,1.500277,0.763169,0.307097,0.312778,0.317723,0.331679,1.278096,0.964998,1.872050,0.375405,1.128700,0.808973,1.637778,0.332532,0.628345,1.272947,1.953863,0.254189,0.336683,0.319702,0.000000,0.283098,0.615661,0.246620,1.950442,0.560182,0.555608,1.954769,0.432365,1.369442,0.332532,0.289342,1.805304,0.347933,0.742468,1.076518,1.846608,0.320834,0.318178,0.641007,1.373256,0.359777,0.318701,0.343975,0.999727,0.610583,0.532397,0.418920,1.774230,1.552901,0.432365,0.610583,1.933479,0.314851,0.352410,1.892309,0.716209,0.300989,0.985340,0.398450,1.966864,0.700556,1.494303,0.268684,0.424920,0.238037,0.918526,1.797946,0.259600,0.560182,0.228173,0.329859,0.354927,1.036479,1.088651,1.882049,0.350169,0.311120,1.929069,0.356667,1.934543,1.963658,0.328183,0.226607,0.230972,0.301813,0.921295,1.435045,0.819180,1.952788,0.259383,0.381454,0.364181,0.354927,0.246753,0.195189,0.596596,0.271869,0.353223
1.875040,1.411736,0.629946,0.180237,0.364193,0.181914,0.169821,1.188967,0.882955,1.917584,0.276192,1.122245,0.761447,1.708908,0.230872,0.506326,1.246910,1.962849,0.236366,0.182353,0.082983,0.283098,0.000000,0.746467,0.152539,1.938816,0.400063,0.458882,1.942082,0.265465,1.477049,0.230872,0.173004,1.871273,0.192695,0.657351,0.944595,1.830670,0.258054,0.280168,0.490955,1.347750,0.346572,0.124285,0.170103,0.904267,0.448378,0.400115,0.271804,1.795866,1.528512,0.265465,0.448378,1.908905,0.289191,0.332649,1.903378,0.573853,0.233815,0.892009,0.242910,1.984783,0.566388,1.465949,0.196127,0.278455,0.211563,0.775527,1.815200,0.075841,0.400063,0.192015,0.253267,0.161983,0.906578,1.018305,1.846933,0.168700,0.217579,1.960016,0.319372,1.919608,1.986819,0.351236,0.169965,0.118964,0.150824,0.858640,1.519974,0.678732,1.966613,0.259889,0.171930,0.160429,0.161983,0.193679,0.211386,0.466375,0.056915,0.122707
1.879673,1.719246,1.141450,0.714956,0.536243,0.734322,0.753616,1.558910,1.332157,1.704473,0.804322,1.213552,1.024826,1.464907,0.731775,1.034657,1.379879,1.871499,0.680537,0.806917,0.782623,0.615661,0.746467,0.000000,0.692361,1.901212,0.985914,0.950962,1.911593,0.870646,1.040239,0.731775,0.720350,1.608888,0.817235,1.148019,1.428692,1.866174,0.652220,0.617319,1.053685,1.591435,0.599231,0.777117,0.773139,1.317636,1.035917,0.940608,0.840781,1.750146,1.654108,0.870646,1.035917,1.936172,0.726118,0.624270,1.856152,1.133814,0.739731,1.351315,0.811652,1.840813,1.094802,1.670355,0.767767,0.844027,0.638462,1.291735,1.765022,0.715936,0.985914,0.752860,0.777167,0.812607,1.381598,1.381938,1.885394,0.798994,0.718381,1.789634,0.736152,1.898303,1.844845,0.641845,0.680460,0.672501,0.773940,1.261992,1.364523,1.201594,1.864520,0.640462,0.844504,0.822636,0.812607,0.652237,0.723226,0.936679,0.728906,0.813385
1.881600,1.443615,0.654767,0.194335,0.320004,0.214646,0.199989,1.211895,0.899346,1.902865,0.305200,1.121177,0.761797,1.676195,0.226898,0.524650,1.256802,1.966276,0.229602,0.160098,0.171264,0.246620,0.152539,0.692361,0.000000,1.950571,0.429136,0.466792,1.953005,0.287239,1.439680,0.226898,0.187951,1.844903,0.177098,0.659919,0.978294,1.838304,0.269930,0.279447,0.519489,1.345794,0.324531,0.130365,0.203295,0.916328,0.482449,0.420180,0.324026,1.781546,1.534848,0.287239,0.482449,1.924958,0.303560,0.319695,1.896900,0.604986,0.258444,0.919097,0.282509,1.979039,0.585612,1.468271,0.200986,0.318874,0.165139,0.806788,1.816111,0.118365,0.429136,0.194432,0.290421,0.164543,0.936944,1.027185,1.867811,0.205821,0.253452,1.954051,0.318394,1.929654,1.984108,0.314720,0.067002,0.122728,0.114984,0.861467,1.479737,0.710029,1.959641,0.262991,0.212834,0.184348,0.164543,0.140992,0.193348,0.470326,0.132392,0.196768
0.563725,1.211899,1.781783,1.946810,1.958991,1.943050,1.940427,1.404817,1.622536,0.680991,1.932871,1.576815,1.782320,1.089908,1.939698,1.827671,1.456753,0.532498,1.955044,1.928122,1.930219,1.950442,1.938816,1.901212,1.950571,0.000000,1.866772,1.853959,0.484349,1.911292,1.499888,1.939698,1.935263,0.852603,1.925672,1.772561,1.586180,0.614850,1.956144,1.960210,1.837420,1.279398,1.962411,1.933210,1.938026,1.635811,1.844077,1.868389,1.920090,0.791281,1.151026,1.911292,1.844077,0.446027,1.944289,1.961963,0.549801,1.799827,1.949071,1.614542,1.926427,0.497695,1.793061,1.169530,1.930245,1.919221,1.960880,1.698649,0.720021,1.945312,1.866772,1.931122,1.937025,1.924397,1.616715,1.560518,0.573016,1.932475,1.949524,0.547203,1.943566,0.370928,0.509487,1.927455,1.951173,1.952330,1.934663,1.664057,1.326046,1.748078,0.454087,1.943167,1.915683,1.921838,1.924397,1.959795,1.937744,1.871225,1.941732,1.924603
1.746479,1.223263,0.271020,0.421010,0.594807,0.417845,0.385289,0.949937,0.686056,1.902233,0.445738,1.203647,0.592092,1.697876,0.368508,0.271869,1.283222,1.920980,0.545439,0.344097,0.339110,0.560182,0.400063,0.985914,0.429136,1.866772,0.000000,0.306400,1.888965,0.177583,1.586690,0.368508,0.388684,1.864454,0.338484,0.499494,0.651437,1.699169,0.514872,0.559147,0.107285,1.154701,0.584380,0.336581,0.341114,0.612310,0.093278,0.171470,0.378782,1.677496,1.369076,0.177583,0.093278,1.831750,0.556115,0.635896,1.783121,0.333303,0.536273,0.647097,0.391880,1.946840,0.326174,1.282500,0.348246,0.381369,0.538589,0.430465,1.735944,0.415738,0.000000,0.395190,0.492473,0.320199,0.585455,0.765111,1.775015,0.330083,0.503338,1.936430,0.528295,1.829932,1.956259,0.540179,0.462353,0.460478,0.370437,0.705987,1.441074,0.325005,1.908405,0.540779,0.300367,0.307121,0.320199,0.509090,0.415590,0.262567,0.399146,0.334833
1.707072,1.201348,0.395662,0.459166,0.578188,0.451200,0.451235,0.888252,0.612954,1.840741,0.535346,1.190943,0.679069,1.610831,0.412491,0.127833,1.292803,1.893714,0.572734,0.400070,0.401620,0.555608,0.458882,0.950962,0.466792,1.853959,0.306400,0.000000,1.864082,0.353589,1.561912,0.412491,0.456160,1.781237,0.394616,0.542674,0.680919,1.670653,0.568145,0.600269,0.348911,1.168963,0.628716,0.421854,0.461254,0.563429,0.292158,0.285825,0.510881,1.618385,1.396142,0.353589,0.292158,1.818744,0.614269,0.657008,1.750076,0.439924,0.584959,0.673798,0.505890,1.917650,0.392564,1.206583,0.406034,0.514727,0.560746,0.542344,1.669041,0.484157,0.306400,0.446302,0.558598,0.401964,0.611442,0.656107,1.783225,0.410771,0.555083,1.893627,0.615862,1.821607,1.930646,0.570012,0.481673,0.515474,0.413266,0.744182,1.387859,0.409350,1.876122,0.599293,0.394070,0.405666,0.401964,0.538201,0.466104,0.342974,0.470606,0.430859
0.627323,1.188323,1.819221,1.939991,1.951540,1.938252,1.934828,1.426224,1.649869,0.725440,1.940080,1.541840,1.844268,1.133656,1.940140,1.841218,1.432767,0.401971,1.937709,1.931991,1.934904,1.954769,1.942082,1.911593,1.953005,0.484349,1.888965,1.864082,0.000000,1.923061,1.522020,1.940140,1.948790,0.866231,1.929376,1.810262,1.617120,0.723797,1.952379,1.952091,1.866706,1.397653,1.951743,1.941188,1.942503,1.671500,1.867488,1.890821,1.929319,0.825076,1.266997,1.923061,1.867488,0.400640,1.941356,1.948374,0.611974,1.813984,1.933073,1.680093,1.930281,0.492513,1.814760,1.244573,1.938097,1.926724,1.953007,1.739490,0.775671,1.950099,1.888965,1.938818,1.935068,1.930234,1.654502,1.591395,0.641880,1.929436,1.939305,0.572509,1.948863,0.506983,0.466475,1.941454,1.951657,1.956317,1.937796,1.714347,1.425936,1.783962,0.501990,1.959392,1.923470,1.930043,1.930234,1.952150,1.946507,1.888345,1.947603,1.931318
1.811660,1.315325,0.417591,0.286990,0.463462,0.287376,0.254600,1.064202,0.783159,1.915297,0.341188,1.168657,0.630221,1.702782,0.246959,0.369117,1.272096,1.949609,0.403829,0.231195,0.214085,0.432365,0.265465,0.870646,0.287239,1.911292,0.177583,0.353589,1.923061,0.000000,1.536121,0.246959,0.265217,1.871228,0.230739,0.557188,0.783083,1.765553,0.376442,0.416600,0.265253,1.247659,0.455221,0.202762,0.180161,0.736776,0.251787,0.213436,0.292124,1.734374,1.440295,0.000000,0.251787,1.877732,0.434472,0.492668,1.841508,0.420230,0.403547,0.764831,0.270986,1.969677,0.415205,1.368182,0.233565,0.299994,0.391746,0.581473,1.778902,0.270042,0.177583,0.275336,0.373642,0.205284,0.726437,0.882216,1.818866,0.206901,0.365351,1.954838,0.422659,1.880690,1.976339,0.430795,0.321538,0.311662,0.245293,0.764499,1.470443,0.477054,1.942442,0.414849,0.198636,0.193865,0.205284,0.363296,0.296247,0.295260,0.258322,0.216026
1.567326,1.854255,1.625669,1.464007,1.297852,1.472974,1.489876,1.823859,1.754878,1.195716,1.518706,1.579635,1.375855,1.036359,1.453876,1.614638,1.668961,1.432541,1.453873,1.530411,1.504772,1.369442,1.477049,1.040239,1.439680,1.499888,1.586690,1.561912,1.522020,1.536121,0.000000,1.453876,1.429312,1.025059,1.538549,1.645250,1.810991,1.588838,1.397603,1.372247,1.610145,1.719636,1.310181,1.502559,1.488518,1.695958,1.622054,1.553699,1.525589,1.432629,1.527431,1.536121,1.622054,1.666196,1.473330,1.397542,1.465880,1.712987,1.490580,1.689093,1.510040,1.343454,1.642140,1.695491,1.474930,1.530778,1.394536,1.725459,1.429315,1.455401,1.586690,1.470588,1.510028,1.530096,1.748629,1.693821,1.674852,1.525347,1.460043,1.300922,1.447899,1.499582,1.333328,1.369990,1.433641,1.421133,1.507299,1.716328,1.189443,1.677725,1.419307,1.347335,1.553066,1.535357,1.530096,1.404798,1.434796,1.532116,1.464780,1.531333
1.845617,1.395417,0.581745,0.139273,0.265408,0.163457,0.158898,1.159097,0.864747,1.896196,0.368020,1.137578,0.702778,1.662832,0.000000,0.472235,1.267076,1.953541,0.313328,0.246475,0.207716,0.332532,0.230872,0.731775,0.226898,1.939698,0.368508,0.412491,1.940140,0.246959,1.453876,0.000000,0.258659,1.841886,0.251713,0.656475,0.921363,1.795383,0.239890,0.257562,0.451125,1.339879,0.308222,0.213898,0.212813,0.840991,0.426173,0.362249,0.317780,1.754383,1.477276,0.246959,0.426173,1.910006,0.400424,0.380345,1.874347,0.558039,0.359185,0.903170,0.284040,1.974901,0.532683,1.454195,0.230594,0.318984,0.310046,0.748061,1.793364,0.234140,0.368508,0.255559,0.373209,0.233498,0.868657,0.965089,1.856612,0.186393,0.302359,1.948755,0.377052,1.908047,1.979208,0.314395,0.253289,0.250974,0.233255,0.849297,1.464844,0.636904,1.955489,0.370533,0.247790,0.235896,0.233498,0.280862,0.261609,0.358901,0.230030,0.236523
1.867826,1.429718,0.593137,0.275993,0.367058,0.291514,0.264710,1.190003,0.881744,1.899473,0.355181,1.176853,0.669698,1.670570,0.258659,0.505850,1.306368,1.963244,0.328293,0.248372,0.191329,0.289342,0.173004,0.720350,0.187951,1.935263,0.388684,0.456160,1.948790,0.265217,1.429312,0.258659,0.000000,1.837222,0.260766,0.622712,0.939265,1.828373,0.333275,0.351088,0.468082,1.323619,0.351465,0.190301,0.228936,0.884829,0.445892,0.377990,0.346361,1.760697,1.512295,0.265217,0.445892,1.924072,0.364356,0.405730,1.876910,0.584196,0.341702,0.850282,0.322632,1.974478,0.557851,1.440240,0.212728,0.342280,0.246998,0.752936,1.797221,0.151680,0.388684,0.219335,0.343160,0.234637,0.883573,0.994979,1.864355,0.250213,0.330671,1.949788,0.356988,1.916857,1.979125,0.380360,0.201569,0.161058,0.225092,0.851947,1.448678,0.656072,1.956928,0.190684,0.256649,0.231893,0.234637,0.231708,0.209233,0.426950,0.141814,0.231239
0.926742,1.528134,1.809271,1.857808,1.769685,1.860281,1.869731,1.589604,1.710506,0.497019,1.889853,1.599422,1.700403,0.685802,1.841886,1.799597,1.598833,0.805766,1.853084,1.872493,1.873516,1.805304,1.871273,1.608888,1.844903,0.852603,1.864454,1.781237,0.866231,1.871228,1.025059,1.841886,1.837222,0.000000,1.874483,1.793247,1.757085,1.014623,1.847017,1.836056,1.855644,1.503026,1.810183,1.874593,1.879952,1.687325,1.862325,1.834359,1.897589,0.786317,1.366318,1.871228,1.862325,1.032182,1.874180,1.839615,0.766880,1.866425,1.879272,1.716728,1.886871,0.639255,1.818591,1.308323,1.849010,1.900948,1.832899,1.811416,0.798560,1.865435,1.864454,1.852659,1.883431,1.878032,1.736411,1.594203,1.164336,1.877803,1.868413,0.607490,1.874769,0.914696,0.660697,1.802524,1.837386,1.852658,1.865402,1.768859,1.074584,1.806260,0.689716,1.819441,1.888064,1.883939,1.878032,1.837355,1.838822,1.817923,1.867912,1.891460
1.838578,1.349093,0.569991,0.225847,0.440941,0.234922,0.200758,1.098672,0.779583,1.916242,0.286104,1.091763,0.780146,1.705477,0.251713,0.426872,1.205189,1.955415,0.281696,0.019446,0.158613,0.347933,0.192695,0.817235,0.177098,1.925672,0.338484,0.394616,1.929376,0.230739,1.538549,0.251713,0.260766,1.874483,0.000000,0.562638,0.854458,1.789850,0.352346,0.380858,0.426510,1.259241,0.432658,0.127175,0.212777,0.812436,0.374057,0.355272,0.282070,1.755008,1.483807,0.230739,0.374057,1.881032,0.327847,0.390773,1.868487,0.465137,0.281552,0.828852,0.265179,1.977657,0.478923,1.404060,0.195235,0.263733,0.287825,0.695129,1.799976,0.200481,0.338484,0.204938,0.286380,0.097844,0.832886,0.933887,1.823739,0.150959,0.302374,1.957792,0.338225,1.900071,1.985240,0.360844,0.196652,0.243080,0.071351,0.744502,1.490116,0.609035,1.947195,0.377169,0.117730,0.115429,0.097844,0.262584,0.237192,0.411793,0.192999,0.147942
1.657823,1.188000,0.488100,0.696684,0.847804,0.698615,0.663893,0.832612,0.498599,1.843926,0.693659,1.208978,0.738546,1.661176,0.656475,0.495244,1.258213,1.860501,0.756496,0.568001,0.625891,0.742468,0.657351,1.148019,0.659919,1.772561,0.499494,0.542674,1.810262,0.557188,1.645250,0.656475,0.622712,1.793247,0.562638,0.000000,0.599943,1.605133,0.798351,0.836570,0.481715,0.928582,0.833144,0.606620,0.650616,0.590279,0.476126,0.517984,0.647423,1.545031,1.269840,0.557188,0.476126,1.740230,0.750632,0.850033,1.660469,0.428800,0.749634,0.462482,0.647840,1.878228,0.457290,1.135510,0.590896,0.613879,0.742596,0.508766,1.682637,0.666127,0.499494,0.614893,0.708197,0.583983,0.590910,0.654038,1.702852,0.615925,0.773808,1.877097,0.714058,1.746635,1.899573,0.723026,0.669652,0.698590,0.598254,0.522979,1.298710,0.495959,1.815237,0.724689,0.577126,0.582103,0.583983,0.725303,0.624410,0.548413,0.654096,0.617688
1.408848,0.761666,0.513859,0.961181,1.124946,0.954822,0.925661,0.402529,0.411751,1.741574,0.950253,1.221889,0.894201,1.612427,0.921363,0.578796,1.209028,1.690742,1.047729,0.864806,0.890255,1.076518,0.944595,1.428692,0.978294,1.586180,0.651437,0.680919,1.617120,0.783083,1.810991,0.921363,0.939265,1.757085,0.854458,0.599943,0.000000,1.370360,1.062267,1.100381,0.589017,0.806423,1.130340,0.893833,0.915251,0.403350,0.582997,0.706447,0.892686,1.370736,1.163086,0.783083,0.582997,1.503538,1.039642,1.141315,1.474672,0.456374,1.029027,0.488746,0.919404,1.743645,0.532829,0.907837,0.897659,0.881017,1.064344,0.293232,1.467606,0.969381,0.651437,0.923726,0.981597,0.858043,0.217942,0.460290,1.473725,0.870211,1.030410,1.748849,1.025805,1.538491,1.760627,1.045409,0.994117,1.013890,0.899446,0.612793,1.395513,0.406938,1.658891,1.073970,0.831254,0.850368,0.858043,1.043355,0.956278,0.717064,0.952029,0.876075
0.353603,0.999094,1.580979,1.817398,1.844154,1.814375,1.807587,1.154727,1.405842,0.913350,1.828744,1.558660,1.636961,1.155421,1.795383,1.640149,1.443046,0.730660,1.852133,1.794757,1.807841,1.846608,1.830670,1.866174,1.838304,0.614850,1.699169,1.670653,0.723797,1.765553,1.588838,1.795383,1.828373,1.014623,1.789850,1.605133,1.370360,0.000000,1.851710,1.862459,1.657790,1.108619,1.859519,1.810684,1.813578,1.351449,1.669525,1.696592,1.805638,0.676250,0.726653,1.765553,1.669525,0.642430,1.859758,1.872545,0.537759,1.614234,1.856859,1.443130,1.797990,0.790975,1.604742,0.918528,1.797122,1.806568,1.873006,1.499631,0.730123,1.842659,1.699169,1.804015,1.840448,1.794770,1.397910,1.294962,0.772605,1.796780,1.854451,0.830830,1.855269,0.606356,0.813234,1.797533,1.842288,1.856287,1.808135,1.488229,1.255729,1.541285,0.687163,1.866256,1.781514,1.791618,1.794770,1.864414,1.813840,1.680746,1.836676,1.801351
1.890355,1.480860,0.734029,0.186889,0.249059,0.164495,0.243219,1.291837,1.017959,1.905131,0.312720,1.128918,0.796680,1.690480,0.239890,0.630038,1.264608,1.961440,0.269051,0.344336,0.279256,0.320834,0.258054,0.652220,0.269930,1.956144,0.514872,0.568145,1.952379,0.376442,1.397603,0.239890,0.333275,1.847017,0.352346,0.798351,1.062267,1.851710,0.000000,0.086157,0.598853,1.435912,0.289110,0.293027,0.267054,1.000116,0.574234,0.513151,0.300802,1.816553,1.554409,0.376442,0.574234,1.929539,0.328475,0.295287,1.920403,0.701905,0.305541,1.035562,0.313302,1.976799,0.691105,1.547790,0.310340,0.344702,0.279088,0.890530,1.829958,0.254254,0.514872,0.308656,0.317100,0.328283,1.015931,1.121720,1.877701,0.293294,0.208862,1.953860,0.352322,1.934501,1.974717,0.318944,0.288135,0.245104,0.316283,0.957431,1.512711,0.790507,1.971137,0.355393,0.343605,0.329168,0.328283,0.266955,0.307092,0.535550,0.262776,0.302791
1.901682,1.505737,0.775962,0.210597,0.209079,0.203644,0.269905,1.321072,1.047736,1.892526,0.359926,1.128539,0.820814,1.673668,0.257562,0.667589,1.271296,1.957546,0.272513,0.371511,0.309130,0.318178,0.280168,0.617319,0.279447,1.960210,0.559147,0.600269,1.952091,0.416600,1.372247,0.257562,0.351088,1.836056,0.380858,0.836570,1.100381,1.862459,0.086157,0.000000,0.643523,1.465371,0.268519,0.320875,0.299985,1.035787,0.619428,0.551183,0.364330,1.822599,1.574352,0.416600,0.619428,1.935390,0.344648,0.281051,1.927605,0.743952,0.314391,1.075624,0.356786,1.971822,0.725456,1.571148,0.341434,0.393153,0.271426,0.934212,1.831814,0.271586,0.559147,0.333280,0.346686,0.356656,1.053355,1.151091,1.881542,0.323878,0.213269,1.944413,0.369546,1.938069,1.969481,0.335227,0.293538,0.252267,0.338290,0.997718,1.521591,0.831664,1.969041,0.356784,0.376878,0.361145,0.356656,0.263642,0.331316,0.568848,0.283521,0.334412
1.708478,1.179739,0.183273,0.510748,0.672801,0.506019,0.474660,0.899224,0.656289,1.890058,0.523263,1.233603,0.563364,1.693767,0.451125,0.290929,1.299420,1.900089,0.632096,0.432960,0.432914,0.641007,0.490955,1.053685,0.519489,1.837420,0.107285,0.348911,1.866706,0.265253,1.610145,0.451125,0.468082,1.855644,0.426510,0.481715,0.589017,1.657790,0.598853,0.643523,0.000000,1.106412,0.659201,0.428828,0.427858,0.556383,0.119312,0.206104,0.456886,1.643618,1.319612,0.265253,0.119312,1.803623,0.636590,0.719497,1.745429,0.325451,0.622061,0.589704,0.467157,1.926294,0.322241,1.233221,0.432961,0.459925,0.628277,0.353177,1.712429,0.505786,0.107285,0.479244,0.572259,0.411680,0.510341,0.715421,1.748782,0.419750,0.591197,1.920521,0.608537,1.798535,1.938000,0.613453,0.552071,0.548857,0.461509,0.684910,1.417835,0.243860,1.882730,0.614795,0.390190,0.397916,0.411680,0.600144,0.497217,0.286232,0.489420,0.425770
1.134536,0.949529,1.044767,1.374514,1.470366,1.369206,1.346970,0.745228,0.833365,1.482828,1.314370,1.358569,1.186445,1.421139,1.339879,1.107216,1.279587,1.440612,1.398626,1.265872,1.317373,1.373256,1.347750,1.591435,1.345794,1.279398,1.154701,1.168963,1.397653,1.247659,1.719636,1.339879,1.323619,1.503026,1.259241,0.928582,0.806423,1.108619,1.435912,1.465371,1.106412,0.000000,1.476236,1.301705,1.330571,0.904179,1.111768,1.174292,1.296167,1.066224,0.959056,1.247659,1.111768,1.261328,1.360614,1.478946,1.136087,1.007836,1.388888,0.817552,1.319362,1.466006,1.056172,0.797288,1.273542,1.284353,1.398956,0.910399,1.277737,1.350647,1.154701,1.284725,1.332776,1.279590,0.866488,0.838085,1.276313,1.306387,1.403964,1.488860,1.355731,1.268735,1.496243,1.329646,1.349923,1.375122,1.293080,0.762785,1.022139,0.996909,1.344496,1.383109,1.267420,1.276321,1.279590,1.388981,1.295040,1.206268,1.344109,1.303162
1.908003,1.539495,0.779278,0.306107,0.247950,0.331512,0.328020,1.349626,1.081995,1.885020,0.479975,1.194540,0.764327,1.658447,0.308222,0.694851,1.337931,1.955159,0.367207,0.423614,0.381807,0.359777,0.346572,0.599231,0.324531,1.962411,0.584380,0.628716,1.951743,0.455221,1.310181,0.308222,0.351465,1.810183,0.432658,0.833144,1.130340,1.859519,0.289110,0.268519,0.659201,1.476236,0.000000,0.383903,0.357798,1.037892,0.645767,0.569522,0.462842,1.813064,1.549054,0.455221,0.645767,1.956765,0.465119,0.338009,1.918560,0.783731,0.425212,1.063676,0.421442,1.962228,0.756340,1.580204,0.400720,0.464263,0.315698,0.948519,1.838120,0.327617,0.584380,0.410403,0.475525,0.419168,1.071826,1.156147,1.906304,0.369575,0.378829,1.940178,0.415159,1.941425,1.962319,0.365981,0.339353,0.300148,0.396014,1.030488,1.476896,0.848012,1.963485,0.335940,0.446788,0.425115,0.419168,0.309090,0.377136,0.538640,0.334559,0.410895
1.857623,1.385243,0.572345,0.191715,0.392855,0.205295,0.165674,1.150581,0.839253,1.920475,0.274823,1.125932,0.732210,1.711114,0.213898,0.460542,1.242521,1.963656,0.275088,0.114379,0.093281,0.318701,0.124285,0.777117,0.130365,1.933210,0.336581,0.421854,1.941188,0.202762,1.502559,0.213898,0.190301,1.874593,0.127175,0.606620,0.893833,1.810684,0.293027,0.320875,0.428828,1.301705,0.383903,0.000000,0.149243,0.852866,0.388184,0.344033,0.262986,1.776608,1.498787,0.202762,0.388184,1.900095,0.319356,0.377194,1.884652,0.514492,0.274516,0.854873,0.228232,1.982901,0.510955,1.436623,0.175192,0.259259,0.256421,0.717420,1.809988,0.116668,0.336581,0.183579,0.278724,0.068192,0.855449,0.975736,1.837258,0.142472,0.260393,1.962130,0.331818,1.909088,1.988659,0.358856,0.170881,0.166785,0.095293,0.801574,1.498973,0.622864,1.958949,0.311683,0.098153,0.066840,0.068192,0.228727,0.208728,0.410591,0.110838,0.086798
