0.000000,1.090019,1.654903,1.899389,1.923203,1.889082,1.892635,1.206183,1.446622,0.869113,1.871337,1.680775,1.680149,1.118549,1.881434,1.707313,1.588125,0.617937,1.923744,1.862612,1.872951,1.931262,1.893180,1.908007,1.900280,0.516393,1.775334,1.741665,0.609531,1.835271,1.564762,1.881434,1.900614,0.988209,1.857955,1.639585,1.408415,0.268155,1.907326,1.920918,1.732038,0.962745,1.934756,1.874528,1.882671,1.405233,1.743162,1.778121,1.854321,0.650768,0.695239,1.835271,1.743162,0.512575,1.902209,1.903810,0.476713,1.673211,1.916409,1.470475,1.879144,0.665290,1.701266,0.952531,1.898361,1.856765,1.925051,1.555235,0.674598,1.902164,1.775334,1.898532,1.887481,1.861878,1.439929,1.377892,0.734077,1.876622,1.907878,0.774205,1.894535,0.529167,0.663632,1.891062,1.906034,1.913934,1.875588,1.534123,1.167195,1.606537,0.573451,1.939637,1.849162,1.858257,1.861878,1.914750,1.910881,1.737794,1.898010,1.866137
1.090019,0.000000,1.067972,1.416610,1.524460,1.408602,1.393879,0.621924,0.808114,1.450309,1.362481,1.313201,1.278069,1.430938,1.391094,1.102779,1.236530,1.360872,1.483275,1.350690,1.361607,1.505253,1.412807,1.703113,1.432713,1.274552,1.191779,1.175433,1.281169,1.293415,1.822279,1.391094,1.425764,1.523025,1.341703,1.081792,0.708260,1.071642,1.473663,1.505640,1.140221,0.702965,1.531813,1.373869,1.395407,0.822619,1.135277,1.234495,1.341289,1.092449,1.025498,1.293415,1.135277,1.122633,1.435160,1.465725,1.152245,1.011398,1.471797,0.926398,1.399219,1.393431,1.139092,0.752027,1.410286,1.335899,1.489086,0.887064,1.107654,1.437769,1.191779,1.404181,1.403776,1.342500,0.795653,0.840845,1.128497,1.354860,1.452769,1.454491,1.422071,1.171102,1.440545,1.511685,1.436745,1.465422,1.377567,0.932022,1.389922,0.985109,1.298050,1.540930,1.324774,1.340113,1.342500,1.471138,1.429909,1.136235,1.430907,1.357541
1.654903,1.067972,0.000000,0.682565,0.812437,0.667409,0.644554,0.778127,0.631126,1.849388,0.659677,1.109517,0.497950,1.705833,0.610830,0.307008,1.112194,1.858724,0.800319,0.562693,0.602682,0.859466,0.669456,1.169634,0.664811,1.806322,0.281357,0.367765,1.839161,0.433025,1.655399,0.610830,0.652253,1.817882,0.552822,0.467984,0.519551,1.667054,0.753360,0.801734,0.187467,1.169910,0.815696,0.590013,0.597429,0.513035,0.258894,0.303717,0.598063,1.567202,1.351047,0.433025,0.258894,1.745273,0.768040,0.825758,1.656886,0.347741,0.824012,0.502102,0.630376,1.889820,0.358620,1.103142,0.653332,0.602030,0.765794,0.292287,1.640828,0.682077,0.281357,0.670379,0.706451,0.564665,0.413060,0.576455,1.694353,0.590555,0.738714,1.886728,0.738175,1.719154,1.900694,0.803014,0.680665,0.716197,0.598974,0.624050,1.441206,0.139788,1.812764,0.829576,0.548452,0.558408,0.564665,0.731917,0.700645,0.318767,0.671512,0.597015
1.899389,1.416610,0.682565,0.000000,0.251738,0.084993,0.082798,1.243432,0.978062,1.918369,0.282691,0.880755,0.814304,1.756522,0.136263,0.574133,0.977766,1.971563,0.207528,0.224496,0.202335,0.346725,0.187583,0.718925,0.195103,1.972310,0.442187,0.511351,1.948076,0.305672,1.470325,0.136263,0.198844,1.858963,0.231189,0.696443,1.023318,1.897836,0.185442,0.208107,0.540200,1.529375,0.266468,0.201792,0.191760,1.016721,0.500766,0.431511,0.267002,1.817676,1.659212,0.305672,0.500766,1.918471,0.285470,0.307480,1.904220,0.629834,0.277986,0.963261,0.208013,1.977537,0.595773,1.529610,0.223797,0.286781,0.210680,0.835574,1.844106,0.174360,0.442187,0.248566,0.268915,0.230158,0.987275,1.075136,1.862207,0.141735,0.202898,1.961328,0.333190,1.926178,1.982790,0.374531,0.190370,0.179945,0.207064,0.925835,1.613422,0.743892,1.967225,0.329436,0.256067,0.240593,0.230158,0.192702,0.252674,0.553631,0.180756,0.226718
1.923203,1.524460,0.812437,0.251738,0.000000,0.270521,0.302497,1.365837,1.120773,1.874250,0.433517,0.925563,0.817708,1.695704,0.258579,0.718654,1.049521,1.961383,0.282198,0.410641,0.402190,0.365258,0.363638,0.539370,0.305713,1.974457,0.599012,0.637569,1.959748,0.470135,1.333299,0.258579,0.300501,1.787021,0.422278,0.823857,1.168798,1.927115,0.220511,0.195784,0.687306,1.618565,0.200681,0.385394,0.360636,1.132755,0.664737,0.574971,0.414494,1.816054,1.706971,0.470135,0.664737,1.955834,0.402648,0.376680,1.901578,0.804371,0.393035,1.103168,0.385712,1.961696,0.750014,1.582232,0.343165,0.430902,0.259379,0.982368,1.856582,0.319686,0.599012,0.381362,0.413325,0.424434,1.119837,1.181834,1.914622,0.359517,0.312722,1.929444,0.399800,1.950823,1.955000,0.315657,0.298358,0.278345,0.379403,1.049576,1.529740,0.886166,1.964565,0.283489,0.461044,0.437049,0.424434,0.279072,0.352724,0.668213,0.336635,0.432108
1.889082,1.408602,0.667409,0.084993,0.270521,0.000000,0.128329,1.221213,0.956221,1.922107,0.268314,0.870982,0.809555,1.763120,0.140324,0.559303,0.960560,1.970198,0.236419,0.219296,0.190933,0.374071,0.176918,0.746405,0.206225,1.967915,0.429111,0.499724,1.944299,0.299084,1.484559,0.140324,0.210952,1.863682,0.224678,0.667598,1.003664,1.889868,0.155465,0.194331,0.526402,1.508825,0.306147,0.197425,0.191938,0.999243,0.485021,0.421520,0.224420,1.813235,1.642890,0.299084,0.485021,1.909101,0.303912,0.324284,1.898651,0.611335,0.298244,0.938778,0.203896,1.976473,0.581888,1.509088,0.235187,0.256465,0.221878,0.818639,1.844551,0.177248,0.429111,0.264581,0.271757,0.221553,0.969639,1.054656,1.857903,0.160780,0.191327,1.963443,0.323895,1.921733,1.981980,0.377855,0.204331,0.190153,0.204124,0.910045,1.609968,0.727276,1.962759,0.350205,0.242492,0.231074,0.221553,0.198405,0.273127,0.556904,0.180992,0.215895
1.892635,1.393879,0.644554,0.082798,0.302497,0.128329,0.000000,1.216869,0.948391,1.920531,0.285313,0.895245,0.798672,1.761489,0.143133,0.541899,0.985841,1.970548,0.222673,0.191846,0.174185,0.359920,0.174435,0.747416,0.190886,1.967895,0.401151,0.484449,1.943249,0.263686,1.497952,0.143133,0.189285,1.866526,0.197111,0.677950,0.990839,1.889960,0.236882,0.264585,0.499270,1.507510,0.289025,0.172418,0.154457,0.986094,0.461199,0.392215,0.262689,1.813640,1.646015,0.263686,0.461199,1.912304,0.292009,0.326735,1.897915,0.593223,0.282571,0.929093,0.165946,1.979096,0.554319,1.511770,0.209194,0.271148,0.233466,0.798640,1.837236,0.173089,0.401151,0.224015,0.272632,0.195482,0.954139,1.045011,1.845984,0.088036,0.235603,1.961585,0.335274,1.917844,1.986371,0.399361,0.190139,0.191459,0.181282,0.903169,1.617363,0.706719,1.964528,0.342780,0.218814,0.204569,0.195482,0.210109,0.239492,0.514166,0.170513,0.193799
1.206183,0.621924,0.778127,1.243432,1.365837,1.221213,1.216869,0.000000,0.488239,1.593062,1.191913,1.192631,1.062437,1.530914,1.201369,0.799326,1.107850,1.523385,1.325747,1.142187,1.159405,1.362001,1.218402,1.618869,1.246521,1.438424,0.945037,0.880843,1.444884,1.072287,1.818197,1.201369,1.244051,1.625207,1.129517,0.783355,0.363681,1.221623,1.308348,1.347620,0.882795,0.734041,1.381830,1.175700,1.196264,0.485065,0.871452,0.985589,1.153957,1.190453,1.068070,1.072287,0.871452,1.281893,1.287040,1.296032,1.286468,0.760315,1.322123,0.610177,1.204094,1.562405,0.839728,0.716052,1.234050,1.150756,1.318551,0.590883,1.236045,1.251247,0.945037,1.232431,1.230276,1.141943,0.425322,0.415900,1.316631,1.163845,1.278608,1.610299,1.269029,1.330533,1.582629,1.331652,1.252164,1.285808,1.175850,0.760681,1.383301,0.665496,1.442355,1.393469,1.115973,1.138325,1.141943,1.289431,1.268478,0.930007,1.239804,1.158412
1.446622,0.808114,0.631126,0.978062,1.120773,0.956221,0.948391,0.488239,0.000000,1.732130,0.922834,0.968540,1.005734,1.629369,0.943588,0.585435,0.908772,1.703903,1.053794,0.865802,0.880856,1.097796,0.940208,1.420406,0.977977,1.648999,0.716978,0.659271,1.626332,0.818957,1.805047,0.943588,0.971681,1.747309,0.852315,0.487452,0.439857,1.449257,1.056316,1.093817,0.680039,0.884608,1.142205,0.903278,0.927506,0.484029,0.647966,0.752195,0.888967,1.426927,1.256372,0.818957,0.647966,1.492979,1.013667,1.013603,1.530157,0.579439,1.048784,0.500718,0.938838,1.725458,0.642537,0.999073,0.972893,0.872140,1.043049,0.508426,1.466115,0.977617,0.716978,0.960701,0.960333,0.868054,0.472488,0.401461,1.473495,0.888481,1.020792,1.754620,0.990391,1.553040,1.751063,1.069243,0.974401,1.013527,0.898793,0.657664,1.491003,0.530704,1.645967,1.125142,0.842347,0.867141,0.868054,1.014433,1.003679,0.741412,0.967652,0.883023
0.869113,1.450309,1.849388,1.918369,1.874250,1.922107,1.920531,1.593062,1.732130,0.000000,1.932290,1.701832,1.766378,0.484838,1.919117,1.850549,1.704850,0.600526,1.894901,1.927367,1.931993,1.863183,1.929389,1.698909,1.911045,0.647181,1.904968,1.849637,0.750352,1.922733,1.163270,1.919117,1.912046,0.455287,1.927719,1.846704,1.747896,0.860958,1.916449,1.911525,1.891259,1.432990,1.879023,1.933788,1.930849,1.704876,1.895885,1.898555,1.935397,0.847035,1.331917,1.922733,1.895885,0.846526,1.913877,1.889082,0.764362,1.894740,1.910786,1.780559,1.933467,0.592973,1.869766,1.332392,1.918461,1.931083,1.904867,1.821365,0.756829,1.925988,1.904968,1.915528,1.922195,1.933864,1.739421,1.663739,0.910359,1.924108,1.921333,0.263326,1.914854,0.736415,0.487846,1.857192,1.910313,1.916343,1.922754,1.799115,1.040772,1.828796,0.706906,1.881766,1.939688,1.938977,1.933864,1.912819,1.909438,1.861718,1.928502,1.942935
1.871337,1.362481,0.659677,0.282691,0.433517,0.268314,0.285313,1.191913,0.922834,1.932290,0.000000,0.852437,0.826683,1.785115,0.308297,0.581956,0.923885,1.960989,0.337329,0.283249,0.249529,0.444796,0.262804,0.829410,0.301026,1.957664,0.425262,0.548634,1.930614,0.306547,1.541134,0.308297,0.283227,1.889280,0.285284,0.660267,0.958392,1.870365,0.298912,0.332483,0.513692,1.471055,0.459555,0.254714,0.262176,0.994268,0.476963,0.442036,0.197237,1.816588,1.612200,0.306547,0.476963,1.883437,0.228506,0.403905,1.896008,0.558229,0.335196,0.911557,0.305484,1.962705,0.618275,1.489632,0.269465,0.236627,0.327809,0.781093,1.845247,0.265683,0.425262,0.299741,0.170927,0.260623,0.943515,1.048047,1.824871,0.265332,0.207306,1.962813,0.292716,1.906574,1.978395,0.458746,0.298097,0.284910,0.281768,0.887851,1.621535,0.716847,1.937619,0.399652,0.270457,0.261450,0.260623,0.315368,0.306978,0.570754,0.272465,0.253520
1.680775,1.313201,1.109517,0.880755,0.925563,0.870982,0.895245,1.192631,0.968540,1.701832,0.852437,0.000000,1.302447,1.561660,0.905998,0.981604,0.260760,1.754418,0.883129,0.912269,0.888393,0.911295,0.887220,1.126230,0.926764,1.759329,0.980214,0.962323,1.676177,0.934974,1.546392,0.905998,0.933314,1.706724,0.909371,0.921014,1.142992,1.694680,0.897739,0.901226,1.023455,1.350059,0.989643,0.920092,0.910140,1.202250,0.979850,1.009692,0.878041,1.652778,1.634178,0.934974,0.979850,1.631175,0.864947,0.841593,1.769874,0.977679,0.861044,1.192408,0.917120,1.726480,0.985152,1.507515,0.943946,0.897025,0.885981,1.112888,1.642030,0.904015,0.980214,0.918736,0.856071,0.913721,1.175645,1.180210,1.629763,0.888555,0.870976,1.742509,0.931797,1.734742,1.737530,0.848003,0.908430,0.909144,0.913119,1.005568,1.540398,1.092259,1.737677,0.964209,0.912901,0.921320,0.913721,0.891569,0.943038,1.070514,0.906082,0.905894
1.680149,1.278069,0.497950,0.814304,0.817708,0.809555,0.798672,1.062437,1.005734,1.766378,0.826683,1.302447,0.000000,1.601377,0.729823,0.667559,1.334228,1.838266,0.908247,0.765183,0.809451,0.939065,0.840920,1.052680,0.781097,1.784639,0.593530,0.662644,1.867792,0.653003,1.429752,0.729823,0.759088,1.684539,0.765036,0.773933,0.859546,1.710014,0.829164,0.861886,0.554206,1.356595,0.815213,0.769770,0.757573,0.811422,0.627348,0.574503,0.777975,1.532254,1.392441,0.653003,0.627348,1.817187,0.891590,0.964014,1.607978,0.728131,0.956606,0.823695,0.803591,1.859014,0.706747,1.163080,0.771910,0.788704,0.851154,0.675382,1.647094,0.814870,0.593530,0.814177,0.853036,0.774949,0.732069,0.845558,1.778704,0.780489,0.851207,1.821105,0.847447,1.729662,1.844505,0.833679,0.800236,0.818957,0.779037,0.905102,1.252273,0.589987,1.793418,0.851515,0.783952,0.771983,0.774949,0.834685,0.808702,0.530971,0.815542,0.811079
1.118549,1.430938,1.705833,1.756522,1.695704,1.763120,1.761489,1.530914,1.629369,0.484838,1.785115,1.561660,1.601377,0.000000,1.755840,1.688176,1.613973,0.956259,1.737377,1.774352,1.781808,1.701188,1.779787,1.523542,1.743903,1.005768,1.749626,1.675785,1.065517,1.763793,1.023662,1.755840,1.740951,0.533943,1.775873,1.696638,1.659474,1.135771,1.757898,1.755000,1.743501,1.492373,1.707576,1.781520,1.778641,1.592681,1.744509,1.745297,1.786378,0.886612,1.470773,1.763793,1.744509,1.152250,1.765996,1.735791,0.962524,1.768035,1.770659,1.678110,1.793224,0.955407,1.729728,1.313348,1.763001,1.786151,1.738986,1.699978,0.873203,1.769474,1.749626,1.762380,1.773279,1.783955,1.626986,1.544827,1.212291,1.764723,1.769783,0.710751,1.771634,1.021594,0.864495,1.684448,1.742759,1.754742,1.767063,1.706432,0.957797,1.692248,1.024187,1.712839,1.798134,1.793473,1.783955,1.750464,1.752217,1.690642,1.775057,1.804038
1.881434,1.391094,0.610830,0.136263,0.258579,0.140324,0.143133,1.201369,0.943588,1.919117,0.308297,0.905998,0.729823,1.755840,0.000000,0.524295,0.991141,1.969671,0.293543,0.221188,0.229682,0.408949,0.237306,0.745070,0.217866,1.964208,0.380150,0.463981,1.949566,0.252975,1.485927,0.000000,0.213290,1.857513,0.226428,0.649112,0.972888,1.885516,0.221591,0.252473,0.471081,1.491404,0.292628,0.209838,0.184025,0.961968,0.445661,0.368964,0.247860,1.792921,1.627005,0.252975,0.445661,1.916771,0.351099,0.366140,1.878869,0.580606,0.363099,0.916421,0.216485,1.977669,0.547041,1.481296,0.233796,0.264318,0.261538,0.776093,1.838531,0.219446,0.380150,0.269780,0.322298,0.231254,0.929316,1.019097,1.861349,0.166564,0.266806,1.962160,0.340433,1.917285,1.982395,0.382043,0.222732,0.227805,0.217170,0.877642,1.566544,0.681601,1.956712,0.357741,0.256065,0.239047,0.231254,0.239082,0.277637,0.482030,0.223103,0.246029
1.707313,1.102779,0.307008,0.574133,0.718654,0.559303,0.541899,0.799326,0.585435,1.850549,0.581956,0.981604,0.667559,1.688176,0.524295,0.000000,1.014936,1.887201,0.680788,0.458822,0.484985,0.733175,0.554662,1.092031,0.564754,1.844822,0.272551,0.119879,1.849576,0.388222,1.637838,0.524295,0.565228,1.812034,0.446937,0.432829,0.581653,1.711271,0.675203,0.719317,0.291816,1.237065,0.728764,0.501122,0.525293,0.548752,0.203071,0.312966,0.537774,1.607949,1.461774,0.388222,0.203071,1.766832,0.673570,0.683740,1.720438,0.356656,0.712611,0.570866,0.558251,1.906683,0.326509,1.190989,0.566944,0.534808,0.661399,0.400803,1.648488,0.583583,0.272551,0.572484,0.611474,0.470736,0.512378,0.591381,1.728881,0.482063,0.645671,1.898962,0.662710,1.768412,1.915532,0.718280,0.571368,0.617176,0.491628,0.699123,1.498806,0.292225,1.842103,0.746706,0.455644,0.473817,0.470736,0.628040,0.609868,0.356391,0.573158,0.502952
1.588125,1.236530,1.112194,0.977766,1.049521,0.960560,0.985841,1.107850,0.908772,1.704850,0.923885,0.260760,1.334228,1.613973,0.991141,1.014936,0.000000,1.708143,0.996618,0.984101,0.963285,1.040611,0.971292,1.274172,1.026747,1.689530,1.018277,1.016560,1.611869,0.994406,1.640674,0.991141,1.034017,1.739330,0.978374,0.917704,1.076799,1.606372,0.994133,1.002562,1.042833,1.223300,1.106478,0.994940,0.985761,1.161827,1.007334,1.048668,0.942136,1.625688,1.527094,0.994406,1.007334,1.535550,0.957966,0.949155,1.717960,0.965820,0.958661,1.145409,0.984181,1.682683,0.995269,1.435012,1.029204,0.959602,0.997000,1.084206,1.609362,0.994834,1.018277,1.005186,0.935928,0.982908,1.130091,1.136563,1.528915,0.971458,0.961508,1.720502,1.017138,1.655105,1.699060,0.958496,1.012094,1.009847,0.993971,0.943420,1.555957,1.082175,1.677605,1.087267,0.970205,0.984640,0.982908,0.993972,1.037634,1.112146,0.993421,0.968170
0.617937,1.360872,1.858724,1.971563,1.961383,1.970198,1.970548,1.523385,1.703903,0.600526,1.960989,1.754418,1.838266,0.956259,1.969671,1.887201,1.708143,0.000000,1.967860,1.967881,1.967498,1.951771,1.972033,1.852756,1.975590,0.425959,1.929419,1.904547,0.400886,1.958457,1.392088,1.969671,1.974337,0.789438,1.966726,1.846727,1.684790,0.578515,1.967785,1.966795,1.906357,1.261076,1.965449,1.970892,1.972915,1.684040,1.912024,1.930316,1.959034,0.807344,1.105454,1.958457,1.912024,0.534446,1.963109,1.956901,0.584181,1.867815,1.961072,1.743375,1.967817,0.398341,1.878787,1.255803,1.968618,1.956368,1.974324,1.791185,0.731233,1.975160,1.929419,1.964730,1.964079,1.966582,1.711102,1.659873,0.734325,1.967626,1.969808,0.466060,1.957114,0.551705,0.349543,1.949555,1.973959,1.976603,1.970054,1.729048,1.227473,1.828933,0.449677,1.966495,1.961469,1.965178,1.966582,1.973965,1.967843,1.898765,1.973975,1.965694
1.923744,1.483275,0.800319,0.207528,0.282198,0.236419,0.222673,1.325747,1.053794,1.894901,0.337329,0.883129,0.908247,1.737377,0.293543,0.680788,0.996618,1.967860,0.000000,0.312598,0.280090,0.265332,0.226821,0.636787,0.232732,1.976869,0.563688,0.612401,1.942045,0.424379,1.427412,0.293543,0.248429,1.834196,0.322108,0.795330,1.129296,1.916428,0.268017,0.258765,0.660591,1.595433,0.287583,0.286607,0.282028,1.112339,0.619617,0.543348,0.373461,1.851055,1.703362,0.424379,0.619617,1.928858,0.235307,0.288184,1.930927,0.750751,0.169644,1.054646,0.279438,1.965351,0.697276,1.591195,0.246661,0.373356,0.203219,0.952364,1.862110,0.213903,0.563688,0.265901,0.262371,0.319151,1.095190,1.157716,1.865018,0.267845,0.218682,1.938976,0.350608,1.941637,1.972852,0.355016,0.218261,0.191068,0.276666,1.031751,1.630022,0.858765,1.968237,0.282186,0.347949,0.332898,0.319151,0.213833,0.244196,0.681808,0.222231,0.307660
1.862612,1.350690,0.562693,0.224496,0.410641,0.219296,0.191846,1.142187,0.865802,1.927367,0.283249,0.912269,0.765183,1.774352,0.221188,0.458822,0.984101,1.967881,0.312598,0.000000,0.131551,0.408115,0.160510,0.836542,0.158202,1.956341,0.319714,0.413840,1.934198,0.201465,1.547449,0.221188,0.206747,1.880397,0.021920,0.581012,0.914439,1.866830,0.333535,0.367985,0.414902,1.452807,0.404066,0.085515,0.162397,0.910893,0.372349,0.314669,0.254762,1.796085,1.604568,0.201465,0.372349,1.894431,0.322164,0.368138,1.881875,0.519306,0.342285,0.838201,0.188258,1.978266,0.493467,1.457768,0.230217,0.244588,0.272429,0.716150,1.831999,0.172177,0.319714,0.228335,0.284776,0.066429,0.876109,0.959692,1.826199,0.146984,0.290796,1.963054,0.345564,1.903227,1.987753,0.450780,0.174445,0.214729,0.056508,0.852734,1.612448,0.623786,1.948801,0.387590,0.101981,0.090534,0.066429,0.239347,0.258955,0.472017,0.164410,0.123019
1.872951,1.361607,0.602682,0.202335,0.402190,0.190933,0.174185,1.159405,0.880856,1.931993,0.249529,0.888393,0.809451,1.781808,0.229682,0.484985,0.963285,1.967498,0.280090,0.131551,0.000000,0.393936,0.089365,0.833200,0.189051,1.958550,0.356653,0.438205,1.931393,0.230589,1.546443,0.229682,0.190206,1.884525,0.134530,0.608823,0.935033,1.873228,0.305533,0.337577,0.459180,1.463098,0.405877,0.101680,0.154111,0.934451,0.403722,0.353478,0.241572,1.806924,1.621984,0.230589,0.403722,1.889629,0.293980,0.341164,1.892740,0.536026,0.299069,0.854689,0.181338,1.973686,0.515722,1.474285,0.215760,0.253442,0.259767,0.746826,1.832653,0.148296,0.356653,0.215419,0.247450,0.110827,0.903806,0.986835,1.828044,0.135396,0.248095,1.967417,0.347543,1.906974,1.988841,0.446719,0.185208,0.196233,0.128128,0.864686,1.633072,0.657811,1.949418,0.377848,0.112099,0.112777,0.110827,0.223370,0.251909,0.512323,0.131161,0.080437
1.931262,1.505253,0.859466,0.346725,0.365258,0.374071,0.359920,1.362001,1.097796,1.863183,0.444796,0.911295,0.939065,1.701188,0.408949,0.733175,1.040611,1.951771,0.265332,0.408115,0.393936,0.000000,0.343623,0.623768,0.326808,1.961182,0.633605,0.664852,1.927803,0.505651,1.405136,0.408949,0.344349,1.807866,0.417980,0.839650,1.177173,1.920035,0.396546,0.378812,0.725894,1.613808,0.373144,0.395263,0.391004,1.166316,0.687030,0.612464,0.479474,1.847994,1.729273,0.505651,0.687030,1.928343,0.349550,0.315728,1.929137,0.822497,0.317724,1.101827,0.400447,1.949195,0.783738,1.613182,0.308675,0.469716,0.286123,1.006091,1.855443,0.324525,0.633605,0.274092,0.391070,0.423480,1.144638,1.199984,1.855491,0.387958,0.354523,1.908924,0.423420,1.941056,1.954961,0.404174,0.307091,0.294465,0.373512,1.087279,1.621267,0.917398,1.960265,0.294345,0.453624,0.439006,0.423480,0.310524,0.243436,0.750750,0.337095,0.419964
1.893180,1.412807,0.669456,0.187583,0.363638,0.176918,0.174435,1.218402,0.940208,1.929389,0.262804,0.887220,0.840920,1.779787,0.237306,0.554662,0.971292,1.972033,0.226821,0.160510,0.089365,0.343623,0.000000,0.786242,0.155222,1.967330,0.425507,0.501425,1.937307,0.287194,1.516118,0.237306,0.170670,1.879031,0.169648,0.659790,1.003144,1.893634,0.271813,0.293691,0.525786,1.505422,0.362773,0.121682,0.158452,0.998820,0.477109,0.414311,0.262996,1.827914,1.649016,0.287194,0.477109,1.905184,0.266687,0.308769,1.910682,0.609012,0.247230,0.915885,0.172027,1.975515,0.576310,1.516250,0.206736,0.272700,0.198374,0.817428,1.854234,0.096685,0.425507,0.199969,0.237344,0.151243,0.971512,1.045003,1.842606,0.167600,0.213658,1.964865,0.332229,1.923241,1.987895,0.414870,0.146543,0.138617,0.132978,0.920795,1.641567,0.728117,1.957707,0.326317,0.168420,0.158483,0.151243,0.165938,0.226400,0.575642,0.076410,0.120853
1.908007,1.703113,1.169634,0.718925,0.539370,0.746405,0.747416,1.618869,1.420406,1.698909,0.829410,1.126230,1.052680,1.523542,0.745070,1.092031,1.274172,1.852756,0.636787,0.836542,0.833200,0.623768,0.786242,0.000000,0.715209,1.897444,1.003836,1.007355,1.886816,0.894816,1.066032,0.745070,0.713617,1.579704,0.849376,1.186876,1.487546,1.905842,0.678879,0.642942,1.074614,1.791935,0.561139,0.815504,0.791753,1.410311,1.063950,0.965751,0.848089,1.793775,1.770899,0.894816,1.063950,1.947122,0.734494,0.714444,1.852216,1.193432,0.726558,1.423870,0.806266,1.849564,1.135870,1.699100,0.740922,0.842323,0.662342,1.331846,1.805347,0.743010,1.003836,0.760813,0.784973,0.851220,1.433744,1.450596,1.908743,0.796892,0.723356,1.772625,0.730303,1.919561,1.821461,0.608996,0.711367,0.691526,0.798645,1.375319,1.425782,1.240649,1.896073,0.567184,0.889185,0.865378,0.851220,0.700045,0.714883,1.019251,0.762121,0.860067
1.900280,1.432713,0.664811,0.195103,0.305713,0.206225,0.190886,1.246521,0.977977,1.911045,0.301026,0.926764,0.781097,1.743903,0.217866,0.564754,1.026747,1.975590,0.232732,0.158202,0.189051,0.326808,0.155222,0.715209,0.000000,1.974067,0.426142,0.501638,1.953488,0.289484,1.463454,0.217866,0.130281,1.846384,0.176636,0.676228,1.029905,1.906363,0.270467,0.290671,0.522845,1.538026,0.302346,0.136722,0.187615,1.009928,0.488832,0.412517,0.294567,1.813031,1.659322,0.289484,0.488832,1.932333,0.285151,0.335102,1.901302,0.641616,0.300081,0.943463,0.224608,1.980349,0.604898,1.518266,0.205246,0.294851,0.170567,0.829879,1.853007,0.114176,0.426142,0.214045,0.275254,0.170509,0.984728,1.056713,1.869425,0.196226,0.246112,1.955040,0.324845,1.934103,1.984812,0.381910,0.075745,0.115219,0.113240,0.954760,1.592860,0.736417,1.961657,0.265095,0.222146,0.191805,0.170509,0.157323,0.209262,0.544415,0.124161,0.205867
0.516393,1.274552,1.806322,1.972310,1.974457,1.967915,1.967895,1.438424,1.648999,0.647181,1.957664,1.759329,1.784639,1.005768,1.964208,1.844822,1.689530,0.425959,1.976869,1.956341,1.958550,1.961182,1.967330,1.897444,1.974067,0.000000,1.896227,1.869782,0.460956,1.936699,1.434736,1.964208,1.974094,0.829021,1.954204,1.812077,1.610886,0.503603,1.972707,1.975499,1.863912,1.139766,1.974965,1.961580,1.963551,1.613548,1.874697,1.899363,1.952506,0.775985,1.006710,1.936699,1.874697,0.441766,1.971884,1.961034,0.546908,1.826033,1.971058,1.661701,1.959912,0.414540,1.828046,1.160905,1.966236,1.951002,1.980717,1.730128,0.642404,1.972795,1.896227,1.960699,1.966079,1.955792,1.636377,1.589952,0.638356,1.959635,1.971939,0.519426,1.957375,0.386965,0.410560,1.942445,1.975753,1.977256,1.961893,1.671945,1.202885,1.771811,0.414253,1.977355,1.947167,1.952984,1.955792,1.979725,1.966620,1.861859,1.970544,1.954498
1.775334,1.191779,0.281357,0.442187,0.599012,0.429111,0.401151,0.945037,0.716978,1.904968,0.425262,0.980214,0.593530,1.749626,0.380150,0.272551,1.018277,1.929419,0.563688,0.319714,0.356653,0.633605,0.425507,1.003836,0.426142,1.896227,0.000000,0.286020,1.902199,0.176742,1.614637,0.380150,0.418827,1.866899,0.310339,0.462838,0.682808,1.781297,0.523622,0.572524,0.122021,1.305086,0.604510,0.345121,0.352055,0.695097,0.107818,0.160307,0.367801,1.696101,1.490407,0.176742,0.107818,1.829753,0.535738,0.601788,1.786091,0.315233,0.588837,0.644630,0.396837,1.945983,0.340874,1.281046,0.419768,0.375335,0.529566,0.453666,1.743486,0.440904,0.000000,0.431292,0.473243,0.317461,0.627025,0.758946,1.769615,0.343532,0.498359,1.944201,0.514535,1.823085,1.960448,0.604435,0.441945,0.477484,0.357353,0.690074,1.527595,0.354385,1.891331,0.606918,0.307866,0.314342,0.317461,0.496406,0.464854,0.278355,0.430146,0.354154
1.741665,1.175433,0.367765,0.511351,0.637569,0.499724,0.484449,0.880843,0.659271,1.849637,0.548634,0.962323,0.662644,1.675785,0.463981,0.119879,1.016560,1.904547,0.612401,0.413840,0.438205,0.664852,0.501425,1.007355,0.501638,1.869782,0.286020,0.000000,1.873880,0.360391,1.585912,0.463981,0.501222,1.797626,0.404032,0.473316,0.683916,1.745605,0.615259,0.656277,0.330492,1.306382,0.654940,0.455501,0.476698,0.621572,0.252515,0.292426,0.508285,1.629895,1.503698,0.360391,0.252515,1.803889,0.624391,0.619561,1.746952,0.430848,0.659760,0.655967,0.514478,1.922738,0.359542,1.246390,0.514872,0.506897,0.593516,0.505224,1.670887,0.525141,0.286020,0.524859,0.567331,0.433861,0.607664,0.661151,1.771436,0.431103,0.590887,1.904608,0.620406,1.804134,1.925015,0.642669,0.505420,0.551753,0.439160,0.753432,1.488291,0.378595,1.867967,0.676090,0.425670,0.440368,0.433861,0.562920,0.558168,0.367435,0.517173,0.466872
0.609531,1.281169,1.839161,1.948076,1.959748,1.944299,1.943249,1.444884,1.626332,0.750352,1.930614,1.676177,1.867792,1.065517,1.949566,1.849576,1.611869,0.400886,1.942045,1.934198,1.931393,1.927803,1.937307,1.886816,1.953488,0.460956,1.902199,1.873880,0.000000,1.931596,1.488056,1.949566,1.957049,0.899380,1.931538,1.801650,1.618960,0.574728,1.953386,1.953589,1.880437,1.172902,1.961638,1.940193,1.944813,1.656599,1.876351,1.909775,1.926602,0.850282,1.079207,1.931596,1.876351,0.425743,1.932195,1.922558,0.681956,1.816202,1.921492,1.683328,1.934451,0.493224,1.825145,1.261520,1.948206,1.921537,1.953285,1.746019,0.745194,1.947356,1.902199,1.937800,1.931510,1.932361,1.664060,1.614804,0.666511,1.935839,1.947167,0.611390,1.931535,0.562713,0.482604,1.948093,1.951119,1.953786,1.939530,1.672540,1.361554,1.796866,0.534386,1.959703,1.923759,1.930768,1.932361,1.949905,1.944122,1.885494,1.944800,1.928480
1.835271,1.293415,0.433025,0.305672,0.470135,0.299084,0.263686,1.072287,0.818957,1.922733,0.306547,0.934974,0.653003,1.763793,0.252975,0.388222,0.994406,1.958457,0.424379,0.201465,0.230589,0.505651,0.287194,0.894816,0.289484,1.936699,0.176742,0.360391,1.931596,0.000000,1.566662,0.252975,0.277732,1.879480,0.196496,0.533951,0.822881,1.840201,0.391034,0.434370,0.272148,1.396387,0.470183,0.211393,0.188629,0.830989,0.262370,0.198274,0.264333,1.756030,1.559414,0.000000,0.262370,1.876242,0.397816,0.470792,1.844385,0.424089,0.451493,0.765763,0.258911,1.967135,0.416568,1.389365,0.294871,0.283881,0.382880,0.608129,1.799015,0.295799,0.176742,0.302786,0.343837,0.197909,0.774777,0.887832,1.811450,0.211997,0.358994,1.961747,0.406098,1.872975,1.981218,0.496071,0.302487,0.330106,0.230465,0.769424,1.563087,0.509318,1.928514,0.464979,0.200940,0.196841,0.197909,0.351714,0.338470,0.360832,0.286350,0.229838
1.564762,1.822279,1.655399,1.470325,1.333299,1.484559,1.497952,1.818197,1.805047,1.163270,1.541134,1.546392,1.429752,1.023662,1.485927,1.637838,1.640674,1.392088,1.427412,1.547449,1.546443,1.405136,1.516118,1.066032,1.463454,1.434736,1.614637,1.585912,1.488056,1.566662,0.000000,1.485927,1.463249,0.960685,1.555730,1.669426,1.811756,1.590615,1.422732,1.400823,1.641517,1.831087,1.344165,1.529467,1.520995,1.717001,1.646351,1.585128,1.554311,1.385670,1.643501,1.566662,1.646351,1.621892,1.482440,1.485614,1.423033,1.723960,1.471805,1.739435,1.537538,1.353647,1.637049,1.678084,1.489864,1.572068,1.427002,1.743102,1.382183,1.478768,1.614637,1.508717,1.508127,1.557496,1.755951,1.733710,1.696241,1.528749,1.460445,1.264355,1.503291,1.477383,1.284059,1.348480,1.464480,1.447062,1.526024,1.725920,1.203759,1.696950,1.446321,1.368577,1.580214,1.563285,1.557496,1.448470,1.476965,1.580614,1.489967,1.564508
1.881434,1.391094,0.610830,0.136263,0.258579,0.140324,0.143133,1.201369,0.943588,1.919117,0.308297,0.905998,0.729823,1.755840,0.000000,0.524295,0.991141,1.969671,0.293543,0.221188,0.229682,0.408949,0.237306,0.745070,0.217866,1.964208,0.380150,0.463981,1.949566,0.252975,1.485927,0.000000,0.213290,1.857513,0.226428,0.649112,0.972888,1.885516,0.221591,0.252473,0.471081,1.491404,0.292628,0.209838,0.184025,0.961968,0.445661,0.368964,0.247860,1.792921,1.627005,0.252975,0.445661,1.916771,0.351099,0.366140,1.878869,0.580606,0.363099,0.916421,0.216485,1.977669,0.547041,1.481296,0.233796,0.264318,0.261538,0.776093,1.838531,0.219446,0.380150,0.269780,0.322298,0.231254,0.929316,1.019097,1.861349,0.166564,0.266806,1.962160,0.340433,1.917285,1.982395,0.382043,0.222732,0.227805,0.217170,0.877642,1.566544,0.681601,1.956712,0.357741,0.256065,0.239047,0.231254,0.239082,0.277637,0.482030,0.223103,0.246029
1.900614,1.425764,0.652253,0.198844,0.300501,0.210952,0.189285,1.244051,0.971681,1.912046,0.283227,0.933314,0.759088,1.740951,0.213290,0.565228,1.034017,1.974337,0.248429,0.206747,0.190206,0.344349,0.170670,0.713617,0.130281,1.974094,0.418827,0.501222,1.957049,0.277732,1.463249,0.213290,0.000000,1.845309,0.219507,0.665828,1.022443,1.903984,0.261590,0.284163,0.515605,1.528766,0.303073,0.164761,0.185727,0.998213,0.485255,0.404023,0.280752,1.804181,1.653212,0.277732,0.485255,1.934592,0.283681,0.338780,1.894750,0.631173,0.309900,0.926402,0.241482,1.975663,0.608186,1.501856,0.187335,0.286331,0.178730,0.819989,1.846104,0.134575,0.418827,0.219171,0.271127,0.206650,0.975550,1.050634,1.875115,0.189387,0.240868,1.958527,0.309976,1.935140,1.985990,0.370133,0.118592,0.125978,0.178959,0.944170,1.575909,0.726591,1.958039,0.234739,0.246710,0.218360,0.206650,0.168960,0.211705,0.526945,0.146150,0.224236
0.988209,1.523025,1.817882,1.858963,1.787021,1.863682,1.866526,1.625207,1.747309,0.455287,1.889280,1.706724,1.684539,0.533943,1.857513,1.812034,1.739330,0.789438,1.834196,1.880397,1.884525,1.807866,1.879031,1.579704,1.846384,0.829021,1.866899,1.797626,0.899380,1.879480,0.960685,1.857513,1.845309,0.000000,1.882744,1.809105,1.760948,1.008923,1.848893,1.844286,1.860818,1.526360,1.798393,1.881220,1.884482,1.693821,1.861962,1.859283,1.887716,0.796209,1.367647,1.879480,1.861962,1.056925,1.865732,1.842616,0.796553,1.878625,1.866715,1.770319,1.892898,0.761422,1.840260,1.367282,1.863749,1.888609,1.839241,1.809460,0.781606,1.866183,1.866899,1.871547,1.875763,1.887830,1.733999,1.648890,1.214771,1.873992,1.870070,0.584154,1.864820,0.969162,0.618961,1.785599,1.846531,1.851320,1.871842,1.805420,0.949033,1.807715,0.860948,1.807015,1.899049,1.893885,1.887830,1.849458,1.856823,1.808555,1.871541,1.901220
1.857955,1.341703,0.552822,0.231189,0.422278,0.224678,0.197111,1.129517,0.852315,1.927719,0.285284,0.909371,0.765036,1.775873,0.226428,0.446937,0.978374,1.966726,0.322108,0.021920,0.134530,0.417980,0.169648,0.849376,0.176636,1.954204,0.310339,0.404032,1.931538,0.196496,1.555730,0.226428,0.219507,1.882744,0.000000,0.571001,0.901268,1.861698,0.342922,0.378340,0.405222,1.443938,0.415839,0.097982,0.168023,0.900043,0.360640,0.306761,0.255448,1.793443,1.599220,0.196496,0.360640,1.889549,0.327476,0.371357,1.879542,0.506419,0.347580,0.826713,0.191826,1.977089,0.482653,1.451527,0.238469,0.244031,0.286210,0.704185,1.828322,0.185791,0.310339,0.237212,0.287839,0.072667,0.863723,0.947992,1.821084,0.148009,0.297875,1.962869,0.351372,1.899330,1.987170,0.459960,0.190433,0.229321,0.075155,0.842874,1.613937,0.611592,1.946983,0.402700,0.098622,0.093897,0.072667,0.251967,0.270166,0.466729,0.177080,0.125190
1.639585,1.081792,0.467984,0.696443,0.823857,0.667598,0.677950,0.783355,0.487452,1.846704,0.660267,0.921014,0.773933,1.696638,0.649112,0.432829,0.917704,1.846727,0.795330,0.581012,0.608823,0.839650,0.659790,1.186876,0.676228,1.812077,0.462838,0.473316,1.801650,0.533951,1.669426,0.649112,0.665828,1.809105,0.571001,0.000000,0.604140,1.660444,0.755967,0.798699,0.453019,1.134735,0.861313,0.609294,0.640115,0.601645,0.426156,0.504680,0.600019,1.560566,1.376289,0.533951,0.426156,1.717054,0.754987,0.767471,1.676643,0.430052,0.802268,0.525580,0.664189,1.861139,0.519113,1.144539,0.679012,0.596338,0.745269,0.479520,1.640681,0.680976,0.462838,0.680313,0.694858,0.583125,0.576392,0.605338,1.700836,0.621378,0.740466,1.884680,0.723836,1.739902,1.879901,0.771499,0.675683,0.714203,0.612187,0.635333,1.492522,0.447755,1.792815,0.833700,0.569053,0.582878,0.583125,0.716513,0.715632,0.521770,0.674839,0.610793
1.408415,0.708260,0.519551,1.023318,1.168798,1.003664,0.990839,0.363681,0.439857,1.747896,0.958392,1.142992,0.859546,1.659474,0.972888,0.581653,1.076799,1.684790,1.129296,0.914439,0.935033,1.177173,1.003144,1.487546,1.029905,1.610886,0.682808,0.683916,1.618960,0.822881,1.811756,0.972888,1.022443,1.760948,0.901268,0.604140,0.000000,1.416069,1.092856,1.137325,0.616334,0.855743,1.175249,0.943587,0.965647,0.389193,0.606093,0.745167,0.916604,1.374735,1.158296,0.822881,0.606093,1.480408,1.071474,1.114698,1.461159,0.473030,1.122353,0.431228,0.979645,1.718053,0.623694,0.858739,1.005647,0.915322,1.113774,0.272868,1.428685,1.031952,0.682808,1.008415,1.009436,0.907521,0.198489,0.421022,1.458474,0.933496,1.063130,1.762346,1.049780,1.500016,1.744650,1.153795,1.040116,1.072043,0.954262,0.607920,1.456862,0.409899,1.608978,1.189168,0.880299,0.900435,0.907521,1.080356,1.044941,0.675124,1.019955,0.926475
0.268155,1.071642,1.667054,1.897836,1.927115,1.889868,1.889960,1.221623,1.449257,0.860958,1.870365,1.694680,1.710014,1.135771,1.885516,1.711271,1.606372,0.578515,1.916428,1.866830,1.873228,1.920035,1.893634,1.905842,1.906363,0.503603,1.781297,1.745605,0.574728,1.840201,1.590615,1.885516,1.903984,1.008923,1.861698,1.660444,1.416069,0.000000,1.911452,1.922982,1.741015,0.985421,1.937765,1.878670,1.884597,1.415906,1.748482,1.783278,1.858683,0.729990,0.704180,1.840201,1.748482,0.464103,1.896363,1.899758,0.532104,1.681029,1.908471,1.491194,1.880124,0.656876,1.705173,0.978440,1.894299,1.855934,1.929039,1.565930,0.660917,1.905327,1.781297,1.894120,1.884022,1.866124,1.452991,1.397684,0.659468,1.874923,1.905647,0.759758,1.886772,0.503118,0.669205,1.900677,1.910553,1.917122,1.879137,1.553214,1.239087,1.614646,0.586110,1.939338,1.851835,1.862387,1.866124,1.919207,1.906296,1.749820,1.900699,1.866972
1.907326,1.473663,0.753360,0.185442,0.220511,0.155465,0.236882,1.308348,1.056316,1.916449,0.298912,0.897739,0.829164,1.757898,0.221591,0.675203,0.994133,1.967785,0.268017,0.333535,0.305533,0.396546,0.271813,0.678879,0.270467,1.972707,0.523622,0.615259,1.953386,0.391034,1.422732,0.221591,0.261590,1.848893,0.342922,0.755967,1.092856,1.911452,0.000000,0.080634,0.614466,1.555757,0.286432,0.294435,0.278519,1.089788,0.588378,0.517817,0.265068,1.832741,1.661745,0.391034,0.588378,1.928139,0.328758,0.376192,1.909484,0.704053,0.331706,1.019520,0.295213,1.969287,0.687326,1.555179,0.291828,0.313103,0.238479,0.907124,1.867590,0.242770,0.523622,0.332039,0.314473,0.327719,1.060805,1.147605,1.880759,0.283729,0.192458,1.957569,0.323039,1.934859,1.973678,0.356677,0.270498,0.228610,0.311077,0.975578,1.589238,0.824820,1.962996,0.315726,0.354630,0.333752,0.327719,0.238342,0.317916,0.636212,0.255897,0.320930
1.920918,1.505640,0.801734,0.208107,0.195784,0.194331,0.264585,1.347620,1.093817,1.911525,0.332483,0.901226,0.861886,1.755000,0.252473,0.719317,1.002562,1.966795,0.258765,0.367985,0.337577,0.378812,0.293691,0.642942,0.290671,1.975499,0.572524,0.656277,1.953589,0.434370,1.400823,0.252473,0.284163,1.844286,0.378340,0.798699,1.137325,1.922982,0.080634,0.000000,0.662324,1.584035,0.269508,0.329214,0.306517,1.131593,0.636928,0.560719,0.319213,1.849128,1.686269,0.434370,0.636928,1.934462,0.333104,0.356783,1.921987,0.753024,0.323749,1.065013,0.321771,1.967176,0.727109,1.583946,0.311524,0.353792,0.232585,0.955451,1.879326,0.263678,0.572524,0.345901,0.331855,0.365239,1.105804,1.187987,1.886183,0.316903,0.197894,1.952643,0.333323,1.941909,1.969476,0.355433,0.284226,0.239707,0.340637,1.011026,1.597400,0.872188,1.966388,0.300361,0.392944,0.372154,0.365239,0.241567,0.326144,0.680161,0.278404,0.353977
1.732038,1.140221,0.187467,0.540200,0.687306,0.526402,0.499270,0.882795,0.680039,1.891259,0.513692,1.023455,0.554206,1.743501,0.471081,0.291816,1.042833,1.906357,0.660591,0.414902,0.459180,0.725894,0.525786,1.074614,0.522845,1.863912,0.122021,0.330492,1.880437,0.272148,1.641517,0.471081,0.515605,1.860818,0.405222,0.453019,0.616334,1.741015,0.614466,0.662324,0.000000,1.244117,0.690478,0.442318,0.444777,0.636918,0.149136,0.195114,0.454216,1.657524,1.435503,0.272148,0.149136,1.797036,0.625101,0.691346,1.743775,0.295553,0.680618,0.592869,0.482098,1.928229,0.331110,1.218103,0.513737,0.459203,0.625726,0.383015,1.715791,0.539219,0.122021,0.524706,0.564104,0.413653,0.550106,0.701591,1.735995,0.443293,0.593035,1.927543,0.599060,1.784208,1.941945,0.680911,0.540126,0.575270,0.453573,0.636170,1.497429,0.273373,1.864012,0.696976,0.400304,0.408317,0.413653,0.593711,0.557489,0.272000,0.528749,0.448801
0.962745,0.702965,1.169910,1.529375,1.618565,1.508825,1.507510,0.734041,0.884608,1.432990,1.471055,1.350059,1.356595,1.492373,1.491404,1.237065,1.223300,1.261076,1.595433,1.452807,1.463098,1.613808,1.505422,1.791935,1.538026,1.139766,1.305086,1.306382,1.172902,1.396387,1.831087,1.491404,1.528766,1.526360,1.443938,1.134735,0.855743,0.985421,1.555757,1.584035,1.244117,0.000000,1.628450,1.470704,1.485300,0.947952,1.257638,1.336104,1.439688,1.087354,0.906326,1.396387,1.257638,1.002616,1.546284,1.555672,1.082486,1.158499,1.573366,0.945237,1.486636,1.296248,1.208185,0.817694,1.516016,1.437522,1.575135,1.015803,1.118501,1.525462,1.305086,1.504841,1.514172,1.447186,0.924452,0.908694,1.013287,1.466083,1.555102,1.393665,1.517084,1.065278,1.342208,1.552823,1.536669,1.553269,1.480824,0.893457,1.312677,1.102509,1.188693,1.625849,1.422368,1.438860,1.447186,1.559730,1.535732,1.282004,1.518799,1.449512
1.934756,1.531813,0.815696,0.266468,0.200681,0.306147,0.289025,1.381830,1.142205,1.879023,0.459555,0.989643,0.815213,1.707576,0.292628,0.728764,1.106478,1.965449,0.287583,0.404066,0.405877,0.373144,0.362773,0.561139,0.302346,1.974965,0.604510,0.654940,1.961638,0.470183,1.344165,0.292628,0.303073,1.798393,0.415839,0.861313,1.175249,1.937765,0.286432,0.269508,0.690478,1.628450,0.000000,0.379786,0.352376,1.144988,0.671472,0.579459,0.458625,1.825170,1.719220,0.470183,0.671472,1.962328,0.396502,0.412317,1.906351,0.812600,0.373373,1.100573,0.369714,1.966469,0.742763,1.605717,0.354425,0.469787,0.271088,0.983053,1.861273,0.315994,0.604510,0.374278,0.419414,0.417910,1.123432,1.190591,1.902702,0.345882,0.346548,1.929459,0.437799,1.947183,1.958992,0.392960,0.303765,0.279891,0.374774,1.065339,1.562900,0.890901,1.967563,0.279485,0.453410,0.428448,0.417910,0.292250,0.349741,0.655512,0.330083,0.424408
1.874528,1.373869,0.590013,0.201792,0.385394,0.197425,0.172418,1.175700,0.903278,1.933788,0.254714,0.920092,0.769770,1.781520,0.209838,0.501122,0.994940,1.970892,0.286607,0.085515,0.101680,0.395263,0.121682,0.815504,0.136722,1.961580,0.345121,0.455501,1.940193,0.211393,1.529467,0.209838,0.164761,1.881220,0.097982,0.609294,0.943587,1.878670,0.294435,0.329214,0.442318,1.470704,0.379786,0.000000,0.140723,0.941524,0.403890,0.342155,0.237488,1.805592,1.611649,0.211393,0.403890,1.904388,0.290516,0.365318,1.889237,0.540392,0.313082,0.858721,0.176022,1.979233,0.523031,1.476531,0.200398,0.246121,0.246171,0.743899,1.841528,0.118389,0.345121,0.209217,0.254960,0.060643,0.907261,0.997503,1.838275,0.138146,0.251638,1.968985,0.336207,1.911262,1.991277,0.430973,0.156059,0.169350,0.081510,0.868820,1.615808,0.656565,1.952114,0.352233,0.096260,0.064523,0.060643,0.213370,0.232099,0.488165,0.107611,0.085892
