0.000000,0.965527,1.597659,1.852148,1.869652,1.848829,1.842753,1.146566,1.438544,0.834389,1.852015,1.501888,1.638314,1.063669,1.826560,1.639113,1.386910,0.624890,1.889144,1.827835,1.836148,1.877772,1.858989,1.877019,1.868091,0.543179,1.712315,1.673409,0.602535,1.785975,1.512729,1.826560,1.850347,0.927984,1.823092,1.641230,1.362111,0.356306,1.880765,1.893593,1.671162,1.102546,1.885614,1.841259,1.841233,1.382716,1.681567,1.718271,1.833711,0.615114,0.904158,1.785975,1.681567,0.556126,1.882643,1.898648,0.421922,1.631717,1.889488,1.470648,1.831255,0.731366,1.630029,0.933078,1.832154,1.839949,1.896679,1.497661,0.619271,1.868168,1.712315,1.838544,1.867548,1.827234,1.391072,1.306757,0.743857,1.827052,1.884328,0.758355,1.887210,0.475812,0.721717,1.829985,1.870836,1.881056,1.840338,1.491739,1.215103,1.551673,0.622225,1.889239,1.814610,1.824075,1.827234,1.892402,1.848722,1.690512,1.862350,1.833052
0.965527,0.000000,1.121691,1.428035,1.537494,1.426982,1.400537,0.590590,0.877020,1.438109,1.448675,1.137923,1.369433,1.446411,1.411215,1.127836,1.058192,1.257265,1.485994,1.378748,1.390611,1.524340,1.430292,1.722699,1.463406,1.163086,1.227413,1.195006,1.118042,1.328056,1.811359,1.411215,1.444590,1.484091,1.369584,1.184343,0.758223,0.935322,1.508585,1.533393,1.181735,0.910887,1.537335,1.406692,1.416357,0.899602,1.174430,1.265351,1.401765,1.029133,1.059253,1.328056,1.174430,1.015294,1.504033,1.543672,1.101325,1.070339,1.480043,1.008492,1.395810,1.388629,1.103415,0.723865,1.418748,1.404020,1.514992,0.955786,0.978540,1.457982,1.227413,1.427584,1.462417,1.372771,0.847027,0.864042,1.119586,1.368125,1.486209,1.407222,1.508390,1.129655,1.374533,1.471011,1.470928,1.492623,1.402588,1.028326,1.447888,1.037159,1.280568,1.543010,1.350394,1.369222,1.372771,1.503756,1.457814,1.237358,1.442323,1.380957
1.597659,1.121691,0.000000,0.654008,0.786673,0.649414,0.619938,0.795614,0.585665,1.855297,0.687268,1.260521,0.490817,1.685382,0.587647,0.311188,1.307041,1.830771,0.781574,0.578435,0.579923,0.774399,0.637283,1.133233,0.664512,1.757872,0.264305,0.383612,1.785841,0.420479,1.611022,0.587647,0.605305,1.806633,0.570975,0.468134,0.509464,1.546641,0.748660,0.792216,0.174097,1.004041,0.767416,0.581417,0.582322,0.440676,0.239946,0.278115,0.636499,1.557478,1.205666,0.420479,0.239946,1.746131,0.791481,0.837211,1.658332,0.374073,0.770209,0.483699,0.606470,1.883039,0.365812,1.091873,0.587573,0.646375,0.777074,0.280302,1.619382,0.651853,0.264305,0.636047,0.723610,0.561741,0.392228,0.593725,1.717550,0.566229,0.738283,1.877662,0.786521,1.726192,1.891493,0.731364,0.693216,0.691976,0.605905,0.665825,1.374264,0.123464,1.826631,0.745478,0.539219,0.549935,0.561741,0.756752,0.650795,0.349622,0.634445,0.576838
1.852148,1.428035,0.654008,0.000000,0.279175,0.077549,0.087307,1.195373,0.888367,1.907589,0.308175,1.129840,0.789540,1.696849,0.139958,0.537393,1.257282,1.955546,0.234016,0.217010,0.172331,0.307491,0.180660,0.700146,0.192958,1.938467,0.430357,0.476966,1.929992,0.289142,1.473355,0.139958,0.273363,1.860240,0.222161,0.680539,0.972354,1.801825,0.195389,0.220322,0.520984,1.365792,0.294175,0.187918,0.191405,0.905215,0.479936,0.429478,0.270451,1.775183,1.495436,0.289142,0.479936,1.908706,0.337519,0.311701,1.894206,0.586511,0.282871,0.939953,0.234220,1.980757,0.573586,1.471822,0.238813,0.275598,0.263138,0.809122,1.799572,0.191854,0.430357,0.244494,0.310684,0.208802,0.937041,1.024250,1.857443,0.159331,0.235642,1.952514,0.346021,1.914388,1.984298,0.298026,0.214996,0.211186,0.196007,0.861910,1.526760,0.706984,1.963965,0.358311,0.223892,0.214152,0.208802,0.235920,0.264063,0.478324,0.188463,0.197367
1.869652,1.537494,0.786673,0.279175,0.000000,0.291534,0.338185,1.314204,1.035036,1.848570,0.468313,1.202947,0.791424,1.604911,0.258054,0.679687,1.350820,1.942813,0.341613,0.421915,0.382008,0.308000,0.362916,0.526615,0.316781,1.952169,0.599787,0.591964,1.944579,0.461229,1.311948,0.258054,0.369437,1.776683,0.431982,0.828815,1.126884,1.827889,0.251531,0.214408,0.679076,1.453820,0.248643,0.387514,0.374135,1.019810,0.659389,0.568067,0.472760,1.767204,1.533155,0.461229,0.659389,1.946541,0.447751,0.339456,1.893414,0.779870,0.419594,1.072768,0.442230,1.950002,0.742735,1.527745,0.379594,0.478515,0.310644,0.966675,1.788521,0.343601,0.599787,0.376101,0.454936,0.425730,1.069860,1.118784,1.906659,0.390603,0.348961,1.912430,0.439816,1.932150,1.952417,0.342139,0.315080,0.312633,0.387768,1.006266,1.451960,0.850806,1.947246,0.378945,0.453378,0.434956,0.425730,0.301387,0.365472,0.586449,0.356312,0.424479
1.848829,1.426982,0.649414,0.077549,0.291534,0.000000,0.135114,1.193439,0.893678,1.910494,0.285412,1.141937,0.783974,1.706090,0.162497,0.532589,1.265147,1.954663,0.239054,0.229472,0.171181,0.315652,0.176107,0.715085,0.210035,1.934978,0.429503,0.472530,1.928428,0.291238,1.477894,0.162497,0.283929,1.862360,0.234147,0.688366,0.970934,1.801373,0.167638,0.208313,0.519319,1.366372,0.316759,0.198454,0.197827,0.904458,0.477840,0.426283,0.249356,1.781022,1.496865,0.291238,0.477840,1.906297,0.329408,0.317647,1.895094,0.593268,0.274323,0.937649,0.236935,1.979853,0.579130,1.465382,0.239439,0.275304,0.271078,0.806677,1.801154,0.196113,0.429503,0.243820,0.290197,0.219917,0.931782,1.022972,1.856783,0.184528,0.216863,1.952954,0.355765,1.914155,1.982187,0.313675,0.230439,0.216259,0.207882,0.868105,1.534031,0.701419,1.963816,0.362386,0.228762,0.223254,0.219917,0.246502,0.268086,0.492957,0.192545,0.199553
1.842753,1.400537,0.619938,0.087307,0.338185,0.135114,0.000000,1.167626,0.857930,1.915126,0.317069,1.122359,0.776868,1.710209,0.164142,0.514012,1.244201,1.954105,0.250120,0.193669,0.157694,0.335868,0.176800,0.740299,0.202528,1.930704,0.393762,0.464315,1.922612,0.256542,1.499618,0.164142,0.268917,1.871445,0.196635,0.645642,0.934625,1.787598,0.255343,0.281956,0.483254,1.335993,0.315186,0.167701,0.166595,0.874955,0.441396,0.399544,0.266667,1.767401,1.473681,0.256542,0.441396,1.898145,0.357149,0.339069,1.886689,0.542786,0.290415,0.902637,0.198894,1.982505,0.533700,1.453172,0.237037,0.262687,0.290573,0.767936,1.794451,0.192229,0.393762,0.251320,0.321441,0.178859,0.903017,1.000381,1.844792,0.109412,0.262840,1.956421,0.359704,1.905244,1.986292,0.317977,0.230456,0.224277,0.182414,0.831547,1.530204,0.671211,1.961348,0.371066,0.188519,0.181441,0.178859,0.264454,0.272803,0.450285,0.183472,0.168783
1.146566,0.590590,0.795614,1.195373,1.314204,1.193439,1.167626,0.000000,0.472126,1.547180,1.223536,1.113849,1.089216,1.445473,1.157487,0.791329,1.078245,1.482461,1.276200,1.116042,1.141415,1.290781,1.189626,1.550390,1.216517,1.363534,0.934071,0.868226,1.372045,1.058357,1.762255,1.157487,1.187062,1.562318,1.105772,0.833844,0.381948,1.115669,1.303812,1.334589,0.882876,0.713481,1.329247,1.154593,1.175319,0.504756,0.868893,0.956036,1.175901,1.115843,1.054385,1.058357,0.868893,1.286979,1.286138,1.345086,1.242965,0.755313,1.273359,0.652499,1.167157,1.584277,0.770725,0.676523,1.160282,1.169640,1.289310,0.628254,1.189701,1.214899,0.934071,1.179564,1.240474,1.117255,0.477119,0.417106,1.307450,1.121306,1.277266,1.557051,1.291991,1.305335,1.587876,1.225228,1.223470,1.252751,1.144040,0.740233,1.357954,0.696882,1.471737,1.303964,1.095361,1.115857,1.117255,1.275741,1.207143,0.952667,1.197992,1.137459
1.438544,0.877020,0.585665,0.888367,1.035036,0.893678,0.857930,0.472126,0.000000,1.717774,0.931329,1.062643,0.924145,1.557181,0.855104,0.508892,1.086974,1.704916,0.966656,0.784759,0.818705,0.969696,0.869892,1.308493,0.892921,1.594683,0.657686,0.576373,1.615254,0.767326,1.710840,0.855104,0.865235,1.698417,0.774930,0.494843,0.398328,1.384760,1.019698,1.051650,0.629128,0.811241,1.047134,0.829463,0.879062,0.448590,0.593965,0.671743,0.884023,1.346839,1.186613,0.767326,0.593965,1.541120,0.975590,1.060968,1.492550,0.490772,0.962352,0.482675,0.871006,1.780014,0.482255,0.912047,0.833372,0.862848,0.978931,0.498852,1.416245,0.894901,0.657686,0.849683,0.934742,0.787946,0.453317,0.390390,1.527873,0.809446,0.983472,1.748777,0.985057,1.553512,1.786151,0.928312,0.900008,0.935855,0.813814,0.527094,1.383895,0.509752,1.691543,0.986469,0.767075,0.787461,0.787946,0.964426,0.881061,0.697486,0.875995,0.813096
0.834389,1.438109,1.855297,1.907589,1.848570,1.910494,1.915126,1.547180,1.717774,0.000000,1.929288,1.527375,1.806087,0.579767,1.898271,1.839300,1.490354,0.617033,1.901769,1.917442,1.918390,1.874106,1.917343,1.702817,1.904440,0.694839,1.903563,1.834026,0.741356,1.918379,1.180710,1.898271,1.903180,0.469079,1.917844,1.855591,1.737044,0.931220,1.908467,1.895433,1.893191,1.489704,1.888464,1.922011,1.924209,1.714620,1.894401,1.885248,1.936622,0.820660,1.389704,1.918379,1.894401,0.811926,1.909268,1.898271,0.732970,1.876611,1.917351,1.751122,1.928907,0.511904,1.845716,1.333679,1.912661,1.932254,1.891805,1.824664,0.781809,1.915978,1.903563,1.908127,1.922013,1.921170,1.747322,1.629332,0.843220,1.920164,1.913501,0.268227,1.908797,0.674618,0.509225,1.862335,1.895853,1.908047,1.912385,1.782989,1.204634,1.835207,0.532566,1.890960,1.924845,1.925916,1.921170,1.897700,1.906333,1.876680,1.918442,1.928745
1.852015,1.448675,0.687268,0.308175,0.468313,0.285412,0.317069,1.223536,0.931329,1.929288,0.000000,1.167435,0.835142,1.749397,0.369732,0.604111,1.273395,1.956038,0.308666,0.290123,0.273943,0.362989,0.271258,0.776792,0.298135,1.930435,0.475237,0.568413,1.930922,0.358446,1.519364,0.369732,0.347504,1.891747,0.292556,0.695335,0.988325,1.822622,0.297592,0.345607,0.553692,1.334399,0.467811,0.274761,0.290226,0.963823,0.517066,0.494771,0.202985,1.801783,1.524672,0.358446,0.517066,1.894959,0.204816,0.374844,1.899013,0.611726,0.256996,0.941693,0.328454,1.977931,0.621915,1.485614,0.286388,0.254957,0.331794,0.817573,1.818862,0.271031,0.475237,0.281391,0.152579,0.292076,0.963352,1.083986,1.841507,0.292876,0.242150,1.955624,0.300109,1.915029,1.976679,0.413760,0.311790,0.289979,0.286020,0.859235,1.537777,0.739085,1.959397,0.390515,0.297306,0.289732,0.292076,0.324480,0.297902,0.600484,0.271026,0.272728
1.501888,1.137923,1.260521,1.129840,1.202947,1.141937,1.122359,1.113849,1.062643,1.527375,1.167435,0.000000,1.475814,1.399100,1.160504,1.163897,0.265745,1.562368,1.102187,1.122377,1.152032,1.183313,1.158156,1.278555,1.159949,1.501040,1.187934,1.171689,1.466608,1.172480,1.567458,1.160504,1.211399,1.573833,1.118283,1.174531,1.142851,1.443592,1.189702,1.193816,1.208547,1.258738,1.241278,1.154666,1.160864,1.203118,1.174479,1.209757,1.136289,1.421028,1.445348,1.172480,1.174479,1.391108,1.138749,1.154480,1.561886,1.074859,1.134168,1.267951,1.134619,1.633638,1.099988,1.342272,1.183529,1.127441,1.175281,1.211136,1.389073,1.169601,1.187934,1.153803,1.148744,1.127818,1.235748,1.233975,1.375929,1.121431,1.173439,1.563486,1.174847,1.461319,1.614280,1.055025,1.150398,1.185861,1.127742,0.995927,1.627604,1.225451,1.562932,1.246729,1.127009,1.137118,1.127818,1.170757,1.181881,1.248700,1.165616,1.139271
1.638314,1.369433,0.490817,0.789540,0.791424,0.783974,0.776868,1.089216,0.924145,1.806087,0.835142,1.475814,0.000000,1.631304,0.704637,0.667159,1.530422,1.809979,0.898908,0.768975,0.750312,0.811759,0.770811,1.043449,0.769848,1.766628,0.585348,0.668838,1.818334,0.629712,1.391452,0.704637,0.683354,1.709256,0.771074,0.678140,0.862952,1.597792,0.808712,0.836092,0.549113,1.112913,0.775419,0.738136,0.717724,0.755067,0.614915,0.544827,0.806063,1.564081,1.204892,0.629712,0.614915,1.820641,0.901273,0.920326,1.638821,0.747830,0.900843,0.715868,0.754581,1.830750,0.722822,1.193243,0.709570,0.822324,0.845766,0.661688,1.653968,0.760272,0.585348,0.753929,0.858686,0.753860,0.715690,0.842875,1.801285,0.762143,0.847127,1.839446,0.883564,1.754080,1.845763,0.816795,0.794494,0.769124,0.774196,0.934505,1.186736,0.574292,1.797725,0.749021,0.754420,0.744285,0.753860,0.832614,0.732056,0.562584,0.754105,0.764460
1.063669,1.446411,1.685382,1.696849,1.604911,1.706090,1.710209,1.445473,1.557181,0.579767,1.749397,1.399100,1.631304,0.000000,1.676298,1.633191,1.441667,1.010282,1.706795,1.716075,1.718217,1.650560,1.718266,1.464714,1.689326,1.072583,1.712950,1.612342,1.109314,1.719739,0.995313,1.676298,1.686047,0.637678,1.717560,1.683513,1.615310,1.144955,1.706623,1.689665,1.712620,1.425975,1.669343,1.724062,1.727518,1.553998,1.707897,1.691570,1.753532,0.828998,1.402176,1.719739,1.707897,1.178506,1.724821,1.704244,0.976468,1.704000,1.740617,1.613263,1.746939,0.964297,1.648711,1.319700,1.705843,1.745834,1.672199,1.677111,0.869028,1.714539,1.712950,1.699457,1.744618,1.724295,1.612891,1.470759,1.217652,1.717818,1.726038,0.803147,1.712496,1.022880,0.965025,1.622935,1.676119,1.702280,1.707892,1.634421,1.077612,1.673279,0.947321,1.683193,1.736316,1.733693,1.724295,1.678557,1.693747,1.666823,1.717777,1.742084
1.826560,1.411215,0.587647,0.139958,0.258054,0.162497,0.164142,1.157487,0.855104,1.898271,0.369732,1.160504,0.704637,1.676298,0.000000,0.490441,1.284512,1.947435,0.315295,0.241823,0.206227,0.332468,0.232749,0.715226,0.227761,1.927807,0.379261,0.427164,1.925484,0.251599,1.453076,0.000000,0.263243,1.843492,0.246733,0.643070,0.930313,1.775107,0.251097,0.270988,0.463647,1.328350,0.294388,0.213716,0.215951,0.846920,0.435097,0.370868,0.322327,1.744722,1.451211,0.251599,0.435097,1.907623,0.405654,0.365844,1.868300,0.555485,0.361172,0.895539,0.285634,1.975016,0.532250,1.437383,0.242092,0.320069,0.317548,0.757801,1.778291,0.233684,0.379261,0.259827,0.375059,0.232921,0.880733,0.969935,1.861525,0.189293,0.306262,1.945482,0.387909,1.900729,1.978214,0.310771,0.252632,0.251476,0.229406,0.834287,1.480161,0.646665,1.954508,0.372863,0.246401,0.234910,0.232921,0.290849,0.274492,0.401549,0.228448,0.234766
1.639113,1.127836,0.311188,0.537393,0.679687,0.532589,0.514012,0.791329,0.508892,1.839300,0.604111,1.163897,0.667159,1.633191,0.490441,0.000000,1.243447,1.858383,0.659657,0.457935,0.466881,0.659442,0.527255,1.038752,0.549329,1.800361,0.274875,0.125231,1.804028,0.381552,1.601781,0.490441,0.525399,1.789357,0.448851,0.466473,0.568861,1.600017,0.661103,0.698724,0.288112,1.075490,0.687844,0.485179,0.519151,0.476492,0.228510,0.288393,0.561781,1.571564,1.320267,0.381552,0.228510,1.764832,0.694042,0.736315,1.703008,0.359778,0.663611,0.571744,0.548101,1.905183,0.313307,1.125068,0.495202,0.563649,0.653076,0.428551,1.618736,0.554387,0.274875,0.534581,0.633322,0.455298,0.505687,0.579200,1.742097,0.461560,0.640851,1.880598,0.695625,1.762900,1.913594,0.635032,0.567631,0.594408,0.480747,0.654430,1.413666,0.306407,1.850778,0.675368,0.438096,0.455146,0.455298,0.633493,0.561017,0.358132,0.536811,0.481722
1.386910,1.058192,1.307041,1.257282,1.350820,1.265147,1.244201,1.078245,1.086974,1.490354,1.273395,0.265745,1.530422,1.441667,1.284512,1.243447,0.000000,1.463186,1.238427,1.234943,1.266810,1.318596,1.276940,1.431152,1.288463,1.376036,1.265189,1.268339,1.349597,1.272958,1.636937,1.284512,1.333355,1.563581,1.229341,1.225812,1.132755,1.321250,1.317109,1.327351,1.271765,1.186990,1.373613,1.267207,1.273289,1.221893,1.243971,1.291882,1.237363,1.370189,1.363841,1.272958,1.243971,1.246806,1.258195,1.287660,1.465579,1.132808,1.255657,1.277196,1.237372,1.553333,1.173607,1.285589,1.297933,1.230538,1.314481,1.227862,1.335287,1.290652,1.265189,1.272728,1.261184,1.237833,1.239404,1.246237,1.228845,1.237767,1.296071,1.492000,1.293117,1.333300,1.532218,1.190975,1.283900,1.311875,1.245646,1.010796,1.645200,1.262296,1.466676,1.371105,1.229950,1.243110,1.237833,1.307865,1.301360,1.336705,1.284826,1.245227
0.624890,1.257265,1.830771,1.955546,1.942813,1.954663,1.954105,1.482461,1.704916,0.617033,1.956038,1.562368,1.809979,1.010282,1.947435,1.858383,1.463186,0.000000,1.959934,1.952707,1.953947,1.956371,1.959509,1.888888,1.964215,0.512912,1.902693,1.878051,0.403630,1.938114,1.412699,1.947435,1.957505,0.805054,1.951015,1.848909,1.654514,0.742986,1.961310,1.958909,1.877988,1.411980,1.952025,1.958804,1.957630,1.696203,1.884931,1.902731,1.953672,0.842082,1.241789,1.938114,1.884931,0.509809,1.952324,1.962486,0.604029,1.848042,1.957435,1.724425,1.951847,0.435814,1.848277,1.262702,1.957188,1.955452,1.960531,1.758673,0.758488,1.963892,1.902693,1.956167,1.953619,1.952061,1.676493,1.622594,0.703228,1.949914,1.959537,0.475737,1.961628,0.529794,0.344741,1.940010,1.961216,1.966171,1.955997,1.748174,1.321780,1.799016,0.424132,1.961818,1.947356,1.951919,1.952061,1.961890,1.959610,1.886410,1.962698,1.953244
1.889144,1.485994,0.781574,0.234016,0.341613,0.239054,0.250120,1.276200,0.966656,1.901769,0.308666,1.102187,0.898908,1.706795,0.315295,0.659657,1.238427,1.959934,0.000000,0.282353,0.267839,0.259484,0.232408,0.648272,0.225678,1.949699,0.559995,0.598866,1.931025,0.408708,1.454278,0.315295,0.322952,1.855403,0.290975,0.760808,1.073566,1.843266,0.263225,0.264079,0.648644,1.411178,0.346650,0.272218,0.284236,1.022031,0.607616,0.549499,0.328758,1.808866,1.568740,0.408708,0.607616,1.910532,0.263938,0.269132,1.919847,0.687945,0.146114,1.024639,0.321561,1.974553,0.678712,1.528366,0.299546,0.323206,0.217492,0.923757,1.822504,0.223330,0.559995,0.270502,0.256655,0.294208,1.051677,1.123564,1.858691,0.279785,0.224648,1.944392,0.320324,1.930823,1.975286,0.336240,0.217889,0.216323,0.251691,0.913256,1.561478,0.830838,1.964063,0.328166,0.314890,0.304416,0.294208,0.213940,0.285177,0.636137,0.232801,0.279386
1.827835,1.378748,0.578435,0.217010,0.421915,0.229472,0.193669,1.116042,0.784759,1.917442,0.290123,1.122377,0.768975,1.716075,0.241823,0.457935,1.234943,1.952707,0.282353,0.000000,0.144172,0.340499,0.177372,0.789962,0.156956,1.917333,0.351301,0.418672,1.916812,0.228675,1.527193,0.241823,0.238449,1.873353,0.019407,0.553419,0.880202,1.777977,0.346737,0.375377,0.441738,1.260385,0.402527,0.106925,0.201039,0.830758,0.390915,0.363508,0.281762,1.749157,1.464326,0.228675,0.390915,1.885247,0.333169,0.378312,1.865924,0.482424,0.283935,0.830758,0.256920,1.978917,0.477953,1.399599,0.197810,0.260827,0.279092,0.714931,1.787578,0.176874,0.351301,0.202717,0.292532,0.084038,0.854678,0.950560,1.833363,0.151173,0.302513,1.955120,0.345599,1.894946,1.985680,0.351671,0.181277,0.221612,0.054416,0.747009,1.510902,0.626533,1.949245,0.355446,0.114517,0.103006,0.084038,0.255156,0.238156,0.448316,0.167013,0.136241
1.836148,1.390611,0.579923,0.172331,0.382008,0.171181,0.157694,1.141415,0.818705,1.918390,0.273943,1.152032,0.750312,1.718217,0.206227,0.466881,1.266810,1.953947,0.267839,0.144172,0.000000,0.318035,0.082493,0.773381,0.170524,1.920054,0.352474,0.419751,1.920285,0.219419,1.512084,0.206227,0.191953,1.874858,0.150590,0.601042,0.901419,1.790046,0.285173,0.316799,0.445385,1.305276,0.369287,0.093288,0.163825,0.855667,0.397679,0.356102,0.252143,1.765684,1.480733,0.219419,0.397679,1.893406,0.322120,0.366771,1.880544,0.518321,0.264586,0.843684,0.237476,1.983503,0.501819,1.422184,0.185390,0.251232,0.267552,0.730980,1.788645,0.121748,0.352474,0.190724,0.269643,0.114083,0.864288,0.970401,1.839744,0.128614,0.243575,1.956593,0.345489,1.900490,1.986137,0.360675,0.198239,0.174335,0.127299,0.802343,1.526897,0.630434,1.960856,0.311632,0.111596,0.107270,0.114083,0.246630,0.231165,0.452385,0.099868,0.076250
1.877772,1.524340,0.774399,0.307491,0.308000,0.315652,0.335868,1.290781,0.969696,1.874106,0.362989,1.183313,0.811759,1.650560,0.332468,0.659442,1.318596,1.956371,0.259484,0.340499,0.318035,0.000000,0.278601,0.599271,0.244451,1.945472,0.576310,0.585931,1.946970,0.440635,1.371458,0.332468,0.274928,1.810134,0.352357,0.734717,1.094890,1.840491,0.312895,0.311494,0.658129,1.376916,0.342478,0.315875,0.345027,1.017569,0.626760,0.549122,0.398367,1.771094,1.540802,0.440635,0.626760,1.935123,0.312632,0.372375,1.890580,0.725882,0.301428,0.989108,0.399630,1.966275,0.697571,1.498250,0.262175,0.399568,0.227728,0.934307,1.797834,0.249790,0.576310,0.216667,0.327974,0.356078,1.054385,1.103703,1.885955,0.357389,0.313563,1.926704,0.339126,1.930431,1.965358,0.337748,0.226012,0.219432,0.305637,0.924416,1.458769,0.836503,1.954615,0.235438,0.383851,0.364109,0.356078,0.231360,0.184529,0.635707,0.262242,0.352478
1.858989,1.430292,0.637283,0.180660,0.362916,0.176107,0.176800,1.189626,0.869892,1.917343,0.271258,1.158156,0.770811,1.718266,0.232749,0.527255,1.276940,1.959509,0.232408,0.177372,0.082493,0.278601,0.000000,0.736546,0.151367,1.929447,0.415305,0.476922,1.929381,0.274484,1.487043,0.232749,0.174440,1.872976,0.187522,0.635393,0.955890,1.814069,0.264482,0.288511,0.505684,1.336971,0.338085,0.123841,0.177570,0.911900,0.461613,0.412789,0.263578,1.785497,1.506752,0.274484,0.461613,1.906813,0.292815,0.333421,1.897249,0.576319,0.231124,0.882860,0.247188,1.984364,0.562376,1.452662,0.199835,0.263150,0.218046,0.787519,1.805690,0.074503,0.415305,0.188752,0.252160,0.161899,0.919630,1.019945,1.850906,0.173234,0.223276,1.956237,0.320751,1.913426,1.986374,0.353272,0.168695,0.119282,0.145322,0.844848,1.535394,0.690188,1.965932,0.256739,0.171952,0.160961,0.161899,0.202296,0.219055,0.508237,0.053789,0.123649
1.877019,1.722699,1.133233,0.700146,0.526615,0.715085,0.740299,1.550390,1.308493,1.702817,0.776792,1.278555,1.043449,1.464714,0.715226,1.038752,1.431152,1.888888,0.648272,0.789962,0.773381,0.599271,0.736546,0.000000,0.677118,1.911101,0.980087,0.955044,1.922120,0.855855,1.092564,0.715226,0.711856,1.625461,0.800114,1.110689,1.424386,1.857558,0.634789,0.596463,1.046364,1.571406,0.595803,0.763384,0.755400,1.311781,1.032035,0.935174,0.812218,1.748524,1.635867,0.855855,1.032035,1.934141,0.704588,0.623994,1.857987,1.123007,0.714038,1.334895,0.797175,1.840266,1.074538,1.658053,0.745562,0.805146,0.623116,1.289188,1.788966,0.705741,0.980087,0.727606,0.753394,0.800322,1.379861,1.371244,1.882059,0.785936,0.697306,1.789458,0.697351,1.901111,1.853956,0.635501,0.664378,0.660823,0.757510,1.233875,1.356169,1.196131,1.861799,0.629641,0.832029,0.810785,0.800322,0.635535,0.706834,0.954533,0.722262,0.803304
1.868091,1.463406,0.664512,0.192958,0.316781,0.210035,0.202528,1.216517,0.892921,1.904440,0.298135,1.159949,0.769848,1.689326,0.227761,0.549329,1.288463,1.964215,0.225678,0.156956,0.170524,0.244451,0.151367,0.677118,0.000000,1.942901,0.444481,0.489222,1.941813,0.295254,1.447573,0.227761,0.186702,1.848562,0.173828,0.644011,0.992407,1.823945,0.271942,0.282885,0.535340,1.337533,0.312208,0.128587,0.205612,0.927597,0.496651,0.434254,0.316096,1.774943,1.515391,0.295254,0.496651,1.923718,0.302772,0.317680,1.893058,0.608869,0.253090,0.916201,0.282687,1.978597,0.584914,1.459778,0.200741,0.304286,0.168326,0.821342,1.809023,0.111084,0.444481,0.189398,0.285630,0.166449,0.953000,1.034824,1.872268,0.210397,0.252158,1.951446,0.315905,1.924626,1.984584,0.317209,0.063777,0.116071,0.111943,0.852191,1.496141,0.724418,1.959509,0.258152,0.213443,0.184773,0.166449,0.145918,0.198974,0.512120,0.126027,0.195663
0.543179,1.163086,1.757872,1.938467,1.952169,1.934978,1.930704,1.363534,1.594683,0.694839,1.930435,1.501040,1.766628,1.072583,1.927807,1.800361,1.376036,0.512912,1.949699,1.917333,1.920054,1.945472,1.929447,1.911101,1.942901,0.000000,1.846239,1.829596,0.460539,1.896740,1.484498,1.927807,1.927071,0.856656,1.914523,1.752695,1.547708,0.601891,1.951754,1.957015,1.814280,1.241680,1.956337,1.923842,1.927083,1.600234,1.822475,1.846965,1.915163,0.783632,1.134586,1.896740,1.822475,0.417114,1.940811,1.953637,0.542534,1.776773,1.944391,1.587972,1.913990,0.546754,1.772328,1.141474,1.923872,1.916198,1.955432,1.668169,0.709628,1.936852,1.846239,1.924007,1.933113,1.913472,1.580671,1.524648,0.554083,1.920123,1.945642,0.571948,1.943086,0.333412,0.533296,1.911150,1.943448,1.944964,1.924495,1.627969,1.309992,1.719891,0.473641,1.938602,1.903950,1.911069,1.913472,1.954728,1.930968,1.843453,1.932885,1.914080
1.712315,1.227413,0.264305,0.430357,0.599787,0.429503,0.393762,0.934071,0.657686,1.903563,0.475237,1.187934,0.585348,1.712950,0.379261,0.274875,1.265189,1.902693,0.559995,0.351301,0.352474,0.576310,0.415305,0.980087,0.444481,1.846239,0.000000,0.303544,1.860852,0.185164,1.581820,0.379261,0.408888,1.862237,0.343953,0.474803,0.650257,1.663336,0.536988,0.581798,0.107141,1.123957,0.580077,0.353392,0.354825,0.600978,0.091019,0.165392,0.417625,1.661204,1.327228,0.185164,0.091019,1.821883,0.579047,0.623151,1.770767,0.317683,0.550429,0.627755,0.398916,1.946183,0.317030,1.247392,0.377094,0.422746,0.560559,0.432590,1.704923,0.430837,0.000000,0.421675,0.512987,0.332848,0.589173,0.756329,1.779053,0.335567,0.517965,1.932248,0.568339,1.814557,1.951572,0.537340,0.475766,0.476167,0.379378,0.675269,1.452141,0.323238,1.903141,0.560345,0.310880,0.320690,0.332848,0.537189,0.446849,0.282096,0.412870,0.346899
1.673409,1.195006,0.383612,0.476966,0.591964,0.472530,0.464315,0.868226,0.576373,1.834026,0.568413,1.171689,0.668838,1.612342,0.427164,0.125231,1.268339,1.878051,0.598866,0.418672,0.419751,0.585931,0.476922,0.955044,0.489222,1.829596,0.303544,0.000000,1.831692,0.359339,1.552414,0.427164,0.473556,1.773352,0.411594,0.508847,0.670414,1.634621,0.597457,0.629988,0.342286,1.135745,0.619066,0.442587,0.475006,0.547228,0.287999,0.284487,0.538392,1.593901,1.355242,0.359339,0.287999,1.800589,0.647986,0.671214,1.731352,0.430092,0.615672,0.647177,0.513802,1.915594,0.369616,1.170851,0.442865,0.541108,0.587544,0.534135,1.635507,0.501489,0.303544,0.481564,0.592661,0.420906,0.602713,0.636620,1.777987,0.421475,0.584499,1.884771,0.651810,1.794980,1.924279,0.572395,0.504800,0.534463,0.433154,0.700616,1.399981,0.400006,1.869392,0.616170,0.410386,0.424151,0.420906,0.569394,0.505197,0.349120,0.486668,0.447602
0.602535,1.118042,1.785841,1.929992,1.944579,1.928428,1.922612,1.372045,1.615254,0.741356,1.930922,1.466608,1.818334,1.109314,1.925484,1.804028,1.349597,0.403630,1.931025,1.916812,1.920285,1.946970,1.929381,1.922120,1.941813,0.460539,1.860852,1.831692,0.000000,1.903262,1.510780,1.925484,1.936942,0.871302,1.913755,1.783780,1.563274,0.709092,1.947096,1.948950,1.835193,1.343924,1.943376,1.927190,1.928421,1.628453,1.836430,1.863527,1.919397,0.813166,1.242791,1.903262,1.836430,0.359595,1.933409,1.940905,0.600296,1.780476,1.928051,1.642222,1.915322,0.559526,1.789885,1.198737,1.929276,1.918318,1.946042,1.693895,0.750967,1.937932,1.860852,1.928857,1.926927,1.914647,1.603806,1.545304,0.616240,1.913005,1.934574,0.607215,1.943066,0.460499,0.497950,1.924115,1.941105,1.945870,1.923642,1.659274,1.397089,1.744157,0.529309,1.950315,1.906742,1.914293,1.914647,1.945311,1.937252,1.852701,1.934668,1.916003
1.785975,1.328056,0.420479,0.289142,0.461229,0.291238,0.256542,1.058357,0.767326,1.918379,0.358446,1.172480,0.629712,1.719739,0.251599,0.381552,1.272958,1.938114,0.408708,0.228675,0.219419,0.440635,0.274484,0.855855,0.295254,1.896740,0.185164,0.359339,1.903262,0.000000,1.536064,0.251599,0.282077,1.872307,0.226547,0.541308,0.790826,1.737700,0.391752,0.432241,0.275193,1.228349,0.447872,0.211613,0.185821,0.735865,0.257605,0.214205,0.320751,1.723931,1.407055,0.000000,0.257605,1.873178,0.447398,0.469085,1.834460,0.412569,0.407758,0.755706,0.271188,1.969615,0.415159,1.344164,0.255530,0.327215,0.407469,0.591634,1.756729,0.278185,0.185164,0.292740,0.382582,0.209924,0.738502,0.883761,1.824859,0.207146,0.369775,1.951998,0.450950,1.871934,1.974247,0.425984,0.326973,0.320237,0.245026,0.745684,1.484645,0.484416,1.939602,0.428843,0.200224,0.198804,0.209924,0.384568,0.321786,0.330584,0.265090,0.219006
1.512729,1.811359,1.611022,1.473355,1.311948,1.477894,1.499618,1.762255,1.710840,1.180710,1.519364,1.567458,1.391452,0.995313,1.453076,1.601781,1.636937,1.412699,1.454278,1.527193,1.512084,1.371458,1.487043,1.092564,1.447573,1.484498,1.581820,1.552414,1.510780,1.536064,0.000000,1.453076,1.442260,1.033219,1.534474,1.602379,1.767222,1.539593,1.411933,1.389078,1.600709,1.629721,1.339355,1.507653,1.493771,1.657901,1.613740,1.546164,1.528297,1.396894,1.458383,1.536064,1.613740,1.633595,1.475171,1.405637,1.433638,1.683826,1.491808,1.646446,1.513716,1.337443,1.632497,1.627160,1.476655,1.529808,1.403769,1.699879,1.438423,1.465025,1.581820,1.466154,1.508324,1.534558,1.717203,1.645661,1.658296,1.528211,1.466094,1.292015,1.446572,1.470907,1.327344,1.362372,1.436917,1.431423,1.506896,1.636261,1.069411,1.657625,1.391224,1.365360,1.554740,1.539400,1.534558,1.414277,1.437033,1.530910,1.476910,1.537376
1.826560,1.411215,0.587647,0.139958,0.258054,0.162497,0.164142,1.157487,0.855104,1.898271,0.369732,1.160504,0.704637,1.676298,0.000000,0.490441,1.284512,1.947435,0.315295,0.241823,0.206227,0.332468,0.232749,0.715226,0.227761,1.927807,0.379261,0.427164,1.925484,0.251599,1.453076,0.000000,0.263243,1.843492,0.246733,0.643070,0.930313,1.775107,0.251097,0.270988,0.463647,1.328350,0.294388,0.213716,0.215951,0.846920,0.435097,0.370868,0.322327,1.744722,1.451211,0.251599,0.435097,1.907623,0.405654,0.365844,1.868300,0.555485,0.361172,0.895539,0.285634,1.975016,0.532250,1.437383,0.242092,0.320069,0.317548,0.757801,1.778291,0.233684,0.379261,0.259827,0.375059,0.232921,0.880733,0.969935,1.861525,0.189293,0.306262,1.945482,0.387909,1.900729,1.978214,0.310771,0.252632,0.251476,0.229406,0.834287,1.480161,0.646665,1.954508,0.372863,0.246401,0.234910,0.232921,0.290849,0.274492,0.401549,0.228448,0.234766
1.850347,1.444590,0.605305,0.273363,0.369437,0.283929,0.268917,1.187062,0.865235,1.903180,0.347504,1.211399,0.683354,1.686047,0.263243,0.525399,1.333355,1.957505,0.322952,0.238449,0.191953,0.274928,0.174440,0.711856,0.186702,1.927071,0.408888,0.473556,1.936942,0.282077,1.442260,0.263243,0.000000,1.841034,0.250302,0.595690,0.947722,1.812761,0.336662,0.357631,0.487662,1.305302,0.347237,0.190688,0.245618,0.893645,0.460920,0.397411,0.342476,1.750217,1.491885,0.282077,0.460920,1.922353,0.361441,0.402112,1.870521,0.580860,0.330306,0.839198,0.331165,1.974783,0.558205,1.424359,0.206152,0.336707,0.247994,0.764920,1.788320,0.151881,0.408888,0.211706,0.333450,0.235494,0.897075,0.994815,1.872416,0.250992,0.325399,1.949939,0.358761,1.913729,1.979178,0.382182,0.194802,0.162023,0.216722,0.835065,1.453116,0.670511,1.956965,0.190675,0.256257,0.232562,0.235494,0.238171,0.207220,0.466560,0.142226,0.232829
0.927984,1.484091,1.806633,1.860240,1.776683,1.862360,1.871445,1.562318,1.698417,0.469079,1.891747,1.573833,1.709256,0.637678,1.843492,1.789357,1.563581,0.805054,1.855403,1.873353,1.874858,1.810134,1.872976,1.625461,1.848562,0.856656,1.862237,1.773352,0.871302,1.872307,1.033219,1.843492,1.841034,0.000000,1.874861,1.788694,1.735306,1.013572,1.852254,1.841222,1.852488,1.477331,1.815069,1.876748,1.882205,1.673380,1.858226,1.831835,1.899398,0.774742,1.374088,1.872307,1.858226,0.995154,1.876262,1.848986,0.751299,1.856260,1.882488,1.708438,1.888467,0.634975,1.817177,1.296234,1.851217,1.901097,1.834166,1.801989,0.812867,1.867713,1.862237,1.854682,1.885607,1.880019,1.720906,1.574023,1.137678,1.878266,1.871183,0.604530,1.874185,0.897309,0.655787,1.804748,1.839594,1.855349,1.866853,1.748689,1.034583,1.799318,0.676216,1.824762,1.888397,1.885569,1.880019,1.838522,1.842408,1.808294,1.871066,1.892707
1.823092,1.369584,0.570975,0.222161,0.431982,0.234147,0.196635,1.105772,0.774930,1.917844,0.292556,1.118283,0.771074,1.717560,0.246733,0.448851,1.229341,1.951015,0.290975,0.019407,0.150590,0.352357,0.187522,0.800114,0.173828,1.914523,0.343953,0.411594,1.913755,0.226547,1.534474,0.246733,0.250302,1.874861,0.000000,0.547570,0.869435,1.772527,0.355330,0.385255,0.433795,1.253894,0.410866,0.119787,0.206590,0.820234,0.381503,0.358616,0.281733,1.746108,1.458951,0.226547,0.381503,1.881029,0.340113,0.385036,1.862872,0.470630,0.291852,0.823906,0.258802,1.978381,0.468957,1.393428,0.204124,0.260599,0.293140,0.705182,1.784648,0.191340,0.343953,0.212024,0.297806,0.091012,0.845559,0.941958,1.829492,0.149293,0.310229,1.954756,0.351459,1.891718,1.985227,0.356063,0.197585,0.236834,0.071192,0.737822,1.511891,0.617552,1.947755,0.369207,0.114443,0.107978,0.091012,0.269156,0.247803,0.442178,0.179762,0.140603
1.641230,1.184343,0.468134,0.680539,0.828815,0.688366,0.645642,0.833844,0.494843,1.855591,0.695335,1.174531,0.678140,1.683513,0.643070,0.466473,1.225812,1.848909,0.760808,0.553419,0.601042,0.734717,0.635393,1.110689,0.644011,1.752695,0.474803,0.508847,1.783780,0.541308,1.602379,0.643070,0.595690,1.788694,0.547570,0.000000,0.605534,1.587218,0.792051,0.833031,0.463280,0.923188,0.787360,0.587908,0.639505,0.588437,0.447321,0.487512,0.654176,1.540047,1.246978,0.541308,0.447321,1.741997,0.748386,0.831415,1.658546,0.408698,0.750302,0.454850,0.634271,1.890880,0.440648,1.115186,0.586609,0.628157,0.732674,0.497238,1.639421,0.642913,0.474803,0.614843,0.709001,0.562863,0.588250,0.654276,1.720335,0.594974,0.771842,1.883461,0.729265,1.735388,1.901234,0.703695,0.656025,0.678094,0.583361,0.509454,1.332167,0.482112,1.826452,0.699102,0.556279,0.560423,0.562863,0.718682,0.620371,0.512253,0.626017,0.594208
1.362111,0.758223,0.509464,0.972354,1.126884,0.970934,0.934625,0.381948,0.398328,1.737044,0.988325,1.142851,0.862952,1.615310,0.930313,0.568861,1.132755,1.654514,1.073566,0.880202,0.901419,1.094890,0.955890,1.424386,0.992407,1.547708,0.650257,0.670414,1.563274,0.790826,1.767222,0.930313,0.947722,1.735306,0.869435,0.605534,0.000000,1.325726,1.082284,1.121665,0.587710,0.780233,1.118772,0.909186,0.927799,0.377055,0.581928,0.703074,0.928086,1.337958,1.114779,0.790826,0.581928,1.488019,1.072772,1.140163,1.448722,0.464657,1.057585,0.471956,0.926893,1.744515,0.532042,0.863274,0.925917,0.924591,1.082257,0.285563,1.401154,0.980292,0.650257,0.953262,1.015943,0.871882,0.204670,0.447482,1.479445,0.878512,1.054334,1.739761,1.070284,1.502939,1.748484,1.037957,1.008756,1.025695,0.914240,0.593153,1.411541,0.403605,1.654368,1.085354,0.845440,0.864604,0.871882,1.065034,0.981793,0.695527,0.960345,0.888891
0.356306,0.935322,1.546641,1.801825,1.827889,1.801373,1.787598,1.115669,1.384760,0.931220,1.822622,1.443592,1.597792,1.144955,1.775107,1.600017,1.321250,0.742986,1.843266,1.777977,1.790046,1.840491,1.814069,1.857558,1.823945,0.601891,1.663336,1.634621,0.709092,1.737700,1.539593,1.775107,1.812761,1.013572,1.772527,1.587218,1.325726,0.000000,1.841771,1.853590,1.619805,1.062212,1.833595,1.794109,1.791071,1.312859,1.633646,1.664402,1.797634,0.703541,0.721354,1.737700,1.633646,0.625087,1.853948,1.853052,0.574285,1.581729,1.852017,1.422259,1.773676,0.841730,1.576735,0.899636,1.789049,1.801478,1.863126,1.457581,0.687584,1.825552,1.663336,1.796707,1.834779,1.776800,1.354495,1.267777,0.765336,1.775113,1.845222,0.859923,1.852816,0.562366,0.840088,1.769393,1.829134,1.840754,1.791971,1.435784,1.247997,1.502545,0.718377,1.852868,1.762367,1.773399,1.776800,1.855900,1.806592,1.633781,1.818457,1.782445
1.880765,1.508585,0.748660,0.195389,0.251531,0.167638,0.255343,1.303812,1.019698,1.908467,0.297592,1.189702,0.808712,1.706623,0.251097,0.661103,1.317109,1.961310,0.263225,0.346737,0.285173,0.312895,0.264482,0.634789,0.271942,1.951754,0.536988,0.597457,1.947096,0.391752,1.411933,0.251097,0.336662,1.852254,0.355330,0.792051,1.082284,1.841771,0.000000,0.088100,0.621300,1.435702,0.297857,0.295779,0.278450,1.017229,0.594293,0.533895,0.288583,1.812964,1.539324,0.391752,0.594293,1.933152,0.319514,0.296087,1.918355,0.712377,0.293439,1.037512,0.323848,1.974655,0.698632,1.544167,0.306121,0.326458,0.280192,0.909313,1.828049,0.258057,0.536988,0.299970,0.304454,0.333526,1.037317,1.135982,1.884370,0.306607,0.203231,1.951745,0.339796,1.935907,1.975109,0.337140,0.288596,0.247771,0.319062,0.961911,1.527117,0.810107,1.970436,0.355019,0.349923,0.333812,0.333526,0.265158,0.303459,0.585485,0.266568,0.308210
1.893593,1.533393,0.792216,0.220322,0.214408,0.208313,0.281956,1.334589,1.051650,1.895433,0.345607,1.193816,0.836092,1.689665,0.270988,0.698724,1.327351,1.958909,0.264079,0.375377,0.316799,0.311494,0.288511,0.596463,0.282885,1.957015,0.581798,0.629988,1.948950,0.432241,1.389078,0.270988,0.357631,1.841222,0.385255,0.833031,1.121665,1.853590,0.088100,0.000000,0.666818,1.466848,0.281127,0.325256,0.311256,1.054073,0.640086,0.573159,0.355022,1.820090,1.561555,0.432241,0.640086,1.939179,0.335127,0.282009,1.926497,0.756036,0.301956,1.079812,0.367768,1.968870,0.736083,1.568885,0.338539,0.376236,0.273664,0.954411,1.831373,0.277747,0.581798,0.326555,0.333900,0.363615,1.076246,1.167066,1.887876,0.338134,0.205591,1.941953,0.354561,1.940806,1.969762,0.356576,0.295355,0.257148,0.342473,1.004713,1.535088,0.852481,1.967842,0.358640,0.384592,0.367478,0.363615,0.262544,0.330110,0.619204,0.289947,0.341352
1.671162,1.181735,0.174097,0.520984,0.679076,0.519319,0.483254,0.882876,0.629128,1.893191,0.553692,1.208547,0.549113,1.712620,0.463647,0.288112,1.271765,1.877988,0.648644,0.441738,0.445385,0.658129,0.505684,1.046364,0.535340,1.814280,0.107141,0.342286,1.835193,0.275193,1.600709,0.463647,0.487662,1.852488,0.433795,0.463280,0.587710,1.619805,0.621300,0.666818,0.000000,1.073503,0.655173,0.445097,0.442994,0.543938,0.113545,0.199524,0.498442,1.627923,1.276328,0.275193,0.113545,1.793065,0.658445,0.706360,1.732547,0.310532,0.636294,0.571577,0.475556,1.926026,0.322438,1.195363,0.460488,0.505825,0.650658,0.354532,1.676057,0.520415,0.107141,0.506381,0.592138,0.424099,0.514257,0.707034,1.754031,0.425849,0.606149,1.917128,0.650916,1.782385,1.932200,0.611813,0.566320,0.564452,0.471682,0.656007,1.428809,0.240740,1.877418,0.634691,0.400650,0.410850,0.424099,0.628536,0.527460,0.294027,0.502001,0.436951
1.102546,0.910887,1.004041,1.365792,1.453820,1.366372,1.335993,0.713481,0.811241,1.489704,1.334399,1.258738,1.112913,1.425975,1.328350,1.075490,1.186990,1.411980,1.411178,1.260385,1.305276,1.376916,1.336971,1.571406,1.337533,1.241680,1.123957,1.135745,1.343924,1.228349,1.629721,1.328350,1.305302,1.477331,1.253894,0.923188,0.780233,1.062212,1.435702,1.466848,1.073503,0.000000,1.446795,1.293019,1.319442,0.849473,1.082863,1.138764,1.306377,1.021243,0.895221,1.228349,1.082863,1.264782,1.379826,1.468598,1.106043,0.996985,1.403295,0.778993,1.307351,1.480922,1.013558,0.750039,1.274663,1.302281,1.397729,0.872855,1.188160,1.340634,1.123957,1.289445,1.353166,1.267309,0.821897,0.801710,1.290147,1.294623,1.413553,1.487027,1.382926,1.232154,1.495971,1.306653,1.345222,1.366727,1.286989,0.779504,1.080763,0.958399,1.352456,1.370943,1.257464,1.265158,1.267309,1.388659,1.294618,1.163614,1.330624,1.293079
1.885614,1.537335,0.767416,0.294175,0.248643,0.316759,0.315186,1.329247,1.047134,1.888464,0.467811,1.241278,0.775419,1.669343,0.294388,0.687844,1.373613,1.952025,0.346650,0.402527,0.369287,0.342478,0.338085,0.595803,0.312208,1.956337,0.580077,0.619066,1.943376,0.447872,1.339355,0.294388,0.347237,1.815069,0.410866,0.787360,1.118772,1.833595,0.297857,0.281127,0.655173,1.446795,0.000000,0.371504,0.355261,1.018089,0.636784,0.559678,0.452675,1.794673,1.513055,0.447872,0.636784,1.952688,0.461157,0.335776,1.907503,0.763751,0.407381,1.031373,0.416954,1.963013,0.741563,1.543880,0.383036,0.442017,0.310993,0.939519,1.827451,0.323754,0.580077,0.390726,0.462973,0.406268,1.064541,1.132494,1.912909,0.352510,0.372010,1.940504,0.400106,1.939949,1.964548,0.366713,0.322767,0.298397,0.376588,0.998410,1.469680,0.838373,1.959633,0.344186,0.433346,0.412993,0.406268,0.301927,0.367027,0.554496,0.330652,0.401222
1.841259,1.406692,0.581417,0.187918,0.387514,0.198454,0.167701,1.154593,0.829463,1.922011,0.274761,1.154666,0.738136,1.724062,0.213716,0.485179,1.267207,1.958804,0.272218,0.106925,0.093288,0.315875,0.123841,0.763384,0.128587,1.923842,0.353392,0.442587,1.927190,0.211613,1.507653,0.213716,0.190688,1.876748,0.119787,0.587908,0.909186,1.794109,0.295779,0.325256,0.445097,1.293019,0.371504,0.000000,0.153151,0.863325,0.404123,0.357952,0.261542,1.768480,1.476773,0.211613,0.404123,1.899358,0.322946,0.366675,1.879919,0.519876,0.270075,0.849495,0.228419,1.982936,0.508257,1.425319,0.180610,0.254497,0.262567,0.732792,1.799457,0.113030,0.353392,0.184296,0.277943,0.068637,0.872110,0.981917,1.843019,0.145231,0.260872,1.959292,0.340790,1.903437,1.988422,0.355658,0.169676,0.164636,0.086981,0.791940,1.516298,0.637108,1.958889,0.309191,0.099022,0.068109,0.068637,0.239120,0.217940,0.454031,0.105180,0.086390
