0.000000,1.043077,1.591447,1.860609,1.895769,1.857848,1.850227,1.154754,1.430270,0.855820,1.844715,1.553325,1.608948,1.117194,1.847590,1.658741,1.445031,0.718662,1.886503,1.830882,1.830870,1.893887,1.852031,1.898599,1.867404,0.526151,1.722232,1.701921,0.617253,1.785660,1.703072,1.847590,1.855972,1.002173,1.826483,1.613877,1.365524,0.525052,1.887116,1.894322,1.671863,0.946168,1.902482,1.836311,1.833264,1.394629,1.693745,1.713202,1.831813,0.703302,0.877823,1.785660,1.693745,0.556886,1.868370,1.890279,0.559168,1.617373,1.878063,1.430066,1.829290,0.754471,1.611700,0.999679,1.862302,1.834961,1.893439,1.501238,0.649100,1.864107,1.722232,1.855200,1.853410,1.826381,1.377460,1.352275,0.727908,1.837939,1.874808,0.794219,1.876182,0.559737,0.752898,1.867794,1.870625,1.877024,1.841794,1.462856,1.134918,1.542794,0.664264,1.904147,1.812062,1.821726,1.826381,1.881794,1.874137,1.705037,1.857764,1.826565
1.043077,0.000000,1.052870,1.467798,1.565656,1.461618,1.454268,0.686525,0.915290,1.391508,1.403727,1.289225,1.220811,1.381355,1.431781,1.133924,1.214740,1.336186,1.539746,1.400058,1.399995,1.528657,1.450228,1.766862,1.473715,1.201611,1.201387,1.216299,1.294477,1.310491,1.817005,1.431781,1.456826,1.512045,1.391325,1.143876,0.763370,1.027485,1.521422,1.548102,1.134486,0.762420,1.576336,1.417034,1.416301,0.849604,1.154528,1.241957,1.401946,1.086928,1.030919,1.310491,1.154528,1.102003,1.462389,1.519839,1.127188,1.066789,1.511057,0.956290,1.435223,1.361600,1.132438,0.807984,1.453150,1.420662,1.527653,0.908923,1.066151,1.474247,1.201387,1.441041,1.430327,1.389843,0.807585,0.889897,1.119510,1.418107,1.480751,1.392406,1.516441,1.118908,1.405496,1.545698,1.477534,1.500698,1.423728,1.002690,1.232116,0.982093,1.305119,1.573221,1.370005,1.385750,1.389843,1.505594,1.469920,1.203623,1.466212,1.398986
1.591447,1.052870,0.000000,0.696445,0.842071,0.694464,0.663461,0.735841,0.507958,1.852487,0.687450,1.083184,0.501161,1.706104,0.630113,0.342610,1.092339,1.855544,0.832765,0.594182,0.612299,0.848829,0.680174,1.214949,0.694514,1.767155,0.286184,0.423676,1.809107,0.436638,1.614136,0.630113,0.657708,1.819702,0.583708,0.428369,0.460079,1.639337,0.791817,0.829167,0.181309,1.068345,0.850113,0.611236,0.600140,0.466135,0.262675,0.313489,0.651095,1.487145,1.238868,0.436638,0.262675,1.715889,0.768365,0.838871,1.619177,0.268847,0.815749,0.393216,0.632185,1.875434,0.431146,1.150410,0.667918,0.671694,0.794055,0.253677,1.625113,0.699952,0.286184,0.670487,0.720803,0.587185,0.400082,0.551856,1.674043,0.612434,0.759854,1.876623,0.823945,1.692915,1.895216,0.800944,0.706905,0.736761,0.630401,0.560927,1.446719,0.136542,1.819627,0.848008,0.565349,0.577238,0.587185,0.757022,0.708746,0.343679,0.685847,0.608532
1.860609,1.467798,0.696445,0.000000,0.251151,0.084554,0.076123,1.230355,0.911097,1.931522,0.317804,1.000105,0.798261,1.762684,0.137315,0.577316,1.110648,1.977554,0.224445,0.210706,0.206902,0.369494,0.183433,0.739516,0.170367,1.960562,0.464851,0.504726,1.945839,0.328059,1.359819,0.137315,0.192076,1.856657,0.220254,0.683480,1.012435,1.876521,0.199007,0.216466,0.573154,1.463560,0.285465,0.195619,0.220275,0.993385,0.514698,0.435441,0.281506,1.754391,1.542087,0.328059,0.514698,1.916773,0.344586,0.309391,1.876567,0.637402,0.265698,0.904394,0.223551,1.970320,0.655945,1.553098,0.249400,0.295862,0.209264,0.846050,1.870618,0.174939,0.464851,0.266118,0.327608,0.217692,0.990748,1.025545,1.857426,0.138849,0.239155,1.959234,0.357680,1.920261,1.983350,0.328077,0.175598,0.176918,0.188549,0.913173,1.639714,0.757845,1.959006,0.289284,0.251109,0.230326,0.217692,0.197968,0.286256,0.538068,0.179729,0.227011
1.895769,1.565656,0.842071,0.251151,0.000000,0.256940,0.296652,1.358916,1.071428,1.903282,0.441257,1.085212,0.832301,1.721018,0.264822,0.728908,1.211608,1.962603,0.274712,0.392797,0.394415,0.374325,0.349531,0.555711,0.291418,1.974885,0.635004,0.637937,1.954092,0.501574,1.211023,0.264822,0.302464,1.795354,0.402738,0.823073,1.162243,1.917693,0.209101,0.194034,0.733786,1.578730,0.201392,0.376211,0.398366,1.119055,0.688537,0.603981,0.399430,1.770487,1.608590,0.501574,0.688537,1.957112,0.436658,0.363795,1.888096,0.810351,0.365474,1.051550,0.411381,1.955965,0.806520,1.597001,0.338094,0.404776,0.250034,0.996810,1.881458,0.313921,0.635004,0.379563,0.445034,0.408929,1.130094,1.144698,1.912129,0.345069,0.331214,1.940547,0.373354,1.951973,1.959301,0.298285,0.290242,0.274891,0.366456,1.066006,1.599994,0.911770,1.949049,0.275016,0.446528,0.420288,0.408929,0.269427,0.359538,0.647793,0.327915,0.420228
1.857848,1.461618,0.694464,0.084554,0.256940,0.000000,0.135126,1.222016,0.908533,1.932510,0.300093,1.003597,0.795244,1.767344,0.143612,0.574582,1.109669,1.975569,0.251177,0.223234,0.212036,0.386848,0.188030,0.751789,0.195234,1.960009,0.466473,0.504115,1.946153,0.336000,1.363889,0.143612,0.211498,1.859445,0.231163,0.672515,1.007303,1.874366,0.161603,0.194775,0.573682,1.455250,0.297946,0.214411,0.235918,0.988619,0.513280,0.441431,0.231722,1.753168,1.531557,0.336000,0.513280,1.913550,0.347894,0.317252,1.872912,0.634863,0.285055,0.894430,0.240101,1.970149,0.651502,1.540090,0.252867,0.253225,0.220120,0.842472,1.874992,0.194789,0.466473,0.281278,0.323166,0.231660,0.986273,1.015880,1.855415,0.168859,0.226881,1.958413,0.328707,1.917948,1.982325,0.331858,0.195513,0.197210,0.202947,0.912247,1.640935,0.755278,1.956189,0.308523,0.260924,0.244052,0.231660,0.204666,0.300298,0.545869,0.198850,0.238328
1.850227,1.454268,0.663461,0.076123,0.296652,0.135126,0.000000,1.208660,0.883064,1.936170,0.322171,1.014166,0.786177,1.767915,0.144828,0.548839,1.119187,1.978042,0.246849,0.187764,0.179701,0.368515,0.168907,0.768007,0.167055,1.954761,0.426455,0.479740,1.945092,0.289385,1.379039,0.144828,0.175908,1.866010,0.196516,0.669170,0.984499,1.868766,0.248307,0.264864,0.536358,1.446675,0.306000,0.165104,0.184953,0.962686,0.478539,0.395906,0.288374,1.751585,1.529163,0.289385,0.478539,1.912553,0.354891,0.322180,1.872205,0.605055,0.280599,0.874765,0.184634,1.972617,0.628198,1.541094,0.236075,0.296863,0.232156,0.814075,1.865623,0.167376,0.426455,0.242389,0.337714,0.187714,0.963810,0.999693,1.850863,0.088379,0.266983,1.962855,0.372063,1.912940,1.985907,0.350427,0.176879,0.181361,0.168788,0.892995,1.639479,0.726353,1.959947,0.303363,0.217889,0.197511,0.187714,0.216722,0.269660,0.502972,0.166306,0.195807
1.154754,0.686525,0.735841,1.230355,1.358916,1.222016,1.208660,0.000000,0.490748,1.550075,1.208819,1.150561,0.989574,1.484060,1.193456,0.778361,1.086297,1.547898,1.324861,1.143224,1.140482,1.342913,1.199544,1.629985,1.235371,1.391347,0.922406,0.872382,1.435279,1.048798,1.811318,1.193456,1.212711,1.603735,1.133359,0.831132,0.376499,1.223759,1.319411,1.348120,0.848745,0.662122,1.379028,1.165748,1.165039,0.471356,0.856391,0.938141,1.190017,1.136468,1.059833,1.048798,0.856391,1.288567,1.283891,1.312289,1.258754,0.746117,1.304313,0.588083,1.176401,1.549806,0.788977,0.833799,1.236670,1.207779,1.307265,0.588301,1.232321,1.236167,0.922406,1.221653,1.236673,1.137321,0.400689,0.427069,1.294861,1.166994,1.276701,1.570367,1.331433,1.298658,1.590560,1.326876,1.234835,1.270085,1.168358,0.704927,1.290049,0.627060,1.474310,1.376360,1.109686,1.132406,1.137321,1.275049,1.265637,0.939223,1.221809,1.146125
1.430270,0.915290,0.507958,0.911097,1.071428,0.908533,0.883064,0.490748,0.000000,1.727654,0.899818,0.982762,0.847953,1.608151,0.884184,0.509720,0.965355,1.747696,1.013970,0.815227,0.810156,1.049060,0.872067,1.402294,0.919495,1.633379,0.629357,0.595548,1.660163,0.736355,1.747958,0.884184,0.890110,1.754910,0.803776,0.525642,0.399102,1.486470,1.023199,1.052363,0.580257,0.842801,1.086519,0.840894,0.843310,0.454849,0.572648,0.629916,0.890191,1.369938,1.231180,0.736355,0.572648,1.532661,0.983480,1.006319,1.517315,0.499671,0.990237,0.439018,0.855850,1.746716,0.500845,1.108548,0.932710,0.907269,0.993046,0.455519,1.482474,0.912440,0.629357,0.908939,0.927558,0.812927,0.389268,0.381179,1.492503,0.835442,0.968487,1.750572,1.041834,1.544553,1.782000,1.020731,0.913338,0.949790,0.841750,0.532398,1.446997,0.409391,1.694254,1.068899,0.782460,0.807655,0.812927,0.957034,0.964890,0.679613,0.898011,0.817682
0.855820,1.391508,1.852487,1.931522,1.903282,1.932510,1.936170,1.550075,1.727654,0.000000,1.947618,1.662461,1.796890,0.547029,1.938946,1.852873,1.636987,0.532316,1.912050,1.938646,1.936621,1.901570,1.936591,1.746500,1.930512,0.591668,1.918462,1.859781,0.599549,1.940183,1.343759,1.938946,1.928846,0.482812,1.938418,1.828211,1.718765,0.795959,1.928932,1.928090,1.900111,1.425462,1.907426,1.942962,1.951228,1.706098,1.902394,1.912588,1.946000,0.857777,1.376913,1.940183,1.902394,0.758193,1.935860,1.911990,0.734870,1.879641,1.922757,1.756261,1.949916,0.399082,1.857520,1.280866,1.939433,1.945828,1.925745,1.803669,0.709232,1.937562,1.918462,1.937835,1.938241,1.942275,1.718347,1.655027,0.819829,1.938454,1.938820,0.245684,1.930697,0.677822,0.434527,1.897113,1.927423,1.933067,1.936476,1.791605,1.062954,1.823949,0.505835,1.922961,1.943619,1.944841,1.942275,1.929402,1.935161,1.880738,1.937050,1.946257
1.844715,1.403727,0.687450,0.317804,0.441257,0.300093,0.322171,1.208819,0.899818,1.947618,0.000000,0.993757,0.842194,1.812483,0.311996,0.622920,1.076688,1.959325,0.355661,0.291566,0.278196,0.440528,0.278995,0.863866,0.309118,1.946391,0.454601,0.584055,1.932123,0.333234,1.460476,0.311996,0.306548,1.907265,0.292739,0.692563,0.978069,1.854770,0.320648,0.335500,0.547570,1.439179,0.477094,0.278437,0.260971,0.993760,0.508814,0.468044,0.235278,1.781832,1.509543,0.333234,0.508814,1.881416,0.209298,0.401825,1.885327,0.596168,0.310994,0.895347,0.303618,1.964171,0.673657,1.535659,0.313177,0.249305,0.326643,0.818548,1.873191,0.287988,0.454601,0.320389,0.181165,0.279374,0.974681,1.048628,1.812633,0.297796,0.208492,1.957606,0.309920,1.898918,1.981345,0.456428,0.306483,0.303512,0.285252,0.897710,1.681569,0.746526,1.947025,0.388246,0.287632,0.281370,0.279374,0.303140,0.343179,0.596509,0.297662,0.272228
1.553325,1.289225,1.083184,1.000105,1.085212,1.003597,1.014166,1.150561,0.982762,1.662461,0.993757,0.000000,1.261075,1.589097,1.036344,1.033114,0.263009,1.701367,1.001676,0.997433,0.992775,1.139118,0.996509,1.293633,1.029082,1.646637,1.028146,1.035810,1.574973,1.006476,1.646354,1.036344,1.048214,1.665667,0.995094,0.918487,1.112251,1.611179,1.049692,1.046015,1.045661,1.172430,1.149027,1.013532,1.000535,1.201464,1.025756,1.032287,1.049215,1.447106,1.468585,1.006476,1.025756,1.521092,0.975943,1.026160,1.642686,1.024525,0.961682,1.107197,1.015413,1.660892,1.004738,1.556134,1.111502,1.070578,1.006647,1.098167,1.557781,1.012300,1.028146,1.082253,0.945416,1.001239,1.125736,1.191869,1.496893,1.015336,0.983182,1.661336,1.114384,1.642028,1.690204,0.995679,1.014631,1.025956,1.003902,0.915151,1.621349,1.062303,1.643124,1.083256,0.997652,1.005973,1.001239,0.999065,1.127366,1.153422,1.008691,0.996306
1.608948,1.220811,0.501161,0.798261,0.832301,0.795244,0.786177,0.989574,0.847953,1.796890,0.842194,1.261075,0.000000,1.648944,0.727057,0.684875,1.270770,1.830957,0.920633,0.763561,0.802655,0.920075,0.834615,1.078014,0.801995,1.762596,0.611072,0.699500,1.809975,0.674091,1.420020,0.727057,0.758614,1.684732,0.760251,0.605864,0.778754,1.693271,0.833795,0.866602,0.567979,1.227181,0.828009,0.773375,0.777214,0.764603,0.627462,0.607532,0.780788,1.446707,1.264337,0.674091,0.627462,1.776092,0.884046,0.954688,1.564150,0.643519,0.931476,0.682893,0.801204,1.847693,0.748222,1.196961,0.744090,0.785916,0.873207,0.621949,1.616773,0.824267,0.611072,0.790423,0.859012,0.771256,0.681338,0.781960,1.741581,0.765995,0.862798,1.830467,0.873550,1.708896,1.843002,0.819881,0.822694,0.835919,0.788496,0.829215,1.320717,0.571414,1.781589,0.883336,0.774892,0.765128,0.771256,0.851254,0.787856,0.511675,0.817644,0.802133
1.117194,1.381355,1.706104,1.762684,1.721018,1.767344,1.767915,1.484060,1.608151,0.547029,1.812483,1.589097,1.648944,0.000000,1.772111,1.679691,1.625498,0.923629,1.744419,1.778419,1.774760,1.729176,1.774777,1.567722,1.756560,0.986318,1.762238,1.674313,0.990352,1.778921,1.181322,1.772111,1.750502,0.605464,1.778583,1.681056,1.626483,1.082663,1.767590,1.768823,1.752677,1.486854,1.734706,1.782972,1.799864,1.579380,1.746994,1.755186,1.798298,0.903321,1.500051,1.778921,1.746994,1.113324,1.797492,1.746168,0.963658,1.751204,1.767691,1.627937,1.807770,0.844942,1.714611,1.225791,1.777623,1.798275,1.756962,1.679621,0.912031,1.774544,1.762238,1.776860,1.796817,1.783072,1.609010,1.512870,1.169043,1.770932,1.791786,0.753656,1.785002,1.017947,0.866087,1.725558,1.752325,1.766652,1.774372,1.727660,0.981973,1.686811,0.883323,1.759472,1.792779,1.790011,1.783072,1.763754,1.770563,1.700371,1.773296,1.797535
1.847590,1.431781,0.630113,0.137315,0.264822,0.143612,0.144828,1.193456,0.884184,1.938946,0.311996,1.036344,0.727057,1.772111,0.000000,0.528749,1.135511,1.974067,0.305001,0.194907,0.206671,0.392264,0.211523,0.774187,0.190185,1.955110,0.400702,0.461729,1.947386,0.271478,1.376628,0.000000,0.187028,1.865061,0.199812,0.650661,0.960423,1.869266,0.234308,0.257752,0.505256,1.440811,0.303529,0.187237,0.201635,0.934144,0.455018,0.381882,0.252083,1.742009,1.517844,0.271478,0.455018,1.916469,0.373062,0.356374,1.860966,0.580343,0.338804,0.858954,0.231359,1.974485,0.607278,1.510648,0.227285,0.272724,0.250995,0.782965,1.858181,0.202656,0.400702,0.253879,0.352520,0.202523,0.935355,0.982108,1.857720,0.147947,0.276436,1.965603,0.363010,1.911890,1.986330,0.352040,0.204954,0.212969,0.191581,0.883758,1.615461,0.698233,1.954450,0.327899,0.229793,0.209021,0.202523,0.226921,0.274074,0.459934,0.204083,0.221829
1.658741,1.133924,0.342610,0.577316,0.728908,0.574582,0.548839,0.778361,0.509720,1.852873,0.622920,1.033114,0.684875,1.679691,0.528749,0.000000,1.091289,1.892773,0.704369,0.480190,0.478386,0.723750,0.550235,1.125271,0.576359,1.813192,0.292061,0.133231,1.840106,0.392513,1.573778,0.528749,0.556879,1.821344,0.469047,0.511552,0.566893,1.683715,0.697956,0.733193,0.314829,1.167508,0.753012,0.507797,0.519961,0.507796,0.227336,0.307720,0.580351,1.566862,1.377715,0.392513,0.227336,1.755843,0.711764,0.677321,1.705971,0.334491,0.705395,0.541088,0.549060,1.889296,0.381701,1.228800,0.594944,0.602290,0.667784,0.428940,1.660034,0.585271,0.292061,0.578380,0.666289,0.481258,0.537380,0.565605,1.719803,0.497395,0.669756,1.892033,0.740380,1.754763,1.913916,0.711721,0.573857,0.619605,0.506531,0.659266,1.474913,0.331437,1.853682,0.755722,0.459480,0.480485,0.481258,0.634388,0.628093,0.354546,0.572548,0.500064
1.445031,1.214740,1.092339,1.110648,1.211608,1.109669,1.119187,1.086297,0.965355,1.636987,1.076688,0.263009,1.270770,1.625498,1.135511,1.091289,0.000000,1.637860,1.129989,1.090550,1.091089,1.258901,1.101941,1.424073,1.142205,1.555539,1.079649,1.115381,1.491015,1.081382,1.730780,1.135511,1.157995,1.667355,1.086612,0.936212,1.066298,1.520838,1.158911,1.158036,1.075778,1.039510,1.261385,1.109051,1.089930,1.188281,1.070919,1.085263,1.130583,1.386507,1.356068,1.081382,1.070919,1.409711,1.072143,1.153286,1.558164,1.037968,1.079163,1.081892,1.097973,1.609224,1.030381,1.505261,1.203256,1.150089,1.131299,1.081504,1.492006,1.120812,1.079649,1.176036,1.035635,1.093688,1.086471,1.177956,1.378798,1.114130,1.083684,1.610710,1.209154,1.534503,1.633266,1.115344,1.132250,1.140377,1.103595,0.857738,1.628020,1.061062,1.576207,1.203306,1.082057,1.093927,1.093688,1.117043,1.223935,1.210102,1.115627,1.085076
0.718662,1.336186,1.855544,1.977554,1.962603,1.975569,1.978042,1.547898,1.747696,0.532316,1.959325,1.701367,1.830957,0.923629,1.974067,1.892773,1.637860,0.000000,1.970834,1.972912,1.972287,1.955974,1.976839,1.854413,1.979260,0.473663,1.930828,1.912553,0.444085,1.958154,1.480352,1.974067,1.976237,0.770338,1.971710,1.864062,1.700186,0.663931,1.970706,1.968778,1.902117,1.327231,1.969204,1.974679,1.973417,1.714100,1.917334,1.930120,1.961057,0.918305,1.262871,1.958154,1.917334,0.559930,1.959224,1.963491,0.654322,1.878277,1.968504,1.768776,1.970389,0.374091,1.866234,1.238650,1.972940,1.963004,1.975989,1.793393,0.708687,1.977716,1.930828,1.969060,1.959057,1.971871,1.712429,1.694314,0.755151,1.975851,1.968047,0.445429,1.960796,0.569257,0.324938,1.960794,1.976584,1.978437,1.975424,1.744492,1.127537,1.827742,0.401056,1.970933,1.967164,1.970430,1.971871,1.975885,1.971523,1.913480,1.976898,1.970677
1.886503,1.539746,0.832765,0.224445,0.274712,0.251177,0.246849,1.324861,1.013970,1.912050,0.355661,1.001676,0.920633,1.744419,0.305001,0.704369,1.129989,1.970834,0.000000,0.316426,0.297447,0.336131,0.240008,0.642727,0.226213,1.967221,0.599527,0.621420,1.939019,0.451122,1.312805,0.305001,0.261126,1.835305,0.326295,0.799100,1.133643,1.895076,0.260402,0.242227,0.706456,1.547906,0.320884,0.291542,0.315842,1.107060,0.651698,0.568698,0.388002,1.788683,1.591625,0.451122,0.651698,1.930330,0.310637,0.285321,1.910629,0.768463,0.155917,1.023889,0.320385,1.955299,0.768207,1.624293,0.329076,0.391939,0.193528,0.980730,1.888013,0.218249,0.599527,0.333336,0.314780,0.323130,1.117691,1.136607,1.867701,0.286479,0.230582,1.941080,0.375028,1.941171,1.971465,0.314761,0.220084,0.191754,0.280555,1.024164,1.667257,0.891543,1.956904,0.257579,0.354150,0.335261,0.323130,0.207315,0.336997,0.680192,0.231893,0.316487
1.830882,1.400058,0.594182,0.210706,0.392797,0.223234,0.187764,1.143224,0.815227,1.938646,0.291566,0.997433,0.763561,1.778419,0.194907,0.480190,1.090550,1.972912,0.316426,0.000000,0.121082,0.402743,0.150896,0.843504,0.144432,1.941226,0.349636,0.427869,1.936159,0.220640,1.443451,0.194907,0.190943,1.887705,0.019758,0.599050,0.913839,1.849233,0.333847,0.354648,0.458163,1.394315,0.410121,0.078473,0.153738,0.895622,0.398232,0.332677,0.284816,1.742746,1.503864,0.220640,0.398232,1.894086,0.346574,0.338006,1.862765,0.528829,0.318798,0.809033,0.189469,1.971677,0.555114,1.494826,0.261664,0.295106,0.258364,0.741572,1.850265,0.157276,0.349636,0.243337,0.321364,0.064817,0.896426,0.941985,1.823713,0.145792,0.279569,1.961627,0.395131,1.895225,1.989272,0.387673,0.161484,0.195928,0.054074,0.832190,1.634783,0.654478,1.956207,0.351993,0.096921,0.081638,0.064817,0.222461,0.287265,0.466213,0.151564,0.109326
1.830870,1.399995,0.612299,0.206902,0.394415,0.212036,0.179701,1.140482,0.810156,1.936621,0.278196,0.992775,0.802655,1.774760,0.206671,0.478386,1.091089,1.972287,0.297447,0.121082,0.000000,0.387351,0.088054,0.853451,0.173488,1.939344,0.362415,0.420208,1.932238,0.233222,1.451931,0.206671,0.174418,1.888558,0.121216,0.616377,0.917636,1.847504,0.325341,0.343369,0.475658,1.403348,0.420050,0.097029,0.145521,0.890876,0.406100,0.346197,0.267185,1.751397,1.517017,0.233222,0.406100,1.888467,0.351499,0.322510,1.871981,0.532248,0.300782,0.816662,0.180541,1.970929,0.559451,1.500320,0.263878,0.283582,0.255269,0.753582,1.848529,0.144849,0.362415,0.239270,0.319373,0.101289,0.905616,0.942607,1.821856,0.132765,0.268954,1.960553,0.388849,1.897060,1.988504,0.406571,0.176017,0.188755,0.108173,0.850389,1.644957,0.665651,1.958551,0.359869,0.102220,0.105149,0.101289,0.220121,0.288809,0.485619,0.130407,0.079262
1.893887,1.528657,0.848829,0.369494,0.374325,0.386848,0.368515,1.342913,1.049060,1.901570,0.440528,1.139118,0.920075,1.729176,0.392264,0.723750,1.258901,1.955974,0.336131,0.402743,0.387351,0.000000,0.344158,0.696825,0.327264,1.958567,0.623386,0.648286,1.942836,0.499478,1.280016,0.392264,0.338286,1.831335,0.410745,0.845316,1.152122,1.908915,0.398074,0.387525,0.725588,1.569754,0.387729,0.380353,0.394138,1.106117,0.672117,0.614462,0.458412,1.826974,1.643240,0.499478,0.672117,1.934142,0.414124,0.340334,1.926591,0.807636,0.376214,1.046239,0.413168,1.956032,0.808443,1.616207,0.287201,0.436366,0.304030,0.992227,1.878669,0.325110,0.623386,0.257809,0.456415,0.406228,1.129443,1.144321,1.871480,0.372629,0.406558,1.933358,0.396126,1.929181,1.963624,0.421664,0.319321,0.300679,0.371820,1.091540,1.647831,0.909555,1.956698,0.296445,0.431903,0.416534,0.406228,0.324427,0.218138,0.682378,0.339454,0.404889
1.852031,1.450228,0.680174,0.183433,0.349531,0.188030,0.168907,1.199544,0.872067,1.936591,0.278995,0.996509,0.834615,1.774777,0.211523,0.550235,1.101941,1.976839,0.240008,0.150896,0.088054,0.344158,0.000000,0.801337,0.137990,1.951580,0.432990,0.485768,1.938224,0.293541,1.415598,0.211523,0.158570,1.881637,0.157811,0.657201,0.985648,1.870241,0.283341,0.292501,0.544826,1.443553,0.371745,0.115389,0.164327,0.958090,0.480142,0.415278,0.271477,1.770595,1.542615,0.293541,0.480142,1.905277,0.323100,0.284972,1.890191,0.605111,0.248788,0.875510,0.186326,1.973197,0.615140,1.542467,0.246672,0.279826,0.193399,0.822912,1.870746,0.089423,0.432990,0.225763,0.302778,0.141317,0.971888,1.001516,1.837836,0.148830,0.233431,1.960412,0.351171,1.913992,1.988343,0.366480,0.138877,0.126571,0.117151,0.904155,1.661607,0.736272,1.963597,0.304048,0.160613,0.149833,0.141317,0.165925,0.263473,0.544294,0.076790,0.119422
1.898599,1.766862,1.214949,0.739516,0.555711,0.751789,0.768007,1.629985,1.402294,1.746500,0.863866,1.293633,1.078014,1.567722,0.774187,1.125271,1.424073,1.854413,0.642727,0.843504,0.853451,0.696825,0.801337,0.000000,0.733430,1.911462,1.060382,1.027947,1.894359,0.944152,0.874700,0.774187,0.744171,1.588294,0.854021,1.185363,1.501643,1.907032,0.669841,0.645226,1.137264,1.780840,0.576898,0.830967,0.852332,1.427354,1.112560,1.019130,0.855919,1.765778,1.705186,0.944152,1.112560,1.952969,0.804060,0.720480,1.848769,1.223661,0.733274,1.386911,0.854747,1.824924,1.198345,1.693277,0.766395,0.842223,0.676881,1.365698,1.842949,0.761136,1.060382,0.804318,0.833314,0.865703,1.459962,1.423722,1.927130,0.812981,0.752904,1.803312,0.727269,1.925704,1.819243,0.612005,0.732837,0.713771,0.814582,1.393858,1.503569,1.284039,1.844723,0.615517,0.901341,0.876065,0.865703,0.708681,0.763593,1.024101,0.776582,0.874309
1.867404,1.473715,0.694514,0.170367,0.291418,0.195234,0.167055,1.235371,0.919495,1.930512,0.309118,1.029082,0.801995,1.756560,0.190185,0.576359,1.142205,1.979260,0.226213,0.144432,0.173488,0.327264,0.137990,0.733430,0.000000,1.961807,0.452520,0.504928,1.951762,0.308356,1.361876,0.190185,0.131771,1.862693,0.159090,0.683748,1.018910,1.884967,0.262255,0.272350,0.562072,1.476888,0.315920,0.125873,0.194915,0.989326,0.506819,0.432707,0.303851,1.765851,1.557115,0.308356,0.506819,1.927796,0.322752,0.285789,1.886976,0.637985,0.264115,0.903047,0.226615,1.972249,0.655584,1.546290,0.235075,0.305573,0.160272,0.846468,1.873946,0.101941,0.452520,0.230813,0.322649,0.156378,0.998179,1.028623,1.861745,0.168142,0.245296,1.959905,0.341719,1.926823,1.987706,0.325136,0.073201,0.101818,0.107282,0.933791,1.632434,0.761255,1.964510,0.244361,0.205213,0.174765,0.156378,0.146692,0.246474,0.529746,0.111805,0.185194
0.526151,1.201611,1.767155,1.960562,1.974885,1.960009,1.954761,1.391347,1.633379,0.591668,1.946391,1.646637,1.762596,0.986318,1.955110,1.813192,1.555539,0.473663,1.967221,1.941226,1.939344,1.958567,1.951580,1.911462,1.961807,0.000000,1.865311,1.846568,0.394788,1.912967,1.600660,1.955110,1.958395,0.829956,1.938978,1.774878,1.567281,0.519143,1.972194,1.975398,1.826006,1.169876,1.971787,1.945422,1.943994,1.592150,1.841305,1.868692,1.943411,0.808753,1.110547,1.912967,1.841305,0.418852,1.954532,1.958311,0.568905,1.788077,1.959739,1.637465,1.941815,0.458074,1.783708,1.156906,1.959266,1.945472,1.974952,1.680479,0.543070,1.959632,1.865311,1.951076,1.947956,1.938754,1.585311,1.568430,0.569404,1.946563,1.962487,0.481695,1.956175,0.396818,0.449514,1.954298,1.964022,1.966493,1.946828,1.645075,1.146779,1.726622,0.455194,1.974352,1.929235,1.935988,1.938754,1.971122,1.958807,1.853139,1.955915,1.936857
1.722232,1.201387,0.286184,0.464851,0.635004,0.466473,0.426455,0.922406,0.629357,1.918462,0.454601,1.028146,0.611072,1.762238,0.400702,0.292061,1.079649,1.930828,0.599527,0.349636,0.362415,0.623386,0.432990,1.060382,0.452520,1.865311,0.000000,0.319525,1.888003,0.175853,1.551844,0.400702,0.426132,1.880942,0.339430,0.473315,0.650448,1.751429,0.570537,0.605943,0.127406,1.226703,0.642486,0.362123,0.346255,0.644885,0.100499,0.155650,0.429549,1.633847,1.373258,0.175853,0.100499,1.809884,0.543489,0.604798,1.759207,0.272282,0.581000,0.568688,0.391602,1.939442,0.420012,1.321319,0.441760,0.450820,0.556418,0.446722,1.746501,0.455140,0.000000,0.433999,0.499491,0.335494,0.627721,0.731972,1.756323,0.367644,0.528920,1.940657,0.603856,1.804179,1.959692,0.607178,0.466198,0.495471,0.383743,0.654575,1.555366,0.359166,1.903363,0.620880,0.315039,0.326413,0.335494,0.521070,0.478302,0.286694,0.441814,0.357088
1.701921,1.216299,0.423676,0.504726,0.637937,0.504115,0.479740,0.872382,0.595548,1.859781,0.584055,1.035810,0.699500,1.674313,0.461729,0.133231,1.115381,1.912553,0.621420,0.427869,0.420208,0.648286,0.485768,1.027947,0.504928,1.846568,0.319525,0.000000,1.867420,0.366944,1.510249,0.461729,0.483127,1.809847,0.418588,0.556316,0.682908,1.725503,0.625990,0.658806,0.374442,1.248559,0.672206,0.453059,0.469341,0.597210,0.287710,0.303558,0.540425,1.599267,1.427889,0.366944,0.287710,1.799372,0.664254,0.599529,1.740966,0.419916,0.639757,0.629462,0.500816,1.904786,0.424623,1.281925,0.536389,0.562097,0.589626,0.544414,1.689773,0.517820,0.319525,0.522900,0.622325,0.435453,0.647488,0.641574,1.767907,0.434445,0.608798,1.905415,0.683426,1.797415,1.927034,0.624031,0.497930,0.545034,0.446645,0.730203,1.476417,0.435854,1.875228,0.676643,0.420119,0.437418,0.435453,0.558916,0.570003,0.355054,0.507252,0.453827
0.617253,1.294477,1.809107,1.945839,1.954092,1.946153,1.945092,1.435279,1.660163,0.599549,1.932123,1.574973,1.809975,0.990352,1.947386,1.840106,1.491015,0.444085,1.939019,1.936159,1.932238,1.942836,1.938224,1.894359,1.951762,0.394788,1.888003,1.867420,0.000000,1.920993,1.593490,1.947386,1.951087,0.809454,1.934287,1.790984,1.615217,0.639709,1.955650,1.953408,1.857200,1.212637,1.960841,1.938863,1.935813,1.658870,1.866468,1.890714,1.939419,0.840729,1.197878,1.920993,1.866468,0.439901,1.930370,1.936866,0.668248,1.813414,1.928462,1.684229,1.932484,0.471310,1.796556,1.278883,1.954318,1.943942,1.952497,1.728552,0.654076,1.944703,1.888003,1.944200,1.925281,1.933169,1.632630,1.627910,0.597927,1.941281,1.941137,0.478552,1.952037,0.525793,0.448541,1.942815,1.950476,1.950552,1.940033,1.667676,1.247280,1.766463,0.461609,1.959121,1.924564,1.931258,1.933169,1.950454,1.952223,1.891804,1.941629,1.929324
1.785660,1.310491,0.436638,0.328059,0.501574,0.336000,0.289385,1.048798,0.736355,1.940183,0.333234,1.006476,0.674091,1.778921,0.271478,0.392513,1.081382,1.958154,0.451122,0.220640,0.233222,0.499478,0.293541,0.944152,0.308356,1.912967,0.175853,0.366944,1.920993,0.000000,1.491117,0.271478,0.285155,1.891389,0.213652,0.534216,0.795013,1.812797,0.434920,0.463623,0.282709,1.323092,0.517481,0.221094,0.186518,0.783344,0.254710,0.194098,0.327235,1.692127,1.440800,0.000000,0.254710,1.861000,0.410008,0.474435,1.817899,0.395235,0.437510,0.691795,0.257792,1.963204,0.483640,1.417981,0.318767,0.349926,0.408081,0.602983,1.805987,0.309311,0.175853,0.304862,0.370031,0.202888,0.775104,0.856108,1.804032,0.232485,0.388177,1.962423,0.485476,1.859225,1.982151,0.477434,0.322682,0.347831,0.248282,0.745386,1.599627,0.513243,1.935121,0.474967,0.194458,0.195180,0.202888,0.374522,0.353741,0.348593,0.298060,0.225941
1.703072,1.817005,1.614136,1.359819,1.211023,1.363889,1.379039,1.811318,1.747958,1.343759,1.460476,1.646354,1.420020,1.181322,1.376628,1.573778,1.730780,1.480352,1.312805,1.443451,1.451931,1.280016,1.415598,0.874700,1.361876,1.600660,1.551844,1.510249,1.593490,1.491117,0.000000,1.376628,1.367120,1.123097,1.450743,1.614779,1.783808,1.680031,1.295127,1.283704,1.590573,1.862992,1.193182,1.433263,1.441870,1.701711,1.580994,1.528612,1.431245,1.547730,1.683192,1.491117,1.580994,1.713697,1.406152,1.356144,1.540342,1.660900,1.361293,1.694841,1.439993,1.468505,1.598978,1.614773,1.350640,1.422582,1.328221,1.704530,1.562899,1.386703,1.551844,1.383725,1.427978,1.457319,1.741604,1.670594,1.756455,1.411471,1.377577,1.430029,1.337129,1.612502,1.406304,1.250763,1.362818,1.354042,1.425769,1.737142,1.309832,1.665935,1.503762,1.267126,1.484990,1.464994,1.457319,1.352296,1.338605,1.469353,1.394773,1.469353
1.847590,1.431781,0.630113,0.137315,0.264822,0.143612,0.144828,1.193456,0.884184,1.938946,0.311996,1.036344,0.727057,1.772111,0.000000,0.528749,1.135511,1.974067,0.305001,0.194907,0.206671,0.392264,0.211523,0.774187,0.190185,1.955110,0.400702,0.461729,1.947386,0.271478,1.376628,0.000000,0.187028,1.865061,0.199812,0.650661,0.960423,1.869266,0.234308,0.257752,0.505256,1.440811,0.303529,0.187237,0.201635,0.934144,0.455018,0.381882,0.252083,1.742009,1.517844,0.271478,0.455018,1.916469,0.373062,0.356374,1.860966,0.580343,0.338804,0.858954,0.231359,1.974485,0.607278,1.510648,0.227285,0.272724,0.250995,0.782965,1.858181,0.202656,0.400702,0.253879,0.352520,0.202523,0.935355,0.982108,1.857720,0.147947,0.276436,1.965603,0.363010,1.911890,1.986330,0.352040,0.204954,0.212969,0.191581,0.883758,1.615461,0.698233,1.954450,0.327899,0.229793,0.209021,0.202523,0.226921,0.274074,0.459934,0.204083,0.221829
1.855972,1.456826,0.657708,0.192076,0.302464,0.211498,0.175908,1.212711,0.890110,1.928846,0.306548,1.048214,0.758614,1.750502,0.187028,0.556879,1.157995,1.976237,0.261126,0.190943,0.174418,0.338286,0.158570,0.744171,0.131771,1.958395,0.426132,0.483127,1.951087,0.285155,1.367120,0.187028,0.000000,1.855036,0.199590,0.655764,0.991964,1.881247,0.274981,0.291539,0.531590,1.461109,0.324906,0.151005,0.194227,0.954685,0.484742,0.402545,0.287461,1.750720,1.544715,0.285155,0.484742,1.928183,0.341599,0.329258,1.874296,0.607739,0.296532,0.870240,0.234354,1.974775,0.640155,1.520568,0.205338,0.288704,0.201501,0.816725,1.862426,0.136473,0.426132,0.222458,0.333160,0.187248,0.967322,0.994886,1.864055,0.159262,0.274289,1.960203,0.344657,1.922777,1.987803,0.329173,0.139429,0.138596,0.166648,0.919774,1.603044,0.728813,1.960876,0.249638,0.221729,0.193917,0.187248,0.183834,0.231501,0.483053,0.141946,0.203250
1.002173,1.512045,1.819702,1.856657,1.795354,1.859445,1.866010,1.603735,1.754910,0.482812,1.907265,1.665667,1.684732,0.605464,1.865061,1.821344,1.667355,0.770338,1.835305,1.887705,1.888558,1.831335,1.881637,1.588294,1.862693,0.829956,1.880942,1.809847,0.809454,1.891389,1.123097,1.865061,1.855036,0.000000,1.888818,1.795065,1.752476,1.024833,1.847115,1.846814,1.869287,1.523776,1.804749,1.888851,1.898714,1.716974,1.873392,1.867487,1.894276,0.860211,1.423722,1.891389,1.873392,1.025566,1.877651,1.850509,0.817962,1.870444,1.859520,1.754782,1.900294,0.688480,1.841766,1.320499,1.866704,1.895578,1.851925,1.805859,0.806017,1.874440,1.880942,1.879816,1.883862,1.894903,1.724709,1.643611,1.154546,1.877726,1.880100,0.608960,1.870184,0.960711,0.616456,1.796361,1.860125,1.862942,1.883619,1.799284,0.929577,1.807341,0.726779,1.837704,1.902985,1.898724,1.894903,1.859672,1.867552,1.818550,1.874774,1.903584
1.826483,1.391325,0.583708,0.220254,0.402738,0.231163,0.196516,1.133359,0.803776,1.938418,0.292739,0.995094,0.760251,1.778583,0.199812,0.469047,1.086612,1.971710,0.326295,0.019758,0.121216,0.410745,0.157811,0.854021,0.159090,1.938978,0.339430,0.418588,1.934287,0.213652,1.450743,0.199812,0.199590,1.888818,0.000000,0.591328,0.902945,1.845405,0.343895,0.365443,0.447870,1.386677,0.421380,0.086372,0.156679,0.884526,0.386839,0.323111,0.285395,1.739800,1.499366,0.213652,0.386839,1.890639,0.351390,0.344263,1.860303,0.518645,0.326374,0.799605,0.194302,1.971256,0.544430,1.488055,0.266849,0.297278,0.269704,0.730644,1.846392,0.167236,0.339430,0.248366,0.323391,0.067798,0.885423,0.932127,1.820541,0.151055,0.286179,1.961301,0.403248,1.891944,1.988802,0.394166,0.173380,0.207166,0.069487,0.824274,1.633861,0.643085,1.955149,0.365349,0.091825,0.081709,0.067798,0.232008,0.293613,0.460203,0.160519,0.109662
1.613877,1.143876,0.428369,0.683480,0.823073,0.672515,0.669170,0.831132,0.525642,1.828211,0.692563,0.918487,0.605864,1.681056,0.650661,0.511552,0.936212,1.864062,0.799100,0.599050,0.616377,0.845316,0.657201,1.185363,0.683748,1.774878,0.473315,0.556316,1.790984,0.534216,1.614779,0.650661,0.655764,1.795065,0.591328,0.000000,0.627908,1.685510,0.760181,0.791290,0.446032,1.059067,0.837319,0.621596,0.630629,0.688539,0.463329,0.484601,0.655628,1.469094,1.305389,0.534216,0.463329,1.718045,0.751209,0.798409,1.640832,0.452246,0.770508,0.473086,0.652269,1.863903,0.509843,1.285707,0.695694,0.662345,0.751012,0.503454,1.649712,0.679792,0.473315,0.691955,0.701618,0.602309,0.583140,0.667215,1.656070,0.629391,0.731443,1.847871,0.794145,1.714854,1.885896,0.748976,0.685871,0.711211,0.627253,0.577941,1.513922,0.436197,1.813669,0.816526,0.590184,0.598355,0.602309,0.719469,0.734189,0.546440,0.668608,0.619672
1.365524,0.763370,0.460079,1.012435,1.162243,1.007303,0.984499,0.376499,0.399102,1.718765,0.978069,1.112251,0.778754,1.626483,0.960423,0.566893,1.066298,1.700186,1.133643,0.913839,0.917636,1.152122,0.985648,1.501643,1.018910,1.567281,0.650448,0.682908,1.615217,0.795013,1.783808,0.960423,0.991964,1.752476,0.902945,0.627908,0.000000,1.411575,1.106089,1.139017,0.565097,0.781141,1.172572,0.934392,0.931552,0.357664,0.582181,0.690866,0.952528,1.320959,1.116144,0.795013,0.582181,1.481003,1.068158,1.118627,1.436093,0.449298,1.105628,0.405603,0.948268,1.716036,0.608792,0.968924,1.007424,0.971546,1.105055,0.254043,1.427101,1.018515,0.650448,0.995066,1.019638,0.901979,0.160612,0.436585,1.440422,0.936252,1.061654,1.729301,1.115736,1.477042,1.749241,1.140195,1.025569,1.058165,0.946029,0.533038,1.385744,0.350928,1.646734,1.173048,0.873289,0.893858,0.901979,1.070601,1.038805,0.684399,1.003445,0.914102
0.525052,1.027485,1.639337,1.876521,1.917693,1.874366,1.868766,1.223759,1.486470,0.795959,1.854770,1.611179,1.693271,1.082663,1.869266,1.683715,1.520838,0.663931,1.895076,1.849233,1.847504,1.908915,1.870241,1.907032,1.884967,0.519143,1.751429,1.725503,0.639709,1.812797,1.680031,1.869266,1.881247,1.024833,1.845405,1.685510,1.411575,0.000000,1.900155,1.910144,1.707189,1.076273,1.913858,1.855623,1.856158,1.421933,1.721118,1.750139,1.852586,0.829349,0.876777,1.812797,1.721118,0.497519,1.877829,1.883375,0.586978,1.660723,1.881817,1.508047,1.848904,0.668137,1.660110,0.990162,1.884152,1.861777,1.915145,1.546840,0.693016,1.882482,1.751429,1.881857,1.859855,1.845056,1.437404,1.409578,0.633803,1.857448,1.879203,0.736101,1.899515,0.503716,0.731265,1.907160,1.887766,1.895512,1.858079,1.523323,1.185938,1.589034,0.663727,1.922896,1.829699,1.840782,1.845056,1.903797,1.897052,1.741079,1.876751,1.842504
1.887116,1.521422,0.791817,0.199007,0.209101,0.161603,0.248307,1.319411,1.023199,1.928932,0.320648,1.049692,0.833795,1.767590,0.234308,0.697956,1.158911,1.970706,0.260402,0.333847,0.325341,0.398074,0.283341,0.669841,0.262255,1.972194,0.570537,0.625990,1.955650,0.434920,1.295127,0.234308,0.274981,1.847115,0.343895,0.760181,1.106089,1.900155,0.000000,0.078382,0.670826,1.524395,0.251218,0.313047,0.326839,1.090987,0.624596,0.552998,0.258105,1.779527,1.557487,0.434920,0.624596,1.935283,0.350322,0.341901,1.889197,0.736097,0.302112,0.984739,0.335708,1.965867,0.763884,1.587566,0.294481,0.273079,0.233340,0.938697,1.900263,0.265341,0.570537,0.340516,0.345598,0.337889,1.086772,1.119415,1.875791,0.287356,0.226852,1.951951,0.275129,1.936468,1.974465,0.325689,0.264488,0.244169,0.308815,0.998406,1.647871,0.862058,1.956960,0.278396,0.371579,0.347371,0.337889,0.242216,0.331940,0.627879,0.278782,0.341872
1.894322,1.548102,0.829167,0.216466,0.194034,0.194775,0.264864,1.348120,1.052363,1.928090,0.335500,1.046015,0.866602,1.768823,0.257752,0.733193,1.158036,1.968778,0.242227,0.354648,0.343369,0.387525,0.292501,0.645226,0.272350,1.975398,0.605943,0.658806,1.953408,0.463623,1.283704,0.257752,0.291539,1.846814,0.365443,0.791290,1.139017,1.910144,0.078382,0.000000,0.705767,1.545720,0.252240,0.330256,0.340265,1.124006,0.661255,0.584709,0.303619,1.793919,1.578994,0.463623,0.661255,1.938574,0.348130,0.335045,1.901934,0.769487,0.288329,1.021088,0.346180,1.964375,0.789647,1.612193,0.316182,0.308492,0.220924,0.975091,1.908320,0.270832,0.605943,0.351257,0.349654,0.358284,1.121050,1.155292,1.879962,0.308784,0.219203,1.950590,0.284374,1.942056,1.972158,0.324051,0.273260,0.244458,0.326019,1.021616,1.661996,0.898008,1.956392,0.266819,0.391220,0.367122,0.358284,0.235994,0.342605,0.665649,0.284790,0.356665
1.671863,1.134486,0.181309,0.573154,0.733786,0.573682,0.536358,0.848745,0.580257,1.900111,0.547570,1.045661,0.567979,1.752677,0.505256,0.314829,1.075778,1.902117,0.706456,0.458163,0.475658,0.725588,0.544826,1.137264,0.562072,1.826006,0.127406,0.374442,1.857200,0.282709,1.590573,0.505256,0.531590,1.869287,0.447870,0.446032,0.565097,1.707189,0.670826,0.705767,0.000000,1.156549,0.739747,0.472188,0.453830,0.574444,0.142145,0.212493,0.525550,1.583242,1.316057,0.282709,0.142145,1.769594,0.633025,0.710256,1.708056,0.227450,0.683330,0.494966,0.495776,1.915499,0.413670,1.257317,0.543005,0.545728,0.663734,0.352436,1.702686,0.564835,0.127406,0.537491,0.588182,0.445590,0.536684,0.673450,1.718853,0.479729,0.628465,1.919912,0.698122,1.758800,1.937178,0.696313,0.576244,0.604645,0.494369,0.597983,1.521550,0.265626,1.870553,0.721496,0.422794,0.434622,0.445590,0.627447,0.578989,0.298083,0.550904,0.465752
0.946168,0.762420,1.068345,1.463560,1.578730,1.455250,1.446675,0.662122,0.842801,1.425462,1.439179,1.172430,1.227181,1.486854,1.440811,1.167508,1.039510,1.327231,1.547906,1.394315,1.403348,1.569754,1.443553,1.780840,1.476888,1.169876,1.226703,1.248559,1.212637,1.323092,1.862992,1.440811,1.461109,1.523776,1.386677,1.059067,0.781141,1.076273,1.524395,1.545720,1.156549,0.000000,1.580043,1.412068,1.408290,0.925915,1.182008,1.241162,1.412800,0.989764,0.959173,1.323092,1.182008,1.057041,1.490924,1.536500,1.065715,1.083062,1.518377,0.880207,1.413748,1.359941,1.105471,1.002554,1.476738,1.427328,1.523031,0.933815,1.133669,1.465134,1.226703,1.460065,1.455979,1.388156,0.813769,0.875799,1.050591,1.415087,1.496247,1.386369,1.527885,1.080151,1.383912,1.516181,1.478054,1.494870,1.418597,0.791581,1.262892,0.996109,1.254083,1.564169,1.365014,1.381277,1.388156,1.501376,1.498236,1.258433,1.453939,1.392013
1.902482,1.576336,0.850113,0.285465,0.201392,0.297946,0.306000,1.379028,1.086519,1.907426,0.477094,1.149027,0.828009,1.734706,0.303529,0.753012,1.261385,1.969204,0.320884,0.410121,0.420050,0.387729,0.371745,0.576898,0.315920,1.971787,0.642486,0.672206,1.960841,0.517481,1.193182,0.303529,0.324906,1.804749,0.421380,0.837319,1.172572,1.913858,0.251218,0.252240,0.739747,1.580043,0.000000,0.388956,0.414265,1.123218,0.696092,0.621938,0.420789,1.783424,1.586736,0.517481,0.696092,1.964413,0.462335,0.407382,1.886079,0.823651,0.383727,1.044203,0.410799,1.960826,0.814966,1.614338,0.332539,0.413839,0.296581,0.999351,1.902259,0.331432,0.642486,0.376032,0.480283,0.422817,1.141247,1.145310,1.899593,0.346562,0.384731,1.939364,0.380106,1.940789,1.961728,0.345689,0.328418,0.298237,0.385638,1.079336,1.617777,0.924245,1.955287,0.275734,0.459311,0.431082,0.422817,0.320213,0.344302,0.634394,0.345768,0.433425
1.836311,1.417034,0.611236,0.195619,0.376211,0.214411,0.165104,1.165748,0.840894,1.942962,0.278437,1.013532,0.773375,1.782972,0.187237,0.507797,1.109051,1.974679,0.291542,0.078473,0.097029,0.380353,0.115389,0.830967,0.125873,1.945422,0.362123,0.453059,1.938863,0.221094,1.433263,0.187237,0.151005,1.888851,0.086372,0.621596,0.934392,1.855623,0.313047,0.330256,0.472188,1.412068,0.388956,0.000000,0.122537,0.913185,0.416360,0.343922,0.274511,1.751574,1.506182,0.221094,0.416360,1.901351,0.328504,0.335500,1.870119,0.542998,0.292034,0.823046,0.164463,1.975259,0.576632,1.509468,0.237711,0.286344,0.240743,0.760071,1.858460,0.112798,0.362123,0.220229,0.308128,0.054794,0.918758,0.966172,1.831547,0.125780,0.260658,1.965236,0.380195,1.902971,1.991655,0.383185,0.149055,0.159291,0.069870,0.852715,1.640252,0.675575,1.961886,0.324210,0.089268,0.057264,0.054794,0.209097,0.260983,0.473755,0.103254,0.075980
