0.000000,1.063986,1.581920,1.844565,1.883401,1.840280,1.834359,1.137613,1.406357,0.870106,1.822241,1.536398,1.615025,1.129136,1.834995,1.650687,1.422326,0.735278,1.866049,1.810310,1.813913,1.877669,1.833652,1.891616,1.850040,0.585847,1.714852,1.693205,0.627942,1.773733,1.697621,1.834995,1.840420,1.025124,1.805792,1.600588,1.347538,0.552379,1.871897,1.878767,1.664230,0.972574,1.896056,1.817508,1.816216,1.400508,1.684845,1.698257,1.803193,0.744501,0.922002,1.773733,1.684845,0.574207,1.850423,1.874051,0.609869,1.595201,1.854678,1.414895,1.809585,0.791985,1.614056,0.990462,1.842338,1.804243,1.876188,1.488902,0.697750,1.846562,1.714852,1.833283,1.833730,1.806428,1.366614,1.346681,0.709239,1.822808,1.857172,0.800585,1.849324,0.574683,0.784010,1.857975,1.854329,1.860145,1.822050,1.478898,1.211055,1.532169,0.684490,1.886590,1.791228,1.801767,1.806428,1.864645,1.856222,1.710686,1.840266,1.806928
1.063986,0.000000,1.064862,1.465182,1.563711,1.461926,1.451472,0.730067,0.919126,1.390221,1.391464,1.284821,1.231492,1.386651,1.433336,1.157973,1.214033,1.326905,1.531262,1.395113,1.399262,1.525361,1.445501,1.755956,1.466485,1.220361,1.219743,1.239202,1.287069,1.315530,1.814084,1.433336,1.445998,1.503516,1.386511,1.116894,0.790692,1.019039,1.525423,1.550079,1.152393,0.799979,1.584805,1.412554,1.409646,0.901317,1.175386,1.249178,1.392723,1.078965,1.084066,1.315530,1.175386,1.119919,1.448623,1.510017,1.132664,1.078502,1.505764,0.973078,1.427687,1.362389,1.165298,0.827343,1.448759,1.406575,1.519249,0.928257,1.069038,1.469644,1.219743,1.439399,1.420336,1.386652,0.829180,0.915209,1.131449,1.418164,1.478387,1.389332,1.505207,1.152814,1.414483,1.550100,1.469715,1.495325,1.418768,1.068367,1.281605,0.996416,1.324264,1.553870,1.367982,1.382740,1.386652,1.494291,1.468277,1.231171,1.461840,1.396453
1.581920,1.064862,0.000000,0.693686,0.843443,0.695158,0.656577,0.742622,0.506700,1.850179,0.669170,1.095272,0.503438,1.708710,0.633247,0.346626,1.105834,1.850462,0.822483,0.584037,0.612335,0.846275,0.674376,1.209992,0.684699,1.779993,0.303908,0.429288,1.796751,0.437193,1.650662,0.633247,0.647046,1.816767,0.573873,0.404192,0.472425,1.600059,0.795585,0.830431,0.192694,1.060797,0.869054,0.601669,0.589090,0.446962,0.277610,0.310789,0.638697,1.447866,1.179880,0.437193,0.277610,1.722957,0.751927,0.831374,1.601705,0.280019,0.804998,0.408062,0.622346,1.877860,0.469298,1.165181,0.655320,0.657780,0.786462,0.256707,1.632937,0.693069,0.303908,0.664388,0.709576,0.579055,0.407429,0.529351,1.674287,0.609171,0.752364,1.871160,0.813345,1.708256,1.896344,0.832604,0.697521,0.730378,0.621306,0.567281,1.494878,0.139521,1.825545,0.825424,0.557715,0.568594,0.579055,0.745456,0.703435,0.370845,0.678843,0.602355
1.844565,1.465182,0.693686,0.000000,0.256213,0.089085,0.081280,1.228808,0.914419,1.928626,0.325285,0.994963,0.785417,1.762395,0.137451,0.553928,1.109198,1.979825,0.224827,0.215747,0.205283,0.367517,0.183337,0.730528,0.171809,1.964541,0.444559,0.480122,1.940835,0.323651,1.405105,0.137451,0.193247,1.855360,0.225054,0.681280,1.013746,1.851031,0.201342,0.217254,0.558086,1.446406,0.305935,0.200253,0.228003,0.961018,0.494328,0.436438,0.297151,1.733809,1.480975,0.323651,0.494328,1.916781,0.340542,0.294774,1.868612,0.641815,0.269884,0.906052,0.235521,1.969469,0.639015,1.560445,0.252232,0.308451,0.208351,0.843354,1.879298,0.176006,0.444559,0.270979,0.329546,0.222725,0.988643,1.009986,1.855764,0.140120,0.237173,1.955329,0.359002,1.927257,1.982925,0.370247,0.175769,0.176613,0.191447,0.870312,1.647901,0.752836,1.960622,0.278519,0.256654,0.236023,0.222725,0.195407,0.286927,0.515020,0.182096,0.230895
1.883401,1.563711,0.843443,0.256213,0.000000,0.261284,0.305757,1.359497,1.076579,1.899640,0.459671,1.079553,0.820819,1.719013,0.263036,0.705356,1.210160,1.968500,0.291512,0.402067,0.396860,0.375225,0.354824,0.544797,0.298363,1.975486,0.618796,0.612478,1.952469,0.500809,1.252124,0.263036,0.312739,1.791607,0.411608,0.826734,1.166385,1.900422,0.214459,0.198728,0.723743,1.567167,0.203803,0.386865,0.410140,1.093868,0.670834,0.610056,0.422781,1.757952,1.560065,0.500809,0.670834,1.956480,0.447128,0.349634,1.884652,0.820574,0.386035,1.057908,0.426740,1.953634,0.785866,1.604239,0.349409,0.427548,0.253474,0.997086,1.885142,0.322190,0.618796,0.391784,0.457597,0.418790,1.129963,1.131574,1.911141,0.350809,0.339753,1.937383,0.387597,1.956238,1.957700,0.325902,0.294847,0.282061,0.373865,1.033984,1.599711,0.910259,1.951064,0.282734,0.457393,0.431803,0.418790,0.272862,0.366656,0.623407,0.336804,0.429679
1.840280,1.461926,0.695158,0.089085,0.261284,0.000000,0.145007,1.219771,0.909885,1.927625,0.304404,0.995219,0.787862,1.764842,0.148669,0.551699,1.105079,1.976524,0.251756,0.229707,0.215393,0.386039,0.192368,0.741486,0.199243,1.964630,0.449815,0.479280,1.940505,0.336475,1.408972,0.148669,0.219235,1.856642,0.237404,0.672022,1.009257,1.849489,0.162194,0.193397,0.562335,1.439757,0.323026,0.222256,0.250466,0.960210,0.495539,0.446880,0.244637,1.732980,1.472591,0.336475,0.495539,1.912873,0.343761,0.303793,1.865050,0.641495,0.292175,0.897123,0.258367,1.968815,0.633760,1.547972,0.255314,0.263969,0.221858,0.841931,1.883750,0.199080,0.449815,0.285152,0.322498,0.239683,0.985154,1.000216,1.852533,0.177061,0.223216,1.952581,0.329057,1.924156,1.981193,0.370824,0.197608,0.199791,0.206899,0.871439,1.650117,0.752337,1.956892,0.302443,0.269309,0.253294,0.239683,0.204495,0.303345,0.531340,0.205408,0.246170
1.834359,1.451472,0.656577,0.081280,0.305757,0.145007,0.000000,1.206252,0.887798,1.934245,0.325399,1.013296,0.767939,1.769497,0.149221,0.528198,1.120916,1.979426,0.246579,0.191400,0.178452,0.369986,0.168975,0.763085,0.167001,1.958891,0.404605,0.459775,1.939152,0.281888,1.427512,0.149221,0.171620,1.866069,0.199927,0.665086,0.983709,1.840559,0.253215,0.268750,0.518000,1.428430,0.330696,0.165109,0.185802,0.926412,0.457319,0.392521,0.301544,1.727598,1.462729,0.281888,0.457319,1.912988,0.346099,0.313822,1.861735,0.604978,0.278804,0.874534,0.188885,1.972732,0.616792,1.546280,0.236198,0.307132,0.233706,0.807988,1.874632,0.166998,0.404605,0.247038,0.336538,0.188759,0.959713,0.984116,1.848395,0.085426,0.263446,1.959312,0.371955,1.920098,1.986066,0.399222,0.178968,0.181210,0.171728,0.849157,1.651000,0.718624,1.962196,0.288910,0.219702,0.197967,0.188759,0.215810,0.268425,0.476915,0.165906,0.196103
1.137613,0.730067,0.742622,1.228808,1.359497,1.219771,1.206252,0.000000,0.482365,1.537778,1.183387,1.159026,1.000230,1.478117,1.198176,0.799957,1.091911,1.524269,1.315438,1.134967,1.144815,1.343691,1.198452,1.626225,1.228382,1.416186,0.938627,0.892720,1.411394,1.053506,1.831663,1.198176,1.208782,1.597749,1.125305,0.826974,0.365836,1.182487,1.318547,1.345873,0.860749,0.692520,1.397583,1.158316,1.161758,0.516323,0.872208,0.941666,1.165498,1.088196,1.018284,1.053506,0.872208,1.295403,1.263929,1.313537,1.233717,0.735854,1.293315,0.595707,1.172070,1.555940,0.830769,0.829576,1.223581,1.183055,1.304110,0.586216,1.252889,1.231063,0.938627,1.211704,1.216087,1.130369,0.403634,0.430825,1.279010,1.167709,1.265158,1.550496,1.314807,1.308735,1.591088,1.345611,1.229898,1.265611,1.161371,0.743479,1.370271,0.633381,1.476163,1.361154,1.103182,1.125123,1.130369,1.269863,1.259765,0.981765,1.217219,1.142437
1.406357,0.919126,0.506700,0.914419,1.076579,0.909885,0.887798,0.482365,0.000000,1.716333,0.876727,0.991216,0.850434,1.602270,0.892636,0.526232,0.969034,1.730263,1.011475,0.812125,0.821641,1.056926,0.878914,1.402397,0.918232,1.649570,0.639799,0.614769,1.641274,0.743995,1.771594,0.892636,0.892479,1.750477,0.800777,0.524398,0.374868,1.448316,1.024386,1.051636,0.583313,0.838629,1.112134,0.838328,0.848985,0.468220,0.579298,0.635144,0.869301,1.330675,1.173576,0.743995,0.579298,1.533722,0.966561,1.020331,1.494209,0.484532,0.984893,0.436381,0.862757,1.749094,0.538990,1.102890,0.922794,0.887109,0.995698,0.434064,1.496848,0.913459,0.639799,0.904338,0.908177,0.810769,0.376246,0.373598,1.478372,0.843692,0.957240,1.734995,1.031139,1.546652,1.780883,1.046743,0.914248,0.951608,0.840744,0.529678,1.493427,0.404840,1.693302,1.060338,0.780894,0.804845,0.810769,0.956052,0.962683,0.717384,0.900187,0.819844
0.870106,1.390221,1.850179,1.928626,1.899640,1.927625,1.934245,1.537778,1.716333,0.000000,1.941814,1.655657,1.802082,0.539463,1.935618,1.849825,1.626599,0.524850,1.911239,1.934275,1.934351,1.900371,1.934319,1.752395,1.927590,0.588267,1.917055,1.856638,0.610552,1.937706,1.311539,1.935618,1.928570,0.482642,1.933947,1.828714,1.707571,0.850623,1.925004,1.924629,1.899271,1.442876,1.903249,1.939715,1.949940,1.719946,1.899833,1.910353,1.937023,0.894360,1.427026,1.937706,1.899833,0.748795,1.934096,1.911756,0.755028,1.872273,1.922166,1.751758,1.948454,0.408444,1.853657,1.261914,1.935170,1.937941,1.923981,1.797372,0.689038,1.935019,1.917055,1.933072,1.933260,1.938295,1.710261,1.654120,0.808073,1.936211,1.935545,0.243843,1.926762,0.646097,0.436863,1.886721,1.924784,1.930935,1.932407,1.804783,1.064793,1.819962,0.492273,1.925854,1.939624,1.941261,1.938295,1.927812,1.932340,1.886253,1.934566,1.943318
1.822241,1.391464,0.669170,0.325285,0.459671,0.304404,0.325399,1.183387,0.876727,1.941814,0.000000,0.987053,0.830367,1.806905,0.320399,0.582709,1.072038,1.959377,0.362992,0.286507,0.275554,0.448244,0.280853,0.871250,0.312287,1.948529,0.426069,0.544552,1.924492,0.323410,1.511564,0.320399,0.314310,1.904652,0.286854,0.672924,0.960229,1.824347,0.334046,0.352305,0.520537,1.407201,0.508300,0.280089,0.268498,0.946019,0.477575,0.455932,0.240648,1.745088,1.445567,0.323410,0.477575,1.877073,0.214630,0.396312,1.866822,0.581448,0.321673,0.871290,0.311707,1.962142,0.645068,1.535357,0.320845,0.256592,0.334892,0.799714,1.875590,0.296183,0.426069,0.323574,0.186726,0.277109,0.954410,1.008305,1.808057,0.297062,0.218516,1.951755,0.314933,1.901693,1.980705,0.497668,0.308367,0.313753,0.281231,0.838712,1.684685,0.723731,1.943206,0.396627,0.284536,0.281229,0.277109,0.307351,0.353447,0.575998,0.305420,0.274157
1.536398,1.284821,1.095272,0.994963,1.079553,0.995219,1.013296,1.159026,0.991216,1.655657,0.987053,0.000000,1.269509,1.584577,1.033459,1.025457,0.264667,1.701838,0.992755,0.994222,0.987979,1.128931,0.991009,1.280580,1.025980,1.654488,1.024694,1.027779,1.573041,1.008791,1.645819,1.033459,1.047188,1.668143,0.991664,0.931188,1.117034,1.601664,1.040512,1.036043,1.047291,1.170318,1.146682,1.010783,1.002563,1.197219,1.019549,1.039081,1.039299,1.458141,1.433591,1.008791,1.019549,1.518618,0.965731,1.011888,1.653792,1.026572,0.950787,1.116999,1.015261,1.662223,0.997604,1.560287,1.104698,1.059251,1.002080,1.105022,1.580815,1.006316,1.024694,1.072465,0.933722,0.998109,1.134386,1.194063,1.488682,1.014429,0.972972,1.652223,1.100543,1.643427,1.690241,0.993720,1.011888,1.019360,0.999737,0.892005,1.637999,1.070806,1.641655,1.077720,0.994344,1.003432,0.998109,0.996617,1.119857,1.158819,1.003945,0.992197
1.615025,1.231492,0.503438,0.785417,0.820819,0.787862,0.767939,1.000230,0.850434,1.802082,0.830367,1.269509,0.000000,1.657531,0.715874,0.672217,1.285440,1.836361,0.906035,0.748279,0.789659,0.905549,0.816609,1.070752,0.783255,1.772080,0.610384,0.686235,1.803991,0.663025,1.451161,0.715874,0.739533,1.681301,0.745519,0.590126,0.794471,1.664332,0.831578,0.862778,0.568484,1.225604,0.824675,0.757699,0.756168,0.750003,0.624967,0.600474,0.775291,1.415775,1.226509,0.663025,0.624967,1.787166,0.870676,0.929214,1.556376,0.654975,0.920161,0.707800,0.781849,1.853054,0.751737,1.220353,0.728522,0.780784,0.855760,0.629768,1.613019,0.808125,0.610384,0.781855,0.852714,0.757658,0.689987,0.762667,1.752015,0.750294,0.854248,1.834221,0.866123,1.730432,1.846038,0.834237,0.803325,0.820031,0.772247,0.840740,1.369820,0.573866,1.795370,0.857399,0.762431,0.751814,0.757658,0.831074,0.777085,0.500179,0.799601,0.788335
1.129136,1.386651,1.708710,1.762395,1.719013,1.764842,1.769497,1.478117,1.602270,0.539463,1.806905,1.584577,1.657531,0.000000,1.771584,1.680156,1.617280,0.913315,1.747425,1.776911,1.776723,1.732068,1.776240,1.573948,1.755733,0.982853,1.763649,1.675132,0.991978,1.779530,1.154992,1.771584,1.754202,0.593697,1.777030,1.686339,1.620081,1.118734,1.765969,1.767254,1.755406,1.511783,1.734320,1.782516,1.802461,1.601504,1.746894,1.757730,1.791547,0.937220,1.535356,1.779530,1.746894,1.106946,1.796074,1.749745,0.978410,1.748234,1.772565,1.629709,1.811408,0.847736,1.711059,1.212048,1.775546,1.793354,1.758148,1.677230,0.887616,1.774670,1.763649,1.775452,1.791495,1.782453,1.605584,1.517352,1.157586,1.772744,1.788568,0.745678,1.785092,0.994280,0.862467,1.715325,1.751611,1.767192,1.773102,1.747917,0.989980,1.687437,0.885714,1.764624,1.792499,1.789840,1.782453,1.764214,1.770586,1.712030,1.773576,1.798203
1.834995,1.433336,0.633247,0.137451,0.263036,0.148669,0.149221,1.198176,0.892636,1.935618,0.320399,1.033459,0.715874,1.771584,0.000000,0.509093,1.136914,1.977013,0.305380,0.202002,0.210052,0.389568,0.212035,0.761578,0.187012,1.960059,0.385571,0.441086,1.942787,0.272400,1.415224,0.000000,0.184619,1.861623,0.207099,0.649832,0.968370,1.845839,0.237865,0.257369,0.496051,1.429111,0.318026,0.194275,0.210945,0.909520,0.439043,0.390706,0.271163,1.722955,1.463579,0.272400,0.439043,1.918566,0.369525,0.340193,1.854388,0.594373,0.345344,0.868711,0.244348,1.973468,0.596492,1.521316,0.229463,0.286874,0.243586,0.785547,1.865835,0.203457,0.385571,0.263134,0.356047,0.211422,0.938560,0.970888,1.858003,0.154390,0.276390,1.961736,0.363654,1.920879,1.985918,0.390482,0.200017,0.210760,0.194948,0.852235,1.626651,0.699010,1.957638,0.311062,0.241282,0.219818,0.211422,0.215842,0.275500,0.440176,0.206476,0.230473
1.650687,1.157973,0.346626,0.553928,0.705356,0.551699,0.528198,0.799957,0.526232,1.849825,0.582709,1.025457,0.672217,1.680156,0.509093,0.000000,1.088379,1.888678,0.677551,0.454242,0.465623,0.708379,0.530714,1.100191,0.547666,1.836966,0.283980,0.132740,1.833667,0.380421,1.604480,0.509093,0.526393,1.817913,0.443331,0.490988,0.583091,1.661081,0.677504,0.709085,0.307048,1.177020,0.755486,0.480440,0.502364,0.517132,0.216277,0.307236,0.542751,1.543468,1.327694,0.380421,0.216277,1.769782,0.671287,0.660017,1.699425,0.342362,0.680253,0.569837,0.533157,1.895661,0.408049,1.243968,0.560007,0.563347,0.642566,0.430836,1.683896,0.559298,0.283980,0.554654,0.628487,0.456338,0.547995,0.573170,1.722747,0.481141,0.639247,1.886747,0.709890,1.775239,1.920056,0.722216,0.546145,0.593409,0.480678,0.649103,1.517795,0.335503,1.862569,0.716814,0.437479,0.455769,0.456338,0.603668,0.603980,0.376495,0.548197,0.480441
1.422326,1.214033,1.105834,1.109198,1.210160,1.105079,1.120916,1.091911,0.969034,1.626599,1.072038,0.264667,1.285440,1.617280,1.136914,1.088379,0.000000,1.633913,1.122644,1.089371,1.089758,1.251749,1.099582,1.414136,1.141973,1.564361,1.082652,1.111548,1.484496,1.087824,1.731357,1.136914,1.159076,1.667088,1.085265,0.946852,1.071627,1.506657,1.153949,1.152187,1.082081,1.033038,1.265493,1.108914,1.094381,1.187329,1.071347,1.093519,1.121521,1.389927,1.325738,1.087824,1.071347,1.405089,1.066140,1.144167,1.563931,1.041872,1.069499,1.089527,1.099680,1.607626,1.031914,1.510056,1.198836,1.139197,1.129192,1.090416,1.515518,1.118461,1.082652,1.168640,1.028491,1.092928,1.096133,1.178910,1.368469,1.116310,1.078163,1.597913,1.196461,1.535616,1.631006,1.119381,1.132239,1.137454,1.101778,0.838150,1.647082,1.071067,1.568491,1.199753,1.080850,1.093695,1.092928,1.116456,1.219871,1.221899,1.114561,1.083778
0.735278,1.326905,1.850462,1.979825,1.968500,1.976524,1.979426,1.524269,1.730263,0.524850,1.959377,1.701838,1.836361,0.913315,1.977013,1.888678,1.633913,0.000000,1.975016,1.970877,1.972278,1.959978,1.977921,1.867957,1.980290,0.411929,1.930501,1.909351,0.456561,1.957277,1.445828,1.977013,1.980592,0.769264,1.969416,1.862382,1.682760,0.721800,1.974666,1.974639,1.901264,1.330222,1.972342,1.974788,1.973615,1.719525,1.915162,1.926039,1.958533,0.941384,1.332142,1.957277,1.915162,0.522438,1.965201,1.966403,0.662589,1.866546,1.973641,1.749722,1.970086,0.378572,1.859791,1.209491,1.975907,1.961274,1.979729,1.784333,0.647864,1.980185,1.930501,1.968703,1.960864,1.970844,1.699837,1.683261,0.732786,1.976431,1.970998,0.442295,1.962953,0.500365,0.318719,1.954480,1.977969,1.981878,1.974345,1.759102,1.112657,1.820809,0.392493,1.979513,1.965575,1.969669,1.970844,1.979575,1.974369,1.918986,1.978761,1.970402
1.866049,1.531262,0.822483,0.224827,0.291512,0.251756,0.246579,1.315438,1.011475,1.911239,0.362992,0.992755,0.906035,1.747425,0.305380,0.677551,1.122644,1.975016,0.000000,0.317082,0.287323,0.335765,0.237365,0.641405,0.232818,1.968031,0.573435,0.593683,1.935286,0.440898,1.368552,0.305380,0.266728,1.839050,0.326282,0.797024,1.126580,1.868891,0.259862,0.244970,0.684500,1.525144,0.345247,0.291406,0.317342,1.064992,0.625921,0.559198,0.400363,1.771202,1.522787,0.440898,0.625921,1.926667,0.309256,0.276484,1.903383,0.760261,0.150563,1.013558,0.322470,1.955636,0.742914,1.627081,0.332917,0.402881,0.205172,0.971379,1.897637,0.220232,0.573435,0.331141,0.315771,0.321492,1.109455,1.117681,1.861867,0.282396,0.224310,1.938399,0.376756,1.943724,1.971722,0.355139,0.228546,0.196125,0.281110,0.970732,1.671289,0.879593,1.957789,0.263952,0.350399,0.332901,0.321492,0.218090,0.335603,0.651117,0.233805,0.311179
1.810310,1.395113,0.584037,0.215747,0.402067,0.229707,0.191400,1.134967,0.812125,1.934275,0.286507,0.994222,0.748279,1.776911,0.202002,0.454242,1.089371,1.970877,0.317082,0.000000,0.129085,0.406294,0.156421,0.841428,0.146172,1.947224,0.323936,0.403080,1.926834,0.213198,1.492800,0.202002,0.191412,1.886295,0.019513,0.591267,0.908017,1.815909,0.340303,0.359510,0.435421,1.373518,0.438249,0.078132,0.163675,0.855728,0.372439,0.328136,0.286522,1.713068,1.430996,0.213198,0.372439,1.893345,0.335182,0.336416,1.848494,0.525366,0.318011,0.806358,0.203209,1.970726,0.544204,1.498163,0.257477,0.294400,0.261715,0.730854,1.859650,0.159699,0.323936,0.245062,0.315829,0.064054,0.887519,0.920083,1.819256,0.149406,0.275912,1.955365,0.392182,1.901681,1.988327,0.442104,0.164498,0.198995,0.054988,0.783949,1.650611,0.642186,1.955701,0.340337,0.097649,0.080895,0.064054,0.222203,0.287113,0.446500,0.155576,0.113884
1.813913,1.399262,0.612335,0.205283,0.396860,0.215393,0.178452,1.144815,0.821641,1.934351,0.275554,0.987979,0.789659,1.776723,0.210052,0.465623,1.089758,1.972278,0.287323,0.129085,0.000000,0.383626,0.083669,0.841357,0.171563,1.945929,0.344507,0.408035,1.925541,0.231816,1.494922,0.210052,0.165499,1.888603,0.129923,0.615921,0.922942,1.818907,0.324157,0.339896,0.461965,1.387975,0.438218,0.095716,0.150253,0.859772,0.390118,0.349802,0.275642,1.730322,1.449430,0.231816,0.390118,1.889911,0.334778,0.311991,1.863686,0.538009,0.289693,0.822851,0.186062,1.971073,0.553408,1.509482,0.259764,0.286208,0.251385,0.754049,1.862652,0.137423,0.344507,0.239044,0.311167,0.105746,0.908156,0.934808,1.819935,0.134049,0.258640,1.956042,0.380467,1.906632,1.988679,0.448606,0.176011,0.181371,0.112876,0.807135,1.660064,0.664602,1.960722,0.339017,0.108386,0.107113,0.105746,0.214258,0.283581,0.468387,0.124504,0.078402
1.877669,1.525361,0.846275,0.367517,0.375225,0.386039,0.369986,1.343691,1.056926,1.900371,0.448244,1.128931,0.905549,1.732068,0.389568,0.708379,1.251749,1.959978,0.335765,0.406294,0.383626,0.000000,0.342551,0.686468,0.328697,1.961879,0.604455,0.633289,1.939309,0.495380,1.327676,0.389568,0.338098,1.832754,0.414171,0.846968,1.153824,1.886761,0.393983,0.381956,0.710903,1.557949,0.395335,0.381886,0.399086,1.075773,0.653698,0.614346,0.468443,1.815074,1.577941,0.495380,0.653698,1.933526,0.408920,0.332838,1.923029,0.808816,0.373920,1.049575,0.419811,1.956050,0.796362,1.621912,0.288977,0.443276,0.301600,0.989658,1.889881,0.323542,0.604455,0.262268,0.456417,0.407861,1.129056,1.137969,1.868141,0.372832,0.401566,1.930855,0.393668,1.934410,1.963786,0.451178,0.321500,0.298358,0.374616,1.055856,1.653772,0.906128,1.959430,0.288134,0.433766,0.417895,0.407861,0.322298,0.211849,0.658710,0.338395,0.404431
1.833652,1.445501,0.674376,0.183337,0.354824,0.192368,0.168975,1.198452,0.878914,1.934319,0.280853,0.991009,0.816609,1.776240,0.212035,0.530714,1.099582,1.977921,0.237365,0.156421,0.083669,0.342551,0.000000,0.793023,0.139338,1.956416,0.407902,0.467013,1.931752,0.285308,1.461096,0.212035,0.154619,1.882171,0.163175,0.656522,0.984937,1.841527,0.283967,0.291988,0.524720,1.425693,0.389470,0.115954,0.169403,0.921321,0.456696,0.412960,0.281928,1.749614,1.472589,0.285308,0.456696,1.905117,0.310536,0.276310,1.881534,0.604465,0.245082,0.877022,0.194923,1.973149,0.601820,1.547482,0.245177,0.285131,0.193452,0.817172,1.883009,0.084679,0.407902,0.227278,0.297367,0.143105,0.968511,0.988918,1.834484,0.146653,0.225905,1.955991,0.346066,1.921400,1.988259,0.413832,0.143406,0.122453,0.121853,0.857220,1.673479,0.729268,1.965337,0.287866,0.163086,0.150425,0.143105,0.165926,0.258502,0.519232,0.073685,0.118848
1.891616,1.755956,1.209992,0.730528,0.544797,0.741486,0.763085,1.626225,1.402397,1.752395,0.871250,1.280580,1.070752,1.573948,0.761578,1.100191,1.414136,1.867957,0.641405,0.841428,0.841357,0.686468,0.793023,0.000000,0.730959,1.907968,1.039207,1.001217,1.902109,0.934090,0.919482,0.761578,0.743391,1.596719,0.851641,1.188102,1.498803,1.902127,0.655888,0.631589,1.121887,1.768560,0.556688,0.827610,0.851080,1.400514,1.090438,1.012990,0.865165,1.774041,1.666840,0.934090,1.090438,1.950474,0.806751,0.707832,1.857454,1.220897,0.730746,1.385015,0.855999,1.827213,1.166739,1.699135,0.765409,0.854586,0.672913,1.360671,1.843295,0.754919,1.039207,0.801537,0.835415,0.862198,1.456336,1.413792,1.927389,0.806023,0.744127,1.811279,0.735654,1.923538,1.821243,0.591333,0.728657,0.707677,0.811384,1.358555,1.483645,1.277620,1.849728,0.626652,0.897067,0.872661,0.862198,0.705213,0.757773,0.992431,0.770114,0.867678
1.850040,1.466485,0.684699,0.171809,0.298363,0.199243,0.167001,1.228382,0.918232,1.927590,0.312287,1.025980,0.783255,1.755733,0.187012,0.547666,1.141973,1.980290,0.232818,0.146172,0.171563,0.328697,0.139338,0.730959,0.000000,1.965731,0.424972,0.475822,1.945405,0.296280,1.410451,0.187012,0.131768,1.861796,0.160414,0.679044,1.013980,1.856309,0.267397,0.277051,0.539514,1.457389,0.335956,0.126573,0.199806,0.950355,0.479613,0.427527,0.314768,1.740893,1.489560,0.296280,0.479613,1.927243,0.316140,0.276190,1.875740,0.636224,0.271285,0.901548,0.237534,1.971460,0.636432,1.549386,0.233975,0.315908,0.164097,0.836519,1.881141,0.102523,0.424972,0.235166,0.322186,0.156763,0.989557,1.007403,1.858954,0.163763,0.243760,1.955715,0.345854,1.932733,1.987093,0.376536,0.073739,0.103445,0.107465,0.888034,1.641688,0.749539,1.965379,0.234565,0.206868,0.176040,0.156763,0.147979,0.245594,0.499969,0.113373,0.187150
0.585847,1.220361,1.779993,1.964541,1.975486,1.964630,1.958891,1.416186,1.649570,0.588267,1.948529,1.654488,1.772080,0.982853,1.960059,1.836966,1.564361,0.411929,1.968031,1.947224,1.945929,1.961879,1.956416,1.907968,1.965731,0.000000,1.881943,1.868383,0.387286,1.921971,1.556266,1.960059,1.960037,0.818441,1.945220,1.780307,1.583698,0.595031,1.974782,1.977175,1.842162,1.199325,1.972093,1.949867,1.948074,1.629792,1.860743,1.878371,1.945558,0.834001,1.201834,1.921971,1.860743,0.439107,1.954827,1.964487,0.577427,1.798446,1.959630,1.651747,1.944636,0.440943,1.805115,1.161316,1.962729,1.947139,1.977879,1.696034,0.547794,1.962833,1.881943,1.955614,1.949760,1.944184,1.602637,1.598147,0.591196,1.951845,1.965956,0.477288,1.957571,0.404112,0.436950,1.951371,1.968109,1.969131,1.952550,1.675648,1.138689,1.742199,0.425330,1.973886,1.935017,1.940998,1.944184,1.974427,1.962662,1.871301,1.959243,1.942210
1.714852,1.219743,0.303908,0.444559,0.618796,0.449815,0.404605,0.938627,0.639799,1.917055,0.426069,1.024694,0.610384,1.763649,0.385571,0.283980,1.082652,1.930501,0.573435,0.323936,0.344507,0.604455,0.407902,1.039207,0.424972,1.881943,0.000000,0.309416,1.881293,0.163284,1.584911,0.385571,0.394936,1.877921,0.314151,0.451531,0.672867,1.723900,0.558353,0.590101,0.132513,1.225872,0.646634,0.335487,0.322531,0.632875,0.099822,0.164634,0.405415,1.608307,1.318440,0.163284,0.099822,1.820376,0.510059,0.576172,1.752916,0.299608,0.555678,0.594421,0.371326,1.942702,0.439755,1.342833,0.413734,0.422529,0.530167,0.463920,1.762291,0.429010,0.000000,0.414705,0.474359,0.311520,0.644484,0.727077,1.762437,0.349055,0.507036,1.937881,0.578272,1.824377,1.963309,0.627915,0.438205,0.469827,0.357810,0.643023,1.589699,0.373207,1.910663,0.580350,0.293295,0.302567,0.311520,0.489840,0.457977,0.298173,0.415736,0.335482
1.693205,1.239202,0.429288,0.480122,0.612478,0.479280,0.459775,0.892720,0.614769,1.856638,0.544552,1.027779,0.686235,1.675132,0.441086,0.132740,1.111548,1.909351,0.593683,0.403080,0.408035,0.633289,0.467013,1.001217,0.475822,1.868383,0.309416,0.000000,1.862293,0.356226,1.543495,0.441086,0.452601,1.807368,0.394058,0.544752,0.697225,1.705166,0.602538,0.631622,0.367028,1.258427,0.674633,0.425920,0.454063,0.602801,0.275608,0.306383,0.503819,1.580209,1.376034,0.356226,0.275608,1.811812,0.622950,0.583347,1.736213,0.426466,0.613644,0.654775,0.487259,1.911117,0.444557,1.295631,0.500372,0.524590,0.564428,0.547086,1.713806,0.491266,0.309416,0.498628,0.583142,0.411365,0.658153,0.651977,1.768888,0.419213,0.575133,1.900049,0.652741,1.814821,1.932747,0.633528,0.470196,0.517916,0.421500,0.716214,1.515964,0.441351,1.883950,0.637752,0.399447,0.413557,0.411365,0.528104,0.544747,0.373353,0.482780,0.434938
0.627942,1.287069,1.796751,1.940835,1.952469,1.940505,1.939152,1.411394,1.641274,0.610552,1.924492,1.573041,1.803991,0.991978,1.942787,1.833667,1.484496,0.456561,1.935286,1.926834,1.925541,1.939309,1.931752,1.902109,1.945405,0.387286,1.881293,1.862293,0.000000,1.913117,1.573377,1.942787,1.945891,0.824293,1.924765,1.782492,1.592839,0.672693,1.952752,1.951454,1.848769,1.217357,1.956809,1.931251,1.927790,1.654945,1.858548,1.880002,1.927201,0.857368,1.235469,1.913117,1.858548,0.423058,1.926484,1.933356,0.679834,1.794971,1.922865,1.666485,1.923642,0.493255,1.796084,1.248889,1.948217,1.930540,1.947481,1.712070,0.643632,1.939029,1.881293,1.936300,1.918940,1.924171,1.614458,1.616846,0.572245,1.934279,1.937224,0.485210,1.942778,0.494340,0.468352,1.940028,1.945102,1.945732,1.931854,1.678287,1.266481,1.753213,0.460464,1.955483,1.915195,1.922373,1.924171,1.946157,1.945941,1.890425,1.935536,1.921344
1.773733,1.315530,0.437193,0.323651,0.500809,0.336475,0.281888,1.053506,0.743995,1.937706,0.323410,1.008791,0.663025,1.779530,0.272400,0.380421,1.087824,1.957277,0.440898,0.213198,0.231816,0.495380,0.285308,0.934090,0.296280,1.921971,0.163284,0.356226,1.913117,0.000000,1.530625,0.272400,0.268655,1.888480,0.206965,0.521558,0.803689,1.782808,0.436565,0.462232,0.271708,1.310258,0.533921,0.210718,0.177306,0.756066,0.243946,0.200455,0.327039,1.662316,1.379472,0.000000,0.243946,1.865828,0.391145,0.462070,1.805746,0.407864,0.427231,0.701070,0.253680,1.963627,0.490800,1.430144,0.309108,0.345714,0.397335,0.605026,1.815541,0.299838,0.163284,0.304520,0.360798,0.196056,0.778839,0.843512,1.806004,0.228081,0.379991,1.958812,0.476899,1.871985,1.983004,0.516871,0.310739,0.338633,0.240192,0.715923,1.620310,0.513161,1.938611,0.448885,0.191224,0.188195,0.196056,0.358583,0.348570,0.338710,0.288334,0.221527
1.697621,1.814084,1.650662,1.405105,1.252124,1.408972,1.427512,1.831663,1.771594,1.311539,1.511564,1.645819,1.451161,1.154992,1.415224,1.604480,1.731357,1.445828,1.368552,1.492800,1.494922,1.327676,1.461096,0.919482,1.410451,1.556266,1.584911,1.543495,1.573377,1.530625,0.000000,1.415224,1.412967,1.080496,1.499790,1.638233,1.811088,1.690972,1.341834,1.329206,1.625198,1.859990,1.223466,1.481939,1.489862,1.735394,1.614627,1.574813,1.487657,1.555018,1.729069,1.530625,1.614627,1.684982,1.453158,1.394874,1.530455,1.706095,1.421145,1.728404,1.491909,1.415857,1.610453,1.624209,1.405337,1.480791,1.373574,1.736356,1.520710,1.432725,1.584911,1.438845,1.475457,1.506333,1.765116,1.697036,1.745273,1.457226,1.427164,1.404515,1.398009,1.585760,1.364109,1.270445,1.407308,1.399845,1.473957,1.753604,1.215914,1.697796,1.466087,1.321469,1.533930,1.514524,1.506333,1.396963,1.391419,1.499359,1.441378,1.516848
1.834995,1.433336,0.633247,0.137451,0.263036,0.148669,0.149221,1.198176,0.892636,1.935618,0.320399,1.033459,0.715874,1.771584,0.000000,0.509093,1.136914,1.977013,0.305380,0.202002,0.210052,0.389568,0.212035,0.761578,0.187012,1.960059,0.385571,0.441086,1.942787,0.272400,1.415224,0.000000,0.184619,1.861623,0.207099,0.649832,0.968370,1.845839,0.237865,0.257369,0.496051,1.429111,0.318026,0.194275,0.210945,0.909520,0.439043,0.390706,0.271163,1.722955,1.463579,0.272400,0.439043,1.918566,0.369525,0.340193,1.854388,0.594373,0.345344,0.868711,0.244348,1.973468,0.596492,1.521316,0.229463,0.286874,0.243586,0.785547,1.865835,0.203457,0.385571,0.263134,0.356047,0.211422,0.938560,0.970888,1.858003,0.154390,0.276390,1.961736,0.363654,1.920879,1.985918,0.390482,0.200017,0.210760,0.194948,0.852235,1.626651,0.699010,1.957638,0.311062,0.241282,0.219818,0.211422,0.215842,0.275500,0.440176,0.206476,0.230473
1.840420,1.445998,0.647046,0.193247,0.312739,0.219235,0.171620,1.208782,0.892479,1.928570,0.314310,1.047188,0.739533,1.754202,0.184619,0.526393,1.159076,1.980592,0.266728,0.191412,0.165499,0.338098,0.154619,0.743391,0.131768,1.960037,0.394936,0.452601,1.945891,0.268655,1.412967,0.184619,0.000000,1.855979,0.199789,0.653731,0.988653,1.852172,0.283705,0.299852,0.506913,1.440345,0.342682,0.149863,0.189445,0.913598,0.454075,0.393307,0.307588,1.729965,1.478170,0.268655,0.454075,1.927333,0.340923,0.318358,1.865716,0.606430,0.303581,0.869109,0.236879,1.974894,0.618396,1.525831,0.208029,0.307379,0.203346,0.807044,1.867702,0.137585,0.394936,0.228940,0.338604,0.186397,0.960374,0.974681,1.861721,0.151120,0.274931,1.958289,0.352162,1.928905,1.987554,0.379874,0.139829,0.141178,0.165995,0.876107,1.614859,0.717310,1.964606,0.240129,0.220893,0.192885,0.186397,0.182790,0.230510,0.442987,0.141492,0.199876
1.025124,1.503516,1.816767,1.855360,1.791607,1.856642,1.866069,1.597749,1.750477,0.482642,1.904652,1.668143,1.681301,0.593697,1.861623,1.817913,1.667088,0.769264,1.839050,1.886295,1.888603,1.832754,1.882171,1.596719,1.861796,0.818441,1.877921,1.807368,0.824293,1.888480,1.080496,1.861623,1.855979,0.000000,1.887243,1.798720,1.742797,1.071415,1.844469,1.844673,1.867132,1.542060,1.796676,1.887902,1.898677,1.728681,1.869005,1.866371,1.889750,0.904124,1.471817,1.888480,1.869005,1.021169,1.877241,1.852485,0.838139,1.865477,1.863061,1.755032,1.901091,0.692639,1.838021,1.295517,1.863938,1.892921,1.852757,1.798154,0.779792,1.873852,1.877921,1.878193,1.880607,1.893426,1.716336,1.644195,1.144878,1.876812,1.878536,0.611012,1.871456,0.932036,0.615105,1.785264,1.859681,1.862585,1.882521,1.813095,0.919009,1.803324,0.724432,1.842355,1.901948,1.897650,1.893426,1.861124,1.865798,1.819032,1.874325,1.903334
1.805792,1.386511,0.573873,0.225054,0.411608,0.237404,0.199927,1.125305,0.800777,1.933947,0.286854,0.991664,0.745519,1.777030,0.207099,0.443331,1.085265,1.969416,0.326282,0.019513,0.129923,0.414171,0.163175,0.851641,0.160414,1.945220,0.314151,0.394058,1.924765,0.206965,1.499790,0.207099,0.199789,1.887243,0.000000,0.583393,0.897389,1.811903,0.350105,0.369987,0.425433,1.365831,0.449418,0.085768,0.166749,0.845035,0.361413,0.319057,0.286484,1.709751,1.426633,0.206965,0.361413,1.889999,0.339580,0.342913,1.845834,0.515609,0.325138,0.797233,0.207781,1.970292,0.533846,1.491716,0.262379,0.296007,0.272676,0.720193,1.855970,0.169328,0.314151,0.249894,0.317334,0.067195,0.876747,0.910365,1.816161,0.155010,0.282310,1.954916,0.399962,1.898640,1.987838,0.447946,0.175900,0.209859,0.069908,0.775834,1.650074,0.631008,1.954565,0.353657,0.092707,0.080980,0.067195,0.231230,0.293557,0.441583,0.164187,0.114405
1.600588,1.116894,0.404192,0.681280,0.826734,0.672022,0.665086,0.826974,0.524398,1.828714,0.672924,0.931188,0.590126,1.686339,0.649832,0.490988,0.946852,1.862382,0.797024,0.591267,0.615921,0.846968,0.656522,1.188102,0.679044,1.780307,0.451531,0.544752,1.782492,0.521558,1.638233,0.649832,0.653731,1.798720,0.583393,0.000000,0.608752,1.652387,0.761201,0.791551,0.418032,1.032777,0.852917,0.613377,0.623992,0.657910,0.434596,0.469114,0.646826,1.446333,1.249388,0.521558,0.434596,1.718440,0.736769,0.802453,1.629534,0.431578,0.768441,0.462445,0.650686,1.868740,0.490944,1.286541,0.685152,0.656804,0.751884,0.470865,1.653104,0.676192,0.451531,0.686018,0.685505,0.594889,0.564447,0.642606,1.651576,0.626724,0.718554,1.845242,0.793472,1.719424,1.887199,0.771503,0.682216,0.709216,0.621287,0.533770,1.540800,0.410325,1.821963,0.808036,0.581944,0.589590,0.594889,0.716839,0.728569,0.536134,0.664959,0.613213
1.347538,0.790692,0.472425,1.013746,1.166385,1.009257,0.983709,0.365836,0.374868,1.707571,0.960229,1.117034,0.794471,1.620081,0.968370,0.583091,1.071627,1.682760,1.126580,0.908017,0.922942,1.153824,0.984937,1.498803,1.013980,1.583698,0.672867,0.697225,1.592839,0.803689,1.811088,0.968370,0.988653,1.742797,0.897389,0.608752,0.000000,1.367071,1.111875,1.143143,0.583835,0.779793,1.195299,0.930125,0.929853,0.380544,0.604326,0.698325,0.935924,1.267432,1.070284,0.803689,0.604326,1.484835,1.054797,1.115964,1.409885,0.450513,1.099299,0.413783,0.945548,1.716166,0.648452,0.976238,1.000023,0.953618,1.102655,0.263154,1.435702,1.016070,0.672867,0.990717,1.008124,0.898496,0.165187,0.409147,1.433604,0.938897,1.057884,1.713708,1.104543,1.490747,1.747703,1.165406,1.021232,1.056190,0.940926,0.563015,1.445957,0.360408,1.646324,1.158762,0.870292,0.890443,0.898496,1.065372,1.038627,0.729567,1.001119,0.913400
0.552379,1.019039,1.600059,1.851031,1.900422,1.849489,1.840559,1.182487,1.448316,0.850623,1.824347,1.601664,1.664332,1.118734,1.845839,1.661081,1.506657,0.721800,1.868891,1.815909,1.818907,1.886761,1.841527,1.902127,1.856309,0.595031,1.723900,1.705166,0.672693,1.782808,1.690972,1.845839,1.852172,1.071415,1.811903,1.652387,1.367071,0.000000,1.879360,1.890211,1.674763,1.081682,1.897672,1.824272,1.823450,1.388999,1.692848,1.712791,1.815411,0.835107,0.878705,1.782808,1.692848,0.549084,1.851929,1.862513,0.616676,1.614347,1.850789,1.466303,1.814372,0.738310,1.656824,0.949972,1.855826,1.820534,1.888302,1.505440,0.746971,1.855223,1.723900,1.852500,1.832620,1.811814,1.398351,1.381134,0.636476,1.828344,1.854504,0.783622,1.864011,0.551708,0.797248,1.899699,1.861251,1.869737,1.826970,1.523449,1.260069,1.551244,0.718527,1.892982,1.795591,1.807022,1.811814,1.876826,1.868825,1.719530,1.848631,1.810448
1.871897,1.525423,0.795585,0.201342,0.214459,0.162194,0.253215,1.318547,1.024386,1.925004,0.334046,1.040512,0.831578,1.765969,0.237865,0.677504,1.153949,1.974666,0.259862,0.340303,0.324157,0.393983,0.283967,0.655888,0.267397,1.974782,0.558353,0.602538,1.952752,0.436565,1.341834,0.237865,0.283705,1.844469,0.350105,0.761201,1.111875,1.879360,0.000000,0.078519,0.664035,1.510411,0.273398,0.321552,0.336935,1.065059,0.611765,0.558592,0.281492,1.763901,1.504896,0.436565,0.611765,1.934438,0.355323,0.319046,1.884419,0.746178,0.311483,0.987223,0.346957,1.964228,0.745102,1.598807,0.303047,0.294794,0.234720,0.943253,1.907326,0.270493,0.558353,0.345355,0.354291,0.346188,1.089221,1.105092,1.874380,0.291556,0.230275,1.947541,0.280936,1.942648,1.973289,0.353527,0.266583,0.247513,0.312444,0.962463,1.652652,0.862430,1.958301,0.278360,0.379548,0.357078,0.346188,0.243277,0.338079,0.612607,0.285197,0.348006
1.878767,1.550079,0.830431,0.217254,0.198728,0.193397,0.268750,1.345873,1.051636,1.924629,0.352305,1.036043,0.862778,1.767254,0.257369,0.709085,1.152187,1.974639,0.244970,0.359510,0.339896,0.381956,0.291988,0.631589,0.277051,1.977175,0.590101,0.631622,1.951454,0.462232,1.329206,0.257369,0.299852,1.844673,0.369987,0.791551,1.143143,1.890211,0.078519,0.000000,0.695911,1.530533,0.267811,0.338306,0.349324,1.095750,0.644749,0.587600,0.326043,1.780360,1.526649,0.462232,0.644749,1.937197,0.358003,0.310422,1.898383,0.778134,0.301711,1.021727,0.357548,1.962424,0.767666,1.622746,0.325234,0.329040,0.220026,0.977466,1.914767,0.276259,0.590101,0.355971,0.361893,0.365399,1.121624,1.139055,1.878697,0.310902,0.225628,1.946944,0.291127,1.947606,1.971044,0.350276,0.274363,0.248077,0.328286,0.984186,1.664099,0.896089,1.957582,0.269413,0.398106,0.375970,0.365399,0.235639,0.347896,0.645620,0.291625,0.361833
1.664230,1.152393,0.192694,0.558086,0.723743,0.562335,0.518000,0.860749,0.583313,1.899271,0.520537,1.047291,0.568484,1.755406,0.496051,0.307048,1.082081,1.901264,0.684500,0.435421,0.461965,0.710903,0.524720,1.121887,0.539514,1.842162,0.132513,0.367028,1.848769,0.271708,1.625198,0.496051,0.506913,1.867132,0.425433,0.418032,0.583835,1.674763,0.664035,0.695911,0.000000,1.154013,0.748580,0.449869,0.431309,0.556721,0.143367,0.205730,0.503199,1.553319,1.257814,0.271708,0.143367,1.779552,0.604719,0.687247,1.698935,0.245403,0.661288,0.515538,0.475550,1.919454,0.440155,1.277409,0.519372,0.519884,0.642873,0.365154,1.716080,0.544385,0.132513,0.520656,0.566881,0.424984,0.550034,0.660948,1.723421,0.464598,0.610739,1.916946,0.675833,1.778499,1.940783,0.720356,0.553671,0.584882,0.472362,0.594156,1.563709,0.274135,1.878642,0.685982,0.403012,0.413684,0.424984,0.602129,0.562496,0.313513,0.530150,0.446959
0.972574,0.799979,1.060797,1.446406,1.567167,1.439757,1.428430,0.692520,0.838629,1.442876,1.407201,1.170318,1.225604,1.511783,1.429111,1.177020,1.033038,1.330222,1.525144,1.373518,1.387975,1.557949,1.425693,1.768560,1.457389,1.199325,1.225872,1.258427,1.217357,1.310258,1.859990,1.429111,1.440345,1.542060,1.365831,1.032777,0.779793,1.081682,1.510411,1.530533,1.154013,0.000000,1.579205,1.390144,1.384847,0.955969,1.181977,1.226318,1.385947,1.005209,0.988767,1.310258,1.181977,1.082163,1.460890,1.521929,1.083849,1.065156,1.494065,0.869784,1.388010,1.387328,1.114913,1.020413,1.454894,1.399985,1.506639,0.927896,1.161312,1.445328,1.225872,1.439439,1.426463,1.367396,0.817470,0.893736,1.054615,1.399710,1.472554,1.396618,1.505036,1.108763,1.406709,1.504256,1.459899,1.475863,1.398821,0.814157,1.329742,0.991592,1.288674,1.536826,1.343470,1.359190,1.367396,1.482313,1.480721,1.271473,1.434090,1.370734
1.896056,1.584805,0.869054,0.305935,0.203803,0.323026,0.330696,1.397583,1.112134,1.903249,0.508300,1.146682,0.824675,1.734320,0.318026,0.755486,1.265493,1.972342,0.345247,0.438249,0.438218,0.395335,0.389470,0.556688,0.335956,1.972093,0.646634,0.674633,1.956809,0.533921,1.223466,0.318026,0.342682,1.796676,0.449418,0.852917,1.195299,1.897672,0.273398,0.267811,0.748580,1.579205,0.000000,0.414827,0.437932,1.116310,0.700303,0.647322,0.463687,1.774905,1.546604,0.533921,0.700303,1.966275,0.477513,0.402182,1.885052,0.854622,0.413680,1.074086,0.438893,1.955700,0.814543,1.630049,0.360790,0.454908,0.306349,1.017688,1.905170,0.350845,0.646634,0.409613,0.503124,0.449764,1.158289,1.154056,1.902797,0.369907,0.404864,1.935662,0.407676,1.949650,1.957439,0.380420,0.344854,0.315077,0.410819,1.066545,1.618373,0.941246,1.958474,0.280287,0.487588,0.458953,0.449764,0.329894,0.365889,0.623691,0.364748,0.457880
1.817508,1.412554,0.601669,0.200253,0.386865,0.222256,0.165109,1.158316,0.838328,1.939715,0.280089,1.010783,0.757699,1.782516,0.194275,0.480440,1.108914,1.974788,0.291406,0.078132,0.095716,0.381886,0.115954,0.827610,0.126573,1.949867,0.335487,0.425920,1.931251,0.210718,1.481939,0.194275,0.149863,1.887902,0.085768,0.613377,0.930125,1.824272,0.321552,0.338306,0.449869,1.390144,0.414827,0.000000,0.126264,0.872143,0.390618,0.337714,0.284497,1.723422,1.437162,0.210718,0.390618,1.900787,0.321432,0.326233,1.857283,0.540525,0.292947,0.818150,0.171699,1.974569,0.561074,1.514175,0.238458,0.292924,0.243541,0.751393,1.867067,0.115398,0.335487,0.223079,0.308233,0.054823,0.911095,0.943282,1.828497,0.123236,0.261575,1.960267,0.379381,1.910139,1.991219,0.433483,0.150457,0.162027,0.067706,0.804437,1.653281,0.664056,1.962552,0.312151,0.089797,0.057892,0.054823,0.209405,0.262363,0.449367,0.106785,0.077845
