0.000000,1.120993,1.690983,1.909162,1.929490,1.899549,1.901293,1.241669,1.459015,0.823222,1.886997,1.683548,1.737241,1.085385,1.890959,1.730552,1.570352,0.594743,1.922684,1.872416,1.886477,1.918415,1.904047,1.903537,1.909482,0.508944,1.794802,1.760357,0.595142,1.851623,1.516845,1.890959,1.904868,0.925193,1.868200,1.644478,1.454162,0.271966,1.919936,1.932258,1.756757,1.040341,1.948573,1.886728,1.892088,1.469457,1.765821,1.801691,1.871538,0.614338,0.678980,1.851623,1.765821,0.476826,1.911539,1.930922,0.405647,1.698994,1.919246,1.503377,1.878498,0.632304,1.707333,0.994729,1.888773,1.868060,1.929511,1.596319,0.730216,1.911070,1.794802,1.889611,1.895963,1.875343,1.499379,1.394468,0.675098,1.888469,1.915847,0.718427,1.904466,0.504272,0.633353,1.889575,1.910745,1.920965,1.884034,1.491166,1.130656,1.650277,0.547343,1.932891,1.863612,1.872442,1.875343,1.924949,1.899047,1.787503,1.908811,1.880410
1.120993,0.000000,1.084300,1.402803,1.519310,1.394634,1.370129,0.560819,0.770586,1.495568,1.352396,1.349184,1.350093,1.470338,1.378473,1.093046,1.270813,1.383736,1.448444,1.314452,1.331895,1.475889,1.377121,1.711657,1.402748,1.281191,1.190435,1.159719,1.240505,1.281297,1.842334,1.378473,1.396015,1.539121,1.306407,1.063614,0.708405,1.104802,1.472658,1.499505,1.143015,0.803288,1.537233,1.339973,1.366564,0.850452,1.133186,1.230051,1.334475,1.140422,1.079513,1.281297,1.133186,1.095885,1.427691,1.462123,1.194317,1.000143,1.438230,0.922298,1.354917,1.415664,1.065128,0.736708,1.384601,1.317267,1.457170,0.905832,1.130594,1.401391,1.190435,1.376534,1.393603,1.311655,0.809224,0.824370,1.149376,1.328942,1.439060,1.473881,1.400225,1.226795,1.444680,1.505354,1.403696,1.431768,1.340314,0.937795,1.442203,0.997828,1.316938,1.498445,1.289947,1.308167,1.311655,1.445615,1.406518,1.171429,1.394979,1.323443
1.690983,1.084300,0.000000,0.654436,0.780885,0.646369,0.613898,0.815840,0.655898,1.843014,0.633407,1.207039,0.494853,1.661220,0.581212,0.321409,1.248196,1.887063,0.758371,0.550516,0.580605,0.792308,0.637087,1.163124,0.635866,1.815476,0.271007,0.380774,1.837247,0.411387,1.629981,0.581212,0.605914,1.802080,0.543501,0.499735,0.527859,1.683658,0.727085,0.774632,0.179281,1.164974,0.786786,0.566360,0.561975,0.485661,0.255210,0.288787,0.562442,1.608917,1.431354,0.411387,0.255210,1.763510,0.758264,0.837241,1.688307,0.389159,0.787617,0.508139,0.587972,1.892193,0.342602,1.130224,0.597352,0.559809,0.735129,0.281729,1.673339,0.642609,0.271007,0.624496,0.700356,0.550293,0.389560,0.601379,1.729241,0.568625,0.724226,1.886218,0.680280,1.734936,1.905876,0.785856,0.659286,0.676137,0.582094,0.746593,1.399981,0.133571,1.832693,0.751699,0.536249,0.542757,0.550293,0.708377,0.644234,0.329694,0.633838,0.578292
1.909162,1.402803,0.654436,0.000000,0.257022,0.081372,0.091693,1.212737,0.953848,1.905340,0.263442,0.949547,0.771303,1.721092,0.135470,0.544742,1.085101,1.971786,0.200847,0.219978,0.185481,0.305869,0.164575,0.738388,0.169630,1.966931,0.428883,0.484999,1.946346,0.294520,1.505000,0.135470,0.202601,1.861252,0.229227,0.706669,0.985571,1.894371,0.184468,0.206393,0.516493,1.458043,0.297878,0.187247,0.189383,0.948129,0.483444,0.409565,0.260879,1.832558,1.708185,0.294520,0.483444,1.920067,0.279245,0.286671,1.918849,0.606075,0.272485,0.942444,0.220043,1.979913,0.602181,1.488873,0.221096,0.293657,0.201193,0.807572,1.848326,0.154291,0.428883,0.236971,0.263191,0.217318,0.935837,1.045535,1.877801,0.145180,0.197550,1.959958,0.316520,1.927750,1.982602,0.381692,0.175090,0.156784,0.194648,0.971182,1.546434,0.704211,1.969373,0.304220,0.244087,0.229237,0.217318,0.185554,0.242568,0.488195,0.161316,0.215259
1.929490,1.519310,0.780885,0.257022,0.000000,0.272133,0.315899,1.339727,1.090831,1.847792,0.431004,1.003855,0.761272,1.646639,0.260909,0.688680,1.169509,1.958295,0.293102,0.426532,0.392620,0.311614,0.354215,0.561465,0.309885,1.973603,0.587561,0.608519,1.960599,0.456878,1.368901,0.260909,0.301024,1.784160,0.438859,0.839799,1.138066,1.921329,0.215547,0.191083,0.665012,1.547318,0.228414,0.392364,0.359318,1.058912,0.650747,0.549551,0.428218,1.833214,1.752668,0.456878,0.650747,1.961370,0.402514,0.345709,1.916498,0.788785,0.401203,1.077330,0.406379,1.962977,0.751096,1.540491,0.352750,0.455944,0.262665,0.958849,1.858338,0.318879,0.587561,0.367578,0.414639,0.432375,1.070666,1.145078,1.918349,0.367724,0.320716,1.919860,0.403353,1.942487,1.953765,0.340496,0.301517,0.274067,0.389820,1.092659,1.467275,0.846068,1.969550,0.265356,0.466579,0.444486,0.432375,0.275839,0.340881,0.603918,0.332879,0.433731
1.899549,1.394634,0.646369,0.081372,0.272133,0.000000,0.133653,1.197521,0.941289,1.906942,0.258263,0.954395,0.768938,1.725678,0.146993,0.534690,1.084086,1.970699,0.218622,0.217355,0.187047,0.329956,0.164508,0.758140,0.181288,1.962985,0.424017,0.477154,1.945460,0.294499,1.513875,0.146993,0.220332,1.865240,0.225833,0.693999,0.972529,1.887955,0.158279,0.195369,0.510775,1.445223,0.327755,0.189028,0.193499,0.934561,0.476205,0.405893,0.240512,1.832207,1.697290,0.294499,0.476205,1.914338,0.294002,0.311771,1.915532,0.595391,0.283952,0.926501,0.217361,1.977847,0.595524,1.470669,0.233684,0.284311,0.210071,0.796769,1.849989,0.161262,0.424017,0.247792,0.263762,0.216191,0.923664,1.031110,1.874279,0.168903,0.187844,1.961090,0.322050,1.923720,1.981240,0.384650,0.188846,0.168092,0.193619,0.967473,1.541521,0.694025,1.965928,0.321427,0.238331,0.227307,0.216191,0.194960,0.260826,0.492633,0.168413,0.213438
1.901293,1.370129,0.613898,0.091693,0.315899,0.133653,0.000000,1.182176,0.922663,1.910540,0.257384,0.951459,0.754961,1.728338,0.142990,0.511104,1.077121,1.972075,0.223264,0.184346,0.158815,0.325633,0.153814,0.778077,0.170687,1.960104,0.384321,0.460774,1.938048,0.250497,1.534978,0.142990,0.200517,1.869683,0.191864,0.676669,0.944758,1.884304,0.241115,0.268781,0.471917,1.426748,0.324183,0.154603,0.151096,0.917260,0.438115,0.369848,0.238352,1.825051,1.691088,0.250497,0.438115,1.908873,0.292722,0.314012,1.910770,0.561866,0.279342,0.906682,0.175400,1.980928,0.561242,1.470513,0.205801,0.263226,0.230189,0.762647,1.838249,0.152820,0.384321,0.218638,0.269857,0.177986,0.896077,1.017585,1.860817,0.088369,0.231212,1.961401,0.311135,1.918581,1.985923,0.407008,0.183151,0.173766,0.168595,0.937653,1.548882,0.662472,1.965018,0.327851,0.202648,0.188919,0.177986,0.209310,0.232691,0.449451,0.152041,0.180018
1.241669,0.560819,0.815840,1.212737,1.339727,1.197521,1.182176,0.000000,0.451100,1.592573,1.161745,1.235725,1.139099,1.495316,1.172925,0.810392,1.172691,1.553475,1.274873,1.108565,1.140766,1.302956,1.193080,1.600038,1.214398,1.455723,0.950538,0.885100,1.452637,1.065251,1.813233,1.172925,1.209567,1.615706,1.097084,0.783978,0.371871,1.243857,1.292836,1.329946,0.898019,0.770877,1.370542,1.148238,1.174463,0.539732,0.880859,0.986918,1.131940,1.205296,1.127616,1.065251,0.880859,1.299915,1.251433,1.307881,1.307855,0.741163,1.276041,0.613924,1.166346,1.576633,0.800633,0.743020,1.179911,1.118536,1.281720,0.628862,1.287231,1.217213,0.950538,1.185687,1.201505,1.116758,0.490091,0.430675,1.336391,1.131711,1.255390,1.606130,1.222290,1.372930,1.597780,1.311841,1.218387,1.251076,1.141077,0.773794,1.330630,0.709904,1.463507,1.329944,1.091977,1.114371,1.116758,1.264870,1.217595,0.962186,1.209087,1.136243
1.459015,0.770586,0.655898,0.953848,1.090831,0.941289,0.922663,0.451100,0.000000,1.729875,0.913481,1.053056,1.027601,1.589535,0.909983,0.598224,1.028556,1.723297,1.012632,0.844858,0.877696,1.031535,0.929845,1.400278,0.953667,1.643850,0.725899,0.661883,1.625228,0.821610,1.787658,0.909983,0.947694,1.719563,0.833920,0.461119,0.402007,1.438710,1.047732,1.081854,0.690617,0.855471,1.141210,0.886925,0.919851,0.462978,0.660750,0.756638,0.878065,1.399413,1.259937,0.821610,0.660750,1.510184,0.992334,1.051592,1.516442,0.545901,1.017687,0.481230,0.909218,1.735772,0.604446,0.929455,0.904984,0.854286,1.022125,0.528355,1.483716,0.956988,0.725899,0.907221,0.947597,0.854277,0.483377,0.385183,1.522003,0.871647,1.008100,1.759703,0.956788,1.577133,1.760123,1.049932,0.953322,0.990946,0.876400,0.624743,1.362676,0.564289,1.654890,1.072371,0.831605,0.854340,0.854277,1.005064,0.940949,0.753527,0.949883,0.875878
0.823222,1.495568,1.843014,1.905340,1.847792,1.906942,1.910540,1.592573,1.729875,0.000000,1.924170,1.667856,1.762922,0.508881,1.894700,1.849508,1.656962,0.648218,1.897036,1.921890,1.925861,1.870692,1.924160,1.672942,1.906202,0.691344,1.894311,1.844367,0.782272,1.908139,1.090815,1.894700,1.899047,0.463810,1.922216,1.836378,1.751587,0.878303,1.897099,1.891667,1.879236,1.450296,1.860021,1.927543,1.915239,1.720020,1.889216,1.886963,1.917859,0.769451,1.214294,1.908139,1.889216,0.903922,1.909501,1.888210,0.703924,1.879834,1.916062,1.758537,1.917632,0.659803,1.832897,1.335448,1.911543,1.913249,1.893269,1.820803,0.805967,1.918566,1.894311,1.910320,1.918964,1.929151,1.753189,1.655953,0.870405,1.915250,1.913531,0.290084,1.901281,0.700010,0.546629,1.839602,1.902443,1.907910,1.917698,1.734124,1.041310,1.831543,0.720957,1.869847,1.934690,1.933682,1.929151,1.902037,1.904422,1.860433,1.922265,1.937772
1.886997,1.352396,0.633407,0.263442,0.431004,0.258263,0.257384,1.161745,0.913481,1.924170,0.000000,0.920701,0.782367,1.754256,0.296727,0.540760,1.029376,1.965077,0.299119,0.245455,0.227766,0.395407,0.235402,0.832109,0.262560,1.946212,0.413046,0.510815,1.933339,0.301372,1.560955,0.296727,0.287617,1.888687,0.249535,0.664645,0.918125,1.871177,0.311250,0.343652,0.496174,1.395375,0.447018,0.218696,0.252624,0.919869,0.454418,0.423292,0.209472,1.830849,1.671496,0.301372,0.454418,1.886713,0.210440,0.404172,1.909035,0.532631,0.305510,0.902139,0.283249,1.965382,0.594478,1.460268,0.254645,0.259377,0.305654,0.744422,1.842671,0.226138,0.413046,0.273838,0.163932,0.232236,0.888440,1.023431,1.849161,0.229799,0.225932,1.968229,0.299755,1.908580,1.979223,0.436378,0.270251,0.248973,0.245654,0.918678,1.557092,0.673481,1.940749,0.374637,0.238984,0.230857,0.232236,0.294850,0.284778,0.499230,0.231222,0.224145
1.683548,1.349184,1.207039,0.949547,1.003855,0.954395,0.951459,1.235725,1.053056,1.667856,0.920701,0.000000,1.389536,1.527308,0.984069,1.084773,0.303816,1.702213,0.902332,0.962405,0.968548,0.946397,0.961387,1.102651,0.974475,1.717648,1.079075,1.075122,1.654926,1.035293,1.537946,0.984069,0.995497,1.668748,0.960660,1.005944,1.195494,1.646847,0.981994,0.985002,1.120875,1.322673,1.045086,0.975464,0.995015,1.233787,1.075597,1.106542,0.942353,1.617909,1.591015,1.035293,1.075597,1.607224,0.894915,0.909765,1.735976,1.015400,0.911021,1.233275,0.971100,1.708184,1.057412,1.484064,0.977411,0.948063,0.955335,1.191388,1.623105,0.964013,1.079075,0.958830,0.915399,0.968418,1.260427,1.266319,1.613105,0.945418,0.954926,1.721181,0.966269,1.698888,1.721422,0.883455,0.959508,0.967787,0.963804,1.055247,1.494589,1.191236,1.694320,0.995756,0.970659,0.976178,0.968418,0.961368,0.966199,1.136526,0.967032,0.970495
1.737241,1.350093,0.494853,0.771303,0.761272,0.768938,0.754961,1.139099,1.027601,1.762922,0.782367,1.389536,0.000000,1.562992,0.688243,0.666099,1.460404,1.877299,0.859554,0.749103,0.758516,0.839311,0.781040,1.025566,0.741058,1.809404,0.572134,0.656577,1.877088,0.608098,1.382510,0.688243,0.689864,1.681244,0.751639,0.809763,0.906000,1.742153,0.768654,0.800939,0.541241,1.357373,0.742517,0.733243,0.693110,0.810934,0.614806,0.539460,0.723322,1.621745,1.490496,0.608098,0.614806,1.847519,0.872038,0.930135,1.674714,0.772984,0.913583,0.836708,0.746490,1.866231,0.705421,1.259920,0.713778,0.733035,0.801256,0.690212,1.697448,0.754247,0.572134,0.748305,0.836908,0.748582,0.750440,0.889417,1.802439,0.744610,0.820573,1.823145,0.765350,1.742561,1.859949,0.801096,0.765570,0.756178,0.754892,1.009428,1.270532,0.592506,1.833249,0.746666,0.757397,0.742905,0.748582,0.785858,0.733380,0.528351,0.753871,0.769405
1.085385,1.470338,1.661220,1.721092,1.646639,1.725678,1.728338,1.495316,1.589535,0.508881,1.754256,1.527308,1.562992,0.000000,1.701305,1.657075,1.576688,1.038716,1.723381,1.747221,1.753000,1.678610,1.752991,1.494729,1.719780,1.037428,1.706235,1.642867,1.120625,1.717392,0.957850,1.701305,1.705149,0.600399,1.748689,1.660663,1.622824,1.133944,1.717833,1.714813,1.693161,1.413471,1.666720,1.753661,1.732950,1.561160,1.705854,1.697441,1.741907,0.827392,1.321750,1.717392,1.705854,1.210972,1.742701,1.727297,0.934639,1.717254,1.763539,1.611377,1.747503,1.029630,1.641720,1.297587,1.728427,1.742974,1.705267,1.660879,0.941145,1.739807,1.706235,1.725345,1.753737,1.758107,1.600820,1.502857,1.173033,1.732171,1.746192,0.761117,1.730521,0.973373,0.944918,1.638778,1.714795,1.724213,1.740862,1.580034,0.886977,1.656427,1.062517,1.672173,1.770573,1.766254,1.758107,1.717143,1.716064,1.660847,1.747100,1.776065
1.890959,1.378473,0.581212,0.135470,0.260909,0.146993,0.142990,1.172925,0.909983,1.894700,0.296727,0.984069,0.688243,1.701305,0.000000,0.493084,1.111992,1.971284,0.274852,0.234449,0.210415,0.341863,0.212443,0.766140,0.205220,1.958344,0.366536,0.435479,1.947135,0.241710,1.507734,0.000000,0.191647,1.848903,0.242116,0.653638,0.937069,1.878939,0.222280,0.254324,0.447279,1.419736,0.320438,0.206737,0.182851,0.888131,0.427108,0.347690,0.246435,1.808914,1.677342,0.241710,0.427108,1.916577,0.344021,0.369188,1.894717,0.563608,0.352453,0.892104,0.233716,1.978833,0.544658,1.449892,0.211259,0.269380,0.260034,0.748605,1.841864,0.197292,0.366536,0.235386,0.320081,0.234492,0.875387,0.984484,1.870330,0.166428,0.271608,1.953597,0.307109,1.911244,1.981395,0.380200,0.214970,0.203094,0.219191,0.925219,1.491472,0.638838,1.962091,0.310496,0.257148,0.241741,0.234492,0.241286,0.241127,0.418156,0.198711,0.241537
1.730552,1.093046,0.321409,0.544742,0.688680,0.534690,0.511104,0.810392,0.598224,1.849508,0.540760,1.084773,0.666099,1.657075,0.493084,0.000000,1.157141,1.906754,0.642312,0.437931,0.458342,0.669460,0.518887,1.079396,0.530635,1.855267,0.270640,0.119972,1.852563,0.366949,1.637362,0.493084,0.523894,1.807220,0.429192,0.494480,0.575448,1.726343,0.648767,0.692109,0.289522,1.205690,0.709647,0.473380,0.488776,0.522530,0.212028,0.291748,0.512150,1.641017,1.529422,0.366949,0.212028,1.782996,0.648971,0.698168,1.744912,0.350262,0.675878,0.572005,0.516079,1.910900,0.326260,1.177001,0.516309,0.515208,0.621735,0.413519,1.680421,0.543121,0.270640,0.528358,0.586018,0.448732,0.499130,0.603012,1.763747,0.460189,0.618770,1.901493,0.619668,1.789959,1.920751,0.721305,0.541640,0.576156,0.464418,0.784027,1.437335,0.302235,1.859108,0.674358,0.436167,0.452261,0.448732,0.598201,0.558836,0.340572,0.533112,0.478720
1.570352,1.270813,1.248196,1.085101,1.169509,1.084086,1.077121,1.172691,1.028556,1.656962,1.029376,0.303816,1.460404,1.576688,1.111992,1.157141,0.000000,1.625771,1.048925,1.067451,1.081294,1.105908,1.082061,1.281450,1.107672,1.612716,1.152142,1.168997,1.566858,1.134697,1.633911,1.111992,1.130476,1.685347,1.062916,1.024563,1.159629,1.525456,1.119069,1.128928,1.178316,1.191703,1.200055,1.083991,1.108429,1.229280,1.137749,1.187399,1.040069,1.572704,1.461102,1.134697,1.137749,1.474593,1.024149,1.059684,1.657540,1.043139,1.042789,1.215632,1.071119,1.635877,1.113658,1.418886,1.095303,1.038215,1.104176,1.194186,1.579365,1.090318,1.152142,1.081834,1.033350,1.070999,1.252758,1.255007,1.485876,1.064704,1.084373,1.677745,1.076882,1.597689,1.660467,1.019394,1.097795,1.104211,1.077819,1.013894,1.501156,1.220269,1.599170,1.150497,1.061823,1.072845,1.070999,1.103148,1.095298,1.220778,1.089600,1.067834
0.594743,1.383736,1.887063,1.971786,1.958295,1.970699,1.972075,1.553475,1.723297,0.648218,1.965077,1.702213,1.877299,1.038716,1.971284,1.906754,1.625771,0.000000,1.962408,1.967918,1.971053,1.956535,1.973687,1.844271,1.976002,0.482611,1.943403,1.919368,0.388972,1.966902,1.382773,1.971284,1.977932,0.792895,1.966720,1.859059,1.722436,0.624169,1.969919,1.965716,1.925122,1.376804,1.967810,1.973534,1.976110,1.746517,1.928557,1.945028,1.967781,0.820692,1.068383,1.966902,1.928557,0.534642,1.958398,1.956230,0.612111,1.884269,1.953688,1.777608,1.969283,0.406716,1.885571,1.315786,1.971012,1.961664,1.970332,1.825662,0.763154,1.977153,1.943403,1.968183,1.959126,1.968882,1.757544,1.689590,0.711822,1.970050,1.962174,0.455027,1.962181,0.628583,0.311158,1.946444,1.972946,1.977524,1.969668,1.727682,1.295076,1.861904,0.434124,1.970438,1.964501,1.968415,1.968882,1.972290,1.971859,1.933349,1.977129,1.968537
1.922684,1.448444,0.758371,0.200847,0.293102,0.218622,0.223264,1.274873,1.012632,1.897036,0.299119,0.902332,0.859554,1.723381,0.274852,0.642312,1.048925,1.962408,0.000000,0.287820,0.275540,0.264196,0.230528,0.688208,0.222476,1.973340,0.541579,0.582118,1.941652,0.401912,1.495765,0.274852,0.272343,1.852495,0.297440,0.773321,1.065001,1.907660,0.264315,0.258168,0.624765,1.486803,0.327871,0.276805,0.278288,1.033006,0.591491,0.512361,0.352342,1.849927,1.735013,0.401912,0.591491,1.921608,0.229048,0.232447,1.933383,0.691895,0.163675,1.021841,0.292525,1.966423,0.695038,1.526673,0.267886,0.374533,0.193508,0.900369,1.860337,0.217085,0.541579,0.268475,0.238482,0.303585,1.025065,1.117109,1.883797,0.256140,0.222362,1.949428,0.360745,1.945715,1.972824,0.369512,0.199966,0.197103,0.256216,1.016279,1.560628,0.803083,1.960872,0.302964,0.330021,0.317609,0.303585,0.201969,0.265447,0.604534,0.228659,0.298475
1.872416,1.314452,0.550516,0.219978,0.426532,0.217355,0.184346,1.108565,0.844858,1.921890,0.245455,0.962405,0.749103,1.747221,0.234449,0.437931,1.067451,1.967918,0.287820,0.000000,0.143495,0.396876,0.164098,0.865352,0.158719,1.948253,0.327431,0.405013,1.929386,0.224271,1.584359,0.234449,0.226613,1.882808,0.020574,0.594842,0.863842,1.857010,0.338793,0.373930,0.411501,1.372995,0.426105,0.102386,0.187947,0.844070,0.364696,0.323282,0.233993,1.802435,1.648882,0.224271,0.364696,1.884083,0.314398,0.381394,1.889504,0.482597,0.322280,0.825941,0.211363,1.976103,0.506535,1.409754,0.232046,0.246017,0.275245,0.681887,1.827564,0.176341,0.327431,0.242378,0.269613,0.081757,0.819545,0.943451,1.844567,0.142656,0.294394,1.966576,0.327527,1.904827,1.985343,0.473479,0.175039,0.218100,0.055590,0.883295,1.557828,0.589461,1.945416,0.376089,0.112881,0.106633,0.081757,0.246978,0.268090,0.419806,0.170682,0.139123
1.886477,1.331895,0.580605,0.185481,0.392620,0.187047,0.158815,1.140766,0.877696,1.925861,0.227766,0.968548,0.758516,1.753000,0.210415,0.458342,1.081294,1.971053,0.275540,0.143495,0.000000,0.371386,0.083580,0.846291,0.171952,1.951839,0.342997,0.417853,1.930542,0.223962,1.568994,0.210415,0.189370,1.887395,0.151453,0.644725,0.895555,1.872931,0.295478,0.325686,0.437532,1.401949,0.403316,0.088181,0.161850,0.881436,0.384389,0.345664,0.236957,1.821874,1.677315,0.223962,0.384389,1.891293,0.289886,0.360088,1.907033,0.514414,0.291128,0.849747,0.210955,1.972830,0.527648,1.445350,0.212688,0.267864,0.254492,0.712942,1.834165,0.127511,0.342997,0.216403,0.248213,0.101230,0.850044,0.978045,1.849798,0.135877,0.242749,1.970808,0.330632,1.910760,1.988041,0.471782,0.185473,0.176797,0.132736,0.914960,1.572572,0.620626,1.952016,0.339236,0.110564,0.103719,0.101230,0.227366,0.250354,0.436979,0.113250,0.076757
1.918415,1.475889,0.792308,0.305869,0.311614,0.329956,0.325633,1.302956,1.031535,1.870692,0.395407,0.946397,0.839311,1.678610,0.341863,0.669460,1.105908,1.956535,0.264196,0.396876,0.371386,0.000000,0.331463,0.650685,0.312567,1.963736,0.584839,0.600081,1.938308,0.456213,1.437089,0.341863,0.330103,1.808372,0.406610,0.795941,1.104982,1.897868,0.349952,0.339528,0.663804,1.479132,0.337177,0.383137,0.354163,1.054252,0.635717,0.551999,0.444332,1.826587,1.720576,0.456213,0.635717,1.933694,0.334883,0.338523,1.916961,0.748700,0.318982,1.037633,0.376962,1.956245,0.742569,1.531097,0.287299,0.467466,0.273346,0.941903,1.846675,0.319749,0.584839,0.249067,0.358872,0.408819,1.062028,1.118776,1.900331,0.358401,0.340341,1.930281,0.412860,1.945245,1.954654,0.396252,0.294919,0.289610,0.364943,1.028607,1.507971,0.844754,1.956833,0.290417,0.438416,0.423436,0.408819,0.291124,0.219234,0.638200,0.330169,0.407693
1.904047,1.377121,0.637087,0.164575,0.354215,0.164508,0.153814,1.193080,0.929845,1.924160,0.235402,0.961387,0.781040,1.752991,0.212443,0.518887,1.082061,1.973687,0.230528,0.164098,0.083580,0.331463,0.000000,0.805439,0.137436,1.961379,0.402700,0.473228,1.936775,0.270524,1.544736,0.212443,0.172025,1.885690,0.175885,0.686499,0.955778,1.890794,0.258276,0.279835,0.495097,1.437833,0.355537,0.110653,0.162118,0.937319,0.449281,0.394881,0.250051,1.840215,1.698876,0.270524,0.449281,1.905482,0.264262,0.322158,1.922613,0.577652,0.247767,0.902384,0.206682,1.974553,0.584196,1.480455,0.211806,0.282495,0.197323,0.774632,1.853075,0.078602,0.402700,0.206796,0.236081,0.138977,0.910495,1.029517,1.862522,0.159449,0.209357,1.969103,0.318953,1.924680,1.987755,0.444422,0.146734,0.121876,0.133972,0.959645,1.583533,0.681851,1.958331,0.294632,0.162389,0.148080,0.138977,0.171502,0.234047,0.493458,0.063631,0.116732
1.903537,1.711657,1.163124,0.738388,0.561465,0.758140,0.778077,1.600038,1.400278,1.672942,0.832109,1.102651,1.025566,1.494729,0.766140,1.079396,1.281450,1.844271,0.688208,0.865352,0.846291,0.650685,0.805439,0.000000,0.751591,1.892739,1.013442,0.997823,1.888366,0.906304,1.112165,0.766140,0.750478,1.579193,0.876334,1.200429,1.471104,1.902417,0.686338,0.655250,1.076830,1.692277,0.590902,0.843940,0.811541,1.371695,1.066909,0.962586,0.857594,1.799919,1.815469,0.906304,1.066909,1.943953,0.755690,0.665206,1.857546,1.187104,0.766705,1.409572,0.833765,1.843525,1.162098,1.661813,0.791031,0.868705,0.683664,1.325026,1.794792,0.771164,1.013442,0.795477,0.798828,0.877409,1.411251,1.425537,1.899609,0.825200,0.749770,1.763681,0.775594,1.900949,1.812830,0.641020,0.737966,0.721381,0.829711,1.363209,1.374643,1.226761,1.893318,0.629718,0.911563,0.890372,0.877409,0.710257,0.756669,0.989798,0.787051,0.879637
1.909482,1.402748,0.635866,0.169630,0.309885,0.181288,0.170687,1.214398,0.953667,1.906202,0.262560,0.974475,0.741058,1.719780,0.205220,0.530635,1.107672,1.976002,0.222476,0.158719,0.171952,0.312567,0.137436,0.751591,0.000000,1.968278,0.413896,0.475987,1.949893,0.279853,1.503690,0.205220,0.149630,1.854018,0.176582,0.688706,0.979966,1.896672,0.255517,0.277283,0.501254,1.456713,0.308883,0.134566,0.182955,0.937092,0.467291,0.394161,0.268515,1.824476,1.698750,0.279853,0.467291,1.925005,0.285640,0.322392,1.912559,0.607249,0.292092,0.923027,0.235392,1.980259,0.604593,1.471222,0.216599,0.297289,0.167746,0.789872,1.847965,0.105091,0.413896,0.220734,0.264734,0.165831,0.923123,1.035555,1.883390,0.181974,0.243779,1.959429,0.316286,1.931334,1.984274,0.409002,0.070283,0.107698,0.112929,0.976431,1.547090,0.690847,1.961592,0.255946,0.215355,0.187562,0.165831,0.146236,0.219345,0.475483,0.117735,0.198303
0.508944,1.281191,1.815476,1.966931,1.973603,1.962985,1.960104,1.455723,1.643850,0.691344,1.946212,1.717648,1.809404,1.037428,1.958344,1.855267,1.612716,0.482611,1.973340,1.948253,1.951839,1.963736,1.961379,1.892739,1.968278,0.000000,1.892576,1.879568,0.508647,1.933352,1.406774,1.958344,1.963884,0.842733,1.945966,1.788823,1.624497,0.530165,1.966575,1.971318,1.864385,1.198483,1.973124,1.952566,1.957320,1.660878,1.872887,1.903096,1.935952,0.733994,0.921714,1.933352,1.872887,0.453576,1.961394,1.964985,0.512784,1.824449,1.965769,1.652520,1.946739,0.467117,1.820963,1.211783,1.953705,1.929362,1.973919,1.735877,0.668165,1.965420,1.892576,1.953098,1.956858,1.946354,1.663038,1.601457,0.564139,1.953117,1.965579,0.545715,1.942967,0.377199,0.464901,1.931320,1.969031,1.970807,1.955007,1.622171,1.241089,1.787161,0.442390,1.969411,1.938022,1.943230,1.946354,1.973788,1.957806,1.876770,1.964023,1.945746
1.794802,1.190435,0.271007,0.428883,0.587561,0.424017,0.384321,0.950538,0.725899,1.894311,0.413046,1.079075,0.572134,1.706235,0.366536,0.270640,1.152142,1.943403,0.541579,0.327431,0.342997,0.584839,0.402700,1.013442,0.413896,1.892576,0.000000,0.292843,1.897998,0.171844,1.606307,0.366536,0.389160,1.858438,0.321422,0.507948,0.663731,1.783145,0.513007,0.561022,0.111093,1.258144,0.593842,0.334804,0.328353,0.647769,0.096475,0.159157,0.341484,1.722224,1.549740,0.171844,0.096475,1.835282,0.540834,0.626134,1.805414,0.340022,0.568566,0.639690,0.372688,1.945275,0.333059,1.284287,0.381482,0.350775,0.515246,0.429488,1.758981,0.412348,0.000000,0.403220,0.484539,0.319067,0.583644,0.761610,1.791714,0.337242,0.499404,1.942270,0.470418,1.823858,1.961261,0.604983,0.438708,0.450183,0.358470,0.778417,1.475850,0.325189,1.902770,0.543712,0.308059,0.312532,0.319067,0.487668,0.428580,0.254115,0.402109,0.344510
1.760357,1.159719,0.380774,0.484999,0.608519,0.477154,0.460774,0.885100,0.661883,1.844367,0.510815,1.075122,0.656577,1.642867,0.435479,0.119972,1.168997,1.919368,0.582118,0.405013,0.417853,0.600081,0.473228,0.997823,0.475987,1.879568,0.292843,0.000000,1.875900,0.345032,1.594260,0.435479,0.469813,1.793220,0.398761,0.538118,0.671224,1.755891,0.589531,0.629931,0.333768,1.264129,0.642588,0.437361,0.446126,0.585211,0.265867,0.277371,0.492552,1.659852,1.567217,0.345032,0.265867,1.818876,0.604343,0.634666,1.767343,0.420115,0.630273,0.649011,0.480188,1.925571,0.370496,1.215732,0.467613,0.500525,0.558996,0.513053,1.697126,0.493703,0.292843,0.481207,0.545017,0.420473,0.589319,0.660343,1.799227,0.419148,0.566228,1.904222,0.587958,1.820891,1.928238,0.664545,0.483793,0.519000,0.422335,0.831995,1.425726,0.384545,1.884224,0.613074,0.415482,0.427895,0.420473,0.538169,0.507505,0.338953,0.486224,0.450839
0.595142,1.240505,1.837247,1.946346,1.960599,1.945460,1.938048,1.452637,1.625228,0.782272,1.933339,1.654926,1.877088,1.120625,1.947135,1.852563,1.566858,0.388972,1.941652,1.929386,1.930542,1.938308,1.936775,1.888366,1.949893,0.508647,1.897998,1.875900,0.000000,1.927639,1.489001,1.947135,1.950106,0.903048,1.926860,1.794621,1.627411,0.608222,1.957447,1.955863,1.876730,1.294201,1.959640,1.935856,1.943528,1.687008,1.876523,1.905226,1.931541,0.795966,1.041378,1.927639,1.876523,0.414781,1.929172,1.933092,0.628308,1.814693,1.921116,1.691323,1.932852,0.474707,1.823349,1.295381,1.941408,1.921419,1.951197,1.752027,0.739437,1.945786,1.897998,1.934809,1.930269,1.926632,1.679484,1.617432,0.612451,1.931485,1.941490,0.603510,1.936087,0.589367,0.491546,1.952258,1.948790,1.952234,1.935057,1.673800,1.408575,1.802586,0.508339,1.957742,1.919497,1.925724,1.926632,1.949593,1.943698,1.890790,1.943788,1.925860
1.851623,1.281297,0.411387,0.294520,0.456878,0.294499,0.250497,1.065251,0.821610,1.908139,0.301372,1.035293,0.608098,1.717392,0.241710,0.366949,1.134697,1.966902,0.401912,0.224271,0.223962,0.456213,0.270524,0.906304,0.279853,1.933352,0.171844,0.345032,1.927639,0.000000,1.566621,0.241710,0.253875,1.866937,0.223754,0.568955,0.792640,1.838887,0.380560,0.424954,0.260475,1.341060,0.460918,0.212520,0.172100,0.768073,0.247848,0.194247,0.248913,1.774363,1.617417,0.000000,0.247848,1.880505,0.410864,0.493835,1.858836,0.429404,0.434728,0.758307,0.249233,1.964096,0.423730,1.371851,0.259084,0.279712,0.370306,0.575717,1.801189,0.271602,0.171844,0.278911,0.360760,0.213936,0.721614,0.877547,1.835756,0.214107,0.366907,1.958700,0.374926,1.874513,1.978640,0.508895,0.303399,0.305531,0.243226,0.844163,1.504855,0.471551,1.935700,0.410642,0.217858,0.210736,0.213936,0.344754,0.304494,0.304302,0.263813,0.235307
1.516845,1.842334,1.629981,1.505000,1.368901,1.513875,1.534978,1.813233,1.787658,1.090815,1.560955,1.537946,1.382510,0.957850,1.507734,1.637362,1.633911,1.382773,1.495765,1.584359,1.568994,1.437089,1.544736,1.112165,1.503690,1.406774,1.606307,1.594260,1.489001,1.566621,0.000000,1.507734,1.488016,0.958420,1.591554,1.678593,1.803137,1.539804,1.444419,1.429081,1.621815,1.732953,1.365556,1.562737,1.534156,1.689600,1.640471,1.576482,1.559028,1.367048,1.566648,1.566621,1.640471,1.616152,1.524596,1.496645,1.392423,1.730689,1.540088,1.705692,1.557804,1.315095,1.644455,1.665499,1.521429,1.582266,1.465206,1.726121,1.401344,1.515269,1.606307,1.527957,1.550128,1.586754,1.739495,1.708836,1.615649,1.564425,1.506626,1.215277,1.523646,1.386237,1.273623,1.375908,1.503234,1.484638,1.564548,1.695101,1.169271,1.678958,1.421011,1.402767,1.608706,1.591988,1.586754,1.478556,1.495817,1.571328,1.524786,1.591332
1.890959,1.378473,0.581212,0.135470,0.260909,0.146993,0.142990,1.172925,0.909983,1.894700,0.296727,0.984069,0.688243,1.701305,0.000000,0.493084,1.111992,1.971284,0.274852,0.234449,0.210415,0.341863,0.212443,0.766140,0.205220,1.958344,0.366536,0.435479,1.947135,0.241710,1.507734,0.000000,0.191647,1.848903,0.242116,0.653638,0.937069,1.878939,0.222280,0.254324,0.447279,1.419736,0.320438,0.206737,0.182851,0.888131,0.427108,0.347690,0.246435,1.808914,1.677342,0.241710,0.427108,1.916577,0.344021,0.369188,1.894717,0.563608,0.352453,0.892104,0.233716,1.978833,0.544658,1.449892,0.211259,0.269380,0.260034,0.748605,1.841864,0.197292,0.366536,0.235386,0.320081,0.234492,0.875387,0.984484,1.870330,0.166428,0.271608,1.953597,0.307109,1.911244,1.981395,0.380200,0.214970,0.203094,0.219191,0.925219,1.491472,0.638838,1.962091,0.310496,0.257148,0.241741,0.234492,0.241286,0.241127,0.418156,0.198711,0.241537
1.904868,1.396015,0.605914,0.202601,0.301024,0.220332,0.200517,1.209567,0.947694,1.899047,0.287617,0.995497,0.689864,1.705149,0.191647,0.523894,1.130476,1.977932,0.272343,0.226613,0.189370,0.330103,0.172025,0.750478,0.149630,1.963884,0.389160,0.469813,1.950106,0.253875,1.488016,0.191647,0.000000,1.846554,0.239370,0.678359,0.966970,1.894706,0.267674,0.287970,0.472267,1.448470,0.308025,0.178240,0.186712,0.925717,0.450600,0.372934,0.280092,1.815747,1.693942,0.253875,0.450600,1.927766,0.317804,0.355824,1.905013,0.600021,0.332510,0.900890,0.265242,1.970768,0.590346,1.464251,0.211291,0.307400,0.205973,0.767296,1.842459,0.137604,0.389160,0.224256,0.304909,0.218198,0.902847,1.023258,1.883214,0.204909,0.278316,1.957358,0.318977,1.922994,1.983962,0.405254,0.154385,0.131871,0.201590,0.959918,1.522003,0.666867,1.958091,0.200504,0.253350,0.226133,0.218198,0.192895,0.223178,0.443825,0.143282,0.228997
0.925193,1.539121,1.802080,1.861252,1.784160,1.865240,1.869683,1.615706,1.719563,0.463810,1.888687,1.668748,1.681244,0.600399,1.848903,1.807220,1.685347,0.792895,1.852495,1.882808,1.887395,1.808372,1.885690,1.579193,1.854018,0.842733,1.858438,1.793220,0.903048,1.866937,0.958420,1.848903,1.846554,0.000000,1.885114,1.789857,1.754240,0.974683,1.849034,1.844293,1.845647,1.487243,1.799358,1.885159,1.876965,1.685284,1.857274,1.840261,1.886992,0.722272,1.252469,1.866937,1.857274,1.060769,1.875229,1.838385,0.718258,1.863061,1.887459,1.742422,1.885458,0.756471,1.820583,1.328534,1.861177,1.890274,1.842232,1.803805,0.782425,1.872836,1.858438,1.862145,1.882510,1.890367,1.736276,1.626216,1.150478,1.875983,1.877831,0.568878,1.873487,0.913502,0.629643,1.787400,1.850963,1.858364,1.875672,1.732658,0.962294,1.801660,0.845922,1.813403,1.900782,1.895809,1.890367,1.850615,1.848281,1.802764,1.878584,1.903782
1.868200,1.306407,0.543501,0.229227,0.438859,0.225833,0.191864,1.097084,0.833920,1.922216,0.249535,0.960660,0.751639,1.748689,0.242116,0.429192,1.062916,1.966720,0.297440,0.020574,0.151453,0.406610,0.175885,0.876334,0.176582,1.945966,0.321422,0.398761,1.926860,0.223754,1.591554,0.242116,0.239370,1.885114,0.000000,0.587011,0.852084,1.852400,0.349847,0.385540,0.404621,1.364875,0.437668,0.115498,0.195391,0.834668,0.356044,0.319342,0.236309,1.799931,1.644129,0.223754,0.356044,1.879554,0.320605,0.387552,1.886945,0.470444,0.328484,0.816034,0.215378,1.974883,0.497364,1.404077,0.239667,0.244988,0.289033,0.671746,1.824956,0.191017,0.321422,0.251253,0.275049,0.090163,0.809451,0.933714,1.839810,0.145928,0.303097,1.966240,0.330686,1.901356,1.984745,0.482158,0.191299,0.233302,0.073735,0.875622,1.558582,0.580091,1.943276,0.389769,0.113735,0.112702,0.090163,0.260641,0.278083,0.417212,0.184249,0.144755
1.644478,1.063614,0.499735,0.706669,0.839799,0.693999,0.676669,0.783978,0.461119,1.836378,0.664645,1.005944,0.809763,1.660663,0.653638,0.494480,1.024563,1.859059,0.773321,0.594842,0.644725,0.795941,0.686499,1.200429,0.688706,1.788823,0.507948,0.538118,1.794621,0.568955,1.678593,0.653638,0.678359,1.789857,0.587011,0.000000,0.572523,1.621691,0.783502,0.823308,0.485661,1.038036,0.879079,0.628959,0.660041,0.529812,0.476543,0.535831,0.612191,1.559560,1.359985,0.568955,0.476543,1.707764,0.752464,0.840035,1.669672,0.420108,0.795240,0.509961,0.654868,1.854737,0.525732,1.104560,0.633220,0.599231,0.765802,0.486733,1.647303,0.697791,0.507948,0.646223,0.705991,0.605118,0.571518,0.609745,1.706864,0.628583,0.768152,1.876714,0.698071,1.730864,1.877635,0.767398,0.695891,0.729285,0.626775,0.620617,1.381196,0.479745,1.788471,0.809667,0.592755,0.603958,0.605118,0.745377,0.666918,0.533850,0.693522,0.636368
1.454162,0.708405,0.527859,0.985571,1.138066,0.972529,0.944758,0.371871,0.402007,1.751587,0.918125,1.195494,0.906000,1.622824,0.937069,0.575448,1.159629,1.722436,1.065001,0.863842,0.895555,1.104982,0.955778,1.471104,0.979966,1.624497,0.663731,0.671224,1.627411,0.792640,1.803137,0.937069,0.966970,1.754240,0.852084,0.572523,0.000000,1.447008,1.068437,1.110938,0.602645,0.876487,1.155129,0.896140,0.923025,0.416053,0.593167,0.724802,0.879388,1.411276,1.245127,0.792640,0.593167,1.496641,1.028936,1.113278,1.500381,0.454188,1.061436,0.431843,0.925960,1.731737,0.559857,0.913643,0.937774,0.866119,1.063674,0.291235,1.470666,0.977201,0.663731,0.948922,0.973035,0.864531,0.215292,0.430743,1.494475,0.887098,1.029257,1.767024,0.983312,1.540593,1.760153,1.116146,0.991745,1.018059,0.902585,0.653226,1.408515,0.416586,1.635860,1.106578,0.837067,0.857419,0.864531,1.041020,0.982832,0.691513,0.966915,0.883797
0.271966,1.104802,1.683658,1.894371,1.921329,1.887955,1.884304,1.243857,1.438710,0.878303,1.871177,1.646847,1.742153,1.133944,1.878939,1.726343,1.525456,0.624169,1.907660,1.857010,1.872931,1.897868,1.890794,1.902417,1.896672,0.530165,1.783145,1.755891,0.608222,1.838887,1.539804,1.878939,1.894706,0.974683,1.852400,1.621691,1.447008,0.000000,1.910474,1.922358,1.745214,1.015004,1.937579,1.871430,1.878418,1.459312,1.754655,1.791036,1.857042,0.685915,0.582441,1.838887,1.754655,0.485036,1.895935,1.912813,0.501427,1.685795,1.903468,1.493352,1.862132,0.685351,1.690171,0.999386,1.873296,1.849398,1.918328,1.587962,0.730495,1.898606,1.783145,1.873070,1.883400,1.859263,1.498443,1.398558,0.664702,1.872214,1.905539,0.763985,1.881062,0.546082,0.673250,1.874303,1.897999,1.909628,1.869612,1.462449,1.177634,1.642779,0.600492,1.923451,1.846818,1.855997,1.859263,1.912629,1.880914,1.774811,1.895981,1.863802
1.919936,1.472658,0.727085,0.184468,0.215547,0.158279,0.241115,1.292836,1.047732,1.897099,0.311250,0.981994,0.768654,1.717833,0.222280,0.648767,1.119069,1.969919,0.264315,0.338793,0.295478,0.349952,0.258276,0.686338,0.255517,1.966575,0.513007,0.589531,1.957447,0.380560,1.444419,0.222280,0.267674,1.849034,0.349847,0.783502,1.068437,1.910474,0.000000,0.080232,0.595609,1.498576,0.288096,0.289029,0.273798,1.022998,0.575506,0.498892,0.289600,1.856620,1.718615,0.380560,0.575506,1.937887,0.328744,0.349192,1.930065,0.698671,0.330177,1.010154,0.308491,1.971381,0.694402,1.529056,0.297065,0.345195,0.237223,0.884451,1.872081,0.228573,0.513007,0.312957,0.320630,0.326782,1.015083,1.126677,1.893078,0.287925,0.203053,1.954910,0.336125,1.930472,1.974118,0.346704,0.266325,0.207558,0.311448,1.039680,1.527561,0.788237,1.970416,0.289867,0.352033,0.331575,0.326782,0.235930,0.305044,0.564869,0.241176,0.315084
1.932258,1.499505,0.774632,0.206393,0.191083,0.195369,0.268781,1.329946,1.081854,1.891667,0.343652,0.985002,0.800939,1.714813,0.254324,0.692109,1.128928,1.965716,0.258168,0.373930,0.325686,0.339528,0.279835,0.655250,0.277283,1.971318,0.561022,0.629931,1.955863,0.424954,1.429081,0.254324,0.287970,1.844293,0.385540,0.823308,1.110938,1.922358,0.080232,0.000000,0.643980,1.528789,0.270240,0.324783,0.308313,1.066456,0.622955,0.543835,0.341334,1.867498,1.741560,0.424954,0.622955,1.943857,0.328237,0.323872,1.939689,0.745670,0.322376,1.054176,0.348397,1.968532,0.735027,1.558565,0.321567,0.383429,0.231082,0.931220,1.881134,0.250908,0.561022,0.334322,0.335416,0.363516,1.058161,1.164745,1.898920,0.318375,0.202366,1.949318,0.345898,1.939156,1.969371,0.356446,0.280603,0.220006,0.341884,1.076687,1.540635,0.834200,1.973045,0.278542,0.390620,0.370183,0.363516,0.237060,0.323187,0.609667,0.265337,0.348662
1.756757,1.143015,0.179281,0.516493,0.665012,0.510775,0.471917,0.898019,0.690617,1.879236,0.496174,1.120875,0.541241,1.693161,0.447279,0.289522,1.178316,1.925122,0.624765,0.411501,0.437532,0.663804,0.495097,1.076830,0.501254,1.864385,0.111093,0.333768,1.876730,0.260475,1.621815,0.447279,0.472267,1.845647,0.404621,0.485661,0.602645,1.745214,0.595609,0.643980,0.000000,1.210671,0.669368,0.423491,0.415246,0.590019,0.130642,0.194123,0.419337,1.684905,1.498319,0.260475,0.130642,1.806895,0.622478,0.710216,1.765419,0.331454,0.651132,0.584271,0.447327,1.928875,0.314157,1.230020,0.460779,0.421310,0.603193,0.355744,1.733198,0.501970,0.111093,0.483687,0.567892,0.406615,0.508503,0.707351,1.762875,0.425679,0.588984,1.924989,0.546010,1.788384,1.944569,0.669254,0.526242,0.538949,0.444712,0.737013,1.449758,0.244014,1.879389,0.623241,0.392837,0.398416,0.406615,0.576799,0.506577,0.265010,0.492353,0.432618
1.040341,0.803288,1.164974,1.458043,1.547318,1.445223,1.426748,0.770877,0.855471,1.450296,1.395375,1.322673,1.357373,1.413471,1.419736,1.205690,1.191703,1.376804,1.486803,1.372995,1.401949,1.479132,1.437833,1.692277,1.456713,1.198483,1.258144,1.264129,1.294201,1.341060,1.732953,1.419736,1.448470,1.487243,1.364875,1.038036,0.876487,1.015004,1.498576,1.528789,1.210671,0.000000,1.567889,1.400784,1.410471,0.961820,1.214477,1.289050,1.360789,1.093920,0.846106,1.341060,1.214477,1.107829,1.460151,1.521907,1.132245,1.100009,1.483320,0.916605,1.389154,1.371756,1.151139,0.864891,1.393917,1.348955,1.496650,1.020085,1.196794,1.449388,1.258144,1.391219,1.435746,1.380864,0.972284,0.896140,1.150226,1.392544,1.489455,1.450033,1.413773,1.148075,1.411264,1.439249,1.454787,1.473644,1.400736,0.751246,1.145839,1.107490,1.264151,1.514245,1.358155,1.373691,1.380864,1.489918,1.411251,1.267446,1.445361,1.386619
1.948573,1.537233,0.786786,0.297878,0.228414,0.327755,0.324183,1.370542,1.141210,1.860021,0.447018,1.045086,0.742517,1.666720,0.320438,0.709647,1.200055,1.967810,0.327871,0.426105,0.403316,0.337177,0.355537,0.590902,0.308883,1.973124,0.593842,0.642588,1.959640,0.460918,1.365556,0.320438,0.308025,1.799358,0.437668,0.879079,1.155129,1.937579,0.288096,0.270240,0.669368,1.567889,0.000000,0.394362,0.356561,1.093002,0.658481,0.560005,0.449393,1.848646,1.763654,0.460918,0.658481,1.965816,0.415103,0.360633,1.927664,0.809019,0.408021,1.087118,0.411686,1.964703,0.771049,1.580996,0.379647,0.471254,0.280472,0.961979,1.864907,0.321115,0.593842,0.386236,0.436551,0.430193,1.083275,1.183617,1.914572,0.369695,0.358660,1.923952,0.408119,1.940553,1.957778,0.410593,0.313729,0.280097,0.392438,1.129328,1.517251,0.856870,1.968902,0.265911,0.467747,0.442581,0.430193,0.290321,0.354582,0.607211,0.331269,0.433928
1.886728,1.339973,0.566360,0.187247,0.392364,0.189028,0.154603,1.148238,0.886925,1.927543,0.218696,0.975464,0.733243,1.753661,0.206737,0.473380,1.083991,1.973534,0.276805,0.102386,0.088181,0.383137,0.110653,0.843940,0.134566,1.952566,0.334804,0.437361,1.935856,0.212520,1.562737,0.206737,0.178240,1.885159,0.115498,0.628959,0.896140,1.871430,0.289029,0.324783,0.423491,1.400784,0.394362,0.000000,0.150351,0.878422,0.383575,0.336223,0.208464,1.819855,1.662396,0.212520,0.383575,1.896017,0.295738,0.372731,1.902574,0.512787,0.305820,0.849375,0.193094,1.977488,0.532932,1.438419,0.206666,0.240958,0.251842,0.704930,1.837830,0.113115,0.334804,0.221765,0.253866,0.056234,0.846944,0.984182,1.853394,0.133607,0.252288,1.971874,0.315721,1.910454,1.989949,0.455600,0.164932,0.166044,0.093218,0.909048,1.565072,0.613871,1.952762,0.333775,0.091992,0.061041,0.056234,0.221198,0.243784,0.421926,0.105326,0.080303
