0.000000,1.101104,1.645578,1.895264,1.922635,1.883467,1.889426,1.175321,1.441319,0.857995,1.866774,1.628903,1.668191,1.121505,1.876813,1.707991,1.516150,0.637344,1.921175,1.859074,1.872109,1.928738,1.891022,1.906471,1.898099,0.502673,1.767044,1.743722,0.608350,1.828694,1.580388,1.876813,1.899827,0.976346,1.854369,1.639016,1.396809,0.283908,1.902503,1.916974,1.717943,0.969593,1.930796,1.871411,1.876841,1.428887,1.738627,1.771406,1.846355,0.690426,0.707715,1.828694,1.738627,0.482771,1.900191,1.903481,0.482760,1.653152,1.914272,1.492865,1.871328,0.686329,1.689777,0.999838,1.895439,1.850261,1.923280,1.550297,0.668786,1.899374,1.767044,1.896825,1.885544,1.858113,1.428441,1.387188,0.741962,1.873373,1.901534,0.770742,1.890912,0.528007,0.668824,1.885922,1.904608,1.911318,1.872220,1.495212,1.181177,1.596605,0.612770,1.937169,1.845137,1.854573,1.858113,1.913950,1.907507,1.729104,1.895848,1.862743
1.101104,0.000000,1.054673,1.403945,1.514362,1.394999,1.382060,0.623705,0.797638,1.455203,1.348787,1.283450,1.259698,1.435870,1.377119,1.095235,1.202844,1.370809,1.473708,1.339687,1.352435,1.493812,1.403084,1.700259,1.422845,1.280976,1.176860,1.168666,1.284330,1.279353,1.827992,1.377119,1.417025,1.533359,1.330705,1.076204,0.703555,1.076480,1.461347,1.493635,1.121551,0.705958,1.521947,1.363345,1.382113,0.827025,1.123587,1.221089,1.327239,1.094261,1.026812,1.279353,1.123587,1.131321,1.423095,1.455919,1.155785,0.988856,1.461858,0.924465,1.385008,1.408252,1.124207,0.829252,1.400346,1.322759,1.478872,0.880156,1.124684,1.427551,1.176860,1.393169,1.392139,1.330998,0.788644,0.841590,1.138564,1.342865,1.439520,1.460341,1.410098,1.177563,1.450397,1.501784,1.427997,1.455405,1.366683,0.897722,1.393965,0.972193,1.311902,1.531338,1.313168,1.328914,1.330998,1.462170,1.418799,1.121225,1.421145,1.346590
1.645578,1.054673,0.000000,0.695329,0.824031,0.678215,0.659135,0.784863,0.619761,1.855797,0.647845,1.123789,0.479979,1.723049,0.621042,0.309249,1.127717,1.854803,0.811184,0.571663,0.611805,0.871645,0.680297,1.202714,0.677763,1.795662,0.278745,0.379086,1.823495,0.430941,1.666288,0.621042,0.667112,1.835445,0.560894,0.481271,0.513337,1.658891,0.764461,0.813766,0.177211,1.162164,0.830705,0.599847,0.602313,0.475961,0.256011,0.307573,0.604654,1.559975,1.330705,0.430941,0.256011,1.728559,0.756429,0.840446,1.655728,0.330778,0.823857,0.439672,0.639306,1.888636,0.365288,1.126023,0.664916,0.613920,0.781551,0.277137,1.641052,0.695513,0.278745,0.680324,0.691545,0.571190,0.414777,0.560086,1.669468,0.602389,0.732308,1.886805,0.744765,1.708106,1.897734,0.810575,0.695538,0.731197,0.609916,0.634943,1.451293,0.141454,1.811061,0.843577,0.552455,0.564261,0.571190,0.747887,0.709983,0.321766,0.684840,0.602715
1.895264,1.403945,0.695329,0.000000,0.241598,0.084612,0.078981,1.266332,0.972907,1.930025,0.261703,0.936236,0.820815,1.774491,0.133282,0.571183,1.045875,1.971135,0.205835,0.220598,0.181356,0.348083,0.170876,0.751180,0.195053,1.972195,0.453551,0.509666,1.941259,0.315711,1.474475,0.133282,0.194132,1.880036,0.226745,0.685247,1.029822,1.893296,0.183478,0.204418,0.561386,1.514616,0.268415,0.194512,0.192533,0.987473,0.503296,0.440223,0.270116,1.811029,1.640974,0.315711,0.503296,1.915890,0.261612,0.308478,1.907267,0.653094,0.255216,0.918524,0.212293,1.976190,0.604673,1.534353,0.221479,0.288606,0.212385,0.837329,1.853354,0.168042,0.453551,0.244788,0.236321,0.221723,0.996258,1.063069,1.842597,0.136443,0.183420,1.964607,0.329253,1.923705,1.984648,0.377072,0.192374,0.179101,0.203073,0.960968,1.624924,0.754537,1.964896,0.330611,0.244365,0.230573,0.221723,0.192040,0.251194,0.570682,0.170037,0.209962
1.922635,1.514362,0.824031,0.241598,0.000000,0.263136,0.288847,1.384955,1.110460,1.896901,0.392830,0.981607,0.841464,1.726938,0.260739,0.707541,1.114210,1.964165,0.250408,0.390410,0.365532,0.354155,0.328383,0.577097,0.285632,1.981130,0.601790,0.627515,1.958135,0.465549,1.344950,0.260739,0.275202,1.818829,0.401074,0.808774,1.170945,1.925907,0.214358,0.188000,0.703638,1.614047,0.191625,0.361058,0.347315,1.103106,0.658196,0.578629,0.406536,1.818549,1.694206,0.465549,0.658196,1.955305,0.347578,0.356868,1.913515,0.816490,0.342637,1.054498,0.379685,1.959694,0.760685,1.577844,0.318695,0.424192,0.242326,0.978917,1.868256,0.291958,0.601790,0.358443,0.353295,0.400871,1.128329,1.166930,1.899736,0.342485,0.271633,1.941759,0.382187,1.954280,1.960587,0.318849,0.275577,0.252607,0.359745,1.087964,1.553808,0.895408,1.961094,0.268453,0.434497,0.411387,0.400871,0.255796,0.333570,0.680908,0.306649,0.400500
1.883467,1.394999,0.678215,0.084612,0.263136,0.000000,0.122246,1.244097,0.948881,1.934173,0.248682,0.926730,0.815051,1.782525,0.135531,0.553899,1.029020,1.970004,0.235310,0.213438,0.164248,0.378224,0.156331,0.777974,0.206196,1.968111,0.438251,0.495508,1.937141,0.307949,1.490981,0.135531,0.203618,1.885326,0.217957,0.654018,1.009003,1.884250,0.155242,0.194272,0.546190,1.491893,0.307391,0.187526,0.191593,0.967791,0.484773,0.427624,0.225385,1.806020,1.621161,0.307949,0.484773,1.906722,0.286859,0.327198,1.900841,0.633532,0.277015,0.887475,0.205148,1.975330,0.588858,1.515463,0.230355,0.255289,0.223633,0.818388,1.853289,0.168924,0.438251,0.261123,0.243316,0.210835,0.977149,1.039765,1.837384,0.152795,0.176790,1.966493,0.320365,1.919687,1.984199,0.382703,0.204804,0.187969,0.198781,0.943812,1.622383,0.736165,1.960856,0.349999,0.227548,0.218101,0.210835,0.195717,0.271061,0.572668,0.168329,0.195017
1.889426,1.382060,0.659135,0.078981,0.288847,0.122246,0.000000,1.241685,0.945621,1.931942,0.263563,0.949273,0.802394,1.779001,0.136471,0.542108,1.052683,1.970094,0.221089,0.189238,0.156394,0.359556,0.160431,0.775751,0.190837,1.967179,0.415059,0.485704,1.937213,0.275773,1.498862,0.136471,0.187058,1.887109,0.194140,0.668253,1.000151,1.886100,0.229235,0.255539,0.522241,1.494537,0.289102,0.166547,0.155308,0.958192,0.466953,0.402264,0.264485,1.807676,1.628678,0.275773,0.466953,1.909884,0.268985,0.327756,1.901125,0.619161,0.263196,0.888789,0.171899,1.978217,0.563838,1.516476,0.208008,0.273401,0.233720,0.803460,1.847162,0.167882,0.415059,0.221505,0.240322,0.188594,0.965764,1.035229,1.828670,0.086729,0.212730,1.965289,0.330140,1.915168,1.987772,0.395933,0.193220,0.190485,0.178052,0.938634,1.627332,0.719722,1.962826,0.343931,0.208515,0.196061,0.188594,0.210272,0.238456,0.531890,0.161344,0.178286
1.175321,0.623705,0.784863,1.266332,1.384955,1.244097,1.241685,0.000000,0.516675,1.571802,1.209850,1.186239,1.046222,1.524275,1.219568,0.827277,1.091696,1.504539,1.352253,1.167851,1.188160,1.384764,1.246239,1.652865,1.271534,1.403121,0.960080,0.911102,1.406776,1.089938,1.824843,1.219568,1.269493,1.613452,1.155689,0.825459,0.370828,1.193504,1.330448,1.369719,0.889245,0.714648,1.405716,1.201065,1.215734,0.504684,0.891145,1.000654,1.175073,1.157674,1.032598,1.089938,0.891145,1.248795,1.303746,1.326276,1.252563,0.761082,1.344570,0.619447,1.223074,1.551333,0.851487,0.799481,1.259957,1.173250,1.345213,0.601570,1.222537,1.278538,0.960080,1.257592,1.250166,1.166387,0.426975,0.444243,1.274098,1.189166,1.296861,1.584454,1.289534,1.296370,1.566319,1.350805,1.279361,1.313336,1.201207,0.752691,1.378708,0.673179,1.426256,1.415673,1.140903,1.163017,1.166387,1.317092,1.290910,0.943329,1.266483,1.184029
1.441319,0.797638,0.619761,0.972907,1.110460,0.948881,0.945621,0.516675,0.000000,1.730254,0.918062,0.962758,0.974817,1.631256,0.932317,0.587727,0.909532,1.703992,1.056114,0.865346,0.884044,1.097428,0.942468,1.429170,0.977716,1.640328,0.709458,0.660975,1.616737,0.813634,1.803282,0.932317,0.972470,1.753384,0.852075,0.492032,0.449577,1.442920,1.048445,1.086233,0.667365,0.868743,1.139701,0.903103,0.922444,0.466008,0.645314,0.741145,0.883270,1.413220,1.234681,0.813634,0.645314,1.489328,1.011992,1.018257,1.521886,0.570561,1.050703,0.481761,0.932861,1.732583,0.625072,1.041974,0.973082,0.868038,1.041847,0.510835,1.472730,0.977933,0.709458,0.961777,0.957897,0.867581,0.473134,0.394112,1.460659,0.887040,1.012979,1.750514,0.987686,1.544938,1.751240,1.058471,0.975684,1.013708,0.898048,0.638875,1.487855,0.521999,1.653347,1.124808,0.841976,0.866918,0.867581,1.014693,1.002318,0.731496,0.968639,0.883445
0.857995,1.455203,1.855797,1.930025,1.896901,1.934173,1.931942,1.571802,1.730254,0.000000,1.931883,1.677466,1.796652,0.501643,1.934972,1.854341,1.664693,0.570279,1.904263,1.934742,1.935759,1.874670,1.933565,1.719877,1.920430,0.632556,1.910134,1.856371,0.736602,1.928523,1.192669,1.934972,1.920544,0.463379,1.934703,1.850026,1.736842,0.830959,1.930721,1.925763,1.896581,1.446276,1.896950,1.940219,1.938363,1.710588,1.898026,1.907785,1.943065,0.848430,1.333728,1.928523,1.898026,0.818018,1.909619,1.896638,0.756948,1.887641,1.912256,1.788480,1.943646,0.516407,1.877404,1.328651,1.926563,1.939386,1.915822,1.816851,0.748687,1.933057,1.910134,1.922224,1.920019,1.939501,1.737626,1.668494,0.907371,1.932424,1.927103,0.257718,1.920465,0.709077,0.470697,1.875140,1.919086,1.925142,1.930597,1.798955,1.091500,1.831909,0.598715,1.893515,1.943854,1.943932,1.939501,1.922255,1.918789,1.872073,1.934089,1.946794
1.866774,1.348787,0.647845,0.261703,0.392830,0.248682,0.263563,1.209850,0.918062,1.931883,0.000000,0.905897,0.792741,1.782439,0.266967,0.566112,0.996390,1.962036,0.336080,0.273287,0.242338,0.440313,0.262399,0.844500,0.287878,1.954767,0.416638,0.530000,1.923362,0.296839,1.534202,0.266967,0.265979,1.894037,0.276582,0.651327,0.960128,1.869003,0.278170,0.313809,0.511105,1.449454,0.444697,0.245189,0.249413,0.960260,0.466781,0.423695,0.192148,1.800567,1.595040,0.296839,0.466781,1.884639,0.233867,0.406593,1.890555,0.576027,0.337785,0.865675,0.293979,1.968889,0.606275,1.492164,0.262959,0.226652,0.319148,0.773829,1.847448,0.263364,0.416638,0.294770,0.173317,0.251964,0.938265,1.029086,1.805881,0.248100,0.203817,1.958406,0.290108,1.902838,1.980234,0.437827,0.287596,0.282172,0.270673,0.909317,1.608118,0.707820,1.945053,0.392161,0.265568,0.254565,0.251964,0.305708,0.296937,0.561098,0.268688,0.250388
1.628903,1.283450,1.123789,0.936236,0.981607,0.926730,0.949273,1.186239,0.962758,1.677466,0.905897,0.000000,1.323846,1.558656,0.953169,1.001136,0.271203,1.725318,0.950697,0.965597,0.937225,0.983280,0.939852,1.214426,0.984514,1.719414,1.010267,0.989133,1.626363,0.979059,1.573595,0.953169,0.982543,1.701398,0.962665,0.928487,1.130673,1.644263,0.955496,0.962445,1.051832,1.278366,1.050254,0.971790,0.959772,1.171002,1.000366,1.040985,0.922116,1.597610,1.561373,0.979059,1.000366,1.590814,0.928151,0.916048,1.728021,1.000630,0.917349,1.152611,0.966230,1.689839,0.997457,1.525526,0.998096,0.937626,0.948923,1.106191,1.624227,0.960905,1.010267,0.977036,0.917161,0.964076,1.166661,1.162903,1.554166,0.938542,0.937569,1.703626,0.979404,1.691642,1.715742,0.908925,0.966830,0.969575,0.966705,1.021048,1.553262,1.099174,1.687286,1.016765,0.961251,0.970419,0.964076,0.949854,0.999682,1.109559,0.958987,0.955031
1.668191,1.259698,0.479979,0.820815,0.841464,0.815051,0.802394,1.046222,0.974817,1.796652,0.792741,1.323846,0.000000,1.652666,0.740278,0.644866,1.349627,1.840992,0.906338,0.752411,0.793406,0.942212,0.830186,1.101031,0.779601,1.784321,0.570280,0.652164,1.856306,0.633059,1.469204,0.740278,0.758155,1.724432,0.750478,0.758135,0.826890,1.702924,0.840487,0.875739,0.533011,1.356756,0.829665,0.757601,0.748418,0.768694,0.598623,0.562947,0.768865,1.540017,1.367076,0.633059,0.598623,1.798335,0.858425,0.967056,1.619249,0.691099,0.937992,0.744544,0.798678,1.859108,0.705573,1.175273,0.764166,0.784986,0.859611,0.636171,1.651051,0.810845,0.570280,0.806579,0.813496,0.757520,0.710508,0.812468,1.754712,0.776719,0.829135,1.838402,0.842165,1.727962,1.849383,0.849567,0.801164,0.819624,0.770898,0.912666,1.294714,0.570137,1.792243,0.857360,0.761932,0.752438,0.757520,0.839597,0.801888,0.517958,0.810145,0.791434
1.121505,1.435870,1.723049,1.774491,1.726938,1.782525,1.779001,1.524275,1.631256,0.501643,1.782439,1.558656,1.652666,0.000000,1.781204,1.693567,1.601114,0.925257,1.748953,1.785412,1.786341,1.714651,1.785417,1.549269,1.756506,1.004558,1.762557,1.684068,1.063120,1.774531,1.039453,1.781204,1.752467,0.561779,1.786329,1.705489,1.656266,1.110444,1.779741,1.775798,1.760325,1.522533,1.734003,1.791262,1.791554,1.590684,1.751565,1.763026,1.802047,0.868532,1.484837,1.774531,1.751565,1.139645,1.753516,1.742544,0.959047,1.770259,1.770206,1.681198,1.812581,0.885922,1.750562,1.290319,1.774817,1.802687,1.753743,1.700687,0.874052,1.779582,1.762557,1.770051,1.764342,1.792969,1.637315,1.548975,1.218538,1.777709,1.777244,0.722039,1.779674,1.000291,0.850594,1.709676,1.754109,1.766984,1.778739,1.731704,1.010169,1.705910,0.910283,1.730064,1.805150,1.801520,1.792969,1.763231,1.765826,1.709497,1.782712,1.810296
1.876813,1.377119,0.621042,0.133282,0.260739,0.135531,0.136471,1.219568,0.932317,1.934972,0.266967,0.953169,0.740278,1.781204,0.000000,0.514875,1.048669,1.970293,0.286372,0.204330,0.195157,0.408741,0.211264,0.784899,0.211893,1.964601,0.383411,0.458191,1.941963,0.250179,1.497350,0.000000,0.203378,1.884138,0.208119,0.633597,0.973410,1.880763,0.221629,0.252884,0.487150,1.478333,0.298516,0.189255,0.169752,0.928285,0.438868,0.373731,0.239429,1.789317,1.607291,0.250179,0.438868,1.911530,0.311733,0.364261,1.884669,0.592810,0.332368,0.862277,0.211242,1.976388,0.553832,1.489004,0.222456,0.258788,0.262888,0.771073,1.848200,0.205951,0.383411,0.257706,0.271535,0.207051,0.934963,1.003638,1.839821,0.150357,0.234140,1.968416,0.329620,1.915087,1.985569,0.387984,0.219666,0.222181,0.202894,0.910710,1.585678,0.688631,1.953650,0.357910,0.227381,0.212578,0.207051,0.236432,0.269075,0.497293,0.205114,0.213543
1.707991,1.095235,0.309249,0.571183,0.707541,0.553899,0.542108,0.827277,0.587727,1.854341,0.566112,1.001136,0.644866,1.693567,0.514875,0.000000,1.045123,1.886575,0.681066,0.458743,0.486891,0.733496,0.557131,1.107092,0.564923,1.839770,0.268062,0.120239,1.842319,0.378571,1.633733,0.514875,0.567652,1.824794,0.446524,0.443033,0.596224,1.710423,0.668787,0.713086,0.289592,1.231871,0.727478,0.501842,0.519601,0.517624,0.203287,0.304913,0.536443,1.599034,1.453035,0.378571,0.203287,1.762074,0.656715,0.686680,1.721380,0.364762,0.706747,0.535554,0.558026,1.909682,0.326208,1.208808,0.568503,0.537565,0.661919,0.408095,1.655388,0.585763,0.268062,0.571759,0.592019,0.470300,0.528890,0.583730,1.713695,0.481813,0.630462,1.899692,0.659114,1.762476,1.915488,0.706337,0.573316,0.619527,0.492142,0.716630,1.496717,0.302461,1.844363,0.748896,0.454538,0.473458,0.470300,0.630117,0.609307,0.351811,0.575809,0.502906
1.516150,1.202844,1.127717,1.045875,1.114210,1.029020,1.052683,1.091696,0.909532,1.664693,0.996390,0.271203,1.349627,1.601114,1.048669,1.045123,0.000000,1.669039,1.077234,1.051344,1.029604,1.122304,1.040979,1.365632,1.096610,1.631861,1.056018,1.054717,1.544868,1.049335,1.667999,1.048669,1.096207,1.717826,1.045923,0.939527,1.062872,1.541441,1.064036,1.076250,1.074386,1.135963,1.176274,1.061185,1.048465,1.136603,1.037554,1.087959,0.999230,1.557578,1.435109,1.049335,1.037554,1.479041,1.042020,1.039265,1.658868,0.993979,1.033979,1.110155,1.044980,1.639571,1.012107,1.458481,1.096927,1.013570,1.073194,1.080083,1.575405,1.067004,1.056018,1.078726,1.018200,1.047609,1.116588,1.121465,1.434947,1.035343,1.042490,1.665001,1.079981,1.597222,1.664991,1.030102,1.083681,1.084392,1.061127,0.952883,1.560438,1.090102,1.623311,1.150078,1.034581,1.048902,1.047609,1.066177,1.106020,1.155268,1.062515,1.034433
0.637344,1.370809,1.854803,1.971135,1.964165,1.970004,1.970094,1.504539,1.703992,0.570279,1.962036,1.725318,1.840992,0.925257,1.970293,1.886575,1.669039,0.000000,1.966656,1.967263,1.968196,1.949218,1.972353,1.844669,1.974830,0.435509,1.926355,1.904380,0.433082,1.955961,1.393774,1.970293,1.974380,0.746780,1.966219,1.849602,1.679048,0.591130,1.968623,1.967761,1.900352,1.277143,1.965698,1.970829,1.972057,1.699087,1.910258,1.929561,1.957856,0.817921,1.138332,1.955961,1.910258,0.546187,1.964317,1.954469,0.578173,1.859307,1.962297,1.762991,1.966847,0.397435,1.877147,1.258525,1.968736,1.955239,1.974222,1.788383,0.715553,1.975371,1.926355,1.963488,1.966647,1.966088,1.705111,1.667146,0.778929,1.966713,1.971611,0.460035,1.956340,0.562045,0.347790,1.951264,1.973640,1.976630,1.969433,1.712386,1.214957,1.824227,0.441109,1.965883,1.961588,1.965157,1.966088,1.974425,1.967275,1.894857,1.974202,1.966348
1.921175,1.473708,0.811184,0.205835,0.250408,0.235310,0.221089,1.352253,1.056114,1.904263,0.336080,0.950697,0.906338,1.748953,0.286372,0.681066,1.077234,1.966656,0.000000,0.314235,0.274605,0.269171,0.223729,0.651766,0.231804,1.977028,0.576539,0.610324,1.939219,0.436565,1.418756,0.286372,0.242391,1.849319,0.323836,0.789913,1.141494,1.913738,0.258528,0.246340,0.681201,1.583305,0.280614,0.286360,0.288966,1.086403,0.626568,0.548615,0.380702,1.843600,1.687125,0.436565,0.626568,1.930787,0.231430,0.291187,1.932027,0.779622,0.158750,1.023244,0.288553,1.965322,0.705924,1.584126,0.244535,0.378176,0.197213,0.959226,1.870152,0.211183,0.576539,0.266455,0.250053,0.321673,1.106861,1.147896,1.853429,0.270712,0.212864,1.942066,0.349975,1.940647,1.973761,0.341908,0.215735,0.187638,0.277614,1.067325,1.629593,0.870504,1.968644,0.280147,0.349006,0.333877,0.321673,0.206409,0.245119,0.693239,0.217861,0.305873
1.859074,1.339687,0.571663,0.220598,0.390410,0.213438,0.189238,1.167851,0.865346,1.934742,0.273287,0.965597,0.752411,1.785412,0.204330,0.458743,1.051344,1.967263,0.314235,0.000000,0.128355,0.408379,0.162638,0.854516,0.158120,1.954068,0.331945,0.412719,1.927930,0.212519,1.543421,0.204330,0.206467,1.895085,0.021664,0.577264,0.925679,1.864309,0.325288,0.359331,0.433774,1.440260,0.399571,0.085279,0.163695,0.883227,0.379434,0.316860,0.259847,1.788478,1.588462,0.212519,0.379434,1.892625,0.312945,0.373257,1.882499,0.546951,0.337296,0.798961,0.191260,1.980451,0.499105,1.461148,0.231173,0.250204,0.272486,0.722349,1.838475,0.174802,0.331945,0.230145,0.267771,0.066467,0.886349,0.948616,1.810987,0.149491,0.277073,1.964509,0.345503,1.900294,1.988109,0.439832,0.177798,0.217380,0.056925,0.883890,1.612478,0.633910,1.952282,0.388942,0.098382,0.088303,0.066467,0.240238,0.258069,0.480339,0.166548,0.118337
1.872109,1.352435,0.611805,0.181356,0.365532,0.164248,0.156394,1.188160,0.884044,1.935759,0.242338,0.937225,0.793406,1.786341,0.195157,0.486891,1.029604,1.968196,0.274605,0.128355,0.000000,0.387178,0.088647,0.843360,0.178809,1.956528,0.368192,0.437045,1.926773,0.238220,1.536772,0.195157,0.182458,1.895290,0.132931,0.603976,0.950412,1.873265,0.281240,0.313315,0.476192,1.449822,0.389100,0.098327,0.145945,0.911514,0.413279,0.354644,0.240705,1.798341,1.609895,0.238220,0.413279,1.890096,0.289934,0.340613,1.893494,0.568587,0.294171,0.823483,0.176031,1.977034,0.517644,1.480103,0.213545,0.252992,0.248611,0.756863,1.839955,0.143460,0.368192,0.214640,0.235866,0.111071,0.916253,0.979623,1.813400,0.125376,0.228205,1.966850,0.343682,1.904374,1.989153,0.423025,0.179027,0.190122,0.120088,0.894286,1.628887,0.668742,1.954738,0.371976,0.115462,0.115009,0.111071,0.215223,0.246687,0.519657,0.127285,0.081996
1.928738,1.493812,0.871645,0.348083,0.354155,0.378224,0.359556,1.384764,1.097428,1.874670,0.440313,0.983280,0.942212,1.714651,0.408741,0.733496,1.122304,1.949218,0.269171,0.408379,0.387178,0.000000,0.339251,0.653409,0.327808,1.962109,0.647920,0.665034,1.922878,0.518962,1.403098,0.408741,0.343126,1.826314,0.418483,0.835097,1.184225,1.916277,0.398652,0.376777,0.747937,1.599405,0.376074,0.393695,0.397152,1.140571,0.694128,0.620643,0.489814,1.841775,1.716647,0.518962,0.694128,1.928546,0.333006,0.313114,1.930711,0.847255,0.307837,1.069899,0.406816,1.947685,0.795247,1.606667,0.310506,0.475907,0.287022,1.010443,1.865211,0.323237,0.647920,0.269697,0.377521,0.422667,1.152757,1.190198,1.841766,0.389756,0.353507,1.913028,0.423113,1.938458,1.956838,0.406676,0.309128,0.295347,0.373496,1.123341,1.623339,0.927998,1.956833,0.301996,0.450657,0.436795,0.422667,0.311205,0.245993,0.764088,0.332187,0.414512
1.891022,1.403084,0.680297,0.170876,0.328383,0.156331,0.160431,1.246239,0.942468,1.933565,0.262399,0.939852,0.830186,1.785417,0.211264,0.557131,1.040979,1.972353,0.223729,0.162638,0.088647,0.339251,0.000000,0.798395,0.148743,1.965746,0.438908,0.501443,1.932085,0.299800,1.508177,0.211264,0.164439,1.890355,0.172677,0.653413,1.017229,1.892611,0.250471,0.271068,0.545290,1.490478,0.346601,0.123217,0.158841,0.976604,0.486871,0.419095,0.266546,1.819283,1.635160,0.299800,0.486871,1.905447,0.268652,0.310057,1.911248,0.641073,0.243077,0.883581,0.171393,1.977842,0.580420,1.521227,0.206810,0.274614,0.187017,0.826939,1.861227,0.092491,0.438908,0.202999,0.232312,0.155216,0.983294,1.037279,1.826475,0.163275,0.200577,1.963850,0.331717,1.920799,1.988089,0.395777,0.143159,0.132967,0.130962,0.951227,1.639824,0.739661,1.962064,0.321051,0.173136,0.162981,0.155216,0.156869,0.224083,0.586411,0.072969,0.123377
1.906471,1.700259,1.202714,0.751180,0.577097,0.777974,0.775751,1.652865,1.429170,1.719877,0.844500,1.214426,1.101031,1.549269,0.784899,1.107092,1.365632,1.844669,0.651766,0.854516,0.843360,0.653409,0.798395,0.000000,0.736181,1.902503,1.036615,1.021817,1.895768,0.924308,1.043565,0.784899,0.732022,1.600951,0.866058,1.193113,1.512734,1.899325,0.708736,0.673892,1.116421,1.803031,0.590405,0.832826,0.822147,1.398983,1.088125,0.996254,0.875020,1.793347,1.764417,0.924308,1.088125,1.951502,0.748468,0.728298,1.856649,1.236082,0.735348,1.406401,0.841236,1.830267,1.169253,1.654390,0.757197,0.870012,0.685344,1.352782,1.810389,0.759373,1.036615,0.779994,0.789398,0.870603,1.464778,1.447667,1.915833,0.822840,0.745838,1.785655,0.752970,1.922847,1.813673,0.635265,0.727465,0.709302,0.818607,1.432931,1.431389,1.273843,1.876205,0.595713,0.905011,0.882035,0.870603,0.718132,0.739905,1.050825,0.776565,0.873583
1.898099,1.422845,0.677763,0.195053,0.285632,0.206196,0.190837,1.271534,0.977716,1.920430,0.287878,0.984514,0.779601,1.756506,0.211893,0.564923,1.096610,1.974830,0.231804,0.158120,0.178809,0.327808,0.148743,0.736181,0.000000,1.973492,0.440683,0.500944,1.948411,0.301887,1.459758,0.211893,0.127824,1.863416,0.175912,0.672245,1.040635,1.904395,0.265446,0.283424,0.545338,1.527549,0.298768,0.134086,0.192692,0.984183,0.496425,0.420060,0.303889,1.806935,1.646099,0.301887,0.496425,1.930891,0.263743,0.336346,1.903934,0.668431,0.286158,0.906906,0.233580,1.980495,0.615342,1.516517,0.204906,0.303659,0.169955,0.836407,1.860374,0.112070,0.440683,0.212789,0.247380,0.169511,0.996521,1.046633,1.854140,0.198810,0.230046,1.957960,0.324830,1.931863,1.985528,0.373782,0.076574,0.115936,0.113670,0.989865,1.596100,0.749145,1.962055,0.268852,0.217946,0.188544,0.169511,0.155697,0.209501,0.557596,0.119144,0.198238
0.502673,1.280976,1.795662,1.972195,1.981130,1.968111,1.967179,1.403121,1.640328,0.632556,1.954767,1.719414,1.784321,1.004558,1.964601,1.839770,1.631861,0.435509,1.977028,1.954068,1.956528,1.962109,1.965746,1.902503,1.973492,0.000000,1.887551,1.866981,0.449042,1.930853,1.460449,1.964601,1.973183,0.810358,1.951786,1.810890,1.591250,0.496717,1.975350,1.979070,1.851507,1.147267,1.977814,1.959418,1.960397,1.623079,1.866428,1.894007,1.948938,0.792050,1.012779,1.930853,1.866428,0.416875,1.969190,1.961947,0.540503,1.805467,1.969262,1.667877,1.956260,0.418141,1.820639,1.182825,1.964960,1.947639,1.981856,1.716821,0.620620,1.972057,1.887551,1.959429,1.964642,1.952612,1.618909,1.589557,0.647249,1.957454,1.971540,0.509485,1.956135,0.387142,0.422107,1.947647,1.975401,1.977299,1.960155,1.644701,1.221175,1.759152,0.408655,1.977162,1.943766,1.949822,1.952612,1.980029,1.965050,1.854970,1.969566,1.951746
1.767044,1.176860,0.278745,0.453551,0.601790,0.438251,0.415059,0.960080,0.709458,1.910134,0.416638,1.010267,0.570280,1.762557,0.383411,0.268062,1.056018,1.926355,0.576539,0.331945,0.368192,0.647920,0.438908,1.036615,0.440683,1.887551,0.000000,0.288873,1.889390,0.177664,1.620150,0.383411,0.433396,1.882718,0.322001,0.465265,0.683040,1.774061,0.531359,0.581475,0.126772,1.286530,0.615695,0.357829,0.357906,0.656254,0.099960,0.156486,0.375120,1.685470,1.467356,0.177664,0.099960,1.818674,0.529988,0.618864,1.783100,0.323428,0.591121,0.587956,0.406516,1.945721,0.340367,1.294492,0.433041,0.386367,0.545296,0.445539,1.746334,0.456383,0.000000,0.443470,0.462650,0.327737,0.628391,0.741331,1.745011,0.356335,0.495710,1.943009,0.520520,1.813507,1.959099,0.606809,0.458400,0.494063,0.370674,0.708904,1.529942,0.353915,1.890166,0.619706,0.315175,0.323606,0.327737,0.512806,0.475966,0.283131,0.445060,0.362553
1.743722,1.168666,0.379086,0.509666,0.627515,0.495508,0.485704,0.911102,0.660975,1.856371,0.530000,0.989133,0.652164,1.684068,0.458191,0.120239,1.054717,1.904380,0.610324,0.412719,0.437045,0.665034,0.501443,1.021817,0.500944,1.866981,0.288873,0.000000,1.869244,0.352737,1.580936,0.458191,0.502873,1.812898,0.402183,0.480415,0.700215,1.745351,0.609561,0.650642,0.339496,1.305002,0.653588,0.455151,0.471975,0.592362,0.256903,0.291837,0.508150,1.622644,1.497048,0.352737,0.256903,1.800768,0.603756,0.620559,1.750314,0.446170,0.650291,0.620485,0.517022,1.924022,0.368212,1.256569,0.515293,0.511384,0.593735,0.514124,1.678871,0.526084,0.288873,0.523095,0.542336,0.432530,0.628168,0.653314,1.758516,0.431218,0.573872,1.907777,0.616444,1.800086,1.925162,0.630358,0.505917,0.553105,0.438993,0.779978,1.488796,0.395626,1.868232,0.678263,0.423014,0.438722,0.432530,0.564258,0.557582,0.370327,0.518317,0.464837
0.608350,1.284330,1.823495,1.941259,1.958135,1.937141,1.937213,1.406776,1.616737,0.736602,1.923362,1.626363,1.856306,1.063120,1.941963,1.842319,1.544868,0.433082,1.939219,1.927930,1.926773,1.922878,1.932085,1.895768,1.948411,0.449042,1.889390,1.869244,0.000000,1.921783,1.510060,1.941963,1.952344,0.886047,1.925543,1.793979,1.594515,0.577313,1.948128,1.948748,1.862957,1.161491,1.958959,1.934006,1.936010,1.661687,1.864767,1.899576,1.916585,0.862953,1.080902,1.921783,1.864767,0.403675,1.926609,1.920131,0.676225,1.791989,1.917811,1.693104,1.924348,0.516140,1.809029,1.294526,1.943765,1.911567,1.950083,1.728750,0.749837,1.942666,1.889390,1.932702,1.928266,1.925011,1.640331,1.615714,0.657194,1.928911,1.941279,0.603657,1.924056,0.549625,0.513500,1.945284,1.947626,1.949964,1.933057,1.638481,1.376690,1.778217,0.536811,1.955304,1.916557,1.923790,1.925011,1.947301,1.938504,1.875018,1.939356,1.922083
1.828694,1.279353,0.430941,0.315711,0.465549,0.307949,0.275773,1.089938,0.813634,1.928523,0.296839,0.979059,0.633059,1.774531,0.250179,0.378571,1.049335,1.955961,0.436565,0.212519,0.238220,0.518962,0.299800,0.924308,0.301887,1.930853,0.177664,0.352737,1.921783,0.000000,1.567730,0.250179,0.288069,1.894406,0.206838,0.532149,0.825193,1.834442,0.397009,0.441308,0.280888,1.379465,0.479390,0.223085,0.195726,0.792331,0.256119,0.189954,0.274563,1.744013,1.537904,0.000000,0.256119,1.869897,0.390332,0.486417,1.841533,0.440218,0.452684,0.713458,0.271704,1.967387,0.417126,1.393024,0.306315,0.295583,0.396557,0.602017,1.802288,0.311026,0.177664,0.312986,0.329659,0.207563,0.776780,0.869508,1.790696,0.223728,0.356700,1.961486,0.411047,1.865934,1.980902,0.495598,0.316332,0.346149,0.242861,0.795709,1.561951,0.509494,1.927614,0.475871,0.207068,0.204885,0.207563,0.364918,0.348057,0.363335,0.300295,0.237079
1.580388,1.827992,1.666288,1.474475,1.344950,1.490981,1.498862,1.824843,1.803282,1.192669,1.534202,1.573595,1.469204,1.039453,1.497350,1.633733,1.667999,1.393774,1.418756,1.543421,1.536772,1.403098,1.508177,1.043565,1.459758,1.460449,1.620150,1.580936,1.510060,1.567730,0.000000,1.497350,1.458701,0.981892,1.550854,1.671310,1.816250,1.600655,1.430624,1.408301,1.653426,1.858634,1.346114,1.524837,1.523004,1.715382,1.647295,1.592040,1.560407,1.403555,1.671526,1.567730,1.647295,1.634219,1.465984,1.474705,1.446203,1.731370,1.457797,1.729642,1.543835,1.339721,1.653736,1.630050,1.484420,1.577925,1.424197,1.745798,1.383306,1.473340,1.620150,1.501965,1.491702,1.553654,1.767280,1.729493,1.715152,1.527649,1.458598,1.291378,1.503390,1.497243,1.287827,1.356577,1.457489,1.441980,1.523213,1.753270,1.219539,1.707782,1.431604,1.368238,1.574911,1.558299,1.553654,1.442825,1.474496,1.586912,1.484113,1.557909
1.876813,1.377119,0.621042,0.133282,0.260739,0.135531,0.136471,1.219568,0.932317,1.934972,0.266967,0.953169,0.740278,1.781204,0.000000,0.514875,1.048669,1.970293,0.286372,0.204330,0.195157,0.408741,0.211264,0.784899,0.211893,1.964601,0.383411,0.458191,1.941963,0.250179,1.497350,0.000000,0.203378,1.884138,0.208119,0.633597,0.973410,1.880763,0.221629,0.252884,0.487150,1.478333,0.298516,0.189255,0.169752,0.928285,0.438868,0.373731,0.239429,1.789317,1.607291,0.250179,0.438868,1.911530,0.311733,0.364261,1.884669,0.592810,0.332368,0.862277,0.211242,1.976388,0.553832,1.489004,0.222456,0.258788,0.262888,0.771073,1.848200,0.205951,0.383411,0.257706,0.271535,0.207051,0.934963,1.003638,1.839821,0.150357,0.234140,1.968416,0.329620,1.915087,1.985569,0.387984,0.219666,0.222181,0.202894,0.910710,1.585678,0.688631,1.953650,0.357910,0.227381,0.212578,0.207051,0.236432,0.269075,0.497293,0.205114,0.213543
1.899827,1.417025,0.667112,0.194132,0.275202,0.203618,0.187058,1.269493,0.972470,1.920544,0.265979,0.982543,0.758155,1.752467,0.203378,0.567652,1.096207,1.974380,0.242391,0.206467,0.182458,0.343126,0.164439,0.732022,0.127824,1.973183,0.433396,0.502873,1.952344,0.288069,1.458701,0.203378,0.000000,1.861804,0.218703,0.661913,1.035254,1.903628,0.248761,0.270260,0.537459,1.519042,0.292785,0.163526,0.186527,0.976363,0.494415,0.413218,0.285492,1.799563,1.642482,0.288069,0.494415,1.932254,0.261838,0.338275,1.899152,0.658606,0.293807,0.893885,0.247269,1.976153,0.618161,1.503307,0.186351,0.292916,0.174201,0.828956,1.853751,0.131013,0.433396,0.218081,0.240421,0.205981,0.989590,1.043567,1.859119,0.189765,0.216579,1.961185,0.307578,1.933049,1.986318,0.354723,0.118053,0.122999,0.178267,0.977099,1.579137,0.741175,1.959871,0.235038,0.243883,0.216572,0.205981,0.166434,0.210657,0.541265,0.142860,0.218539
0.976346,1.533359,1.835445,1.880036,1.818829,1.885326,1.887109,1.613452,1.753384,0.463379,1.894037,1.701398,1.724432,0.561779,1.884138,1.824794,1.717826,0.746780,1.849319,1.895085,1.895290,1.826314,1.890355,1.600951,1.863416,0.810358,1.882718,1.812898,0.886047,1.894406,0.981892,1.884138,1.861804,0.000000,1.896838,1.823947,1.760403,0.980659,1.872217,1.867491,1.877819,1.551700,1.823599,1.894935,1.900853,1.706235,1.874447,1.877765,1.905219,0.804514,1.378326,1.894406,1.874447,1.025563,1.863302,1.856209,0.788825,1.881831,1.872646,1.787240,1.912661,0.681735,1.861396,1.341350,1.878373,1.907000,1.857965,1.815894,0.763971,1.880197,1.882718,1.884481,1.875519,1.901270,1.744032,1.659043,1.215494,1.891565,1.881222,0.587627,1.877711,0.945164,0.580921,1.809881,1.862299,1.866936,1.887457,1.819717,0.991770,1.822707,0.762195,1.827039,1.910205,1.906039,1.901270,1.866773,1.873542,1.826587,1.884166,1.911781
1.854369,1.330705,0.560894,0.226745,0.401074,0.217957,0.194140,1.155689,0.852075,1.934703,0.276582,0.962665,0.750478,1.786329,0.208119,0.446524,1.045923,1.966219,0.323836,0.021664,0.132931,0.418483,0.172677,0.866058,0.175912,1.951786,0.322001,0.402183,1.925543,0.206838,1.550854,0.208119,0.218703,1.896838,0.000000,0.567156,0.913031,1.859172,0.333885,0.369153,0.423363,1.431466,0.410779,0.098142,0.168984,0.871879,0.367590,0.307492,0.259918,1.785343,1.582751,0.206838,0.367590,1.888104,0.320409,0.377036,1.879727,0.534765,0.343954,0.787175,0.194565,1.979498,0.487096,1.454603,0.239283,0.249247,0.285909,0.710477,1.834621,0.188473,0.322001,0.239694,0.272761,0.074186,0.874036,0.936511,1.806404,0.150517,0.284823,1.964139,0.351460,1.896399,1.987447,0.447772,0.192829,0.231721,0.075122,0.873805,1.613093,0.621341,1.950783,0.403678,0.096833,0.093183,0.074186,0.252384,0.269376,0.473876,0.179498,0.122465
1.639016,1.076204,0.481271,0.685247,0.808774,0.654018,0.668253,0.825459,0.492032,1.850026,0.651327,0.928487,0.758135,1.705489,0.633597,0.443033,0.939527,1.849602,0.789913,0.577264,0.603976,0.835097,0.653413,1.193113,0.672245,1.810890,0.465265,0.480415,1.793979,0.532149,1.671310,0.633597,0.661913,1.823947,0.567156,0.000000,0.629613,1.658915,0.741969,0.784918,0.460665,1.118264,0.849043,0.604552,0.630946,0.593927,0.433006,0.501943,0.590862,1.554655,1.358762,0.532149,0.433006,1.715137,0.748268,0.764885,1.678287,0.448880,0.792932,0.485243,0.653024,1.866008,0.514872,1.192940,0.673458,0.588001,0.736856,0.501344,1.652932,0.673612,0.465265,0.676575,0.685930,0.578485,0.600755,0.606989,1.679682,0.613323,0.728657,1.882175,0.717174,1.738092,1.882031,0.757837,0.672019,0.706809,0.607485,0.643206,1.501808,0.465361,1.800086,0.826110,0.563324,0.577993,0.578485,0.709808,0.709622,0.530322,0.668912,0.603828
1.396809,0.703555,0.513337,1.029822,1.170945,1.009003,1.000151,0.370828,0.449577,1.736842,0.960128,1.130673,0.826890,1.656266,0.973410,0.596224,1.062872,1.679048,1.141494,0.925679,0.950412,1.184225,1.017229,1.512734,1.040635,1.591250,0.683040,0.700215,1.594515,0.825193,1.816250,0.973410,1.035254,1.760403,0.913031,0.629613,0.000000,1.406506,1.098176,1.142521,0.606431,0.837901,1.184156,0.955314,0.969536,0.390158,0.612956,0.746200,0.922664,1.356802,1.138966,0.825193,0.612956,1.460925,1.072828,1.129270,1.447632,0.457030,1.131053,0.423972,0.983221,1.720141,0.618256,0.933731,1.018771,0.923656,1.125516,0.276773,1.427609,1.045422,0.683040,1.019585,1.013526,0.917463,0.184239,0.434823,1.425799,0.943244,1.063714,1.748376,1.056690,1.480907,1.739210,1.156653,1.053880,1.085622,0.964951,0.588236,1.454819,0.402307,1.610107,1.198811,0.891071,0.911350,0.917463,1.094195,1.053454,0.675015,1.033415,0.938496
0.283908,1.076480,1.658891,1.893296,1.925907,1.884250,1.886100,1.193504,1.442920,0.830959,1.869003,1.644263,1.702924,1.110444,1.880763,1.710423,1.541441,0.591130,1.913738,1.864309,1.873265,1.916277,1.892611,1.899325,1.904395,0.496717,1.774061,1.745351,0.577313,1.834442,1.600655,1.880763,1.903628,0.980659,1.859172,1.658915,1.406506,0.000000,1.907159,1.919175,1.728439,0.988172,1.933800,1.876964,1.879972,1.437485,1.744621,1.778252,1.852732,0.743399,0.730228,1.834442,1.744621,0.450372,1.897053,1.896968,0.524606,1.665080,1.908314,1.512976,1.874046,0.674095,1.695370,1.019427,1.892832,1.850841,1.926748,1.562396,0.643133,1.903538,1.774061,1.892418,1.885441,1.863619,1.442294,1.405224,0.678285,1.870998,1.902870,0.744010,1.884499,0.501212,0.668320,1.897152,1.909405,1.915119,1.876552,1.516723,1.236162,1.605243,0.615959,1.937291,1.849749,1.860512,1.863619,1.918194,1.903940,1.742167,1.899791,1.865726
1.902503,1.461347,0.764461,0.183478,0.214358,0.155242,0.229235,1.330448,1.048445,1.930721,0.278170,0.955496,0.840487,1.779741,0.221629,0.668787,1.064036,1.968623,0.258528,0.325288,0.281240,0.398652,0.250471,0.708736,0.265446,1.975350,0.531359,0.609561,1.948128,0.397009,1.430624,0.221629,0.248761,1.872217,0.333885,0.741969,1.098176,1.907159,0.000000,0.083810,0.633607,1.541108,0.282644,0.282376,0.276673,1.060955,0.587130,0.523677,0.263823,1.828284,1.641607,0.397009,0.587130,1.927129,0.309665,0.373524,1.913984,0.725142,0.304511,0.968331,0.294822,1.967777,0.695679,1.557479,0.281409,0.310176,0.235025,0.906689,1.876086,0.229292,0.531359,0.324872,0.284519,0.316067,1.068682,1.132710,1.861747,0.274938,0.176926,1.962299,0.317775,1.935274,1.976614,0.363352,0.263902,0.219122,0.303376,1.010739,1.603481,0.834002,1.961412,0.310289,0.339831,0.319899,0.316067,0.228706,0.312154,0.651271,0.239952,0.301045
1.916974,1.493635,0.813766,0.204418,0.188000,0.194272,0.255539,1.369719,1.086233,1.925763,0.313809,0.962445,0.875739,1.775798,0.252884,0.713086,1.076250,1.967761,0.246340,0.359331,0.313315,0.376777,0.271068,0.673892,0.283424,1.979070,0.581475,0.650642,1.948748,0.441308,1.408301,0.252884,0.270260,1.867491,0.369153,0.784918,1.142521,1.919175,0.083810,0.000000,0.682657,1.570281,0.264500,0.316864,0.304952,1.103719,0.636704,0.567800,0.320875,1.844917,1.668726,0.441308,0.636704,1.934446,0.310474,0.349529,1.926969,0.774912,0.293314,1.015889,0.321524,1.965276,0.736430,1.584946,0.301058,0.352376,0.226258,0.955491,1.888186,0.248989,0.581475,0.336731,0.302202,0.353413,1.113653,1.173725,1.867593,0.307552,0.183348,1.957366,0.328205,1.942596,1.972702,0.363682,0.275428,0.228325,0.331882,1.048245,1.612091,0.881793,1.963878,0.294117,0.378488,0.358564,0.353413,0.229519,0.319112,0.695932,0.260690,0.334417
1.717943,1.121551,0.177211,0.561386,0.703638,0.546190,0.522241,0.889245,0.667365,1.896581,0.511105,1.051832,0.533011,1.760325,0.487150,0.289592,1.074386,1.900352,0.681201,0.433774,0.476192,0.747937,0.545290,1.116421,0.545338,1.851507,0.126772,0.339496,1.862957,0.280888,1.653426,0.487150,0.537459,1.877819,0.423363,0.460665,0.606431,1.728439,0.633607,0.682657,0.000000,1.222962,0.712826,0.461329,0.458806,0.590109,0.142299,0.200924,0.468713,1.644520,1.404668,0.280888,0.142299,1.780441,0.624206,0.715978,1.737157,0.289736,0.688709,0.522374,0.499146,1.925184,0.334767,1.232637,0.533748,0.477220,0.650335,0.362175,1.715081,0.561816,0.126772,0.543637,0.559445,0.429733,0.543317,0.677969,1.706843,0.464073,0.598410,1.925150,0.612045,1.770741,1.938723,0.695566,0.564188,0.599582,0.474063,0.651930,1.503354,0.265426,1.858730,0.717508,0.412988,0.423097,0.429733,0.617979,0.575511,0.280743,0.550346,0.462659
0.969593,0.705958,1.162164,1.514616,1.614047,1.491893,1.494537,0.714648,0.868743,1.446276,1.449454,1.278366,1.356756,1.522533,1.478333,1.231871,1.135963,1.277143,1.583305,1.440260,1.449822,1.599405,1.490478,1.803031,1.527549,1.147267,1.286530,1.305002,1.161491,1.379465,1.858634,1.478333,1.519042,1.551700,1.431466,1.118264,0.837901,0.988172,1.541108,1.570281,1.222962,0.000000,1.619979,1.457853,1.467331,0.961495,1.241471,1.326945,1.416334,1.105329,0.885422,1.379465,1.241471,0.991915,1.530488,1.544599,1.106101,1.124738,1.556742,0.942655,1.466661,1.310460,1.191725,0.966886,1.504292,1.416538,1.563316,1.003379,1.146875,1.512040,1.286530,1.491952,1.498022,1.431122,0.914243,0.925340,0.990715,1.450634,1.534985,1.400654,1.498824,1.074388,1.357904,1.547876,1.529040,1.540824,1.467801,0.838891,1.363909,1.090504,1.200689,1.610577,1.406289,1.423698,1.431122,1.549445,1.521400,1.277735,1.506130,1.433724
1.930796,1.521947,0.830705,0.268415,0.191625,0.307391,0.289102,1.405716,1.139701,1.896950,0.444697,1.050254,0.829665,1.734003,0.298516,0.727478,1.176274,1.965698,0.280614,0.399571,0.389100,0.376074,0.346601,0.590405,0.298768,1.977814,0.615695,0.653588,1.958959,0.479390,1.346114,0.298516,0.292785,1.823599,0.410779,0.849043,1.184156,1.933800,0.282644,0.264500,0.712826,1.619979,0.000000,0.371583,0.354484,1.117668,0.674323,0.588064,0.458492,1.821379,1.698308,0.479390,0.674323,1.961836,0.379090,0.410863,1.911476,0.835196,0.351567,1.061588,0.374612,1.963885,0.753469,1.601683,0.345453,0.469526,0.265426,0.987018,1.872320,0.303936,0.615695,0.370021,0.394107,0.411187,1.136350,1.179716,1.888489,0.344633,0.330629,1.937712,0.431993,1.948425,1.961542,0.395034,0.298170,0.269278,0.370174,1.103431,1.580363,0.904835,1.964115,0.272764,0.443990,0.419540,0.411187,0.281684,0.345762,0.673178,0.316278,0.410705
1.871411,1.363345,0.599847,0.194512,0.361058,0.187526,0.166547,1.201065,0.903103,1.940219,0.245189,0.971790,0.757601,1.791262,0.189255,0.501842,1.061185,1.970829,0.286360,0.085279,0.098327,0.393695,0.123217,0.832826,0.134086,1.959418,0.357829,0.455151,1.934006,0.223085,1.524837,0.189255,0.163526,1.894935,0.098142,0.604552,0.955314,1.876964,0.282376,0.316864,0.461329,1.457853,0.371583,0.000000,0.141195,0.916335,0.411913,0.345917,0.242053,1.798152,1.596774,0.223085,0.411913,1.902562,0.282531,0.369050,1.890241,0.569222,0.307248,0.821211,0.177525,1.981496,0.528076,1.480720,0.201481,0.250924,0.244457,0.751011,1.847908,0.120872,0.357829,0.211784,0.238408,0.060925,0.917707,0.987754,1.822052,0.138354,0.235340,1.969675,0.336401,1.908453,1.991486,0.417435,0.158109,0.171175,0.079514,0.899850,1.615873,0.667046,1.956154,0.352192,0.094432,0.063731,0.060925,0.213210,0.230498,0.497630,0.110037,0.081047
