0.000000,1.122467,1.686520,1.905908,1.927575,1.895562,1.900329,1.226834,1.445249,0.834496,1.883919,1.639848,1.720165,1.129739,1.889429,1.739065,1.528026,0.586074,1.923522,1.877916,1.886906,1.937938,1.904559,1.913256,1.914985,0.502083,1.799336,1.767990,0.579381,1.852930,1.593491,1.889429,1.912512,0.967500,1.873160,1.631335,1.443244,0.244063,1.913912,1.925417,1.757289,0.986899,1.945657,1.890247,1.896451,1.441494,1.771234,1.799555,1.870192,0.650741,0.706941,1.852930,1.771234,0.467374,1.910795,1.922644,0.462506,1.691965,1.917127,1.494422,1.889945,0.649039,1.713470,0.928617,1.903993,1.869565,1.932990,1.593065,0.680799,1.914275,1.799336,1.907040,1.892754,1.879249,1.485022,1.399780,0.714880,1.886785,1.909746,0.728419,1.906422,0.528633,0.612512,1.900045,1.917543,1.924796,1.890110,1.509133,1.143051,1.642223,0.555043,1.948424,1.866630,1.875893,1.879249,1.924365,1.918376,1.769437,1.911172,1.881952
1.122467,0.000000,1.089091,1.404343,1.504535,1.398974,1.381959,0.627857,0.807634,1.445926,1.362812,1.270591,1.301418,1.406895,1.377418,1.119919,1.186329,1.387890,1.463610,1.343630,1.359789,1.498471,1.407602,1.695809,1.427881,1.275999,1.202323,1.184670,1.281841,1.294035,1.797538,1.377418,1.421926,1.511396,1.334308,1.056391,0.731460,1.102528,1.462565,1.489451,1.150434,0.708048,1.515643,1.368092,1.391960,0.853960,1.149472,1.240282,1.347328,1.110354,1.049854,1.294035,1.149472,1.117317,1.428666,1.482784,1.176438,1.015055,1.451380,0.944927,1.393800,1.414249,1.117094,0.785320,1.408209,1.338352,1.478556,0.911534,1.116998,1.427898,1.202323,1.400635,1.394204,1.340372,0.826346,0.856538,1.132161,1.342839,1.438714,1.457192,1.423926,1.162696,1.431633,1.485810,1.429835,1.454582,1.372297,0.859344,1.333189,1.007869,1.316287,1.531115,1.321363,1.336737,1.340372,1.463812,1.427136,1.140056,1.422867,1.353758
1.686520,1.089091,0.000000,0.662587,0.773121,0.648759,0.623258,0.811800,0.679778,1.841030,0.655964,1.208228,0.490341,1.653256,0.580559,0.327813,1.228856,1.873653,0.777519,0.577967,0.601877,0.840485,0.662761,1.166005,0.667573,1.816812,0.278182,0.386663,1.841258,0.415623,1.592326,0.580559,0.643369,1.804232,0.569481,0.495221,0.529351,1.688005,0.718834,0.759474,0.178966,1.184420,0.781317,0.591046,0.575720,0.520498,0.266750,0.293880,0.587619,1.584431,1.377228,0.415623,0.266750,1.747766,0.769524,0.877175,1.664868,0.380137,0.804062,0.513115,0.607063,1.896758,0.337585,1.143873,0.637878,0.588788,0.754615,0.287278,1.659784,0.673510,0.278182,0.656432,0.700493,0.574020,0.397554,0.604456,1.697703,0.579431,0.711835,1.886897,0.722314,1.701962,1.898456,0.776779,0.686573,0.705512,0.611071,0.672457,1.390237,0.135681,1.823859,0.813741,0.557060,0.565264,0.574020,0.722844,0.683472,0.310776,0.665281,0.598874
1.905908,1.404343,0.662587,0.000000,0.238604,0.085215,0.087014,1.223798,0.978225,1.914792,0.291147,0.990803,0.798626,1.722584,0.134379,0.531026,1.106799,1.970273,0.210989,0.218651,0.192205,0.314222,0.185553,0.729384,0.196639,1.973507,0.426842,0.472669,1.941689,0.301933,1.433176,0.134379,0.212940,1.849575,0.225146,0.718237,0.992758,1.902498,0.180883,0.196104,0.529026,1.516736,0.275634,0.196289,0.197861,0.987316,0.474686,0.417544,0.262811,1.808070,1.677372,0.301933,0.474686,1.915744,0.296133,0.326285,1.897735,0.617059,0.281258,0.942699,0.219040,1.979534,0.597999,1.543123,0.199896,0.281106,0.209825,0.807128,1.839980,0.174766,0.426842,0.230389,0.278409,0.222167,0.947769,1.051366,1.859447,0.138481,0.196142,1.963203,0.325851,1.915344,1.983871,0.349997,0.191742,0.180675,0.202358,0.968836,1.584766,0.713509,1.968481,0.340931,0.245725,0.233584,0.222167,0.194347,0.231998,0.529939,0.184321,0.220691
1.927575,1.504535,0.773121,0.238604,0.000000,0.255830,0.290227,1.343387,1.108247,1.871141,0.423031,1.045458,0.786567,1.662083,0.250170,0.663287,1.185768,1.958933,0.289554,0.401386,0.375185,0.304444,0.343725,0.564361,0.295620,1.977248,0.562333,0.585471,1.956889,0.441831,1.302007,0.250170,0.285975,1.781840,0.413258,0.838162,1.132034,1.927147,0.203459,0.181155,0.655705,1.600143,0.214104,0.368463,0.339386,1.091516,0.622655,0.538078,0.394137,1.806978,1.719893,0.441831,0.622655,1.954990,0.400491,0.378912,1.893607,0.784325,0.396306,1.066736,0.376770,1.962475,0.743833,1.591217,0.305317,0.414384,0.250154,0.942753,1.851501,0.305121,0.562333,0.345387,0.410899,0.406077,1.070684,1.148360,1.909314,0.346733,0.298712,1.931893,0.381467,1.939867,1.960504,0.298168,0.289027,0.264581,0.367486,1.089590,1.512936,0.840273,1.966868,0.280483,0.441455,0.419148,0.406077,0.267923,0.311945,0.632662,0.322341,0.411729
1.895562,1.398974,0.648759,0.085215,0.255830,0.000000,0.132689,1.204674,0.960089,1.919669,0.277716,0.980033,0.794555,1.730480,0.140225,0.518656,1.090002,1.969019,0.234899,0.213536,0.187181,0.342670,0.179532,0.755754,0.206665,1.969988,0.415910,0.463327,1.939841,0.295220,1.446724,0.140225,0.228346,1.855259,0.218844,0.692755,0.976748,1.895544,0.148208,0.179537,0.516557,1.496855,0.309989,0.193694,0.195493,0.970826,0.462000,0.406979,0.225598,1.805445,1.661310,0.295220,0.462000,1.907740,0.313998,0.344240,1.893417,0.602115,0.295957,0.919592,0.213150,1.978520,0.586950,1.523215,0.220772,0.258475,0.217327,0.792891,1.842976,0.178880,0.415910,0.251536,0.279732,0.216330,0.933173,1.033122,1.857767,0.159657,0.183804,1.965801,0.322177,1.912874,1.982538,0.344921,0.203459,0.190476,0.199468,0.955539,1.578490,0.699028,1.963611,0.361093,0.234725,0.226588,0.216330,0.198641,0.258038,0.535170,0.187246,0.213465
1.900329,1.381959,0.623258,0.087014,0.290227,0.132689,0.000000,1.197731,0.950905,1.916284,0.294851,1.005486,0.780517,1.726049,0.136435,0.496448,1.114171,1.970698,0.226849,0.190148,0.163652,0.331548,0.172352,0.757384,0.197364,1.968166,0.383240,0.445247,1.936016,0.258649,1.459255,0.136435,0.202863,1.856036,0.194958,0.697496,0.958558,1.894985,0.232597,0.253223,0.486161,1.494169,0.296242,0.168048,0.160712,0.956768,0.431480,0.378084,0.256761,1.805131,1.664712,0.258649,0.431480,1.908103,0.304860,0.353613,1.891889,0.579518,0.287851,0.909805,0.174959,1.981057,0.555983,1.526361,0.182135,0.261800,0.237425,0.767485,1.832397,0.173171,0.383240,0.204345,0.283070,0.189674,0.912501,1.023371,1.841455,0.084069,0.228797,1.963097,0.325238,1.904687,1.987292,0.376815,0.198957,0.193074,0.181891,0.942989,1.587032,0.674456,1.966162,0.354303,0.208900,0.198507,0.189674,0.215122,0.216680,0.488119,0.172680,0.187726
1.226834,0.627857,0.811800,1.223798,1.343387,1.204674,1.197731,0.000000,0.449094,1.587497,1.181434,1.180928,1.115871,1.503249,1.182555,0.836315,1.098254,1.538117,1.299857,1.142846,1.161425,1.359366,1.218022,1.617436,1.250339,1.449057,0.963451,0.908290,1.447423,1.075563,1.814315,1.182555,1.245928,1.619883,1.129791,0.752796,0.380648,1.232940,1.287824,1.321444,0.902330,0.724332,1.373305,1.176175,1.192606,0.511251,0.898143,0.993560,1.150992,1.184922,1.079432,1.075563,0.898143,1.269249,1.271560,1.326798,1.284321,0.751423,1.295435,0.618086,1.195143,1.579540,0.823659,0.740733,1.225458,1.143044,1.311861,0.634178,1.259889,1.249174,0.963451,1.229068,1.210772,1.145534,0.477939,0.430389,1.302517,1.148587,1.252999,1.608662,1.257892,1.320304,1.578455,1.312244,1.254342,1.283010,1.177541,0.715963,1.321614,0.704227,1.454520,1.389570,1.117298,1.140625,1.145534,1.285970,1.265659,0.937172,1.239734,1.158835
1.445249,0.807634,0.679778,0.978225,1.108247,0.960089,0.950905,0.449094,0.000000,1.713956,0.949110,1.028500,1.050833,1.584201,0.938791,0.636424,0.988132,1.698808,1.047780,0.891781,0.906841,1.111520,0.962185,1.428947,1.003873,1.645737,0.760588,0.699627,1.595458,0.850729,1.788000,0.938791,0.994044,1.720348,0.878626,0.477785,0.423618,1.439869,1.056670,1.084918,0.723987,0.888956,1.153238,0.929115,0.951200,0.486649,0.697453,0.787594,0.911989,1.386804,1.248745,0.850729,0.697453,1.475350,1.027451,1.068303,1.497768,0.586834,1.046393,0.507467,0.954979,1.729996,0.647066,0.981453,0.971298,0.885382,1.061027,0.551939,1.465064,0.999756,0.760588,0.970533,0.971826,0.897117,0.489296,0.381134,1.461641,0.897585,1.014918,1.744301,0.999313,1.529577,1.737231,1.072668,1.001595,1.033691,0.924964,0.664146,1.416965,0.580220,1.643215,1.140960,0.869831,0.895497,0.897117,1.036057,1.013355,0.766468,0.991939,0.910159
0.834496,1.445926,1.841030,1.914792,1.871141,1.919669,1.916284,1.587497,1.713956,0.000000,1.930687,1.655041,1.756231,0.539182,1.911797,1.855286,1.647905,0.611784,1.898945,1.928547,1.930970,1.872077,1.929387,1.699772,1.910452,0.657172,1.898119,1.851075,0.761215,1.914820,1.206444,1.911797,1.906662,0.454500,1.929253,1.827925,1.744963,0.835154,1.915023,1.911057,1.881688,1.428964,1.876303,1.933019,1.924923,1.693541,1.893415,1.892328,1.932027,0.804121,1.282410,1.914820,1.893415,0.878389,1.912942,1.893113,0.718174,1.884756,1.915592,1.772670,1.927935,0.609876,1.854555,1.281100,1.914793,1.927063,1.904782,1.817491,0.764005,1.926040,1.898119,1.914162,1.923028,1.933378,1.740191,1.649513,0.934301,1.920542,1.921645,0.277553,1.913650,0.765714,0.491701,1.860695,1.911778,1.916482,1.923960,1.773552,1.044542,1.825924,0.705663,1.877050,1.939530,1.938164,1.933378,1.912904,1.909102,1.850735,1.928079,1.942501
1.883919,1.362812,0.655964,0.291147,0.423031,0.277716,0.294851,1.181434,0.949110,1.930687,0.000000,0.936796,0.815775,1.753863,0.313835,0.559034,1.027490,1.966293,0.329295,0.268317,0.261352,0.432609,0.274629,0.827295,0.296322,1.955550,0.428625,0.532316,1.930104,0.320517,1.498963,0.313835,0.313360,1.881931,0.269531,0.692772,0.939365,1.884172,0.301133,0.326688,0.517940,1.459536,0.457557,0.250244,0.276805,0.985428,0.466019,0.447902,0.200129,1.819544,1.638854,0.320517,0.466019,1.879842,0.229214,0.411550,1.900757,0.552464,0.326466,0.918943,0.312764,1.967268,0.624510,1.513241,0.285717,0.235562,0.320863,0.761778,1.844922,0.264684,0.428625,0.310597,0.169292,0.257476,0.917407,1.046851,1.825048,0.267354,0.209181,1.965960,0.287591,1.898673,1.977117,0.411160,0.292632,0.282755,0.273161,0.917962,1.587222,0.701225,1.939793,0.415329,0.265410,0.258040,0.257476,0.312339,0.315750,0.562505,0.276740,0.256392
1.639848,1.270591,1.208228,0.990803,1.045458,0.980033,1.005486,1.180928,1.028500,1.655041,0.936796,0.000000,1.402578,1.535206,1.023543,1.079769,0.279686,1.694648,0.971954,1.007116,0.999746,1.038755,1.000151,1.202759,1.035441,1.699872,1.096879,1.075321,1.602053,1.063514,1.597271,1.023543,1.052452,1.673950,1.002615,1.008034,1.157651,1.643239,1.008549,1.010691,1.137108,1.347461,1.116210,1.027411,1.038490,1.258512,1.083562,1.131612,0.963487,1.605735,1.624191,1.063514,1.083562,1.537556,0.950804,0.925801,1.721950,1.034206,0.953778,1.260526,1.030840,1.672197,1.092846,1.479980,1.044108,0.972622,0.997280,1.175335,1.590758,1.019571,1.096879,1.035632,0.940470,1.014886,1.218099,1.240508,1.547984,0.996193,0.970700,1.690308,1.007819,1.681481,1.686453,0.963616,1.014689,1.025920,1.011861,1.080729,1.550879,1.176910,1.674255,1.085866,1.013652,1.024274,1.014886,1.000669,1.053643,1.177684,1.022739,1.012949
1.720165,1.301418,0.490341,0.798626,0.786567,0.794555,0.780517,1.115871,1.050833,1.756231,0.815775,1.402578,0.000000,1.546115,0.712825,0.665849,1.448679,1.854347,0.893950,0.782053,0.794302,0.898173,0.822001,1.044285,0.779956,1.794844,0.573856,0.662884,1.875659,0.624840,1.341720,0.712825,0.739317,1.675498,0.783420,0.822868,0.887212,1.731957,0.794111,0.821901,0.537279,1.373347,0.771707,0.764651,0.724001,0.831151,0.614728,0.554644,0.764751,1.580022,1.432421,0.624840,0.614728,1.822463,0.889335,0.997977,1.635342,0.763225,0.940805,0.837860,0.776266,1.858048,0.705746,1.234235,0.759173,0.779435,0.837153,0.676441,1.666118,0.796980,0.573856,0.791335,0.848412,0.777128,0.735687,0.892431,1.777520,0.772678,0.828599,1.819557,0.828885,1.710110,1.844861,0.818780,0.803378,0.799930,0.789652,0.961435,1.246569,0.583866,1.809759,0.821353,0.784684,0.771183,0.777128,0.820640,0.782514,0.531818,0.797148,0.800574
1.129739,1.406895,1.653256,1.722584,1.662083,1.730480,1.726049,1.503249,1.584201,0.539182,1.753863,1.535206,1.546115,0.000000,1.715298,1.655334,1.590657,1.016451,1.715658,1.749220,1.749367,1.677891,1.749733,1.511391,1.715060,1.055860,1.702284,1.640218,1.113133,1.717217,1.055942,1.715298,1.702024,0.574902,1.751371,1.646354,1.620631,1.143319,1.725590,1.723967,1.691677,1.470960,1.675748,1.750891,1.737988,1.543359,1.702800,1.699659,1.751217,0.868237,1.426443,1.717217,1.702800,1.208502,1.738590,1.723870,0.947947,1.724819,1.751608,1.632486,1.756205,1.013933,1.679139,1.254905,1.725175,1.750063,1.711279,1.654170,0.905365,1.739710,1.702284,1.726746,1.747198,1.754363,1.584492,1.496045,1.255307,1.730305,1.740312,0.777869,1.739352,1.059879,0.923347,1.661009,1.717474,1.725266,1.741359,1.657634,0.939579,1.645611,1.068947,1.676378,1.768770,1.763163,1.754363,1.722495,1.718129,1.640017,1.744837,1.773795
1.889429,1.377418,0.580559,0.134379,0.250170,0.140225,0.136435,1.182555,0.938791,1.911797,0.313835,1.023543,0.712825,1.715298,0.000000,0.476520,1.128130,1.968677,0.294313,0.232301,0.218225,0.372353,0.233202,0.762474,0.231988,1.963694,0.352668,0.422089,1.942683,0.233986,1.447441,0.000000,0.221528,1.846830,0.237116,0.664361,0.939414,1.887942,0.211713,0.236719,0.448435,1.473993,0.305379,0.209739,0.176306,0.930217,0.410575,0.341827,0.242455,1.784793,1.643280,0.233986,0.410575,1.909936,0.359955,0.404755,1.871925,0.568470,0.364162,0.889559,0.219097,1.977780,0.544385,1.498397,0.204990,0.257248,0.268400,0.741399,1.833214,0.220384,0.352668,0.244023,0.327834,0.231607,0.883578,0.993752,1.853009,0.161593,0.253766,1.961364,0.329789,1.900616,1.982861,0.360974,0.237238,0.230452,0.226630,0.915896,1.534760,0.641297,1.958736,0.366618,0.251090,0.238035,0.231607,0.247182,0.251029,0.457084,0.225325,0.240984
1.739065,1.119919,0.327813,0.531026,0.663287,0.518656,0.496448,0.836315,0.636424,1.855286,0.559034,1.079769,0.665849,1.655334,0.476520,0.000000,1.136990,1.902218,0.638672,0.455555,0.462348,0.700725,0.528948,1.070186,0.550265,1.863473,0.264809,0.116873,1.858688,0.362970,1.579802,0.476520,0.540803,1.801869,0.445327,0.490107,0.596035,1.738466,0.620683,0.659097,0.296537,1.252704,0.678422,0.483811,0.490029,0.562403,0.203033,0.297851,0.515517,1.624590,1.502440,0.362970,0.203033,1.778283,0.652234,0.717929,1.731088,0.367161,0.673039,0.583473,0.522708,1.919444,0.340253,1.238905,0.535050,0.514351,0.631587,0.415976,1.670213,0.557914,0.264809,0.546023,0.582277,0.460476,0.519098,0.623231,1.744140,0.448182,0.596269,1.909408,0.632413,1.768235,1.919080,0.683495,0.557876,0.589882,0.484205,0.753609,1.454335,0.311550,1.858737,0.717234,0.443742,0.460924,0.460476,0.602060,0.579552,0.322930,0.548238,0.483550
1.528026,1.186329,1.228856,1.106799,1.185768,1.090002,1.114171,1.098254,0.988132,1.647905,1.027490,0.279686,1.448679,1.590657,1.128130,1.136990,0.000000,1.629861,1.101813,1.096753,1.095991,1.182583,1.104458,1.362948,1.151831,1.606188,1.154978,1.152689,1.520602,1.141105,1.702377,1.128130,1.169557,1.702082,1.089603,1.015735,1.102279,1.534528,1.124386,1.131465,1.175492,1.208556,1.248948,1.120388,1.132114,1.234799,1.132849,1.190157,1.049447,1.565418,1.500960,1.141105,1.132849,1.410608,1.060450,1.053508,1.652880,1.040845,1.069375,1.231987,1.116495,1.609932,1.124695,1.390419,1.148899,1.056321,1.124749,1.162966,1.543317,1.128164,1.154978,1.140593,1.038391,1.103234,1.187858,1.215440,1.419486,1.097104,1.081014,1.652713,1.111219,1.581836,1.629841,1.088201,1.134230,1.143608,1.110299,1.021871,1.557073,1.185756,1.592536,1.222925,1.091128,1.106838,1.103234,1.120491,1.166668,1.237717,1.128257,1.095872
0.586074,1.387890,1.873653,1.970273,1.958933,1.969019,1.970698,1.538117,1.698808,0.611784,1.966293,1.694648,1.854347,1.016451,1.968677,1.902218,1.629861,0.000000,1.964521,1.969059,1.970006,1.954376,1.972726,1.844844,1.975748,0.438075,1.939114,1.913782,0.398409,1.963536,1.422201,1.968677,1.974196,0.792018,1.968022,1.837886,1.709589,0.561955,1.968609,1.967018,1.916504,1.288556,1.963870,1.973122,1.975354,1.699822,1.925321,1.936612,1.965734,0.804887,1.076930,1.963536,1.925321,0.572839,1.963852,1.954881,0.589478,1.876732,1.957443,1.750961,1.969520,0.412854,1.878829,1.240311,1.969858,1.962666,1.973679,1.814914,0.753358,1.975590,1.939114,1.966709,1.964675,1.969671,1.741356,1.665392,0.771432,1.968406,1.968950,0.459471,1.963742,0.613746,0.330739,1.949589,1.973668,1.976105,1.970862,1.712079,1.243668,1.849083,0.447987,1.963549,1.964729,1.968327,1.969671,1.974436,1.969626,1.909545,1.974682,1.968482
1.923522,1.463610,0.777519,0.210989,0.289554,0.234899,0.226849,1.299857,1.047780,1.898945,0.329295,0.971954,0.893950,1.715658,0.294313,0.638672,1.101813,1.964521,0.000000,0.282361,0.272083,0.250881,0.226824,0.659436,0.215421,1.979118,0.546835,0.578783,1.937940,0.418311,1.412204,0.294313,0.262815,1.833110,0.291879,0.804851,1.091423,1.919329,0.273267,0.264836,0.645665,1.570729,0.309577,0.269887,0.285878,1.079852,0.591982,0.530907,0.359976,1.838834,1.713742,0.418311,0.591982,1.925478,0.233708,0.271384,1.923394,0.725453,0.168447,1.030171,0.284529,1.966912,0.703347,1.593946,0.236268,0.360875,0.192592,0.916792,1.858945,0.212911,0.546835,0.257880,0.259292,0.296524,1.052736,1.132093,1.865034,0.260715,0.222475,1.945721,0.342434,1.937886,1.975614,0.323131,0.195520,0.193088,0.248827,1.058077,1.603771,0.826121,1.964282,0.308313,0.326082,0.313045,0.296524,0.206155,0.239301,0.655372,0.225310,0.295034
1.877916,1.343630,0.577967,0.218651,0.401386,0.213536,0.190148,1.142846,0.891781,1.928547,0.268317,1.007116,0.782053,1.749220,0.232301,0.455555,1.096753,1.969059,0.282361,0.000000,0.145951,0.409562,0.168617,0.839342,0.165455,1.959130,0.344793,0.424159,1.929865,0.241762,1.515609,0.232301,0.229711,1.874772,0.022517,0.630331,0.900380,1.877383,0.313475,0.341264,0.440198,1.453036,0.400941,0.096519,0.193293,0.915946,0.380959,0.346968,0.241586,1.796870,1.628328,0.241762,0.380959,1.886563,0.312539,0.396197,1.883224,0.520430,0.318698,0.845561,0.208437,1.980008,0.526370,1.484472,0.237250,0.229240,0.265584,0.709177,1.834803,0.179406,0.344793,0.246198,0.268411,0.071381,0.859777,0.971465,1.822520,0.151609,0.269334,1.967315,0.323505,1.895141,1.988106,0.443136,0.175824,0.218906,0.057486,0.900930,1.594248,0.624120,1.949510,0.397509,0.106354,0.097952,0.071381,0.236157,0.269124,0.479347,0.177628,0.131798
1.886906,1.359789,0.601877,0.192205,0.375185,0.187181,0.163652,1.161425,0.906841,1.930970,0.261352,0.999746,0.794302,1.749367,0.218225,0.462348,1.095991,1.970006,0.272083,0.145951,0.000000,0.376201,0.086918,0.827203,0.189823,1.962459,0.358575,0.421927,1.927689,0.241968,1.494687,0.218225,0.192982,1.873361,0.150824,0.658929,0.922081,1.884961,0.282734,0.306603,0.464863,1.463442,0.379825,0.101825,0.161173,0.927031,0.395025,0.360439,0.244567,1.804588,1.648028,0.241968,0.395025,1.890444,0.303093,0.376338,1.891902,0.541739,0.294264,0.853876,0.193230,1.975924,0.533992,1.504050,0.208060,0.257408,0.249832,0.733945,1.833585,0.139542,0.358575,0.211814,0.259975,0.115105,0.881537,0.986392,1.830181,0.137038,0.236437,1.971075,0.337918,1.897827,1.988390,0.430305,0.189749,0.186252,0.140795,0.917969,1.605912,0.647123,1.953117,0.371066,0.115117,0.114552,0.115105,0.217049,0.242546,0.492179,0.124616,0.080602
1.937938,1.498471,0.840485,0.314222,0.304444,0.342670,0.331548,1.359366,1.111520,1.872077,0.432609,1.038755,0.898173,1.677891,0.372353,0.700725,1.182583,1.954376,0.250881,0.409562,0.376201,0.000000,0.328948,0.609951,0.314058,1.973978,0.613702,0.635693,1.929279,0.491162,1.351758,0.372353,0.331032,1.799526,0.421228,0.885393,1.155924,1.930654,0.344635,0.318756,0.711102,1.611050,0.309543,0.386376,0.369404,1.143696,0.661847,0.597216,0.457776,1.842180,1.747939,0.491162,0.661847,1.938988,0.348985,0.347885,1.923248,0.807552,0.307903,1.085225,0.382196,1.954775,0.786084,1.633292,0.287032,0.454755,0.266531,0.980833,1.862683,0.317148,0.613702,0.263356,0.387267,0.412967,1.114678,1.180102,1.873684,0.373200,0.324940,1.922119,0.396911,1.942115,1.957891,0.409148,0.304413,0.285033,0.371882,1.139240,1.595553,0.894225,1.964014,0.282292,0.444245,0.428493,0.412967,0.295860,0.228413,0.712338,0.327554,0.407761
1.904559,1.407602,0.662761,0.185553,0.343725,0.179532,0.172352,1.218022,0.962185,1.929387,0.274629,1.000151,0.822001,1.749733,0.233202,0.528948,1.104458,1.972726,0.226824,0.168617,0.086918,0.328948,0.000000,0.784741,0.154667,1.970993,0.421819,0.483239,1.932990,0.293580,1.467961,0.233202,0.172869,1.869598,0.179042,0.705676,0.986931,1.903165,0.253892,0.268292,0.525743,1.503746,0.339667,0.119911,0.166739,0.987620,0.463817,0.416624,0.263043,1.824235,1.671431,0.293580,0.463817,1.905360,0.281623,0.339757,1.908571,0.611448,0.250603,0.910050,0.187911,1.976193,0.593662,1.542311,0.202487,0.275760,0.190751,0.799877,1.854112,0.090508,0.421819,0.198941,0.255607,0.148700,0.945641,1.041541,1.844226,0.174530,0.211942,1.968883,0.324884,1.914374,1.988119,0.404182,0.151070,0.131439,0.141010,0.972571,1.619166,0.712659,1.959488,0.323212,0.166312,0.155355,0.148700,0.161025,0.219270,0.554692,0.072297,0.118815
1.913256,1.695809,1.166005,0.729384,0.564361,0.755754,0.757384,1.617436,1.428947,1.699772,0.827295,1.202759,1.044285,1.511391,0.762474,1.070186,1.362948,1.844844,0.659436,0.839342,0.827203,0.609951,0.784741,0.000000,0.715780,1.899635,0.999134,0.990021,1.888276,0.898872,1.036228,0.762474,0.717402,1.573263,0.852498,1.225662,1.477468,1.912976,0.688194,0.658185,1.075473,1.783927,0.574555,0.815871,0.797948,1.402730,1.052050,0.967408,0.846883,1.793104,1.802571,0.898872,1.052050,1.951547,0.735232,0.689710,1.851126,1.191210,0.744100,1.420355,0.816822,1.845303,1.157448,1.716900,0.741356,0.846039,0.662514,1.320883,1.797170,0.744602,0.999134,0.760961,0.790909,0.848741,1.418535,1.447675,1.909866,0.805440,0.733739,1.775825,0.729689,1.921498,1.824983,0.625284,0.709777,0.694051,0.799609,1.415896,1.441925,1.230680,1.895856,0.573521,0.887298,0.863718,0.848741,0.699366,0.712468,1.009780,0.761895,0.856458
1.914985,1.427881,0.667573,0.196639,0.295620,0.206665,0.197364,1.250339,1.003873,1.910452,0.296322,1.035441,0.779956,1.715060,0.231988,0.550265,1.151831,1.975748,0.215421,0.165455,0.189823,0.314058,0.154667,0.715780,0.000000,1.977519,0.433621,0.497103,1.950258,0.308381,1.421289,0.231988,0.145340,1.838657,0.184516,0.727650,1.018326,1.916641,0.250216,0.263920,0.533652,1.540170,0.288944,0.139873,0.205763,1.009360,0.485041,0.426447,0.285854,1.814722,1.683191,0.308381,0.485041,1.929427,0.287388,0.357368,1.902541,0.647671,0.291112,0.944751,0.243115,1.980384,0.631797,1.545785,0.207343,0.288957,0.157913,0.818895,1.854484,0.114648,0.433621,0.221786,0.275827,0.169785,0.965397,1.063862,1.868611,0.208362,0.235197,1.958366,0.308180,1.926498,1.985827,0.378091,0.071606,0.110698,0.117696,1.007634,1.579917,0.728579,1.962728,0.267035,0.223515,0.192971,0.169785,0.147561,0.207778,0.541777,0.129907,0.207180
0.502083,1.275999,1.816812,1.973507,1.977248,1.969988,1.968166,1.449057,1.645737,0.657172,1.955550,1.699872,1.794844,1.055860,1.963694,1.863473,1.606188,0.438075,1.979118,1.959130,1.962459,1.973978,1.970993,1.899635,1.977519,0.000000,1.902267,1.886778,0.485986,1.939614,1.483779,1.963694,1.974450,0.852609,1.956949,1.799688,1.621628,0.496530,1.974639,1.977715,1.869322,1.144133,1.975986,1.964441,1.965712,1.632343,1.884009,1.907822,1.952509,0.778995,0.982272,1.939614,1.884009,0.435809,1.970849,1.966826,0.543128,1.823924,1.973932,1.675645,1.960262,0.412416,1.827648,1.124638,1.968092,1.949145,1.981985,1.740164,0.653764,1.975564,1.902267,1.964935,1.965531,1.958900,1.656662,1.606112,0.619757,1.960811,1.973960,0.510497,1.957228,0.414001,0.389706,1.950914,1.978835,1.980244,1.965573,1.637493,1.219581,1.786766,0.394215,1.977356,1.950673,1.955790,1.958900,1.980700,1.971139,1.866152,1.973393,1.957615
1.799336,1.202323,0.278182,0.426842,0.562333,0.415910,0.383240,0.963451,0.760588,1.898119,0.428625,1.096879,0.573856,1.702284,0.352668,0.264809,1.154978,1.939114,0.546835,0.344793,0.358575,0.613702,0.421819,0.999134,0.433621,1.902267,0.000000,0.286686,1.901690,0.163936,1.551266,0.352668,0.415038,1.852260,0.337600,0.513814,0.679757,1.798131,0.491615,0.532627,0.125727,1.311526,0.571307,0.350953,0.334948,0.693779,0.101192,0.155828,0.362946,1.705572,1.518850,0.163936,0.101192,1.830543,0.542937,0.655690,1.790272,0.344969,0.575263,0.650524,0.380190,1.950274,0.344278,1.318944,0.406899,0.368407,0.522180,0.441253,1.752704,0.434752,0.000000,0.420476,0.474421,0.333725,0.604772,0.772134,1.771197,0.338069,0.475320,1.944713,0.500862,1.807099,1.958166,0.581224,0.453284,0.469249,0.377150,0.746510,1.484746,0.341596,1.899407,0.595119,0.322504,0.327127,0.333725,0.491186,0.449123,0.258116,0.426013,0.359513
1.767990,1.184670,0.386663,0.472669,0.585471,0.463327,0.445247,0.908290,0.699627,1.851075,0.532316,1.075321,0.662884,1.640218,0.422089,0.116873,1.152689,1.913782,0.578783,0.424159,0.421927,0.635693,0.483239,0.990021,0.497103,1.886778,0.286686,0.000000,1.879587,0.346056,1.529094,0.422089,0.484658,1.785454,0.416421,0.539797,0.690734,1.767232,0.563696,0.599212,0.342342,1.319800,0.610280,0.449038,0.450085,0.625816,0.257472,0.286078,0.491251,1.640396,1.542371,0.346056,0.257472,1.813275,0.610160,0.660571,1.751323,0.440791,0.628944,0.660411,0.488454,1.932035,0.383150,1.285736,0.485287,0.492278,0.570952,0.515656,1.688227,0.509578,0.286686,0.503075,0.546409,0.433384,0.607545,0.680605,1.783071,0.406395,0.546341,1.912000,0.594044,1.801243,1.926881,0.621665,0.501819,0.533895,0.443509,0.819656,1.448424,0.392228,1.881390,0.653599,0.424016,0.437829,0.433384,0.544393,0.531786,0.339461,0.502202,0.456389
0.579381,1.281841,1.841258,1.941689,1.956889,1.939841,1.936016,1.447423,1.595458,0.761215,1.930104,1.602053,1.875659,1.113133,1.942683,1.858688,1.520602,0.398409,1.937940,1.929865,1.927689,1.929279,1.932990,1.888276,1.950258,0.485986,1.901690,1.879587,0.000000,1.927658,1.537097,1.942683,1.948141,0.922164,1.927163,1.772143,1.626432,0.547847,1.951305,1.951539,1.878770,1.174371,1.958589,1.936048,1.941076,1.660566,1.880513,1.908009,1.926346,0.817952,1.041246,1.927658,1.880513,0.442293,1.927599,1.920062,0.664972,1.813267,1.917212,1.673959,1.930867,0.499838,1.814921,1.250994,1.941473,1.919803,1.948624,1.755053,0.755598,1.942666,1.901690,1.932471,1.928813,1.928387,1.678812,1.607025,0.647427,1.929565,1.944366,0.605507,1.931926,0.592761,0.493921,1.947866,1.946802,1.949288,1.935562,1.634624,1.379857,1.804213,0.534352,1.951205,1.919828,1.926597,1.928387,1.945332,1.939951,1.882246,1.940035,1.924378
1.852930,1.294035,0.415623,0.301933,0.441831,0.295220,0.258649,1.075563,0.850729,1.914820,0.320517,1.063514,0.624840,1.717217,0.233986,0.362970,1.141105,1.963536,0.418311,0.241762,0.241968,0.491162,0.293580,0.898872,0.308381,1.939614,0.163936,0.346056,1.927658,0.000000,1.508226,0.233986,0.287557,1.865386,0.238816,0.579905,0.805855,1.851506,0.366343,0.401665,0.263831,1.397339,0.446369,0.231195,0.183432,0.817114,0.240679,0.191566,0.261015,1.760010,1.582643,0.000000,0.240679,1.873368,0.419963,0.531215,1.844113,0.437202,0.449934,0.760275,0.253272,1.968718,0.419822,1.416032,0.286774,0.277784,0.386455,0.582406,1.802281,0.302092,0.163936,0.298604,0.358725,0.226719,0.740010,0.886504,1.809655,0.222191,0.345823,1.961010,0.396773,1.854831,1.978732,0.483533,0.326301,0.333715,0.264123,0.826210,1.526356,0.483119,1.932544,0.466681,0.226987,0.222797,0.226719,0.356615,0.327353,0.342741,0.295416,0.247537
1.593491,1.797538,1.592326,1.433176,1.302007,1.446724,1.459255,1.814315,1.788000,1.206444,1.498963,1.597271,1.341720,1.055942,1.447441,1.579802,1.702377,1.422201,1.412204,1.515609,1.494687,1.351758,1.467961,1.036228,1.421289,1.483779,1.551266,1.529094,1.537097,1.508226,0.000000,1.447441,1.404636,1.014086,1.524963,1.662846,1.780827,1.606618,1.381700,1.366166,1.581029,1.841870,1.296483,1.486334,1.467186,1.669452,1.586212,1.526054,1.504503,1.415072,1.649747,1.508226,1.586212,1.676388,1.450638,1.442901,1.438750,1.690550,1.457869,1.694242,1.493342,1.380193,1.607611,1.658284,1.437133,1.527491,1.386633,1.692495,1.401717,1.434160,1.551266,1.455931,1.480667,1.513997,1.709154,1.705989,1.721892,1.493167,1.429611,1.308984,1.459061,1.504758,1.346207,1.339649,1.425603,1.402685,1.490560,1.749423,1.289467,1.640381,1.486467,1.311854,1.538412,1.519701,1.513997,1.404207,1.420217,1.519839,1.443111,1.518316
1.889429,1.377418,0.580559,0.134379,0.250170,0.140225,0.136435,1.182555,0.938791,1.911797,0.313835,1.023543,0.712825,1.715298,0.000000,0.476520,1.128130,1.968677,0.294313,0.232301,0.218225,0.372353,0.233202,0.762474,0.231988,1.963694,0.352668,0.422089,1.942683,0.233986,1.447441,0.000000,0.221528,1.846830,0.237116,0.664361,0.939414,1.887942,0.211713,0.236719,0.448435,1.473993,0.305379,0.209739,0.176306,0.930217,0.410575,0.341827,0.242455,1.784793,1.643280,0.233986,0.410575,1.909936,0.359955,0.404755,1.871925,0.568470,0.364162,0.889559,0.219097,1.977780,0.544385,1.498397,0.204990,0.257248,0.268400,0.741399,1.833214,0.220384,0.352668,0.244023,0.327834,0.231607,0.883578,0.993752,1.853009,0.161593,0.253766,1.961364,0.329789,1.900616,1.982861,0.360974,0.237238,0.230452,0.226630,0.915896,1.534760,0.641297,1.958736,0.366618,0.251090,0.238035,0.231607,0.247182,0.251029,0.457084,0.225325,0.240984
1.912512,1.421926,0.643369,0.212940,0.285975,0.228346,0.202863,1.245928,0.994044,1.906662,0.313360,1.052452,0.739317,1.702024,0.221528,0.540803,1.169557,1.974196,0.262815,0.229711,0.192982,0.331032,0.172869,0.717402,0.145340,1.974450,0.415038,0.484658,1.948141,0.287557,1.404636,0.221528,0.000000,1.831171,0.242983,0.712740,1.007792,1.911062,0.255334,0.267379,0.514064,1.528706,0.276339,0.174744,0.200914,0.990286,0.471921,0.408123,0.293039,1.801703,1.672152,0.287557,0.471921,1.932141,0.316680,0.380585,1.892461,0.642929,0.326479,0.918963,0.263965,1.973295,0.620224,1.530810,0.193111,0.299574,0.190103,0.801237,1.841635,0.137229,0.415038,0.219550,0.307514,0.215492,0.947351,1.048335,1.873393,0.211081,0.255820,1.959199,0.313413,1.920135,1.984724,0.369307,0.145881,0.126569,0.201180,0.992846,1.559326,0.708539,1.959363,0.229177,0.254345,0.225568,0.215492,0.180430,0.207783,0.509248,0.147986,0.229845
0.967500,1.511396,1.804232,1.849575,1.781840,1.855259,1.856036,1.619883,1.720348,0.454500,1.881931,1.673950,1.675498,0.574902,1.846830,1.801869,1.702082,0.792018,1.833110,1.874772,1.873361,1.799526,1.869598,1.573263,1.838657,0.852609,1.852260,1.785454,0.922164,1.865386,1.014086,1.846830,1.831171,0.000000,1.877398,1.791277,1.755171,0.992731,1.842331,1.839935,1.845977,1.517084,1.791372,1.872997,1.872870,1.677257,1.850169,1.844691,1.879555,0.775087,1.346750,1.865386,1.850169,1.089087,1.857985,1.833200,0.772846,1.866879,1.866243,1.751318,1.883702,0.770220,1.828787,1.331405,1.850381,1.880911,1.832288,1.801832,0.770861,1.858019,1.852260,1.858984,1.870543,1.879463,1.729859,1.631531,1.227987,1.864747,1.864349,0.589425,1.857577,0.997281,0.646910,1.786449,1.839432,1.843485,1.865339,1.785770,0.986916,1.797964,0.872764,1.794051,1.890900,1.885408,1.879463,1.841798,1.844852,1.789912,1.862400,1.891886
1.873160,1.334308,0.569481,0.225146,0.413258,0.218844,0.194958,1.129791,0.878626,1.929253,0.269531,1.002615,0.783420,1.751371,0.237116,0.445327,1.089603,1.968022,0.291879,0.022517,0.150824,0.421228,0.179042,0.852498,0.184516,1.956949,0.337600,0.416421,1.927163,0.238816,1.524963,0.237116,0.242983,1.877398,0.000000,0.620277,0.886878,1.872199,0.323260,0.352085,0.432146,1.443952,0.413575,0.109239,0.198796,0.905399,0.371026,0.341148,0.242033,1.794009,1.622692,0.238816,0.371026,1.881306,0.317071,0.400200,1.880728,0.506716,0.323297,0.834860,0.211197,1.979035,0.516229,1.477780,0.246426,0.228106,0.280172,0.697670,1.831372,0.193881,0.337600,0.256223,0.270265,0.079268,0.847746,0.960344,1.817337,0.151844,0.276205,1.967352,0.329418,1.891337,1.987436,0.452106,0.192880,0.234479,0.077319,0.890832,1.595062,0.612969,1.947603,0.413415,0.104309,0.102523,0.079268,0.249729,0.281667,0.474835,0.190923,0.135299
1.631335,1.056391,0.495221,0.718237,0.838162,0.692755,0.697496,0.752796,0.477785,1.827925,0.692772,1.008034,0.822868,1.646354,0.664361,0.490107,1.015735,1.837886,0.804851,0.630331,0.658929,0.885393,0.705676,1.225662,0.727650,1.799688,0.513814,0.539797,1.772143,0.579905,1.662846,0.664361,0.712740,1.791277,0.620277,0.000000,0.554381,1.641474,0.773047,0.806238,0.492516,1.106142,0.891418,0.657500,0.679794,0.584070,0.477305,0.550552,0.627091,1.531634,1.352420,0.579905,0.477305,1.681344,0.787040,0.855156,1.646275,0.431551,0.815396,0.508143,0.691326,1.852635,0.521269,1.133810,0.705147,0.612370,0.788742,0.469539,1.634715,0.728256,0.513814,0.717156,0.720943,0.633264,0.539426,0.589653,1.669528,0.649094,0.754392,1.870660,0.740648,1.701447,1.865116,0.794509,0.730731,0.760885,0.662650,0.642217,1.439497,0.459996,1.776389,0.876661,0.616615,0.631572,0.633264,0.761674,0.752387,0.550961,0.724191,0.658737
1.443244,0.731460,0.529351,0.992758,1.132034,0.976748,0.958558,0.380648,0.423618,1.744963,0.939365,1.157651,0.887212,1.620631,0.939414,0.596035,1.102279,1.709589,1.091423,0.900380,0.922081,1.155924,0.986931,1.477468,1.018326,1.621628,0.679757,0.690734,1.626432,0.805855,1.780827,0.939414,1.007792,1.755171,0.886878,0.554381,0.000000,1.441482,1.060670,1.098380,0.611145,0.842470,1.149395,0.927157,0.944583,0.416137,0.610316,0.733440,0.903377,1.387947,1.182743,0.805855,0.610316,1.476371,1.047680,1.139446,1.476452,0.456427,1.084696,0.434726,0.955427,1.737067,0.582138,0.916098,0.984955,0.896397,1.093683,0.292473,1.448762,1.011812,0.679757,0.988399,0.980985,0.896189,0.217642,0.435829,1.453684,0.903787,1.026829,1.766941,1.027406,1.488289,1.746712,1.113089,1.027939,1.051651,0.941592,0.535886,1.392532,0.419244,1.628856,1.169162,0.866044,0.886775,0.896189,1.062989,1.026741,0.664100,1.001792,0.911057
0.244063,1.102528,1.688005,1.902498,1.927147,1.895544,1.894985,1.232940,1.439869,0.835154,1.884172,1.643239,1.731957,1.143319,1.887942,1.738466,1.534528,0.561955,1.919329,1.877383,1.884961,1.930654,1.903165,1.912976,1.916641,0.496530,1.798131,1.767232,0.547847,1.851506,1.606618,1.887942,1.911062,0.992731,1.872199,1.641474,1.441482,0.000000,1.917261,1.926658,1.756778,0.993816,1.941065,1.889734,1.894025,1.440875,1.769958,1.799030,1.873177,0.710119,0.694135,1.851506,1.769958,0.443306,1.906897,1.918712,0.509786,1.693790,1.912148,1.506340,1.887363,0.649781,1.702645,0.953314,1.899917,1.867465,1.933410,1.591212,0.665679,1.913685,1.798131,1.901459,1.892615,1.878877,1.485592,1.405901,0.653797,1.881589,1.910720,0.726267,1.900637,0.498125,0.617416,1.903723,1.918445,1.924483,1.890103,1.512366,1.204484,1.640623,0.570907,1.944196,1.864975,1.875079,1.878877,1.925179,1.914143,1.767109,1.910088,1.879377
1.913912,1.462565,0.718834,0.180883,0.203459,0.148208,0.232597,1.287824,1.056670,1.915023,0.301133,1.008549,0.794111,1.725590,0.211713,0.620683,1.124386,1.968609,0.273267,0.313475,0.282734,0.344635,0.253892,0.688194,0.250216,1.974639,0.491615,0.563696,1.951305,0.366343,1.381700,0.211713,0.255334,1.842331,0.323260,0.773047,1.060670,1.917261,0.000000,0.074473,0.587348,1.541821,0.282153,0.271810,0.259426,1.052440,0.548857,0.485672,0.253753,1.826971,1.679461,0.366343,0.548857,1.930275,0.335754,0.372615,1.906048,0.689075,0.334516,0.993494,0.287091,1.972348,0.680880,1.565212,0.263921,0.305314,0.220331,0.870182,1.864402,0.220865,0.491615,0.301237,0.320661,0.306056,1.015230,1.119512,1.881951,0.272740,0.189653,1.961297,0.317520,1.926550,1.977012,0.309069,0.251439,0.205646,0.290906,1.016766,1.561641,0.783184,1.965588,0.314050,0.332208,0.312518,0.306056,0.221136,0.283251,0.602535,0.237707,0.300865
1.925417,1.489451,0.759474,0.196104,0.181155,0.179537,0.253223,1.321444,1.084918,1.911057,0.326688,1.010691,0.821901,1.723967,0.236719,0.659097,1.131465,1.967018,0.264836,0.341264,0.306603,0.318756,0.268292,0.658185,0.263920,1.977715,0.532627,0.599212,1.951539,0.401665,1.366166,0.236719,0.267379,1.839935,0.352085,0.806238,1.098380,1.926658,0.074473,0.000000,0.627189,1.564840,0.269184,0.299437,0.280351,1.088102,0.590467,0.521597,0.299323,1.839706,1.700077,0.401665,0.590467,1.936287,0.334077,0.343461,1.916318,0.730211,0.327269,1.031085,0.308550,1.970330,0.715086,1.590191,0.273405,0.337455,0.208134,0.911526,1.874646,0.235231,0.532627,0.305689,0.333177,0.335771,1.053775,1.152689,1.885735,0.298806,0.191767,1.957265,0.321422,1.933532,1.974493,0.308826,0.257727,0.210389,0.313369,1.045450,1.571294,0.823305,1.968707,0.294071,0.363138,0.343370,0.335771,0.217222,0.282844,0.640190,0.253370,0.326223
1.757289,1.150434,0.178966,0.529026,0.655705,0.516557,0.486161,0.902330,0.723987,1.881688,0.517940,1.137108,0.537279,1.691677,0.448435,0.296537,1.175492,1.916504,0.645665,0.440198,0.464863,0.711102,0.525743,1.075473,0.533652,1.869322,0.125727,0.342342,1.878770,0.263831,1.581029,0.448435,0.514064,1.845977,0.432146,0.492516,0.611145,1.756778,0.587348,0.627189,0.000000,1.250286,0.663199,0.451319,0.432114,0.636310,0.152264,0.195381,0.450231,1.667610,1.460259,0.263831,0.152264,1.794856,0.634796,0.749034,1.747118,0.328946,0.669425,0.597192,0.468235,1.931544,0.326357,1.252834,0.503379,0.451320,0.622245,0.364251,1.725654,0.537379,0.125727,0.516420,0.566795,0.431782,0.522433,0.716700,1.734266,0.441337,0.573800,1.925943,0.587506,1.764018,1.938303,0.662699,0.554190,0.571434,0.474828,0.688739,1.450630,0.255174,1.870952,0.688411,0.417302,0.423614,0.431782,0.591796,0.545247,0.262142,0.529227,0.457957
0.986899,0.708048,1.184420,1.516736,1.600143,1.496855,1.494169,0.724332,0.888956,1.428964,1.459536,1.347461,1.373347,1.470960,1.473993,1.252704,1.208556,1.288556,1.570729,1.453036,1.463442,1.611050,1.503746,1.783927,1.540170,1.144133,1.311526,1.319800,1.174371,1.397339,1.841870,1.473993,1.528706,1.517084,1.443952,1.106142,0.842470,0.993816,1.541821,1.564840,1.250286,0.000000,1.623622,1.471076,1.482701,0.972613,1.265128,1.343451,1.434070,1.096630,0.903275,1.397339,1.265128,0.978160,1.532478,1.580866,1.085564,1.138520,1.553102,0.964591,1.478110,1.316596,1.205826,0.786873,1.502184,1.423553,1.573851,1.019774,1.129999,1.523831,1.311526,1.497064,1.495051,1.450256,0.934355,0.924199,1.006210,1.456397,1.531545,1.395988,1.498831,1.055680,1.335779,1.547696,1.540079,1.551415,1.481814,0.820891,1.232231,1.115320,1.197910,1.622763,1.423621,1.440758,1.450256,1.559117,1.528560,1.291242,1.518176,1.449920
1.945657,1.515643,0.781317,0.275634,0.214104,0.309989,0.296242,1.373305,1.153238,1.876303,0.457557,1.116210,0.771707,1.675748,0.305379,0.678422,1.248948,1.963870,0.309577,0.400941,0.379825,0.309543,0.339667,0.574555,0.288944,1.975986,0.571307,0.610280,1.958589,0.446369,1.296483,0.305379,0.276339,1.791372,0.413575,0.891418,1.149395,1.941065,0.282153,0.269184,0.663199,1.623622,0.000000,0.363878,0.333984,1.118358,0.632738,0.551717,0.444457,1.825178,1.735983,0.446369,0.632738,1.962693,0.406829,0.408753,1.904003,0.808621,0.392859,1.078120,0.369520,1.963935,0.752275,1.619227,0.327221,0.460927,0.262934,0.948237,1.853927,0.295728,0.571307,0.342044,0.430476,0.401924,1.080892,1.178036,1.899959,0.349680,0.349530,1.932376,0.424756,1.935122,1.964225,0.395499,0.292655,0.258143,0.366763,1.117819,1.557128,0.850906,1.970586,0.257610,0.438246,0.412901,0.401924,0.279550,0.308283,0.629901,0.309125,0.405784
1.890247,1.368092,0.591046,0.196289,0.368463,0.193694,0.168048,1.176175,0.929115,1.933019,0.250244,1.027411,0.764651,1.750891,0.209739,0.483811,1.120388,1.973122,0.269887,0.096519,0.101825,0.386376,0.119911,0.815871,0.139873,1.964441,0.350953,0.449038,1.936048,0.231195,1.486334,0.209739,0.174744,1.872997,0.109239,0.657500,0.927157,1.889734,0.271810,0.299437,0.451319,1.471076,0.363878,0.000000,0.158023,0.938965,0.396283,0.356764,0.225068,1.806305,1.636477,0.231195,0.396283,1.900050,0.293039,0.396940,1.890031,0.542251,0.302808,0.860348,0.190226,1.980607,0.544596,1.503386,0.195854,0.232925,0.238372,0.728175,1.842316,0.114577,0.350953,0.212450,0.254653,0.057509,0.883241,1.002483,1.835925,0.143074,0.235996,1.972517,0.316278,1.900633,1.991653,0.422937,0.159743,0.164582,0.091478,0.918789,1.595658,0.645483,1.954337,0.353370,0.094995,0.062151,0.057509,0.206779,0.227919,0.479415,0.109313,0.085294
