0.000000,1.172819,1.689784,1.907868,1.929967,1.896555,1.901090,1.241089,1.444386,0.818603,1.883390,1.636947,1.735200,1.067610,1.892087,1.741294,1.518758,0.580769,1.924525,1.877550,1.884686,1.935036,1.902914,1.904969,1.914175,0.491222,1.795307,1.770684,0.575278,1.852646,1.515712,1.892087,1.909291,0.947288,1.872894,1.646826,1.456881,0.251708,1.913336,1.924982,1.756281,0.903024,1.946943,1.889235,1.893071,1.453308,1.766735,1.800048,1.863474,0.584324,0.628908,1.852646,1.766735,0.474245,1.910601,1.926000,0.421892,1.701866,1.918460,1.467979,1.886823,0.649772,1.702019,1.001240,1.897514,1.862979,1.932438,1.592422,0.727651,1.912222,1.795307,1.901370,1.894207,1.878257,1.500918,1.389994,0.670222,1.887187,1.907811,0.725767,1.902225,0.502157,0.630905,1.888574,1.917073,1.922656,1.889578,1.461599,1.107719,1.647594,0.568826,1.940977,1.865153,1.874496,1.878257,1.925335,1.912192,1.781035,1.909025,1.880041
1.172819,0.000000,1.058071,1.367399,1.469748,1.358144,1.342877,0.625905,0.778456,1.488160,1.325261,1.282349,1.288744,1.441120,1.340618,1.083930,1.213375,1.410827,1.425584,1.302938,1.315824,1.458522,1.366225,1.679910,1.388519,1.322047,1.163688,1.145690,1.310918,1.254316,1.788195,1.340618,1.379599,1.541809,1.294103,1.035992,0.708175,1.151945,1.420415,1.447958,1.115257,0.791174,1.486855,1.326775,1.350135,0.821856,1.112388,1.201200,1.302095,1.137455,1.091091,1.254316,1.112388,1.155648,1.396597,1.446755,1.206105,0.978942,1.414362,0.890687,1.352569,1.447417,1.070587,0.773821,1.361440,1.294222,1.438628,0.879677,1.135517,1.386760,1.163688,1.354952,1.363506,1.299131,0.807450,0.841127,1.183607,1.302176,1.399601,1.495771,1.380369,1.232760,1.468514,1.466358,1.390190,1.414005,1.331725,0.821154,1.388929,0.978268,1.361136,1.486488,1.278666,1.294756,1.299131,1.425152,1.382734,1.104114,1.382024,1.310882
1.689784,1.058071,0.000000,0.662057,0.772923,0.644057,0.621097,0.816275,0.686253,1.834815,0.650657,1.207664,0.481975,1.663197,0.582222,0.333760,1.239933,1.876464,0.762362,0.574058,0.592704,0.823419,0.654048,1.180579,0.661594,1.821706,0.276704,0.388043,1.839790,0.416010,1.626319,0.582222,0.629596,1.804099,0.565900,0.504949,0.529596,1.698164,0.708699,0.752005,0.180533,1.244977,0.780094,0.586470,0.571398,0.518785,0.265750,0.289178,0.573109,1.602521,1.430008,0.416010,0.265750,1.748635,0.766442,0.864976,1.675812,0.394201,0.787276,0.539539,0.605054,1.894699,0.353719,1.111934,0.623951,0.575590,0.745651,0.291910,1.664243,0.662298,0.276704,0.648646,0.702245,0.570896,0.388404,0.617460,1.714468,0.574709,0.709034,1.884995,0.705748,1.716989,1.900300,0.784606,0.680162,0.693391,0.606578,0.729283,1.427208,0.134582,1.828241,0.791887,0.553033,0.561544,0.570896,0.716362,0.668798,0.314751,0.655183,0.593746
1.907868,1.367399,0.662057,0.000000,0.243763,0.086919,0.092421,1.217003,0.984587,1.904716,0.280235,0.977192,0.780266,1.731743,0.135798,0.529645,1.104928,1.973875,0.196353,0.219438,0.195260,0.294975,0.182179,0.754273,0.192079,1.972769,0.431401,0.470053,1.948320,0.299238,1.497440,0.135798,0.210907,1.859600,0.225981,0.700798,0.983018,1.907491,0.176790,0.191628,0.526066,1.571441,0.290352,0.201345,0.200640,0.981154,0.481278,0.416293,0.272980,1.838071,1.724119,0.299238,0.481278,1.912348,0.284477,0.313747,1.914907,0.599842,0.265355,0.981574,0.223118,1.979435,0.620897,1.497987,0.209816,0.288238,0.200640,0.813219,1.836966,0.175389,0.431401,0.231207,0.268369,0.226298,0.936955,1.071927,1.868878,0.141090,0.194248,1.959372,0.312208,1.914417,1.982662,0.371848,0.186388,0.176548,0.200778,1.031132,1.602547,0.711021,1.967706,0.333056,0.252109,0.240264,0.226298,0.188422,0.231057,0.509249,0.183701,0.226900
1.929967,1.469748,0.772923,0.243763,0.000000,0.268538,0.301627,1.334814,1.112974,1.856454,0.427275,1.023805,0.765707,1.671240,0.248728,0.663761,1.175789,1.964234,0.285890,0.410011,0.388827,0.294040,0.353327,0.586536,0.305330,1.975673,0.573428,0.586409,1.963199,0.449069,1.375106,0.248728,0.295544,1.791350,0.421377,0.828297,1.125090,1.932905,0.222889,0.197700,0.656320,1.649341,0.221361,0.383572,0.358759,1.089667,0.633511,0.541407,0.416830,1.841280,1.769232,0.449069,0.633511,1.952769,0.399070,0.364283,1.915093,0.774767,0.391594,1.108110,0.395900,1.962208,0.762293,1.551252,0.336085,0.431556,0.254894,0.950240,1.850072,0.319364,0.573428,0.362838,0.413329,0.419530,1.060326,1.166041,1.911335,0.354400,0.319681,1.922881,0.380268,1.934004,1.957621,0.320134,0.293958,0.277312,0.375768,1.147530,1.523706,0.837809,1.964685,0.286010,0.456299,0.434781,0.419530,0.270898,0.327755,0.620180,0.335284,0.427282
1.896555,1.358144,0.644057,0.086919,0.268538,0.000000,0.135933,1.192704,0.961958,1.910626,0.263329,0.967962,0.774367,1.740633,0.139916,0.513553,1.087322,1.972297,0.226874,0.210608,0.188000,0.332203,0.175702,0.787688,0.205094,1.967456,0.416378,0.458719,1.946152,0.288056,1.514237,0.139916,0.229811,1.868852,0.215703,0.669149,0.960235,1.899729,0.145990,0.177261,0.508603,1.548912,0.330764,0.196578,0.196164,0.961621,0.464232,0.402351,0.234585,1.835140,1.707677,0.288056,0.464232,1.902518,0.299875,0.338615,1.910148,0.577965,0.279414,0.953980,0.214867,1.978541,0.602803,1.474081,0.226962,0.264022,0.211618,0.793024,1.838558,0.180441,0.416378,0.248154,0.264188,0.217115,0.916065,1.051193,1.864507,0.159088,0.178344,1.963210,0.310146,1.909616,1.981758,0.371370,0.201192,0.189916,0.195821,1.011321,1.596958,0.691271,1.962189,0.359684,0.237017,0.229852,0.217115,0.196121,0.257154,0.511455,0.187498,0.215989
1.901090,1.342877,0.621097,0.092421,0.301627,0.135933,0.000000,1.190884,0.957627,1.908178,0.283026,0.991288,0.761417,1.737038,0.146674,0.494921,1.110686,1.973934,0.213242,0.187658,0.166702,0.315118,0.168602,0.784812,0.191585,1.967558,0.386107,0.443211,1.941068,0.253767,1.522696,0.146674,0.201610,1.865731,0.192261,0.678313,0.946935,1.898847,0.231595,0.253607,0.481881,1.546950,0.311200,0.170242,0.158203,0.948167,0.436308,0.375102,0.263773,1.832485,1.708317,0.253767,0.436308,1.904115,0.295788,0.342206,1.906806,0.561086,0.271925,0.947144,0.171810,1.980719,0.579833,1.479597,0.187060,0.267494,0.231312,0.771113,1.828416,0.170859,0.386107,0.203385,0.274173,0.191145,0.899846,1.042976,1.852596,0.082643,0.226481,1.960588,0.314531,1.904989,1.986170,0.397626,0.194998,0.187774,0.178138,1.004256,1.606291,0.670480,1.965092,0.348616,0.213111,0.202711,0.191145,0.212307,0.212607,0.466047,0.169959,0.192739
1.241089,0.625905,0.816275,1.217003,1.334814,1.192704,1.190884,0.000000,0.429943,1.575955,1.174651,1.177867,1.128115,1.484417,1.175263,0.829423,1.106273,1.536718,1.288750,1.135484,1.148629,1.344460,1.205783,1.618804,1.241901,1.454229,0.958884,0.899022,1.448988,1.072923,1.800638,1.175263,1.231355,1.619713,1.122878,0.764651,0.390589,1.253882,1.273080,1.307806,0.902586,0.778803,1.370140,1.168879,1.184956,0.512919,0.892445,0.990110,1.130528,1.187319,1.124183,1.072923,0.892445,1.274321,1.266307,1.320625,1.291647,0.760632,1.285449,0.571570,1.187051,1.581834,0.797095,0.730191,1.209195,1.123353,1.299287,0.634831,1.264559,1.236706,0.958884,1.214627,1.209806,1.139124,0.491213,0.417850,1.310461,1.140359,1.245552,1.606207,1.239044,1.336843,1.587094,1.308352,1.243806,1.269917,1.169205,0.691380,1.342168,0.709204,1.463557,1.368072,1.109831,1.134001,1.139124,1.276635,1.250594,0.944267,1.227791,1.150030
1.444386,0.778456,0.686253,0.984587,1.112974,0.961958,0.957627,0.429943,0.000000,1.698557,0.958280,1.048178,1.053205,1.573543,0.942905,0.636876,1.017184,1.690264,1.051320,0.898357,0.907874,1.108591,0.964081,1.446795,1.008920,1.637387,0.763547,0.699084,1.595655,0.857567,1.794482,0.942905,0.994698,1.720231,0.885829,0.486137,0.413360,1.444591,1.055352,1.084088,0.728248,0.952518,1.164580,0.934515,0.955573,0.472058,0.700105,0.791790,0.908821,1.393632,1.287840,0.857567,0.700105,1.466467,1.035429,1.082681,1.497087,0.591833,1.049986,0.487324,0.958139,1.724669,0.630092,0.930838,0.967420,0.882822,1.063374,0.555010,1.457588,1.001446,0.763547,0.967231,0.984251,0.903462,0.486761,0.389217,1.463814,0.904815,1.020121,1.737409,0.996962,1.527616,1.737342,1.086993,1.006228,1.034931,0.930584,0.670199,1.434034,0.586241,1.642489,1.135167,0.874632,0.900937,0.903462,1.041428,1.010403,0.770139,0.993194,0.913510
0.818603,1.488160,1.834815,1.904716,1.856454,1.910626,1.908178,1.575955,1.698557,0.000000,1.928647,1.651496,1.760078,0.484905,1.896555,1.844065,1.639153,0.632034,1.896969,1.921980,1.925356,1.866706,1.923794,1.672216,1.905917,0.657978,1.890636,1.841217,0.770617,1.910580,1.093725,1.896555,1.897820,0.456936,1.922307,1.827254,1.743291,0.824458,1.907832,1.904043,1.874219,1.348855,1.858826,1.927998,1.920001,1.689840,1.884143,1.884998,1.921054,0.746822,1.195169,1.910580,1.884143,0.907860,1.911532,1.892783,0.693374,1.878860,1.918249,1.732421,1.921637,0.650514,1.817973,1.338916,1.910670,1.915175,1.901314,1.809092,0.810457,1.919908,1.890636,1.908391,1.923884,1.928979,1.741701,1.627050,0.882146,1.911994,1.922572,0.287810,1.903662,0.700700,0.550339,1.837371,1.904623,1.910428,1.917927,1.713126,0.988785,1.820352,0.711997,1.864782,1.934418,1.933572,1.928979,1.908115,1.902572,1.850758,1.922013,1.937465
1.883390,1.325261,0.650657,0.280235,0.427275,0.263329,0.283026,1.174651,0.958280,1.928647,0.000000,0.946562,0.794733,1.772136,0.305044,0.554100,1.042480,1.965264,0.322541,0.258641,0.252938,0.419988,0.264438,0.861317,0.290888,1.952476,0.426905,0.528363,1.933552,0.311346,1.560739,0.305044,0.315627,1.896963,0.260499,0.666830,0.921883,1.886069,0.286098,0.313903,0.512027,1.510329,0.461454,0.238766,0.265296,0.972396,0.466234,0.441015,0.198810,1.841945,1.675729,0.311346,0.466234,1.875716,0.225385,0.420804,1.908891,0.528220,0.314186,0.947158,0.293462,1.967890,0.633762,1.465868,0.274396,0.240963,0.310851,0.759344,1.840131,0.251891,0.426905,0.295481,0.167621,0.247431,0.900509,1.065565,1.836923,0.259296,0.204947,1.967966,0.291059,1.896809,1.978636,0.446477,0.290161,0.272045,0.264184,0.965153,1.613725,0.693829,1.940343,0.416005,0.252890,0.246224,0.247431,0.304583,0.303449,0.537775,0.263539,0.242236
1.636947,1.282349,1.207664,0.977192,1.023805,0.967962,0.991288,1.177867,1.048178,1.651496,0.946562,0.000000,1.388312,1.543590,1.003999,1.072229,0.289082,1.692630,0.967025,1.000553,0.999955,1.022247,0.999046,1.183476,1.027760,1.703833,1.094697,1.063612,1.611237,1.058137,1.579359,1.003999,1.048145,1.673726,0.996163,0.994480,1.160699,1.637048,0.996853,0.998933,1.134409,1.398872,1.096936,1.022502,1.027477,1.238751,1.085859,1.119765,0.956208,1.602891,1.609321,1.058137,1.085859,1.543608,0.966416,0.933371,1.706602,1.013760,0.968116,1.261812,1.010450,1.680329,1.065546,1.449922,1.036450,0.966811,0.997528,1.185695,1.588911,1.015759,1.094697,1.026082,0.961175,1.012073,1.226525,1.255347,1.569234,0.989103,0.977508,1.693575,1.004096,1.665757,1.696989,0.949550,1.007877,1.020767,1.005597,1.090901,1.565360,1.181280,1.673743,1.073285,1.010666,1.021082,1.012073,0.998813,1.043328,1.157249,1.018494,1.010947
1.735200,1.288744,0.481975,0.780266,0.765707,0.774367,0.761417,1.128115,1.053205,1.760078,0.794733,1.388312,0.000000,1.572993,0.696230,0.663180,1.445930,1.864555,0.862318,0.763675,0.771546,0.866903,0.798552,1.038575,0.759022,1.810476,0.567043,0.655549,1.877351,0.612602,1.388622,0.696230,0.708665,1.682720,0.765740,0.832527,0.897023,1.752018,0.768032,0.797448,0.531339,1.423479,0.744362,0.746226,0.707042,0.840937,0.610186,0.535537,0.736985,1.611321,1.494299,0.612602,0.610186,1.832495,0.873094,0.962453,1.660692,0.772124,0.911592,0.865888,0.761648,1.862506,0.720405,1.231920,0.735822,0.751746,0.810014,0.682202,1.684724,0.771561,0.567043,0.773595,0.835645,0.760098,0.737651,0.901913,1.795123,0.750861,0.813160,1.822172,0.796196,1.734034,1.853838,0.807150,0.779921,0.772452,0.769883,1.008030,1.287001,0.579456,1.819807,0.780311,0.767588,0.754185,0.760098,0.794747,0.756548,0.533347,0.773723,0.782039
1.067610,1.441120,1.663197,1.731743,1.671240,1.740633,1.737038,1.484417,1.573543,0.484905,1.772136,1.543590,1.572993,0.000000,1.717569,1.660256,1.586087,1.000087,1.733985,1.759188,1.762415,1.691287,1.762738,1.511259,1.732463,1.008176,1.712564,1.650097,1.086433,1.733449,0.964117,1.717569,1.714587,0.604920,1.760416,1.663392,1.621869,1.096920,1.739315,1.737917,1.699336,1.376574,1.677602,1.764861,1.752165,1.549525,1.709226,1.709673,1.757119,0.823878,1.318098,1.733449,1.709226,1.195071,1.756497,1.745835,0.912603,1.728346,1.772085,1.597118,1.765705,1.012561,1.639094,1.309912,1.740597,1.754274,1.730082,1.655889,0.944451,1.752308,1.712564,1.738294,1.770129,1.768514,1.594614,1.483257,1.157182,1.740081,1.764447,0.735366,1.745082,0.943109,0.933602,1.654175,1.730779,1.738951,1.753239,1.590769,0.900980,1.653716,1.042159,1.681077,1.780235,1.776454,1.768514,1.739096,1.728782,1.663086,1.757511,1.785409
1.892087,1.340618,0.582222,0.135798,0.248728,0.139916,0.146674,1.175263,0.942905,1.896555,0.305044,1.003999,0.696230,1.717569,0.000000,0.474180,1.122191,1.973026,0.278166,0.237598,0.219574,0.352566,0.228895,0.782079,0.230170,1.963106,0.361121,0.417391,1.949445,0.239597,1.507435,0.000000,0.213267,1.853129,0.242380,0.652277,0.932138,1.895040,0.205122,0.230981,0.448310,1.530467,0.316140,0.220266,0.191059,0.926516,0.418899,0.343982,0.248262,1.815434,1.697315,0.239597,0.418899,1.907088,0.348720,0.391493,1.891491,0.557630,0.347832,0.931309,0.234975,1.977059,0.569589,1.455975,0.217757,0.258349,0.258126,0.750102,1.832399,0.219491,0.361121,0.249296,0.321195,0.241411,0.874005,1.011818,1.860415,0.167224,0.255948,1.954082,0.307455,1.900249,1.981492,0.373775,0.231322,0.223853,0.228562,0.979083,1.548341,0.640224,1.958364,0.350910,0.262867,0.250832,0.241411,0.241116,0.251388,0.441376,0.224381,0.251053
1.741294,1.083930,0.333760,0.529645,0.663761,0.513553,0.494921,0.829423,0.636876,1.844065,0.554100,1.072229,0.663180,1.660256,0.474180,0.000000,1.140577,1.904353,0.629480,0.451345,0.454658,0.683988,0.520811,1.088337,0.545938,1.863535,0.269066,0.112926,1.860558,0.363553,1.619064,0.474180,0.530059,1.810599,0.441417,0.485522,0.587425,1.745700,0.612861,0.652187,0.295811,1.310086,0.682074,0.481624,0.486236,0.558080,0.209997,0.297305,0.504807,1.649499,1.546917,0.363553,0.209997,1.775903,0.649504,0.709190,1.746176,0.359408,0.662549,0.605563,0.519998,1.919539,0.331722,1.196667,0.526811,0.503539,0.622908,0.423788,1.671866,0.549862,0.269066,0.536621,0.584986,0.459091,0.509916,0.645803,1.749567,0.443213,0.595775,1.904939,0.615134,1.769898,1.921123,0.693240,0.551063,0.581028,0.479075,0.802309,1.484003,0.313237,1.861183,0.697876,0.441444,0.459869,0.459091,0.595760,0.566879,0.319377,0.540554,0.479985
1.518758,1.213375,1.239933,1.104928,1.175789,1.087322,1.110686,1.106273,1.017184,1.639153,1.042480,0.289082,1.445930,1.586087,1.122191,1.140577,0.000000,1.619211,1.104921,1.100490,1.103808,1.175639,1.111282,1.348131,1.152907,1.606141,1.161484,1.151196,1.523363,1.146106,1.671794,1.122191,1.173828,1.688761,1.093505,1.010088,1.118369,1.520684,1.119371,1.127762,1.184447,1.259468,1.241667,1.123978,1.128882,1.220470,1.143867,1.188464,1.045467,1.549256,1.476640,1.146106,1.143867,1.408793,1.082284,1.071468,1.624941,1.034698,1.091243,1.234797,1.103370,1.609843,1.114327,1.364822,1.147212,1.054525,1.133257,1.184704,1.541472,1.132227,1.161484,1.140692,1.064431,1.109071,1.211107,1.233075,1.445409,1.101345,1.091959,1.651791,1.113462,1.567192,1.634923,1.078722,1.137257,1.145965,1.113832,1.031812,1.565321,1.202996,1.584697,1.218461,1.096269,1.111776,1.109071,1.128251,1.165459,1.230104,1.131857,1.101619
0.580769,1.410827,1.876464,1.973875,1.964234,1.972297,1.973934,1.536718,1.690264,0.632034,1.965264,1.692630,1.864555,1.000087,1.973026,1.904353,1.619211,0.000000,1.966622,1.969869,1.971378,1.959742,1.974442,1.841732,1.977897,0.430401,1.939610,1.917015,0.374854,1.964899,1.376367,1.973026,1.977570,0.781048,1.968600,1.842900,1.711928,0.554035,1.973165,1.971294,1.917998,1.224505,1.969882,1.974564,1.976809,1.707036,1.924900,1.939771,1.967867,0.772485,1.026765,1.964899,1.924900,0.561277,1.960875,1.956357,0.575765,1.880718,1.956608,1.736178,1.971524,0.403330,1.874796,1.286889,1.971214,1.964201,1.976200,1.812944,0.754162,1.978092,1.939610,1.968229,1.961004,1.970439,1.745088,1.654136,0.721917,1.970839,1.967285,0.458239,1.966303,0.617466,0.306498,1.947379,1.975834,1.979123,1.972103,1.680357,1.221852,1.850835,0.440733,1.969630,1.965385,1.969222,1.970439,1.976864,1.972198,1.917873,1.977177,1.969294
1.924525,1.425584,0.762362,0.196353,0.285890,0.226874,0.213242,1.288750,1.051320,1.896969,0.322541,0.967025,0.862318,1.733985,0.278166,0.629480,1.104921,1.966622,0.000000,0.277520,0.273545,0.245494,0.226947,0.690792,0.211173,1.977760,0.541282,0.569889,1.943471,0.405086,1.479324,0.278166,0.258177,1.847019,0.287147,0.777121,1.072226,1.921712,0.267036,0.259150,0.631966,1.616978,0.307066,0.266607,0.281544,1.063993,0.589432,0.516956,0.364274,1.860444,1.749573,0.405086,0.589432,1.923703,0.237120,0.266907,1.932450,0.700488,0.170267,1.054881,0.280277,1.967935,0.714326,1.543986,0.239934,0.364727,0.191132,0.909259,1.850825,0.212276,0.541282,0.256015,0.255944,0.293862,1.030688,1.144913,1.879245,0.248001,0.229743,1.948181,0.341110,1.934119,1.976162,0.353528,0.192809,0.192185,0.244715,1.106260,1.619548,0.810915,1.961618,0.310508,0.325283,0.311253,0.293862,0.203006,0.238404,0.622450,0.223808,0.296191
1.877550,1.302938,0.574058,0.219438,0.410011,0.210608,0.187658,1.135484,0.898357,1.921980,0.258641,1.000553,0.763675,1.759188,0.237598,0.451345,1.100490,1.969869,0.277520,0.000000,0.145226,0.402240,0.164991,0.868256,0.162009,1.957285,0.345093,0.419049,1.933374,0.235982,1.572881,0.237598,0.226458,1.883918,0.021928,0.607188,0.884963,1.879566,0.307504,0.338455,0.435134,1.504877,0.413584,0.096824,0.190779,0.902949,0.383032,0.343746,0.241254,1.817441,1.668846,0.235982,0.383032,1.882313,0.309614,0.394930,1.892954,0.498832,0.308945,0.876990,0.206571,1.979216,0.546791,1.433127,0.234676,0.231577,0.261522,0.708870,1.827085,0.172961,0.345093,0.242516,0.265255,0.074880,0.843995,0.990121,1.836994,0.148329,0.267785,1.966997,0.313695,1.895365,1.987289,0.465745,0.175311,0.211692,0.056608,0.956256,1.615077,0.618252,1.948628,0.390727,0.111694,0.102740,0.074880,0.236750,0.265613,0.453735,0.172457,0.136181
1.884686,1.315824,0.592704,0.195260,0.388827,0.188000,0.166702,1.148629,0.907874,1.925356,0.252938,0.999955,0.771546,1.762415,0.219574,0.454658,1.103808,1.971378,0.273545,0.145226,0.000000,0.374334,0.088138,0.864229,0.193377,1.958574,0.353078,0.415852,1.931793,0.230202,1.558391,0.219574,0.197015,1.886209,0.149629,0.630671,0.899626,1.885682,0.280827,0.306730,0.452770,1.512897,0.399598,0.101691,0.160603,0.912371,0.391253,0.354411,0.251490,1.826677,1.685209,0.230202,0.391253,1.884416,0.296917,0.382955,1.902022,0.511887,0.281874,0.881361,0.197954,1.975264,0.543467,1.452394,0.209712,0.265691,0.251401,0.726964,1.825535,0.139394,0.353078,0.208056,0.251650,0.113563,0.858428,1.002665,1.840133,0.136752,0.234851,1.971662,0.332901,1.894908,1.988002,0.461508,0.196004,0.186917,0.142193,0.968122,1.629787,0.634529,1.952493,0.371478,0.112716,0.113141,0.113563,0.221222,0.241731,0.461085,0.124110,0.079325
1.935036,1.458522,0.823419,0.294975,0.294040,0.332203,0.315118,1.344460,1.108591,1.866706,0.419988,1.022247,0.866903,1.691287,0.352566,0.683988,1.175639,1.959742,0.245494,0.402240,0.374334,0.000000,0.326834,0.632563,0.308047,1.972135,0.603728,0.618785,1.936701,0.477838,1.417063,0.352566,0.320071,1.811520,0.412880,0.857120,1.134397,1.930464,0.338491,0.315765,0.694301,1.645420,0.295338,0.381775,0.366868,1.124204,0.652679,0.582437,0.457916,1.860983,1.775454,0.477838,0.652679,1.938422,0.337731,0.341888,1.932800,0.780106,0.301176,1.107322,0.383599,1.958011,0.787344,1.585794,0.292943,0.453406,0.266378,0.970030,1.852219,0.311505,0.603728,0.265415,0.375294,0.409154,1.090588,1.187261,1.885530,0.356553,0.327656,1.923755,0.384045,1.934602,1.958979,0.406307,0.297895,0.277559,0.366267,1.172741,1.600205,0.876471,1.962662,0.274807,0.442799,0.426132,0.409154,0.293539,0.230932,0.678735,0.324290,0.408287
1.902914,1.366225,0.654048,0.182179,0.353327,0.175702,0.168602,1.205783,0.964081,1.923794,0.264438,0.999046,0.798552,1.762738,0.228895,0.520811,1.111282,1.974442,0.226947,0.164991,0.088138,0.326834,0.000000,0.819007,0.155257,1.967641,0.417880,0.475701,1.937958,0.282760,1.532514,0.228895,0.174669,1.882805,0.175021,0.677982,0.966385,1.904048,0.249680,0.266229,0.515032,1.552111,0.355605,0.118256,0.164847,0.973056,0.461761,0.409523,0.269417,1.846351,1.708262,0.282760,0.461761,1.900436,0.273880,0.344347,1.918851,0.583204,0.238786,0.937907,0.189554,1.976288,0.603337,1.491674,0.205895,0.282680,0.191127,0.794629,1.845720,0.088571,0.417880,0.195615,0.245395,0.146809,0.924542,1.057739,1.854977,0.169167,0.210209,1.969539,0.318011,1.910736,1.987887,0.432476,0.153931,0.129773,0.138894,1.021387,1.639965,0.701319,1.958382,0.322687,0.165526,0.154752,0.146809,0.163867,0.219948,0.524330,0.071083,0.119822
1.904969,1.679910,1.180579,0.754273,0.586536,0.787688,0.784812,1.618804,1.446795,1.672216,0.861317,1.183476,1.038575,1.511259,0.782079,1.088337,1.348131,1.841732,0.690792,0.868256,0.864229,0.632563,0.819007,0.000000,0.748362,1.889818,1.027597,1.011072,1.884356,0.927032,1.094809,0.782079,0.752384,1.566760,0.880504,1.232336,1.486996,1.906040,0.728557,0.698022,1.094958,1.807193,0.582304,0.849696,0.832716,1.410766,1.079150,0.988802,0.886942,1.814982,1.823693,0.927032,1.079150,1.947655,0.769896,0.707818,1.860072,1.203401,0.780359,1.461720,0.847092,1.837811,1.182148,1.692010,0.789799,0.883085,0.698203,1.341347,1.795597,0.780537,1.027597,0.801460,0.825825,0.881913,1.425615,1.467283,1.899739,0.832410,0.780787,1.751522,0.766858,1.896753,1.811790,0.644670,0.740405,0.730795,0.829698,1.463896,1.426566,1.244397,1.881192,0.616355,0.920969,0.897847,0.881913,0.729722,0.750246,1.022529,0.796287,0.891987
1.914175,1.388519,0.661594,0.192079,0.305330,0.205094,0.191585,1.241901,1.008920,1.905917,0.290888,1.027760,0.759022,1.732463,0.230170,0.545938,1.152907,1.977897,0.211173,0.162009,0.193377,0.308047,0.155257,0.748362,0.000000,1.975563,0.434853,0.493079,1.953615,0.302805,1.488630,0.230170,0.148292,1.851380,0.180892,0.706844,1.003039,1.917693,0.248743,0.263979,0.527508,1.586804,0.298557,0.140671,0.206508,0.997569,0.487520,0.421631,0.294165,1.838511,1.719627,0.302805,0.487520,1.925519,0.286434,0.350978,1.914152,0.626453,0.281833,0.976824,0.243910,1.980723,0.645602,1.497726,0.217166,0.297945,0.155761,0.817732,1.847793,0.111913,0.434853,0.223968,0.275210,0.170832,0.948822,1.081943,1.879174,0.201953,0.241413,1.958164,0.303163,1.923583,1.985449,0.405032,0.072166,0.106527,0.115042,1.059157,1.602272,0.720798,1.962105,0.264465,0.225565,0.195324,0.170832,0.145708,0.209843,0.516505,0.129775,0.210439
0.491222,1.322047,1.821706,1.972769,1.975673,1.967456,1.967558,1.454229,1.637387,0.657978,1.952476,1.703833,1.810476,1.008176,1.963106,1.863535,1.606141,0.430401,1.977760,1.957285,1.958574,1.972135,1.967641,1.889818,1.975563,0.000000,1.899940,1.886635,0.475952,1.939361,1.407462,1.963106,1.971386,0.830078,1.955149,1.807186,1.629636,0.490674,1.971043,1.974319,1.870801,1.070868,1.976187,1.962145,1.962802,1.642146,1.880806,1.909500,1.945631,0.712729,0.910395,1.939361,1.880806,0.445671,1.966607,1.968923,0.503244,1.830089,1.971625,1.649232,1.957729,0.416118,1.816719,1.197450,1.962576,1.942473,1.979176,1.739990,0.684824,1.972504,1.899940,1.960522,1.961800,1.956442,1.667697,1.592935,0.572182,1.960083,1.968632,0.513777,1.951830,0.409513,0.410611,1.941675,1.976406,1.977147,1.963423,1.594757,1.198267,1.791468,0.410448,1.971341,1.947639,1.953128,1.956442,1.978892,1.967173,1.875711,1.970390,1.954137
1.795307,1.163688,0.276704,0.431401,0.573428,0.416378,0.386107,0.958884,0.763547,1.890636,0.426905,1.094697,0.567043,1.712564,0.361121,0.269066,1.161484,1.939610,0.541282,0.345093,0.353078,0.603728,0.417880,1.027597,0.434853,1.899940,0.000000,0.291450,1.900532,0.169844,1.598475,0.361121,0.408800,1.859647,0.338057,0.508050,0.666231,1.799786,0.486382,0.530459,0.117609,1.359806,0.581041,0.350544,0.334351,0.685498,0.098665,0.157921,0.352106,1.722423,1.554883,0.169844,0.098665,1.825687,0.544054,0.653945,1.798190,0.336349,0.564276,0.676570,0.382495,1.948397,0.351638,1.278709,0.398308,0.360669,0.519334,0.438229,1.752619,0.427777,0.000000,0.414925,0.480956,0.334363,0.588706,0.788930,1.780105,0.337542,0.478053,1.943225,0.487598,1.808021,1.959422,0.598551,0.454181,0.462342,0.377611,0.794421,1.516933,0.335432,1.901593,0.578791,0.320520,0.326444,0.334363,0.491123,0.438509,0.249392,0.420509,0.356617
1.770684,1.145690,0.388043,0.470053,0.586409,0.458719,0.443211,0.899022,0.699084,1.841217,0.528363,1.063612,0.655549,1.650097,0.417391,0.112926,1.151196,1.917015,0.569889,0.419049,0.415852,0.618785,0.475701,1.011072,0.493079,1.886635,0.291450,0.000000,1.881410,0.345555,1.576844,0.417391,0.475925,1.796815,0.411443,0.529544,0.678967,1.774067,0.558287,0.593975,0.339161,1.373567,0.613010,0.447012,0.447300,0.620980,0.263038,0.285594,0.485596,1.669119,1.586463,0.345555,0.263038,1.810701,0.607225,0.649243,1.768778,0.428861,0.617878,0.684422,0.486565,1.932724,0.373660,1.241357,0.481375,0.486245,0.562274,0.519193,1.689372,0.502511,0.291450,0.495418,0.548490,0.431806,0.594021,0.702727,1.786265,0.400137,0.548066,1.907596,0.580709,1.801217,1.928476,0.634374,0.494896,0.526477,0.437820,0.868515,1.479257,0.388481,1.883572,0.638271,0.421886,0.436902,0.431806,0.536984,0.520584,0.331586,0.495167,0.453359
0.575278,1.310918,1.839790,1.948320,1.963199,1.946152,1.941068,1.448988,1.595655,0.770617,1.933552,1.611237,1.877351,1.086433,1.949445,1.860558,1.523363,0.374854,1.943471,1.933374,1.931793,1.936701,1.937958,1.884356,1.953615,0.475952,1.900532,1.881410,0.000000,1.928535,1.480821,1.949445,1.952159,0.896881,1.930703,1.780980,1.631232,0.535206,1.957663,1.957609,1.877688,1.128475,1.966554,1.939486,1.943047,1.660554,1.879893,1.907366,1.929788,0.767909,0.990302,1.928535,1.879893,0.424551,1.932400,1.926480,0.621415,1.817169,1.923745,1.658953,1.932895,0.480731,1.814779,1.275272,1.942318,1.922659,1.955126,1.753005,0.740791,1.948146,1.900532,1.934402,1.932257,1.931358,1.683659,1.596220,0.628103,1.934861,1.945899,0.607357,1.937244,0.599601,0.476335,1.947915,1.951563,1.954902,1.939348,1.609130,1.343400,1.804687,0.514937,1.957641,1.923055,1.929533,1.931358,1.952050,1.943163,1.885349,1.945156,1.928156
1.852646,1.254316,0.416010,0.299238,0.449069,0.288056,0.253767,1.072923,0.857567,1.910580,0.311346,1.058137,0.612602,1.733449,0.239597,0.363553,1.146106,1.964899,0.405086,0.235982,0.230202,0.477838,0.282760,0.927032,0.302805,1.939361,0.169844,0.345555,1.928535,0.000000,1.565910,0.239597,0.278330,1.873845,0.233239,0.567235,0.794086,1.855235,0.354803,0.394079,0.264401,1.450193,0.453096,0.223672,0.179111,0.809019,0.244676,0.193864,0.251886,1.781338,1.624834,0.000000,0.244676,1.869915,0.413620,0.522924,1.855189,0.425177,0.430044,0.795780,0.252110,1.967718,0.442820,1.373347,0.276739,0.273603,0.376071,0.583957,1.798464,0.287561,0.169844,0.291503,0.356102,0.220764,0.726083,0.906374,1.823490,0.214403,0.341923,1.960825,0.382865,1.860401,1.978858,0.505267,0.321388,0.319587,0.258455,0.882980,1.557674,0.479842,1.934996,0.451723,0.219997,0.216197,0.220764,0.349157,0.316013,0.324599,0.282944,0.239232
1.515712,1.788195,1.626319,1.497440,1.375106,1.514237,1.522696,1.800638,1.794482,1.093725,1.560739,1.579359,1.388622,0.964117,1.507435,1.619064,1.671794,1.376367,1.479324,1.572881,1.558391,1.417063,1.532514,1.094809,1.488630,1.407462,1.598475,1.576844,1.480821,1.565910,0.000000,1.507435,1.470806,0.952260,1.580728,1.701352,1.793654,1.540615,1.458416,1.443629,1.619363,1.769790,1.359663,1.550358,1.531778,1.691257,1.627189,1.575310,1.564983,1.374206,1.588154,1.565910,1.627189,1.622590,1.513626,1.502025,1.396020,1.724918,1.523532,1.716569,1.554920,1.322351,1.630436,1.662271,1.508223,1.583804,1.458894,1.715788,1.383283,1.501463,1.598475,1.520862,1.544835,1.574999,1.725644,1.707771,1.624758,1.552333,1.504302,1.212772,1.519454,1.391365,1.284941,1.378308,1.490539,1.472199,1.550685,1.749819,1.206687,1.668846,1.419852,1.380458,1.597920,1.581220,1.574999,1.473582,1.484864,1.574975,1.509591,1.580659
1.892087,1.340618,0.582222,0.135798,0.248728,0.139916,0.146674,1.175263,0.942905,1.896555,0.305044,1.003999,0.696230,1.717569,0.000000,0.474180,1.122191,1.973026,0.278166,0.237598,0.219574,0.352566,0.228895,0.782079,0.230170,1.963106,0.361121,0.417391,1.949445,0.239597,1.507435,0.000000,0.213267,1.853129,0.242380,0.652277,0.932138,1.895040,0.205122,0.230981,0.448310,1.530467,0.316140,0.220266,0.191059,0.926516,0.418899,0.343982,0.248262,1.815434,1.697315,0.239597,0.418899,1.907088,0.348720,0.391493,1.891491,0.557630,0.347832,0.931309,0.234975,1.977059,0.569589,1.455975,0.217757,0.258349,0.258126,0.750102,1.832399,0.219491,0.361121,0.249296,0.321195,0.241411,0.874005,1.011818,1.860415,0.167224,0.255948,1.954082,0.307455,1.900249,1.981492,0.373775,0.231322,0.223853,0.228562,0.979083,1.548341,0.640224,1.958364,0.350910,0.262867,0.250832,0.241411,0.241116,0.251388,0.441376,0.224381,0.251053
1.909291,1.379599,0.629596,0.210907,0.295544,0.229811,0.201610,1.231355,0.994698,1.897820,0.315627,1.048145,0.708665,1.714587,0.213267,0.530059,1.173828,1.977570,0.258177,0.226458,0.197015,0.320071,0.174669,0.752384,0.148292,1.971386,0.408800,0.475925,1.952159,0.278330,1.470806,0.213267,0.000000,1.842444,0.239070,0.690043,0.987262,1.912270,0.259420,0.272640,0.499313,1.572427,0.283358,0.177372,0.204864,0.974895,0.466198,0.397309,0.303987,1.825253,1.708988,0.278330,0.466198,1.928549,0.317415,0.381142,1.904029,0.618409,0.316729,0.945987,0.266754,1.973676,0.622596,1.482332,0.202555,0.309477,0.194034,0.792852,1.837426,0.136494,0.408800,0.219060,0.311467,0.217497,0.923693,1.059072,1.879877,0.207019,0.269905,1.956632,0.312278,1.913597,1.984999,0.395551,0.148982,0.126208,0.200073,1.039130,1.578727,0.692905,1.958865,0.224221,0.256303,0.228334,0.217497,0.183805,0.203033,0.479218,0.146319,0.233757
0.947288,1.541809,1.804099,1.859600,1.791350,1.868852,1.865731,1.619713,1.720231,0.456936,1.896963,1.673726,1.682720,0.604920,1.853129,1.810599,1.688761,0.781048,1.847019,1.883918,1.886209,1.811520,1.882805,1.566760,1.851380,0.830078,1.859647,1.796815,0.896881,1.873845,0.952260,1.853129,1.842444,0.000000,1.886427,1.808343,1.764435,0.966191,1.858687,1.854586,1.848508,1.461450,1.794172,1.884293,1.882956,1.686099,1.857879,1.847080,1.891623,0.757422,1.279024,1.873845,1.857879,1.080610,1.875839,1.840229,0.748501,1.875793,1.883737,1.742061,1.892845,0.760343,1.818730,1.371956,1.864395,1.890838,1.847342,1.804307,0.796515,1.871901,1.859647,1.870259,1.888746,1.890220,1.737041,1.625374,1.164847,1.873182,1.882570,0.554948,1.870557,0.935317,0.641501,1.788459,1.851010,1.858184,1.875413,1.763340,0.943192,1.799712,0.847868,1.805680,1.900971,1.895915,1.890220,1.853744,1.854867,1.802497,1.875954,1.902885
1.872894,1.294103,0.565900,0.225981,0.421377,0.215703,0.192261,1.122878,0.885829,1.922307,0.260499,0.996163,0.765740,1.760416,0.242380,0.441417,1.093505,1.968600,0.287147,0.021928,0.149629,0.412880,0.175021,0.880504,0.180892,1.955149,0.338057,0.411443,1.930703,0.233239,1.580728,0.242380,0.239070,1.886427,0.000000,0.597725,0.872073,1.874556,0.316975,0.348843,0.427260,1.496292,0.425533,0.109328,0.195379,0.892446,0.373493,0.337629,0.240372,1.814472,1.663396,0.233239,0.373493,1.877153,0.315202,0.399181,1.890317,0.485494,0.314810,0.866233,0.207564,1.978271,0.536814,1.426403,0.242555,0.229083,0.275802,0.697955,1.824142,0.187331,0.338057,0.251305,0.268786,0.082632,0.832739,0.979402,1.831846,0.148505,0.275109,1.966854,0.319302,1.891543,1.986772,0.473939,0.191946,0.227096,0.075880,0.946330,1.615418,0.607665,1.946735,0.405723,0.109669,0.107098,0.082632,0.250114,0.276850,0.449855,0.185346,0.139271
1.646826,1.035992,0.504949,0.700798,0.828297,0.669149,0.678313,0.764651,0.486137,1.827254,0.666830,0.994480,0.832527,1.663392,0.652277,0.485522,1.010088,1.842900,0.777121,0.607188,0.630671,0.857120,0.677982,1.232336,0.706844,1.807186,0.508050,0.529544,1.780980,0.567235,1.701352,0.652277,0.690043,1.808343,0.597725,0.000000,0.564595,1.660321,0.746644,0.780636,0.491345,1.181580,0.886605,0.635671,0.657629,0.590385,0.474839,0.536797,0.594025,1.576025,1.420964,0.567235,0.474839,1.681579,0.763349,0.834286,1.674345,0.428231,0.786600,0.553122,0.665802,1.857877,0.528781,1.105497,0.676820,0.578541,0.760870,0.491896,1.646372,0.702083,0.508050,0.690008,0.701505,0.611302,0.553232,0.625200,1.679199,0.629124,0.729378,1.872065,0.705063,1.717963,1.873804,0.789073,0.708052,0.734027,0.638554,0.689587,1.470755,0.471199,1.787200,0.846708,0.591821,0.609142,0.611302,0.737151,0.725691,0.551109,0.699377,0.632208
1.456881,0.708175,0.529596,0.983018,1.125090,0.960235,0.946935,0.390589,0.413360,1.743291,0.921883,1.160699,0.897023,1.621869,0.932138,0.587425,1.118369,1.711928,1.072226,0.884963,0.899626,1.134397,0.966385,1.486996,1.003039,1.629636,0.666231,0.678967,1.631232,0.794086,1.793654,0.932138,0.987262,1.764435,0.872073,0.564595,0.000000,1.462488,1.039678,1.078752,0.603089,0.920325,1.148728,0.911133,0.927692,0.418253,0.596603,0.722229,0.875102,1.408017,1.242545,0.794086,0.596603,1.478312,1.033253,1.126253,1.492718,0.457126,1.062647,0.416907,0.939174,1.739975,0.566842,0.894441,0.957944,0.869331,1.074037,0.288367,1.456669,0.991629,0.666231,0.964383,0.970032,0.880243,0.225186,0.448273,1.469417,0.890130,1.008116,1.770958,0.999921,1.512585,1.755868,1.113163,1.011782,1.031302,0.925450,0.552443,1.431585,0.419331,1.641613,1.141009,0.848003,0.870096,0.880243,1.047213,1.002720,0.664981,0.982172,0.891712
0.251708,1.151945,1.698164,1.907491,1.932905,1.899729,1.898847,1.253882,1.444591,0.824458,1.886069,1.637048,1.752018,1.096920,1.895040,1.745700,1.520684,0.554035,1.921712,1.879566,1.885682,1.930464,1.904048,1.906040,1.917693,0.490674,1.799786,1.774067,0.535206,1.855235,1.540615,1.895040,1.912270,0.966191,1.874556,1.660321,1.462488,0.000000,1.920043,1.929277,1.762313,0.931585,1.946581,1.891114,1.893771,1.457318,1.771382,1.804514,1.871568,0.666049,0.631477,1.855235,1.771382,0.430358,1.908879,1.921098,0.486753,1.707549,1.914573,1.493200,1.887327,0.641682,1.700190,1.017784,1.898528,1.866148,1.934734,1.599676,0.703120,1.914619,1.799786,1.900537,1.896015,1.880097,1.508951,1.405265,0.607260,1.885638,1.910265,0.715458,1.900277,0.503047,0.619068,1.896947,1.920114,1.925302,1.891807,1.481954,1.181862,1.653032,0.583272,1.942172,1.865969,1.876079,1.880097,1.927481,1.912687,1.782791,1.910946,1.879905
1.913336,1.420415,0.708699,0.176790,0.222889,0.145990,0.231595,1.273080,1.055352,1.907832,0.286098,0.996853,0.768032,1.739315,0.205122,0.612861,1.119371,1.973165,0.267036,0.307504,0.280827,0.338491,0.249680,0.728557,0.248743,1.971043,0.486382,0.558287,1.957663,0.354803,1.458416,0.205122,0.259420,1.858687,0.316975,0.746644,1.039678,1.920043,0.000000,0.073664,0.574098,1.587010,0.304078,0.269418,0.257374,1.042058,0.544847,0.477725,0.262826,1.856774,1.722260,0.354803,0.544847,1.924404,0.318256,0.369397,1.922851,0.662076,0.315007,1.024728,0.287032,1.972945,0.690572,1.517936,0.269687,0.311536,0.216099,0.863923,1.861132,0.220732,0.486382,0.297366,0.300677,0.301570,0.992894,1.133508,1.885943,0.269162,0.181413,1.960176,0.310212,1.920659,1.976988,0.338699,0.250424,0.206312,0.285536,1.065674,1.580906,0.769816,1.964643,0.320591,0.328477,0.309475,0.301570,0.217288,0.282385,0.576778,0.236042,0.297558
1.924982,1.447958,0.752005,0.191628,0.197700,0.177261,0.253607,1.307806,1.084088,1.904043,0.313903,0.998933,0.797448,1.737917,0.230981,0.652187,1.127762,1.971294,0.259150,0.338455,0.306730,0.315765,0.266229,0.698022,0.263979,1.974319,0.530459,0.593975,1.957609,0.394079,1.443629,0.230981,0.272640,1.854586,0.348843,0.780636,1.078752,1.929277,0.073664,0.000000,0.617902,1.609912,0.290226,0.299490,0.283449,1.078518,0.588755,0.517796,0.310879,1.867780,1.742315,0.394079,0.588755,1.930992,0.315813,0.340321,1.932425,0.705981,0.307168,1.062914,0.314480,1.970567,0.727548,1.544230,0.284014,0.346742,0.204142,0.907002,1.869118,0.236556,0.530459,0.307276,0.313032,0.334074,1.032809,1.166776,1.891502,0.297050,0.185447,1.955976,0.315526,1.928824,1.973436,0.339797,0.257620,0.212013,0.310974,1.094973,1.590661,0.812186,1.967616,0.303086,0.362569,0.343222,0.334074,0.213779,0.288075,0.615911,0.253784,0.326084
1.756281,1.115257,0.180533,0.526066,0.656320,0.508603,0.481881,0.902586,0.728248,1.874219,0.512027,1.134409,0.531339,1.699336,0.448310,0.295811,1.184447,1.917998,0.631966,0.435134,0.452770,0.694301,0.515032,1.094958,0.527508,1.870801,0.117609,0.339161,1.877688,0.264401,1.619363,0.448310,0.499313,1.848508,0.427260,0.491345,0.603089,1.762313,0.574098,0.617902,0.000000,1.303113,0.662544,0.444752,0.426726,0.629133,0.141617,0.194000,0.431317,1.682019,1.502454,0.264401,0.141617,1.794060,0.631109,0.741026,1.755196,0.332006,0.652688,0.620635,0.465600,1.930329,0.334651,1.217843,0.488089,0.435818,0.612145,0.363212,1.727401,0.523033,0.117609,0.506833,0.568739,0.427058,0.509815,0.730192,1.749126,0.434200,0.571037,1.924602,0.569005,1.772314,1.940439,0.671578,0.547566,0.556753,0.469487,0.738066,1.484554,0.251677,1.875436,0.664998,0.410794,0.417785,0.427058,0.584716,0.529279,0.257872,0.516418,0.450248
0.903024,0.791174,1.244977,1.571441,1.649341,1.548912,1.546950,0.778803,0.952518,1.348855,1.510329,1.398872,1.423479,1.376574,1.530467,1.310086,1.259468,1.224505,1.616978,1.504877,1.512897,1.645420,1.552111,1.807193,1.586804,1.070868,1.359806,1.373567,1.128475,1.450193,1.769790,1.530467,1.572427,1.461450,1.496292,1.181580,0.920325,0.931585,1.587010,1.609912,1.303113,0.000000,1.673097,1.522131,1.526270,1.024761,1.315921,1.393489,1.474576,1.024223,0.839520,1.450193,1.315921,0.914015,1.580126,1.638535,1.006983,1.206657,1.602209,0.984276,1.519131,1.257581,1.244197,0.815343,1.537385,1.464247,1.621717,1.083105,1.118946,1.570618,1.359806,1.535311,1.548045,1.502372,1.014516,0.963525,0.942804,1.512366,1.575485,1.334521,1.537435,0.969428,1.290731,1.578461,1.588499,1.595714,1.532018,0.825232,1.191335,1.182164,1.139767,1.649925,1.475650,1.492570,1.502372,1.611283,1.564436,1.355531,1.564732,1.500439
1.946943,1.486855,0.780094,0.290352,0.221361,0.330764,0.311200,1.370140,1.164580,1.858826,0.461454,1.096936,0.744362,1.677602,0.316140,0.682074,1.241667,1.969882,0.307066,0.413584,0.399598,0.295338,0.355605,0.582304,0.298557,1.976187,0.581041,0.613010,1.966554,0.453096,1.359663,0.316140,0.283358,1.794172,0.425533,0.886605,1.148728,1.946581,0.304078,0.290226,0.662544,1.673097,0.000000,0.383276,0.351091,1.116652,0.644465,0.551139,0.465688,1.856816,1.782752,0.453096,0.644465,1.962287,0.411259,0.394869,1.922868,0.803874,0.396935,1.123609,0.385885,1.962804,0.782102,1.581276,0.353394,0.476171,0.276952,0.959057,1.854903,0.315848,0.581041,0.362260,0.436836,0.419762,1.075771,1.196078,1.907726,0.362171,0.369234,1.922578,0.423637,1.930327,1.960849,0.399306,0.301318,0.274365,0.379002,1.182589,1.556582,0.850659,1.966343,0.254141,0.458592,0.433301,0.419762,0.293076,0.322733,0.616816,0.327622,0.428230
1.889235,1.326775,0.586470,0.201345,0.383572,0.196578,0.170242,1.168879,0.934515,1.927998,0.238766,1.022502,0.746226,1.764861,0.220266,0.481624,1.123978,1.974564,0.266607,0.096824,0.101691,0.381775,0.118256,0.849696,0.140671,1.962145,0.350544,0.447012,1.939486,0.223672,1.550358,0.220266,0.177372,1.884293,0.109328,0.635671,0.911133,1.891114,0.269418,0.299490,0.444752,1.522131,0.383276,0.000000,0.156041,0.927688,0.397894,0.353722,0.230793,1.829406,1.676351,0.223672,0.397894,1.894459,0.287634,0.395182,1.901197,0.519748,0.289058,0.894692,0.192743,1.979650,0.565726,1.453807,0.197299,0.240669,0.236668,0.727116,1.835601,0.110534,0.350544,0.210932,0.247811,0.056250,0.866465,1.022002,1.848140,0.143558,0.232586,1.972806,0.308178,1.900653,1.990821,0.451182,0.164317,0.160753,0.092665,0.975317,1.619755,0.638528,1.954126,0.350096,0.095355,0.062874,0.056250,0.208511,0.226864,0.453830,0.107048,0.086194
