0.000000,0.994775,1.653491,1.881045,1.902925,1.875346,1.873292,1.211090,1.443619,0.840625,1.865247,1.615830,1.708735,1.124105,1.861863,1.696187,1.499342,0.596728,1.904732,1.855222,1.861847,1.892395,1.881450,1.900088,1.894921,0.515831,1.761968,1.728492,0.609929,1.824443,1.597391,1.861863,1.873748,0.959573,1.850865,1.639521,1.420547,0.348133,1.904956,1.916955,1.724646,1.065243,1.919738,1.868632,1.871788,1.430437,1.730645,1.766104,1.851562,0.619952,0.905508,1.824443,1.730645,0.528547,1.892930,1.918419,0.424488,1.669483,1.896717,1.473175,1.862657,0.654405,1.680801,0.910848,1.851833,1.852134,1.914966,1.554465,0.678401,1.893280,1.761968,1.856049,1.876271,1.856377,1.463258,1.356202,0.717714,1.857930,1.900647,0.732892,1.890061,0.523585,0.667812,1.869183,1.894362,1.905001,1.867453,1.519152,1.212358,1.611581,0.573909,1.910667,1.842635,1.852362,1.856377,1.911330,1.867719,1.753187,1.887708,1.858857
0.994775,0.000000,1.130510,1.416756,1.527806,1.406763,1.397896,0.603102,0.869297,1.459269,1.397649,1.239554,1.373428,1.471905,1.403489,1.137990,1.149785,1.299957,1.469174,1.370208,1.373153,1.501015,1.414242,1.717875,1.454084,1.206766,1.232808,1.201174,1.188658,1.324640,1.855752,1.403489,1.428929,1.514965,1.361638,1.162713,0.770279,0.969232,1.479856,1.506373,1.191448,0.895327,1.545260,1.392198,1.407223,0.905045,1.177882,1.269865,1.368845,1.045738,1.067145,1.324640,1.177882,1.038564,1.460922,1.529032,1.130401,1.066276,1.449681,0.983216,1.392153,1.376560,1.120750,0.754216,1.390658,1.373408,1.501219,0.960976,1.041823,1.444834,1.232808,1.395318,1.416295,1.360844,0.864303,0.878228,1.123544,1.364139,1.454916,1.420503,1.471335,1.185308,1.386695,1.471579,1.460432,1.478826,1.394209,1.026047,1.418329,1.045120,1.276806,1.524099,1.336540,1.355742,1.360844,1.487834,1.429830,1.266829,1.430004,1.365521
1.653491,1.130510,0.000000,0.636407,0.767519,0.636097,0.602200,0.810252,0.653259,1.834094,0.689158,1.279512,0.476335,1.633397,0.568599,0.319015,1.340887,1.858587,0.756464,0.567332,0.573503,0.767005,0.626936,1.122198,0.646771,1.792032,0.272933,0.382178,1.821161,0.415347,1.608301,0.568599,0.575811,1.800197,0.560975,0.548678,0.521723,1.602479,0.728954,0.770076,0.185923,1.159148,0.751293,0.569173,0.566456,0.464111,0.254992,0.271730,0.610137,1.547351,1.285080,0.415347,0.254992,1.760395,0.786774,0.852023,1.664579,0.401229,0.765194,0.513958,0.596266,1.883370,0.336196,1.178057,0.572957,0.609672,0.752134,0.292139,1.621147,0.639458,0.272933,0.618522,0.724470,0.553811,0.382859,0.600907,1.713809,0.558677,0.735917,1.871979,0.759527,1.737876,1.898384,0.742472,0.675343,0.677907,0.594216,0.753567,1.372469,0.128441,1.830695,0.718902,0.535844,0.542632,0.553811,0.721829,0.632417,0.347811,0.620880,0.573760
1.881045,1.416756,0.636407,0.000000,0.278776,0.072654,0.086058,1.179303,0.920905,1.895729,0.319191,1.059845,0.755873,1.667768,0.138148,0.512969,1.202548,1.960940,0.226863,0.221297,0.169234,0.300747,0.163713,0.701316,0.189118,1.948005,0.408723,0.453982,1.943680,0.273410,1.456644,0.138148,0.229302,1.854052,0.227647,0.720432,0.953071,1.829644,0.179676,0.205942,0.495837,1.441506,0.294197,0.183525,0.178797,0.912673,0.463070,0.410515,0.275807,1.781485,1.550224,0.273410,0.463070,1.909703,0.345820,0.307492,1.901015,0.582907,0.284870,0.946534,0.232244,1.981216,0.568175,1.511329,0.235547,0.290401,0.241269,0.792255,1.786166,0.170837,0.408723,0.242845,0.317582,0.210498,0.908160,1.020931,1.855491,0.150341,0.230709,1.951935,0.338263,1.918572,1.982467,0.310923,0.203424,0.186134,0.197732,0.908003,1.524951,0.684244,1.961895,0.305606,0.226019,0.216223,0.210498,0.220590,0.256793,0.433916,0.169064,0.199635
1.902925,1.527806,0.767519,0.278776,0.000000,0.295807,0.331343,1.311111,1.069905,1.832446,0.503540,1.139200,0.750262,1.570190,0.258602,0.664139,1.308187,1.945067,0.352004,0.432772,0.396024,0.314714,0.368509,0.529049,0.321308,1.956987,0.582847,0.578742,1.956635,0.455098,1.290619,0.258602,0.341934,1.766136,0.443692,0.871850,1.117034,1.859676,0.247825,0.213402,0.654113,1.530027,0.241546,0.395997,0.375035,1.032102,0.648086,0.553829,0.479223,1.777407,1.595550,0.455098,0.648086,1.952071,0.487408,0.362023,1.899495,0.785761,0.443992,1.090659,0.440700,1.955816,0.731349,1.561110,0.391440,0.490718,0.298952,0.955178,1.776151,0.342056,0.582847,0.397300,0.493245,0.436394,1.047269,1.121302,1.905083,0.387651,0.375026,1.910342,0.447446,1.933685,1.949938,0.356137,0.316610,0.306144,0.396868,1.052503,1.458085,0.831023,1.953808,0.332929,0.466216,0.446567,0.436394,0.300427,0.374973,0.542486,0.354978,0.437670
1.875346,1.406763,0.636097,0.072654,0.295807,0.000000,0.129392,1.171500,0.918115,1.897598,0.307321,1.065770,0.763529,1.674095,0.161729,0.508036,1.205225,1.959075,0.227569,0.233312,0.178350,0.312993,0.171399,0.720651,0.214134,1.944018,0.410793,0.449867,1.940524,0.278951,1.465313,0.161729,0.252315,1.857042,0.238120,0.724139,0.947842,1.826016,0.161797,0.201406,0.496363,1.439111,0.319484,0.203175,0.190989,0.907978,0.462906,0.412389,0.261411,1.784286,1.549475,0.278951,0.462906,1.904169,0.345780,0.316184,1.900685,0.582925,0.279275,0.944616,0.236679,1.979530,0.570286,1.501224,0.242587,0.291950,0.254421,0.790004,1.786157,0.188500,0.410793,0.247843,0.305049,0.226896,0.903388,1.015657,1.853823,0.173488,0.215048,1.953014,0.351324,1.916291,1.980059,0.323794,0.224898,0.204677,0.211770,0.904567,1.529696,0.680955,1.960878,0.323089,0.234386,0.230621,0.226896,0.238618,0.268957,0.445360,0.186884,0.208504
1.873292,1.397896,0.602200,0.086058,0.331343,0.129392,0.000000,1.157035,0.898237,1.903335,0.319228,1.063038,0.736739,1.680929,0.154040,0.490388,1.197938,1.962083,0.242809,0.196549,0.146641,0.326190,0.152484,0.736375,0.191406,1.942809,0.371653,0.442225,1.938556,0.239348,1.480580,0.154040,0.217340,1.863642,0.201793,0.690385,0.919184,1.819340,0.234193,0.262560,0.458976,1.415370,0.312444,0.153928,0.147332,0.885766,0.424194,0.379879,0.263177,1.774462,1.530739,0.239348,0.424194,1.901606,0.357218,0.337704,1.893650,0.544514,0.290372,0.911636,0.193134,1.982755,0.532852,1.500634,0.224177,0.269804,0.265212,0.752049,1.784463,0.162430,0.371653,0.239282,0.321958,0.176316,0.875583,1.000764,1.843185,0.103017,0.256610,1.955010,0.346121,1.911192,1.985448,0.325663,0.214172,0.192928,0.181332,0.882907,1.525739,0.649549,1.959597,0.314670,0.188764,0.178925,0.176316,0.239717,0.253637,0.408283,0.153857,0.166776
1.211090,0.603102,0.810252,1.179303,1.311111,1.171500,1.157035,0.000000,0.460042,1.564234,1.176961,1.193702,1.119312,1.466761,1.152121,0.801843,1.157384,1.519327,1.243856,1.100491,1.123825,1.268180,1.171553,1.550592,1.203553,1.421909,0.941972,0.876590,1.439121,1.053260,1.832908,1.152121,1.169437,1.601485,1.090022,0.813658,0.389224,1.181373,1.280117,1.310661,0.894983,0.809652,1.332857,1.138122,1.163983,0.535107,0.874086,0.963585,1.146676,1.136282,1.126284,1.053260,0.874086,1.305728,1.238469,1.325024,1.284855,0.745668,1.229494,0.613597,1.162254,1.575689,0.786228,0.757904,1.129536,1.138821,1.270592,0.637789,1.230427,1.200712,0.941972,1.147995,1.187991,1.102926,0.499840,0.425116,1.316625,1.109570,1.241351,1.577120,1.252927,1.366463,1.599629,1.242726,1.207552,1.238083,1.129520,0.788710,1.337568,0.707931,1.469387,1.287542,1.078676,1.100587,1.102926,1.255226,1.181443,0.981515,1.184549,1.121223
1.443619,0.869297,0.653259,0.920905,1.069905,0.918115,0.898237,0.460042,0.000000,1.706396,0.926527,1.101511,0.993778,1.548988,0.894222,0.583135,1.112006,1.702622,0.981467,0.823230,0.854774,0.981362,0.902720,1.342513,0.930290,1.616921,0.718524,0.646707,1.634925,0.813289,1.768543,0.894222,0.901215,1.708900,0.814137,0.486223,0.425090,1.390342,1.036912,1.067222,0.690667,0.865661,1.101330,0.866049,0.914372,0.473702,0.654999,0.736546,0.896606,1.332056,1.202339,0.813289,0.654999,1.525799,0.971345,1.077973,1.488283,0.536625,0.964749,0.465158,0.908044,1.743535,0.589167,0.956771,0.844219,0.874835,1.005414,0.545881,1.445868,0.932565,0.718524,0.854464,0.928848,0.828011,0.509595,0.400307,1.506359,0.851084,0.994389,1.738511,0.985219,1.568822,1.772536,0.963445,0.932707,0.970581,0.852212,0.590356,1.343431,0.575659,1.657606,1.017255,0.806411,0.827430,0.828011,0.989746,0.890594,0.770272,0.917209,0.851480
0.840625,1.459269,1.834094,1.895729,1.832446,1.897598,1.903335,1.564234,1.706396,0.000000,1.926748,1.584053,1.773519,0.591414,1.882274,1.837324,1.553116,0.649165,1.894168,1.905262,1.912563,1.866113,1.910521,1.694521,1.891446,0.694516,1.889384,1.830376,0.776087,1.903400,1.185671,1.882274,1.888756,0.481336,1.905911,1.832806,1.742255,0.944578,1.894002,1.882132,1.874959,1.437423,1.868751,1.912363,1.911614,1.714284,1.884606,1.871663,1.923623,0.839884,1.361480,1.903400,1.884606,0.870884,1.908336,1.890860,0.743746,1.872613,1.913379,1.737382,1.916721,0.614466,1.820827,1.278063,1.903663,1.918995,1.879049,1.816941,0.839286,1.905436,1.889384,1.900472,1.921242,1.912423,1.742067,1.629258,0.856528,1.909007,1.907884,0.294269,1.899584,0.671171,0.554417,1.850004,1.883359,1.896043,1.900430,1.754991,1.160830,1.820248,0.647236,1.874497,1.917878,1.917718,1.912423,1.886442,1.897563,1.868908,1.909012,1.922484
1.865247,1.397649,0.689158,0.319191,0.503540,0.307321,0.319228,1.176961,0.926527,1.926748,0.000000,1.056787,0.860703,1.732028,0.381257,0.575911,1.169304,1.961865,0.311960,0.295252,0.275191,0.383201,0.279190,0.807801,0.328021,1.935642,0.458271,0.552362,1.931613,0.354435,1.535274,0.381257,0.364107,1.902057,0.294284,0.714310,0.937639,1.829335,0.331550,0.371476,0.536905,1.391925,0.490461,0.285263,0.296141,0.950989,0.492682,0.504133,0.211659,1.802005,1.558962,0.354435,0.492682,1.871382,0.198304,0.386417,1.904426,0.557897,0.270101,0.947295,0.327407,1.968088,0.628504,1.530140,0.301627,0.250899,0.352190,0.784817,1.801204,0.287706,0.458271,0.291154,0.155123,0.293381,0.930602,1.065727,1.824675,0.286766,0.257044,1.962846,0.284857,1.907677,1.975065,0.433527,0.337522,0.313952,0.299936,0.859700,1.558901,0.724310,1.944798,0.407730,0.286645,0.286369,0.293381,0.343412,0.314917,0.552813,0.285546,0.264326
1.615830,1.239554,1.279512,1.059845,1.139200,1.065770,1.063038,1.193702,1.101511,1.584053,1.056787,0.000000,1.463039,1.459830,1.114283,1.157906,0.288072,1.637692,1.014432,1.067183,1.082017,1.078939,1.080759,1.183196,1.088490,1.595017,1.173428,1.158676,1.563681,1.135558,1.576142,1.114283,1.133769,1.602043,1.064596,1.165914,1.199501,1.571073,1.094115,1.094112,1.207702,1.352194,1.177387,1.088592,1.108819,1.275539,1.165408,1.201855,1.059630,1.506187,1.577851,1.135558,1.165408,1.473299,1.020034,1.067400,1.654329,1.079019,1.021202,1.299584,1.087704,1.663352,1.106212,1.476515,1.091691,1.063034,1.089132,1.245166,1.465583,1.093031,1.173428,1.066182,1.030122,1.066611,1.281089,1.295079,1.464369,1.065021,1.058874,1.630325,1.077770,1.580188,1.660504,0.999909,1.076133,1.105200,1.067594,1.085346,1.629182,1.251214,1.611114,1.152571,1.068394,1.076577,1.066611,1.091280,1.085527,1.232935,1.091349,1.074456
1.708735,1.373428,0.476335,0.755873,0.750262,0.763529,0.736739,1.119312,0.993778,1.773519,0.860703,1.463039,0.000000,1.560169,0.668185,0.655151,1.543759,1.843884,0.869770,0.747943,0.739366,0.821154,0.758338,1.010352,0.738810,1.791623,0.566679,0.650200,1.847982,0.608587,1.366892,0.668185,0.660941,1.696871,0.751015,0.800083,0.885597,1.662202,0.786028,0.809097,0.530172,1.300831,0.722831,0.716885,0.687612,0.778439,0.604975,0.516178,0.783075,1.571395,1.316799,0.608587,0.604975,1.836536,0.922820,0.936282,1.654756,0.767647,0.911961,0.807875,0.728033,1.843822,0.672701,1.291934,0.711757,0.786059,0.813552,0.678477,1.646273,0.740265,0.566679,0.756889,0.891318,0.733769,0.723394,0.869248,1.788128,0.737905,0.859325,1.827109,0.869722,1.750907,1.856496,0.813087,0.767645,0.748627,0.750683,1.016115,1.265533,0.569585,1.818550,0.730112,0.740172,0.725997,0.733769,0.789461,0.734244,0.531690,0.731860,0.750613
1.124105,1.471905,1.633397,1.667768,1.570190,1.674095,1.680929,1.466761,1.548988,0.591414,1.732028,1.459830,1.560169,0.000000,1.639489,1.615770,1.511157,1.071297,1.685798,1.688980,1.700581,1.629495,1.698871,1.448936,1.660013,1.103923,1.673186,1.594995,1.185105,1.682081,1.034308,1.639489,1.653589,0.679116,1.691122,1.647756,1.608394,1.201819,1.670220,1.655185,1.663029,1.399588,1.633435,1.698950,1.695947,1.550859,1.676002,1.657252,1.718616,0.901270,1.405807,1.682081,1.676002,1.250851,1.714023,1.682813,1.020590,1.688481,1.726881,1.593365,1.716268,1.058432,1.604668,1.286856,1.680263,1.711286,1.643889,1.647534,0.975381,1.688649,1.673186,1.677538,1.734474,1.701176,1.585502,1.467385,1.230816,1.689763,1.708942,0.838394,1.683402,1.048317,1.014936,1.597414,1.648482,1.673674,1.680814,1.600441,1.022269,1.630328,1.057195,1.643797,1.716250,1.711538,1.701176,1.652655,1.669604,1.637428,1.694510,1.723154
1.861863,1.403489,0.568599,0.138148,0.258602,0.161729,0.154040,1.152121,0.894222,1.882274,0.381257,1.114283,0.668185,1.639489,0.000000,0.471387,1.253375,1.955971,0.308823,0.253117,0.216545,0.327196,0.229269,0.716958,0.225733,1.940664,0.359009,0.410953,1.943984,0.238694,1.442729,0.000000,0.214158,1.835293,0.259509,0.686316,0.917662,1.810572,0.235460,0.256453,0.436190,1.409395,0.296114,0.215928,0.207223,0.859536,0.421277,0.353219,0.314886,1.751599,1.515144,0.238694,0.421277,1.911961,0.419708,0.386165,1.874919,0.561900,0.368475,0.907530,0.281558,1.976307,0.524947,1.480029,0.234082,0.317691,0.296317,0.743711,1.772012,0.221608,0.359009,0.258938,0.389111,0.244444,0.855309,0.970305,1.858953,0.184170,0.312056,1.943462,0.372372,1.906259,1.977428,0.328092,0.244781,0.233892,0.237858,0.883108,1.470799,0.625352,1.955723,0.320052,0.260151,0.246815,0.244444,0.273328,0.263735,0.353918,0.218577,0.248463
1.696187,1.137990,0.319015,0.512969,0.664139,0.508036,0.490388,0.801843,0.583135,1.837324,0.575911,1.157906,0.655151,1.615770,0.471387,0.000000,1.249402,1.883522,0.620507,0.432009,0.440992,0.632943,0.497907,1.025168,0.523556,1.833870,0.269425,0.123425,1.843686,0.364835,1.612943,0.471387,0.480149,1.799413,0.423761,0.532032,0.570487,1.658500,0.630914,0.668665,0.287180,1.203598,0.675909,0.458011,0.493895,0.522501,0.222017,0.288063,0.528563,1.587701,1.404421,0.364835,0.222017,1.781576,0.658175,0.715844,1.727512,0.357206,0.628073,0.587674,0.530322,1.907880,0.329496,1.212536,0.462102,0.527733,0.617456,0.426675,1.622288,0.525805,0.269425,0.498841,0.596368,0.432460,0.499592,0.609067,1.746061,0.441391,0.611922,1.887771,0.653013,1.789556,1.921008,0.646237,0.537846,0.565272,0.455766,0.739672,1.413381,0.306133,1.856499,0.632745,0.415771,0.431235,0.432460,0.592338,0.526130,0.352960,0.506265,0.458558
1.499342,1.149785,1.340887,1.202548,1.308187,1.205225,1.197938,1.157384,1.112006,1.553116,1.169304,0.288072,1.543759,1.511157,1.253375,1.249402,0.000000,1.542705,1.162619,1.188364,1.206893,1.230887,1.211530,1.357983,1.231280,1.470635,1.263060,1.268702,1.447360,1.247637,1.667478,1.253375,1.270748,1.603239,1.183719,1.211995,1.191133,1.446178,1.240761,1.247366,1.284845,1.256134,1.328722,1.211459,1.232303,1.294652,1.244909,1.295391,1.169046,1.454190,1.491415,1.247637,1.244909,1.318395,1.148175,1.219900,1.560216,1.133661,1.152359,1.307992,1.200296,1.575430,1.184281,1.418307,1.216839,1.169964,1.242613,1.269675,1.414636,1.226980,1.263060,1.193566,1.149745,1.186085,1.296973,1.312001,1.313078,1.192937,1.193371,1.563033,1.202185,1.455881,1.579849,1.147103,1.223076,1.245983,1.195963,1.079173,1.647802,1.301672,1.506153,1.296036,1.178230,1.190656,1.186085,1.241164,1.217063,1.335503,1.222849,1.188011
0.596728,1.299957,1.858587,1.960940,1.945067,1.959075,1.962083,1.519327,1.702622,0.649165,1.961865,1.637692,1.843884,1.071297,1.955971,1.883522,1.542705,0.000000,1.960379,1.960174,1.960350,1.955908,1.965056,1.877565,1.970066,0.503295,1.925107,1.898069,0.397130,1.952778,1.438968,1.955971,1.966371,0.806845,1.958742,1.845962,1.694076,0.710210,1.964451,1.960538,1.905042,1.370737,1.958519,1.966698,1.967177,1.716203,1.908681,1.920817,1.962012,0.838228,1.216818,1.952778,1.908681,0.538992,1.954096,1.956872,0.607070,1.867638,1.954808,1.732516,1.962190,0.400876,1.867774,1.241721,1.961045,1.960145,1.963501,1.796313,0.787997,1.970835,1.925107,1.959689,1.954469,1.960549,1.721076,1.646568,0.743612,1.959348,1.958978,0.472739,1.961583,0.588878,0.320555,1.949964,1.965618,1.971899,1.962647,1.761125,1.328369,1.831440,0.428307,1.970477,1.955649,1.960323,1.960549,1.965370,1.964168,1.914182,1.969887,1.960287
1.904732,1.469174,0.756464,0.226863,0.352004,0.227569,0.242809,1.243856,0.981467,1.894168,0.311960,1.014432,0.869770,1.685798,0.308823,0.620507,1.162619,1.960379,0.000000,0.270443,0.267474,0.257688,0.229844,0.670487,0.224404,1.959185,0.531558,0.565194,1.939816,0.393008,1.454289,0.308823,0.314223,1.852313,0.278272,0.784835,1.037464,1.860539,0.259335,0.262659,0.616233,1.467498,0.359606,0.267520,0.283501,1.014510,0.578918,0.531512,0.332639,1.811148,1.608277,0.393008,0.578918,1.905274,0.270689,0.263635,1.921842,0.666392,0.149907,1.024716,0.316038,1.973489,0.672901,1.561029,0.295120,0.342598,0.220642,0.891899,1.812702,0.221338,0.531558,0.273767,0.259321,0.287134,1.010451,1.103883,1.853976,0.266788,0.219643,1.946558,0.334573,1.932720,1.974562,0.339042,0.213031,0.215273,0.240943,0.942266,1.554193,0.797864,1.957181,0.314196,0.307794,0.299433,0.287134,0.221909,0.280857,0.588998,0.233335,0.279372
1.855222,1.370208,0.567332,0.221297,0.432772,0.233312,0.196549,1.100491,0.823230,1.905262,0.295252,1.067183,0.747943,1.688980,0.253117,0.432009,1.188364,1.960174,0.270443,0.000000,0.156845,0.345527,0.177061,0.797425,0.158419,1.933281,0.338494,0.397889,1.933472,0.229728,1.526835,0.253117,0.222933,1.871021,0.019582,0.611016,0.860518,1.806067,0.344972,0.371556,0.424660,1.354035,0.412765,0.112697,0.205885,0.836794,0.377322,0.357156,0.285429,1.753318,1.518451,0.229728,0.377322,1.883742,0.328689,0.391151,1.872223,0.482250,0.282792,0.842323,0.261006,1.975932,0.490312,1.448752,0.202141,0.270243,0.272037,0.697644,1.780574,0.177132,0.338494,0.209438,0.291393,0.093211,0.826994,0.945058,1.825655,0.161284,0.299858,1.953505,0.341853,1.899710,1.985626,0.377908,0.176921,0.219298,0.054440,0.809003,1.510382,0.607384,1.942679,0.331920,0.124702,0.114301,0.093211,0.243832,0.238604,0.420118,0.168834,0.151502
1.861847,1.373153,0.573503,0.169234,0.396024,0.178350,0.146641,1.123825,0.854774,1.912563,0.275191,1.082017,0.739366,1.700581,0.216545,0.440992,1.206893,1.960350,0.267474,0.156845,0.000000,0.333438,0.079413,0.780756,0.188040,1.935065,0.335052,0.400555,1.932764,0.215768,1.514025,0.216545,0.183337,1.878229,0.161384,0.658690,0.877590,1.813049,0.284479,0.313266,0.428001,1.394056,0.379658,0.098853,0.165749,0.858222,0.377623,0.356432,0.256820,1.774010,1.530398,0.215768,0.377623,1.889046,0.316455,0.368819,1.889982,0.506153,0.267624,0.863322,0.234997,1.976732,0.519768,1.478130,0.191347,0.262978,0.271211,0.709915,1.778102,0.128677,0.335052,0.202653,0.270910,0.115075,0.838143,0.968354,1.831221,0.126294,0.246897,1.958703,0.346662,1.905218,1.985802,0.387002,0.211743,0.181804,0.146254,0.862340,1.542857,0.613932,1.952045,0.302527,0.108728,0.106380,0.115075,0.244087,0.236258,0.411172,0.104769,0.073328
1.892395,1.501015,0.767005,0.300747,0.314714,0.312993,0.326190,1.268180,0.981362,1.866113,0.383201,1.078939,0.821154,1.629495,0.327196,0.632943,1.230887,1.955908,0.257688,0.345527,0.333438,0.000000,0.298262,0.604572,0.261612,1.954165,0.556410,0.565081,1.952049,0.432804,1.378240,0.327196,0.309931,1.808864,0.356667,0.767448,1.071600,1.851759,0.318194,0.311177,0.634089,1.440803,0.362877,0.328098,0.347286,1.013764,0.607605,0.547338,0.414050,1.781177,1.578716,0.432804,0.607605,1.928391,0.332512,0.346568,1.898289,0.710411,0.318376,1.013871,0.394831,1.962370,0.716367,1.538788,0.270502,0.419223,0.249865,0.918868,1.793759,0.272740,0.556410,0.231216,0.353562,0.360768,1.035242,1.093939,1.878167,0.349319,0.329528,1.928556,0.357140,1.932797,1.962420,0.323015,0.244096,0.244702,0.311710,0.951106,1.473554,0.821148,1.949856,0.262013,0.388502,0.371686,0.360768,0.260465,0.199251,0.591572,0.289754,0.361808
1.881450,1.414242,0.626936,0.163713,0.368509,0.171399,0.152484,1.171553,0.902720,1.910521,0.279190,1.080759,0.758338,1.698871,0.229269,0.497907,1.211530,1.965056,0.229844,0.177061,0.079413,0.298262,0.000000,0.741931,0.160750,1.943700,0.392655,0.452420,1.940044,0.262250,1.484228,0.229269,0.171492,1.874656,0.185635,0.691700,0.933073,1.833923,0.256915,0.277141,0.483180,1.423579,0.342369,0.119347,0.170216,0.909823,0.439148,0.405174,0.270154,1.793863,1.552175,0.262250,0.439148,1.902592,0.296531,0.332320,1.905752,0.564139,0.240243,0.907519,0.236103,1.978206,0.570031,1.506865,0.203816,0.278564,0.221808,0.767152,1.796066,0.082909,0.392655,0.203721,0.264290,0.152049,0.893867,1.015859,1.842824,0.159983,0.223041,1.958122,0.331538,1.916059,1.986822,0.365171,0.177917,0.128401,0.149824,0.900030,1.552992,0.671721,1.957054,0.253481,0.162156,0.151837,0.152049,0.199743,0.225847,0.461118,0.062928,0.116156
1.900088,1.717875,1.122198,0.701316,0.529049,0.720651,0.736375,1.550592,1.342513,1.694521,0.807801,1.183196,1.010352,1.448936,0.716958,1.025168,1.357983,1.877565,0.670487,0.797425,0.780756,0.604572,0.741931,0.000000,0.682184,1.902471,0.967151,0.945154,1.919551,0.855769,1.053529,0.716958,0.707451,1.613349,0.808157,1.159181,1.416721,1.882801,0.641419,0.608459,1.029442,1.632270,0.593846,0.769357,0.761446,1.327020,1.020697,0.930014,0.823279,1.770863,1.692418,0.855769,1.020697,1.940939,0.742138,0.625056,1.867448,1.123465,0.741457,1.361634,0.795729,1.853444,1.082200,1.685433,0.762624,0.825982,0.624086,1.280223,1.771392,0.705454,0.967151,0.751622,0.790284,0.805810,1.365088,1.383665,1.880151,0.784524,0.723093,1.788589,0.722707,1.898373,1.849125,0.636444,0.668642,0.659424,0.763750,1.269498,1.391677,1.183896,1.879641,0.614246,0.839230,0.816875,0.805810,0.642898,0.718598,0.922692,0.722024,0.809069
1.894921,1.454084,0.646771,0.189118,0.321308,0.214134,0.191406,1.203553,0.930290,1.891446,0.328021,1.088490,0.738810,1.660013,0.225733,0.523556,1.231280,1.970066,0.224404,0.158419,0.188040,0.261612,0.160750,0.682184,0.000000,1.955548,0.422230,0.467629,1.953876,0.285413,1.436359,0.225733,0.172711,1.843621,0.175557,0.702382,0.973397,1.850098,0.270697,0.278416,0.508773,1.431091,0.312110,0.136455,0.202643,0.931977,0.477792,0.422033,0.322860,1.780609,1.567004,0.285413,0.477792,1.923109,0.323063,0.333137,1.898871,0.606659,0.276705,0.935892,0.276262,1.978338,0.585902,1.509307,0.217922,0.317054,0.166252,0.802017,1.800284,0.115880,0.422230,0.214640,0.315021,0.169260,0.924504,1.031040,1.864046,0.209860,0.269684,1.949455,0.328085,1.924953,1.984695,0.334871,0.067900,0.117470,0.113273,0.908596,1.506887,0.701845,1.956381,0.229768,0.221054,0.191135,0.169260,0.137336,0.210536,0.470145,0.131004,0.208828
0.515831,1.206766,1.792032,1.948005,1.956987,1.944018,1.942809,1.421909,1.616921,0.694516,1.935642,1.595017,1.791623,1.103923,1.940664,1.833870,1.470635,0.503295,1.959185,1.933281,1.935065,1.954165,1.943700,1.902471,1.955548,0.000000,1.874604,1.858496,0.482274,1.917683,1.494060,1.940664,1.942328,0.849867,1.930720,1.765739,1.598690,0.582833,1.955618,1.959927,1.846690,1.212642,1.962003,1.938863,1.942163,1.630442,1.851575,1.874958,1.923211,0.779686,1.106947,1.917683,1.851575,0.443204,1.945493,1.963330,0.532578,1.805299,1.953209,1.619481,1.929535,0.484708,1.801015,1.130400,1.934677,1.923168,1.965036,1.707981,0.764608,1.950852,1.874604,1.935625,1.939510,1.930298,1.633407,1.564555,0.570749,1.936328,1.952353,0.549229,1.947354,0.358847,0.497569,1.923388,1.956255,1.957766,1.939915,1.644095,1.289027,1.759004,0.456733,1.953120,1.921427,1.927661,1.930298,1.963504,1.941808,1.875199,1.946857,1.929713
1.761968,1.232808,0.272933,0.408723,0.582847,0.410793,0.371653,0.941972,0.718524,1.889384,0.458271,1.173428,0.566679,1.673186,0.359009,0.269425,1.263060,1.925107,0.531558,0.338494,0.335052,0.556410,0.392655,0.967151,0.422230,1.874604,0.000000,0.297244,1.890117,0.173007,1.574073,0.359009,0.360210,1.857891,0.332709,0.544772,0.651676,1.715363,0.508615,0.552348,0.105893,1.251817,0.562832,0.332008,0.332656,0.631208,0.096319,0.168379,0.378584,1.664404,1.405870,0.173007,0.096319,1.832186,0.558186,0.632445,1.783137,0.335055,0.535706,0.654139,0.383933,1.946754,0.319635,1.327630,0.347530,0.379766,0.527946,0.432502,1.707188,0.405752,0.000000,0.391556,0.496848,0.318393,0.578425,0.768286,1.777838,0.321594,0.503236,1.932219,0.528993,1.827276,1.956719,0.545504,0.453280,0.450136,0.365333,0.750306,1.450684,0.325006,1.906659,0.513157,0.300755,0.305712,0.318393,0.496483,0.412246,0.255571,0.386603,0.334787
1.728492,1.201174,0.382178,0.453982,0.578742,0.449867,0.442225,0.876590,0.646707,1.830376,0.552362,1.158676,0.650200,1.594995,0.410953,0.123425,1.268702,1.898069,0.565194,0.397889,0.400555,0.565081,0.452420,0.945154,0.467629,1.858496,0.297244,0.000000,1.868171,0.346802,1.564225,0.410953,0.428966,1.782974,0.391860,0.578458,0.669883,1.690094,0.569738,0.602965,0.335154,1.261149,0.609443,0.421117,0.454690,0.587626,0.283004,0.283356,0.512661,1.611346,1.438879,0.346802,0.283004,1.816681,0.623003,0.652417,1.754022,0.432205,0.587256,0.664698,0.499810,1.919284,0.383330,1.248120,0.418214,0.514288,0.554135,0.530523,1.635526,0.476808,0.297244,0.456431,0.567444,0.404291,0.592007,0.662805,1.780252,0.404396,0.562885,1.890576,0.617202,1.818728,1.929676,0.590952,0.478185,0.508256,0.412742,0.788734,1.405371,0.392409,1.876475,0.574115,0.395058,0.406886,0.404291,0.531674,0.478708,0.337663,0.460296,0.430885
0.609929,1.188658,1.821161,1.943680,1.956635,1.940524,1.938556,1.439121,1.634925,0.776087,1.931613,1.563681,1.847982,1.185105,1.943984,1.843686,1.447360,0.397130,1.939816,1.933472,1.932764,1.952049,1.940044,1.919551,1.953876,0.482274,1.890117,1.868171,0.000000,1.923682,1.541533,1.943984,1.950367,0.885143,1.930987,1.791221,1.618843,0.717674,1.954029,1.954165,1.868814,1.322880,1.956750,1.940620,1.943318,1.670066,1.867862,1.892563,1.927389,0.844105,1.237232,1.923682,1.867862,0.402889,1.931718,1.944889,0.626431,1.814895,1.927632,1.661379,1.931649,0.491539,1.824680,1.219343,1.935234,1.926010,1.955541,1.738375,0.827159,1.949380,1.890117,1.935766,1.925282,1.929810,1.659585,1.592751,0.639837,1.931297,1.936270,0.597454,1.945598,0.538670,0.468065,1.945079,1.953283,1.956094,1.938963,1.700100,1.413473,1.786257,0.507640,1.961627,1.922357,1.929144,1.929810,1.954490,1.943093,1.893734,1.946878,1.929316
1.824443,1.324640,0.415347,0.273410,0.455098,0.278951,0.239348,1.053260,0.813289,1.903400,0.354435,1.135558,0.608587,1.682081,0.238694,0.364835,1.247637,1.952778,0.393008,0.229728,0.215768,0.432804,0.262250,0.855769,0.285413,1.917683,0.173007,0.346802,1.923682,0.000000,1.528772,0.238694,0.238711,1.866854,0.228736,0.600102,0.778528,1.777804,0.370055,0.410126,0.258779,1.336040,0.438582,0.202312,0.175532,0.751750,0.248300,0.217389,0.290417,1.725915,1.473929,0.000000,0.248300,1.876068,0.440727,0.492800,1.842204,0.419015,0.407576,0.776638,0.263230,1.967546,0.414463,1.411187,0.238356,0.299542,0.386918,0.578332,1.754868,0.263460,0.173007,0.279383,0.382824,0.207589,0.715746,0.884026,1.819155,0.200120,0.368559,1.950735,0.427323,1.877345,1.976360,0.441532,0.317643,0.304789,0.244762,0.808234,1.486582,0.472400,1.938078,0.388836,0.203539,0.197182,0.207589,0.356257,0.298704,0.291237,0.249335,0.221234
1.597391,1.855752,1.608301,1.456644,1.290619,1.465313,1.480580,1.832908,1.768543,1.185671,1.535274,1.576142,1.366892,1.034308,1.442729,1.612943,1.667478,1.438968,1.454289,1.526835,1.514025,1.378240,1.484228,1.053529,1.436359,1.494060,1.574073,1.564225,1.541533,1.528772,0.000000,1.442729,1.437792,1.040249,1.535321,1.660128,1.810414,1.612282,1.391685,1.366907,1.589928,1.737796,1.307209,1.503473,1.484443,1.702597,1.614076,1.546683,1.515971,1.478372,1.561533,1.528772,1.614076,1.677217,1.498036,1.408002,1.482060,1.713533,1.505117,1.720883,1.501792,1.370921,1.628669,1.693850,1.481388,1.520650,1.394104,1.722493,1.485654,1.457096,1.574073,1.483733,1.534536,1.530814,1.744315,1.701860,1.663343,1.520836,1.471640,1.301472,1.448011,1.486824,1.341055,1.362989,1.432160,1.421969,1.502792,1.721567,1.237061,1.665349,1.451725,1.354611,1.555498,1.537201,1.530814,1.405743,1.444413,1.522660,1.468537,1.535474
1.861863,1.403489,0.568599,0.138148,0.258602,0.161729,0.154040,1.152121,0.894222,1.882274,0.381257,1.114283,0.668185,1.639489,0.000000,0.471387,1.253375,1.955971,0.308823,0.253117,0.216545,0.327196,0.229269,0.716958,0.225733,1.940664,0.359009,0.410953,1.943984,0.238694,1.442729,0.000000,0.214158,1.835293,0.259509,0.686316,0.917662,1.810572,0.235460,0.256453,0.436190,1.409395,0.296114,0.215928,0.207223,0.859536,0.421277,0.353219,0.314886,1.751599,1.515144,0.238694,0.421277,1.911961,0.419708,0.386165,1.874919,0.561900,0.368475,0.907530,0.281558,1.976307,0.524947,1.480029,0.234082,0.317691,0.296317,0.743711,1.772012,0.221608,0.359009,0.258938,0.389111,0.244444,0.855309,0.970305,1.858953,0.184170,0.312056,1.943462,0.372372,1.906259,1.977428,0.328092,0.244781,0.233892,0.237858,0.883108,1.470799,0.625352,1.955723,0.320052,0.260151,0.246815,0.244444,0.273328,0.263735,0.353918,0.218577,0.248463
1.873748,1.428929,0.575811,0.229302,0.341934,0.252315,0.217340,1.169437,0.901215,1.888756,0.364107,1.133769,0.660941,1.653589,0.214158,0.480149,1.270748,1.966371,0.314223,0.222933,0.183337,0.309931,0.171492,0.707451,0.172711,1.942328,0.360210,0.428966,1.950367,0.238711,1.437792,0.214158,0.000000,1.839337,0.234162,0.661138,0.924647,1.830947,0.307702,0.326067,0.439551,1.401876,0.320013,0.170605,0.207296,0.880764,0.420041,0.366098,0.334526,1.759851,1.535620,0.238711,0.420041,1.920074,0.384153,0.395007,1.879653,0.567291,0.355362,0.876650,0.297117,1.971428,0.549131,1.479466,0.214399,0.332881,0.242623,0.738795,1.782702,0.146847,0.360210,0.232813,0.368424,0.212391,0.866301,0.986804,1.858879,0.215812,0.336623,1.947009,0.373303,1.912348,1.980848,0.367947,0.189389,0.158087,0.202288,0.885797,1.480238,0.636862,1.952290,0.193933,0.239103,0.213768,0.212391,0.220941,0.226893,0.396883,0.140404,0.220599
0.959573,1.514965,1.800197,1.854052,1.766136,1.857042,1.863642,1.601485,1.708900,0.481336,1.902057,1.602043,1.696871,0.679116,1.835293,1.799413,1.603239,0.806845,1.852313,1.871021,1.878229,1.808864,1.874656,1.613349,1.843621,0.849867,1.857891,1.782974,0.885143,1.866854,1.040249,1.835293,1.839337,0.000000,1.873120,1.791880,1.757042,1.049717,1.845984,1.836085,1.845241,1.471515,1.803188,1.876321,1.876583,1.694301,1.857943,1.832043,1.894435,0.826614,1.387435,1.866854,1.857943,1.047881,1.885285,1.839429,0.787077,1.864738,1.885866,1.722153,1.881602,0.706765,1.812694,1.281890,1.853644,1.896665,1.830299,1.809156,0.861098,1.865983,1.857891,1.858552,1.895854,1.879889,1.735288,1.600514,1.146743,1.873669,1.878037,0.599447,1.875802,0.911904,0.663054,1.801116,1.836070,1.852366,1.863727,1.751298,1.058034,1.799265,0.780083,1.821038,1.890956,1.886557,1.879889,1.835628,1.843601,1.812888,1.869754,1.894746
1.850865,1.361638,0.560975,0.227647,0.443692,0.238120,0.201793,1.090022,0.814137,1.905911,0.294284,1.064596,0.751015,1.691122,0.259509,0.423761,1.183719,1.958742,0.278272,0.019582,0.161384,0.356667,0.185635,0.808157,0.175557,1.930720,0.332709,0.391860,1.930987,0.228736,1.535321,0.259509,0.234162,1.873120,0.000000,0.605138,0.849788,1.801189,0.353412,0.381439,0.418274,1.347540,0.422031,0.124216,0.211633,0.827515,0.369090,0.353542,0.285030,1.750636,1.513909,0.228736,0.369090,1.879439,0.332509,0.396446,1.869646,0.470614,0.287649,0.834483,0.264164,1.975125,0.482759,1.443095,0.207553,0.269791,0.285585,0.688391,1.777686,0.190401,0.332709,0.216918,0.292406,0.099844,0.818086,0.937102,1.821821,0.161035,0.305025,1.953258,0.345860,1.897056,1.985076,0.384012,0.193046,0.233576,0.071522,0.800723,1.510697,0.599063,1.940864,0.345266,0.123686,0.118378,0.099844,0.257740,0.247739,0.416484,0.180383,0.154322
1.639521,1.162713,0.548678,0.720432,0.871850,0.724139,0.690385,0.813658,0.486223,1.832806,0.714310,1.165914,0.800083,1.647756,0.686316,0.532032,1.211995,1.845962,0.784835,0.611016,0.658690,0.767448,0.691700,1.159181,0.702382,1.765739,0.544772,0.578458,1.791221,0.600102,1.660128,0.686316,0.661138,1.791880,0.605138,0.000000,0.603844,1.583666,0.822671,0.859713,0.529173,0.980706,0.858821,0.645497,0.685862,0.585883,0.514582,0.573450,0.675018,1.522847,1.264008,0.600102,0.514582,1.717451,0.773939,0.869281,1.648996,0.439030,0.777997,0.486245,0.676879,1.853939,0.529708,1.166431,0.619015,0.642622,0.775193,0.534136,1.661881,0.704495,0.544772,0.639584,0.735784,0.622124,0.625435,0.651913,1.690107,0.645303,0.805070,1.869361,0.740699,1.732699,1.887033,0.734672,0.709386,0.736591,0.641756,0.524764,1.308935,0.546825,1.793374,0.760482,0.613426,0.619976,0.622124,0.759000,0.651353,0.574850,0.692808,0.651569
1.420547,0.770279,0.521723,0.953071,1.117034,0.947842,0.919184,0.389224,0.425090,1.742255,0.937639,1.199501,0.885597,1.608394,0.917662,0.570487,1.191133,1.694076,1.037464,0.860518,0.877590,1.071600,0.933073,1.416721,0.973397,1.598690,0.651676,0.669883,1.618843,0.778528,1.810414,0.917662,0.924647,1.757042,0.849788,0.603844,0.000000,1.383963,1.055521,1.093658,0.595921,0.895043,1.115416,0.885720,0.908594,0.405920,0.579461,0.703128,0.891491,1.348355,1.185267,0.778528,0.579461,1.502372,1.023396,1.124955,1.477802,0.451011,1.016212,0.450270,0.915842,1.736816,0.543002,0.962051,0.889944,0.882595,1.058580,0.287570,1.427990,0.960678,0.651676,0.914354,0.963847,0.851160,0.224545,0.455240,1.484019,0.862664,1.019416,1.751622,1.023877,1.545722,1.760134,1.048650,0.988231,1.006207,0.895452,0.649651,1.396494,0.411516,1.649833,1.063546,0.822687,0.842527,0.851160,1.036140,0.950056,0.715266,0.941014,0.866629
0.348133,0.969232,1.602479,1.829644,1.859676,1.826016,1.819340,1.181373,1.390342,0.944578,1.829335,1.571073,1.662202,1.201819,1.810572,1.658500,1.446178,0.710210,1.860539,1.806067,1.813049,1.851759,1.833923,1.882801,1.850098,0.582833,1.715363,1.690094,0.717674,1.777804,1.612282,1.810572,1.830947,1.049717,1.801189,1.583666,1.383963,0.000000,1.862090,1.873818,1.676013,1.035251,1.870350,1.819609,1.822510,1.357314,1.684383,1.712127,1.811299,0.691349,0.704635,1.777804,1.684383,0.617050,1.858728,1.876120,0.558541,1.621208,1.856938,1.418799,1.807097,0.769427,1.627483,0.869186,1.805098,1.811314,1.879144,1.512255,0.741472,1.848560,1.715363,1.810396,1.838332,1.804915,1.424150,1.312932,0.754818,1.806587,1.859054,0.844796,1.852803,0.609295,0.796494,1.808337,1.852007,1.862550,1.819683,1.470555,1.244917,1.562615,0.675070,1.869859,1.789353,1.800230,1.804915,1.872261,1.820896,1.697714,1.841336,1.806578
1.904956,1.479856,0.728954,0.179676,0.247825,0.161797,0.234193,1.280117,1.036912,1.894002,0.331550,1.094115,0.786028,1.670220,0.235460,0.630914,1.240761,1.964451,0.259335,0.344972,0.284479,0.318194,0.256915,0.641419,0.270697,1.955618,0.508615,0.569738,1.954029,0.370055,1.391685,0.235460,0.307702,1.845984,0.353412,0.822671,1.055521,1.862090,0.000000,0.084921,0.589043,1.501474,0.282118,0.293890,0.260629,1.013470,0.570810,0.512476,0.295841,1.816977,1.588321,0.370055,0.570810,1.928426,0.355831,0.302752,1.923022,0.695747,0.316054,1.047544,0.308529,1.977247,0.680382,1.572989,0.315207,0.336629,0.262208,0.887965,1.810287,0.245570,0.508615,0.312511,0.340098,0.331784,1.006456,1.125977,1.878677,0.286500,0.218985,1.951747,0.341390,1.931417,1.973517,0.327018,0.282552,0.232816,0.316896,0.983770,1.533640,0.784932,1.970614,0.314980,0.347285,0.332564,0.331784,0.257723,0.312425,0.526236,0.255315,0.306931
1.916955,1.506373,0.770076,0.205942,0.213402,0.201406,0.262560,1.310661,1.067222,1.882132,0.371476,1.094112,0.809097,1.655185,0.256453,0.668665,1.247366,1.960538,0.262659,0.371556,0.313266,0.311177,0.277141,0.608459,0.278416,1.959927,0.552348,0.602965,1.954165,0.410126,1.366907,0.256453,0.326067,1.836085,0.381439,0.859713,1.093658,1.873818,0.084921,0.000000,0.633063,1.528891,0.267213,0.320397,0.293530,1.050011,0.615325,0.550354,0.356066,1.825275,1.608598,0.410126,0.615325,1.934810,0.366253,0.291767,1.931293,0.738344,0.321563,1.087220,0.351314,1.972943,0.716528,1.595579,0.344235,0.383702,0.253204,0.930775,1.815126,0.260885,0.552348,0.335475,0.363224,0.358882,1.043491,1.156307,1.882225,0.318114,0.218934,1.942585,0.356427,1.935453,1.968723,0.344093,0.286961,0.237348,0.337825,1.023463,1.543679,0.825510,1.969080,0.313198,0.379693,0.363448,0.358882,0.253795,0.333307,0.562571,0.274830,0.337394
1.724646,1.191448,0.185923,0.495837,0.654113,0.496363,0.458976,0.894983,0.690667,1.874959,0.536905,1.207702,0.530172,1.663029,0.436190,0.287180,1.284845,1.905042,0.616233,0.424660,0.428001,0.634089,0.483180,1.029442,0.508773,1.846690,0.105893,0.335154,1.868814,0.258779,1.589928,0.436190,0.439551,1.845241,0.418274,0.529173,0.595921,1.676013,0.589043,0.633063,0.000000,1.207689,0.632734,0.422541,0.416862,0.574552,0.125286,0.191940,0.455978,1.626260,1.356444,0.258779,0.125286,1.806804,0.638801,0.715632,1.743487,0.332049,0.621541,0.598855,0.457145,1.928408,0.305995,1.278308,0.428549,0.456628,0.614088,0.362539,1.682951,0.494528,0.105893,0.471759,0.577382,0.408196,0.507857,0.717990,1.754248,0.409643,0.589770,1.915516,0.608016,1.795640,1.939397,0.610179,0.539504,0.536631,0.453340,0.725726,1.418701,0.248117,1.883631,0.586345,0.389598,0.395106,0.408196,0.583894,0.489779,0.272126,0.475948,0.424941
1.065243,0.895327,1.159148,1.441506,1.530027,1.439111,1.415370,0.809652,0.865661,1.437423,1.391925,1.352194,1.300831,1.399588,1.409395,1.203598,1.256134,1.370737,1.467498,1.354035,1.394056,1.440803,1.423579,1.632270,1.431091,1.212642,1.251817,1.261149,1.322880,1.336040,1.737796,1.409395,1.401876,1.471515,1.347540,0.980706,0.895043,1.035251,1.501474,1.528891,1.207689,0.000000,1.533316,1.385241,1.408156,0.970506,1.208351,1.274630,1.370319,1.015791,0.940390,1.336040,1.208351,1.179020,1.434611,1.531901,1.080818,1.087783,1.456899,0.888727,1.390851,1.382679,1.168623,0.820269,1.349991,1.353756,1.471511,1.013283,1.231993,1.430020,1.251817,1.358205,1.411158,1.365135,0.986114,0.909043,1.212454,1.379294,1.482927,1.437002,1.416622,1.205559,1.426277,1.390312,1.431313,1.453286,1.380702,0.796945,1.015321,1.110926,1.279692,1.459815,1.349828,1.359972,1.365135,1.464545,1.370002,1.278101,1.422579,1.380031
1.919738,1.545260,0.751293,0.294197,0.241546,0.319484,0.312444,1.332857,1.101330,1.868751,0.490461,1.177387,0.722831,1.633435,0.296114,0.675909,1.328722,1.958519,0.359606,0.412765,0.379658,0.362877,0.342369,0.593846,0.312110,1.962003,0.562832,0.609443,1.956750,0.438582,1.307209,0.296114,0.320013,1.803188,0.422031,0.858821,1.115416,1.870350,0.282118,0.267213,0.632734,1.533316,0.000000,0.373633,0.348677,1.042462,0.628094,0.546912,0.455193,1.812030,1.584250,0.438582,0.628094,1.957781,0.489804,0.354207,1.917221,0.778135,0.433571,1.063464,0.411245,1.965304,0.732272,1.596394,0.400013,0.458321,0.304548,0.932480,1.817505,0.314507,0.562832,0.416309,0.493321,0.412506,1.044388,1.149359,1.904103,0.357356,0.385876,1.932767,0.418713,1.937382,1.962849,0.383426,0.323707,0.283363,0.384673,1.057081,1.486708,0.821523,1.962852,0.289051,0.441691,0.419231,0.412506,0.301740,0.381619,0.524920,0.323290,0.409204
1.868632,1.392198,0.569173,0.183525,0.395997,0.203175,0.153928,1.138122,0.866049,1.912363,0.285263,1.088592,0.716885,1.698950,0.215928,0.458011,1.211459,1.966698,0.267520,0.112697,0.098853,0.328098,0.119347,0.769357,0.136455,1.938863,0.332008,0.421117,1.940620,0.202312,1.503473,0.215928,0.170605,1.876321,0.124216,0.645497,0.885720,1.819609,0.293890,0.320397,0.422541,1.385241,0.373633,0.000000,0.147112,0.865674,0.382760,0.350375,0.261335,1.773427,1.527712,0.202312,0.382760,1.896006,0.323552,0.380155,1.886825,0.510283,0.279582,0.866893,0.221129,1.978950,0.515368,1.478727,0.186483,0.257948,0.258937,0.710590,1.790016,0.110134,0.332008,0.194092,0.287381,0.066689,0.842990,0.977284,1.834323,0.141906,0.268198,1.959584,0.338357,1.905634,1.988902,0.376796,0.174379,0.163678,0.097665,0.848667,1.526289,0.616792,1.952140,0.288337,0.099036,0.066670,0.066689,0.227561,0.219463,0.410525,0.098841,0.090852
