0.000000,0.995191,1.640438,1.870967,1.892759,1.865460,1.863878,1.200251,1.452248,0.834042,1.858924,1.604470,1.698121,1.106686,1.851568,1.682954,1.492370,0.606761,1.898844,1.846800,1.857030,1.891349,1.877759,1.895165,1.887319,0.551750,1.751447,1.715250,0.620030,1.816354,1.592374,1.851568,1.873133,0.958314,1.842189,1.657398,1.414016,0.349440,1.896329,1.908190,1.713421,1.128122,1.912670,1.861559,1.865277,1.419120,1.720114,1.755676,1.845380,0.615607,0.914049,1.816354,1.720114,0.545041,1.889223,1.915840,0.422088,1.664730,1.893701,1.493498,1.855230,0.664823,1.665772,0.942577,1.846880,1.847753,1.911987,1.546163,0.691475,1.888888,1.751447,1.853055,1.872970,1.848212,1.450293,1.343684,0.712675,1.850459,1.895043,0.732729,1.891271,0.522071,0.687341,1.860099,1.888452,1.900926,1.859165,1.536259,1.246189,1.598720,0.581933,1.909953,1.835520,1.845085,1.848212,1.906887,1.864500,1.743595,1.883722,1.853420
0.995191,0.000000,1.137140,1.422080,1.531965,1.414746,1.402160,0.609851,0.884919,1.452050,1.414665,1.235523,1.375695,1.463430,1.407323,1.147786,1.148756,1.297254,1.471632,1.373357,1.382373,1.507336,1.422994,1.719634,1.457672,1.207299,1.240434,1.210124,1.171431,1.331545,1.848078,1.407323,1.440259,1.505648,1.364772,1.193635,0.779203,0.972974,1.488098,1.512775,1.199304,0.931031,1.549167,1.398712,1.412613,0.922075,1.187257,1.276949,1.377046,1.034059,1.077529,1.331545,1.187257,1.031690,1.467638,1.539041,1.118758,1.074681,1.457239,1.023440,1.396911,1.375284,1.109888,0.797475,1.398476,1.378370,1.508567,0.972649,1.046047,1.451985,1.240434,1.401955,1.427199,1.365920,0.867672,0.883747,1.118983,1.370883,1.464839,1.413242,1.480240,1.174345,1.384948,1.477978,1.465974,1.486390,1.397366,1.050096,1.435651,1.053420,1.274069,1.533549,1.343080,1.361426,1.365920,1.493043,1.435734,1.272231,1.436630,1.373017
1.640438,1.137140,0.000000,0.641451,0.771993,0.636116,0.608948,0.813524,0.627860,1.842864,0.668457,1.292810,0.480639,1.652302,0.574877,0.321314,1.346000,1.853709,0.762841,0.573413,0.571640,0.751819,0.627549,1.125647,0.649691,1.789100,0.272510,0.385748,1.820525,0.415959,1.620319,0.574877,0.584587,1.800756,0.567553,0.503627,0.517245,1.590456,0.725320,0.768112,0.185084,1.060897,0.768219,0.569527,0.569375,0.458166,0.252858,0.272517,0.602228,1.561634,1.260392,0.415959,0.252858,1.760993,0.773960,0.846200,1.667653,0.398990,0.759116,0.519944,0.599312,1.878568,0.355132,1.153032,0.560536,0.608103,0.757322,0.284774,1.645908,0.641253,0.272510,0.606983,0.710847,0.555572,0.385972,0.600808,1.723014,0.560368,0.730319,1.875107,0.753863,1.748479,1.896913,0.736761,0.679162,0.679584,0.599000,0.708294,1.339379,0.127654,1.825375,0.729203,0.536924,0.544064,0.555572,0.729068,0.618766,0.355080,0.624481,0.573672
1.870967,1.422080,0.641451,0.000000,0.278975,0.077305,0.087183,1.180224,0.909381,1.899138,0.334870,1.067991,0.766844,1.679433,0.138778,0.514466,1.202086,1.957536,0.234124,0.223838,0.188609,0.307833,0.194608,0.702447,0.196108,1.948416,0.413002,0.455165,1.940450,0.281044,1.466792,0.138778,0.278938,1.853178,0.229298,0.707254,0.952436,1.822101,0.182830,0.206270,0.500068,1.389746,0.300083,0.197909,0.189531,0.908956,0.465910,0.418193,0.282045,1.785502,1.532499,0.281044,0.465910,1.906928,0.349237,0.304097,1.900416,0.582307,0.299046,0.958324,0.236593,1.978230,0.575664,1.503588,0.242791,0.298763,0.262602,0.792870,1.801162,0.201498,0.413002,0.250704,0.332743,0.217540,0.912954,1.019917,1.858350,0.154448,0.250009,1.951979,0.361386,1.919800,1.981840,0.305928,0.217895,0.218012,0.201277,0.881568,1.505465,0.687979,1.957887,0.368138,0.234774,0.225561,0.217540,0.234833,0.263246,0.435878,0.200559,0.213623
1.892759,1.531965,0.771993,0.278975,0.000000,0.296687,0.332371,1.311307,1.059701,1.835869,0.510891,1.145871,0.761749,1.582537,0.259338,0.664669,1.306742,1.941336,0.358618,0.435924,0.404592,0.325942,0.383271,0.530872,0.327664,1.956994,0.586036,0.578878,1.953858,0.460219,1.301920,0.259338,0.375553,1.765387,0.446346,0.858128,1.116249,1.851861,0.250589,0.215130,0.657440,1.483768,0.244712,0.403807,0.381365,1.027517,0.649856,0.559996,0.483177,1.781119,1.578272,0.460219,0.649856,1.948824,0.491034,0.358504,1.898859,0.785152,0.453889,1.096552,0.444148,1.952243,0.740166,1.552000,0.397372,0.496911,0.316172,0.955210,1.789426,0.359112,0.586036,0.404058,0.502652,0.441124,1.051666,1.120022,1.906652,0.389576,0.387194,1.910269,0.465423,1.934154,1.948697,0.352969,0.327143,0.327168,0.400657,1.029266,1.437556,0.834052,1.949550,0.390857,0.471263,0.452240,0.441124,0.311457,0.382254,0.543641,0.371812,0.444680
1.865460,1.414746,0.636116,0.077305,0.296687,0.000000,0.133468,1.173661,0.907773,1.901193,0.314270,1.078974,0.768009,1.686627,0.164985,0.506753,1.208991,1.955664,0.235241,0.232469,0.191774,0.315743,0.195413,0.722840,0.214009,1.944241,0.410830,0.448434,1.938565,0.281850,1.475204,0.164985,0.293248,1.856014,0.236917,0.708998,0.947161,1.819163,0.161159,0.199771,0.496200,1.385280,0.328254,0.209880,0.197749,0.903422,0.462317,0.413649,0.263293,1.789589,1.531460,0.281850,0.462317,1.902761,0.345002,0.314071,1.900209,0.584349,0.290007,0.953306,0.240165,1.977093,0.577136,1.490779,0.243858,0.299023,0.271963,0.788430,1.802839,0.210213,0.410830,0.251536,0.314415,0.228853,0.905989,1.014309,1.857281,0.176606,0.228125,1.952831,0.371457,1.918329,1.979741,0.318692,0.232767,0.227505,0.210213,0.879179,1.508335,0.680797,1.956803,0.377274,0.239103,0.235170,0.228853,0.249728,0.270130,0.448660,0.210405,0.218213
1.863878,1.402160,0.608948,0.087183,0.332371,0.133468,0.000000,1.157907,0.884740,1.907363,0.334421,1.070227,0.749055,1.692905,0.154817,0.493544,1.196865,1.959177,0.247740,0.199343,0.165339,0.328587,0.181183,0.737059,0.198482,1.943076,0.377330,0.445191,1.935336,0.247869,1.490742,0.154817,0.264320,1.863331,0.203692,0.674277,0.918243,1.812038,0.236817,0.263000,0.464717,1.360872,0.317961,0.169771,0.157942,0.882920,0.428254,0.389411,0.268485,1.778732,1.513299,0.247869,0.428254,1.898905,0.358368,0.332279,1.893581,0.542185,0.301229,0.922626,0.196622,1.980131,0.540156,1.492733,0.229293,0.275818,0.282304,0.753146,1.798997,0.191136,0.377330,0.243276,0.334503,0.184282,0.881009,1.000281,1.846682,0.106277,0.272665,1.955751,0.363890,1.913059,1.984986,0.320795,0.227011,0.220890,0.185399,0.853739,1.505926,0.654685,1.956143,0.370962,0.197891,0.188899,0.184282,0.251183,0.256588,0.409755,0.183953,0.180498
1.200251,0.609851,0.813524,1.180224,1.311307,1.173661,1.157907,0.000000,0.470054,1.563209,1.184909,1.192620,1.122941,1.468099,1.152245,0.805284,1.154994,1.515015,1.245727,1.101431,1.130117,1.271088,1.178785,1.550917,1.205288,1.423990,0.945448,0.878951,1.430329,1.057026,1.833352,1.152245,1.182667,1.595839,1.090753,0.840716,0.395262,1.173088,1.282122,1.311619,0.898830,0.784841,1.336870,1.141998,1.167272,0.543233,0.878686,0.967688,1.150348,1.138690,1.118632,1.057026,0.878686,1.302659,1.240873,1.329074,1.280297,0.750160,1.234459,0.677511,1.164358,1.571608,0.773653,0.777287,1.133378,1.142262,1.277347,0.645904,1.249703,1.206887,0.945448,1.151776,1.194556,1.105209,0.501304,0.425036,1.318328,1.112425,1.246862,1.574053,1.261103,1.365875,1.599003,1.242536,1.211622,1.244634,1.130600,0.794492,1.339885,0.712130,1.464072,1.301091,1.082409,1.103782,1.105209,1.260000,1.184247,0.982943,1.190890,1.126233
1.452248,0.884919,0.627860,0.909381,1.059701,0.907773,0.884740,0.470054,0.000000,1.711708,0.924158,1.115472,0.968923,1.556716,0.881440,0.566542,1.126107,1.711341,0.966531,0.800683,0.842092,0.971265,0.889497,1.335885,0.910692,1.624747,0.700778,0.629500,1.643316,0.796210,1.767421,0.881440,0.889440,1.712062,0.791391,0.499916,0.418226,1.400930,1.027292,1.057214,0.671834,0.834882,1.089674,0.849648,0.898530,0.473137,0.639620,0.713767,0.885668,1.345800,1.203656,0.796210,0.639620,1.537376,0.960618,1.070851,1.495318,0.527226,0.953860,0.493971,0.893859,1.755834,0.540907,0.952520,0.833978,0.861681,0.991623,0.532874,1.462659,0.917725,0.700778,0.843613,0.920833,0.809887,0.486649,0.397401,1.516364,0.837839,0.983426,1.742970,0.977347,1.577236,1.782120,0.955780,0.914904,0.956441,0.830277,0.586884,1.337407,0.551780,1.665807,1.008549,0.789869,0.810148,0.809887,0.973621,0.879310,0.758377,0.901667,0.837269
0.834042,1.452050,1.842864,1.899138,1.835869,1.901193,1.907363,1.563209,1.711708,0.000000,1.926740,1.570055,1.786118,0.581102,1.885758,1.843032,1.540839,0.633139,1.899137,1.912711,1.917654,1.870094,1.916091,1.696616,1.898778,0.688851,1.895375,1.836528,0.753952,1.909584,1.179090,1.885758,1.895220,0.470311,1.913343,1.840352,1.745397,0.935666,1.897490,1.885519,1.881434,1.471545,1.874086,1.918299,1.917481,1.718671,1.889799,1.880044,1.926818,0.828010,1.367736,1.909584,1.889799,0.855383,1.911311,1.894284,0.734324,1.875175,1.916994,1.745334,1.921320,0.584482,1.829058,1.301433,1.906917,1.922765,1.885729,1.822395,0.828245,1.911483,1.895375,1.903821,1.923548,1.918376,1.748523,1.631997,0.846396,1.913497,1.912366,0.287495,1.902451,0.661540,0.533656,1.852383,1.890719,1.902228,1.907918,1.763976,1.186961,1.828186,0.633268,1.878752,1.923449,1.923479,1.918376,1.893475,1.900945,1.872286,1.915201,1.927564
1.858924,1.414665,0.668457,0.334870,0.510891,0.314270,0.334421,1.184909,0.924158,1.926740,0.000000,1.097656,0.833613,1.742704,0.394717,0.567883,1.198594,1.958691,0.325497,0.287184,0.275245,0.382767,0.279249,0.816268,0.314092,1.932232,0.446992,0.544701,1.936239,0.345753,1.541130,0.394717,0.366969,1.898844,0.287345,0.694294,0.938569,1.826894,0.334535,0.376832,0.522732,1.334137,0.503396,0.276678,0.296096,0.944932,0.484298,0.482265,0.215779,1.810114,1.543138,0.345753,0.484298,1.876422,0.205105,0.397201,1.903209,0.573288,0.277652,0.935128,0.335108,1.969541,0.627748,1.502094,0.300090,0.267582,0.353456,0.776117,1.815929,0.283780,0.446992,0.296080,0.161116,0.287329,0.922457,1.064225,1.829328,0.296543,0.251213,1.959259,0.307617,1.910867,1.974935,0.442053,0.327710,0.309175,0.288240,0.844975,1.528218,0.708085,1.941120,0.420964,0.284660,0.282536,0.287329,0.343340,0.314672,0.562446,0.284503,0.266661
1.604470,1.235523,1.292810,1.067991,1.145871,1.078974,1.070227,1.192620,1.115472,1.570055,1.097656,0.000000,1.478823,1.447646,1.120883,1.168616,0.282233,1.629473,1.025376,1.077068,1.102840,1.108840,1.103444,1.188548,1.102508,1.593090,1.187330,1.168109,1.547724,1.150752,1.574718,1.120883,1.160858,1.592360,1.073656,1.199467,1.207007,1.561920,1.110075,1.107628,1.221489,1.370792,1.178553,1.106482,1.122787,1.280734,1.179315,1.217744,1.082638,1.491040,1.573345,1.150752,1.179315,1.458857,1.049481,1.084480,1.641590,1.088680,1.048922,1.332488,1.099429,1.654323,1.106771,1.494037,1.116471,1.081420,1.107500,1.257144,1.458302,1.114776,1.187330,1.092003,1.066283,1.081423,1.290396,1.297872,1.451661,1.077719,1.085667,1.618068,1.108865,1.562138,1.653021,1.015913,1.092576,1.127790,1.079072,1.102198,1.639024,1.263533,1.601786,1.186777,1.084536,1.092410,1.081423,1.104654,1.111945,1.238803,1.111976,1.092964
1.698121,1.375695,0.480639,0.766844,0.761749,0.768009,0.749055,1.122941,0.968923,1.786118,0.833613,1.478823,0.000000,1.584511,0.680801,0.661928,1.551500,1.839112,0.879478,0.759229,0.734860,0.799466,0.754395,1.016927,0.745913,1.784064,0.569803,0.659049,1.849658,0.610577,1.381526,0.680801,0.655219,1.699726,0.763081,0.742318,0.881713,1.650596,0.785217,0.811176,0.533169,1.197860,0.746390,0.718183,0.691774,0.776209,0.606503,0.519322,0.774983,1.587669,1.292019,0.610577,0.606503,1.837778,0.907973,0.929103,1.659878,0.765071,0.902413,0.778212,0.733908,1.838159,0.695661,1.254581,0.697340,0.783407,0.815951,0.673711,1.666181,0.738623,0.569803,0.741905,0.871828,0.738823,0.726775,0.871738,1.798922,0.742056,0.851215,1.832960,0.853496,1.764744,1.853035,0.811576,0.772539,0.746182,0.760644,0.971303,1.216663,0.572748,1.813820,0.724036,0.742596,0.729194,0.738823,0.797319,0.716894,0.540157,0.731747,0.749521
1.106686,1.463430,1.652302,1.679433,1.582537,1.686627,1.692905,1.468099,1.556716,0.581102,1.742704,1.447646,1.584511,0.000000,1.651273,1.630911,1.497765,1.049827,1.698626,1.704940,1.714831,1.643540,1.713901,1.458061,1.676791,1.089847,1.688724,1.610693,1.157213,1.697632,1.030879,1.651273,1.671178,0.660048,1.706944,1.661346,1.616259,1.184554,1.682931,1.667501,1.679247,1.419110,1.645888,1.714265,1.710511,1.561413,1.690404,1.676025,1.730795,0.886375,1.405511,1.697632,1.690404,1.227483,1.725559,1.693598,1.004326,1.696833,1.738972,1.609987,1.728837,1.028503,1.620284,1.307691,1.693231,1.723244,1.660034,1.660477,0.964261,1.704472,1.688724,1.690127,1.746063,1.716054,1.599534,1.475697,1.214781,1.702560,1.723103,0.823457,1.695691,1.030694,0.990816,1.609023,1.665475,1.690000,1.697148,1.609754,1.044985,1.647604,1.036540,1.660981,1.730471,1.726107,1.716054,1.668528,1.682640,1.648387,1.710182,1.736842
1.851568,1.407323,0.574877,0.138778,0.259338,0.164985,0.154817,1.152245,0.881440,1.885758,0.394717,1.120883,0.680801,1.651273,0.000000,0.473451,1.252008,1.952624,0.314933,0.256195,0.231872,0.334144,0.251899,0.718271,0.233513,1.940758,0.364677,0.412438,1.940781,0.247912,1.453252,0.000000,0.264625,1.834665,0.261700,0.672298,0.916473,1.802372,0.238832,0.257734,0.441842,1.355433,0.300835,0.229368,0.216870,0.855528,0.425112,0.363146,0.321252,1.755778,1.497007,0.247912,0.425112,1.908906,0.422839,0.382613,1.874474,0.559927,0.379386,0.919974,0.285549,1.973258,0.531188,1.471246,0.243101,0.325369,0.313551,0.744535,1.786164,0.246240,0.364677,0.267128,0.401485,0.251644,0.860112,0.969199,1.861609,0.187313,0.326908,1.943684,0.392329,1.907577,1.976632,0.324186,0.257759,0.260120,0.242242,0.854789,1.450434,0.629755,1.951795,0.378835,0.268258,0.255761,0.251644,0.285096,0.271427,0.354601,0.243659,0.259919
1.682954,1.147786,0.321314,0.514466,0.664669,0.506753,0.493544,0.805284,0.566542,1.843032,0.567883,1.168616,0.661928,1.630911,0.473451,0.000000,1.251762,1.878636,0.625664,0.435393,0.445993,0.626635,0.506607,1.026543,0.525296,1.833929,0.270694,0.123295,1.840803,0.368136,1.622370,0.473451,0.505107,1.797740,0.427209,0.514256,0.570144,1.648199,0.627689,0.665740,0.288596,1.128659,0.687572,0.461199,0.498131,0.517612,0.222580,0.292237,0.525226,1.597740,1.383135,0.368136,0.222580,1.780765,0.651223,0.713019,1.728060,0.360229,0.628970,0.617670,0.532930,1.903204,0.340436,1.200729,0.456506,0.530298,0.627274,0.426452,1.647462,0.534098,0.270694,0.494830,0.593504,0.434409,0.504592,0.607870,1.752198,0.443406,0.612729,1.888540,0.659705,1.795276,1.920177,0.639471,0.543397,0.573776,0.458150,0.707022,1.389759,0.308444,1.850829,0.660113,0.419329,0.434516,0.434409,0.600737,0.519896,0.358216,0.516496,0.463165
1.492370,1.148756,1.346000,1.202086,1.306742,1.208991,1.196865,1.154994,1.126107,1.540839,1.198594,0.282233,1.551500,1.497765,1.252008,1.251762,0.000000,1.539169,1.164868,1.189270,1.218469,1.250465,1.224649,1.357546,1.235607,1.474689,1.268392,1.269689,1.436683,1.253963,1.664431,1.252008,1.288264,1.595899,1.183892,1.244377,1.195602,1.441519,1.247083,1.251561,1.290295,1.285381,1.323810,1.219718,1.237626,1.295698,1.250658,1.302103,1.182641,1.441410,1.490086,1.253963,1.250658,1.310061,1.167323,1.229038,1.550629,1.138399,1.169954,1.340358,1.203742,1.571743,1.176719,1.439456,1.231950,1.180091,1.251877,1.276286,1.410711,1.238923,1.268392,1.209995,1.175038,1.191431,1.300571,1.311148,1.304061,1.197073,1.209304,1.553708,1.224495,1.441631,1.577806,1.153371,1.229824,1.258592,1.198100,1.098743,1.661160,1.306410,1.501339,1.319156,1.185313,1.197302,1.191431,1.245959,1.233799,1.335172,1.234016,1.197605
0.606761,1.297254,1.853709,1.957536,1.941336,1.955664,1.959177,1.515015,1.711341,0.633139,1.958691,1.629473,1.839112,1.049827,1.952624,1.878636,1.539169,0.000000,1.958987,1.958134,1.959152,1.957337,1.963993,1.876275,1.968099,0.516547,1.921583,1.893233,0.403631,1.950427,1.431078,1.952624,1.965219,0.803495,1.956624,1.857806,1.692918,0.716198,1.961643,1.957744,1.901106,1.427575,1.955934,1.964633,1.965641,1.712986,1.905111,1.917085,1.960510,0.827828,1.230834,1.950427,1.905111,0.544860,1.954183,1.957624,0.601372,1.867562,1.954494,1.738197,1.960371,0.404830,1.862876,1.259164,1.960245,1.959709,1.962693,1.794003,0.771920,1.969448,1.921583,1.960017,1.953681,1.958256,1.715938,1.642493,0.731585,1.957422,1.956976,0.463165,1.962578,0.577874,0.328679,1.947493,1.964009,1.970458,1.960568,1.777559,1.356438,1.826674,0.432582,1.967268,1.953749,1.958380,1.958256,1.964332,1.964468,1.911413,1.968739,1.958992
1.898844,1.471632,0.762841,0.234124,0.358618,0.235241,0.247740,1.245727,0.966531,1.899137,0.325497,1.025376,0.879478,1.698626,0.314933,0.625664,1.164868,1.958987,0.000000,0.271554,0.270612,0.252315,0.236806,0.671949,0.228662,1.958090,0.536667,0.570464,1.938749,0.397183,1.464914,0.314933,0.328738,1.853855,0.279146,0.760417,1.036755,1.855993,0.264879,0.267695,0.621618,1.413608,0.364975,0.273510,0.286213,1.013974,0.583121,0.538046,0.335268,1.816101,1.594737,0.397183,0.583121,1.903649,0.268864,0.250973,1.923364,0.663380,0.155147,1.020991,0.318318,1.972579,0.681057,1.548191,0.296301,0.343060,0.225523,0.892810,1.822884,0.231077,0.536667,0.271460,0.267134,0.291516,1.015793,1.105623,1.858209,0.267990,0.230571,1.948510,0.337937,1.935600,1.974140,0.340480,0.217852,0.226938,0.242969,0.911557,1.531943,0.803002,1.955458,0.347460,0.310911,0.303267,0.291516,0.223870,0.278794,0.592238,0.241664,0.282072
1.846800,1.373357,0.573413,0.223838,0.435924,0.232469,0.199343,1.101431,0.800683,1.912711,0.287184,1.077068,0.759229,1.704940,0.256195,0.435393,1.189270,1.958134,0.271554,0.000000,0.151821,0.326508,0.180367,0.798296,0.159767,1.932601,0.341169,0.401937,1.932062,0.230945,1.538923,0.256195,0.245322,1.872768,0.020032,0.573339,0.857262,1.799001,0.341674,0.368933,0.428281,1.282101,0.424250,0.114132,0.205887,0.833753,0.378333,0.363512,0.276819,1.760976,1.500319,0.230945,0.378333,1.882653,0.312855,0.377158,1.874466,0.474149,0.275436,0.841826,0.259835,1.973853,0.501433,1.434172,0.182322,0.263496,0.277558,0.696116,1.796905,0.184296,0.341169,0.186291,0.281882,0.092212,0.831872,0.944821,1.832302,0.155098,0.299093,1.956880,0.337666,1.905496,1.985629,0.369582,0.181166,0.227078,0.054920,0.765782,1.484523,0.611845,1.940078,0.363831,0.121627,0.112687,0.092212,0.248583,0.216400,0.421280,0.177316,0.147156
1.857030,1.382373,0.571640,0.188609,0.404592,0.191774,0.165339,1.130117,0.842092,1.917654,0.275245,1.102840,0.734860,1.714831,0.231872,0.445993,1.218469,1.959152,0.270612,0.151821,0.000000,0.320066,0.082108,0.783812,0.179141,1.933545,0.335937,0.406375,1.933406,0.214894,1.521586,0.231872,0.197861,1.878502,0.157863,0.631088,0.878167,1.810697,0.288752,0.317757,0.427989,1.334245,0.391392,0.094775,0.165213,0.859209,0.379675,0.352995,0.253269,1.781712,1.516595,0.214894,0.379675,1.890450,0.305854,0.366081,1.891382,0.509667,0.263634,0.858257,0.238988,1.977336,0.524819,1.461515,0.181334,0.261643,0.272326,0.708511,1.792970,0.128397,0.335937,0.190008,0.264959,0.112978,0.840070,0.971007,1.837348,0.135783,0.246285,1.959907,0.346006,1.909811,1.986155,0.390264,0.207161,0.182392,0.137514,0.834365,1.517270,0.613543,1.950485,0.325696,0.108874,0.104365,0.112978,0.243495,0.221837,0.420143,0.105509,0.073374
1.891349,1.507336,0.751819,0.307833,0.325942,0.315743,0.328587,1.271088,0.971265,1.870094,0.382767,1.108840,0.799466,1.643540,0.334144,0.626635,1.250465,1.957337,0.252315,0.326508,0.320066,0.000000,0.280499,0.614432,0.236579,1.951404,0.545852,0.558425,1.957723,0.419490,1.388193,0.334144,0.287025,1.812164,0.338664,0.740204,1.067321,1.852536,0.319734,0.316152,0.622616,1.390594,0.360897,0.312344,0.334237,1.008924,0.599295,0.528966,0.408342,1.789264,1.568436,0.419490,0.599295,1.931670,0.327763,0.344203,1.900337,0.709378,0.310772,0.992230,0.389884,1.967709,0.707858,1.511843,0.267413,0.413957,0.226187,0.909288,1.801088,0.252075,0.545852,0.227649,0.346989,0.347829,1.027280,1.093496,1.881429,0.344689,0.318226,1.929510,0.351834,1.935620,1.964443,0.337037,0.215724,0.221662,0.290060,0.929057,1.446847,0.808434,1.950772,0.256619,0.376474,0.358744,0.347829,0.236870,0.195896,0.592652,0.269254,0.349800
1.877759,1.422994,0.627549,0.194608,0.383271,0.195413,0.181183,1.178785,0.889497,1.916091,0.279249,1.103444,0.754395,1.713901,0.251899,0.506607,1.224649,1.963993,0.236806,0.180367,0.082108,0.280499,0.000000,0.746400,0.156803,1.941099,0.396966,0.462637,1.940698,0.265319,1.491459,0.251899,0.178464,1.875124,0.190467,0.660431,0.934334,1.832501,0.267767,0.288275,0.486057,1.363362,0.359539,0.122169,0.174347,0.912911,0.444130,0.404984,0.268633,1.801440,1.539508,0.265319,0.444130,1.903985,0.284826,0.331132,1.907277,0.568537,0.234276,0.896464,0.244845,1.978966,0.578358,1.488853,0.194892,0.277659,0.222373,0.766900,1.809372,0.080867,0.396966,0.189178,0.255757,0.157771,0.896977,1.019946,1.849221,0.174970,0.223576,1.959592,0.325577,1.920855,1.986715,0.373731,0.175539,0.127371,0.149939,0.871842,1.525856,0.673633,1.955783,0.272004,0.167433,0.156060,0.157771,0.200772,0.208982,0.472693,0.060557,0.119648
1.895165,1.719634,1.125647,0.702447,0.530872,0.722840,0.737059,1.550917,1.335885,1.696616,0.816268,1.188548,1.016927,1.458061,0.718271,1.026543,1.357546,1.876275,0.671949,0.798296,0.783812,0.614432,0.746400,0.000000,0.684526,1.901703,0.969685,0.946179,1.918646,0.858281,1.062197,0.718271,0.715540,1.613833,0.808821,1.148108,1.416492,1.879546,0.645261,0.612107,1.032131,1.604958,0.588796,0.772851,0.763519,1.324693,1.022531,0.933501,0.827103,1.771907,1.682682,0.858281,1.022531,1.937996,0.747912,0.623904,1.867130,1.122825,0.747140,1.356753,0.797491,1.852234,1.088198,1.676804,0.768094,0.829181,0.626926,1.280433,1.774694,0.710885,0.969685,0.756893,0.797565,0.808383,1.368583,1.383820,1.879606,0.785529,0.729418,1.788493,0.730828,1.896676,1.848084,0.640082,0.671099,0.665897,0.765073,1.254789,1.375275,1.186415,1.877827,0.635978,0.841545,0.819538,0.808383,0.643527,0.725265,0.923498,0.726811,0.811769
1.887319,1.457672,0.649691,0.196108,0.327664,0.214009,0.198482,1.205288,0.910692,1.898778,0.314092,1.102508,0.745913,1.676791,0.233513,0.525296,1.235607,1.968099,0.228662,0.159767,0.179141,0.236579,0.156803,0.684526,0.000000,1.953878,0.422959,0.469925,1.954299,0.284425,1.449346,0.233513,0.186473,1.845843,0.177230,0.663729,0.970735,1.843746,0.266149,0.276150,0.510068,1.362095,0.326699,0.133898,0.201615,0.928371,0.477371,0.424150,0.314527,1.789097,1.549564,0.284425,0.477371,1.922818,0.306951,0.315802,1.901607,0.601617,0.267267,0.927164,0.276523,1.976711,0.597710,1.490188,0.199786,0.312414,0.167615,0.799374,1.814892,0.117614,0.422959,0.193343,0.302190,0.168606,0.928054,1.031416,1.870369,0.206246,0.264034,1.952643,0.320277,1.930948,1.984359,0.328737,0.067809,0.120863,0.114172,0.869597,1.478007,0.703697,1.953956,0.262863,0.218289,0.189326,0.168606,0.140606,0.186802,0.472590,0.134363,0.203442
0.551750,1.207299,1.789100,1.948416,1.956994,1.944241,1.943076,1.423990,1.624747,0.688851,1.932232,1.593090,1.784064,1.089847,1.940758,1.833929,1.474689,0.516547,1.958090,1.932601,1.933545,1.951404,1.941099,1.901703,1.953878,0.000000,1.873309,1.858827,0.490046,1.916373,1.480929,1.940758,1.937105,0.847224,1.930248,1.773605,1.600073,0.609363,1.955446,1.959775,1.845005,1.266094,1.962484,1.937001,1.940992,1.634577,1.850845,1.872370,1.921631,0.774738,1.130687,1.916373,1.850845,0.461618,1.943306,1.965045,0.532488,1.807131,1.950498,1.617838,1.928905,0.499805,1.796575,1.146004,1.932617,1.921377,1.962914,1.707995,0.747566,1.947710,1.873309,1.933401,1.935927,1.928995,1.630145,1.565579,0.569768,1.936431,1.949766,0.548546,1.943177,0.361901,0.504286,1.923995,1.954394,1.954332,1.938844,1.660450,1.311167,1.757069,0.473334,1.942997,1.920248,1.926217,1.928995,1.962150,1.939219,1.875663,1.943748,1.928258
1.751447,1.240434,0.272510,0.413002,0.586036,0.410830,0.377330,0.945448,0.700778,1.895375,0.446992,1.187330,0.569803,1.688724,0.364677,0.270694,1.268392,1.921583,0.536667,0.341169,0.335937,0.545852,0.396966,0.969685,0.422959,1.873309,0.000000,0.298867,1.889368,0.174348,1.584759,0.364677,0.379168,1.857971,0.335654,0.513162,0.650010,1.706871,0.505660,0.550431,0.105933,1.174243,0.575866,0.333100,0.335503,0.627307,0.095252,0.168758,0.373044,1.674581,1.385545,0.174348,0.095252,1.832261,0.548603,0.627244,1.784899,0.334892,0.533185,0.663963,0.386511,1.943962,0.330590,1.309866,0.338170,0.380339,0.534131,0.429717,1.727427,0.410648,0.000000,0.383399,0.489698,0.319343,0.581322,0.768548,1.784541,0.323162,0.501098,1.933766,0.530651,1.833915,1.956154,0.540501,0.456411,0.455054,0.366945,0.712356,1.423437,0.324700,1.902572,0.535832,0.302237,0.307287,0.319343,0.502640,0.402062,0.263320,0.393360,0.336476
1.715250,1.210124,0.385748,0.455165,0.578878,0.448434,0.445191,0.878951,0.629500,1.836528,0.544701,1.168109,0.659049,1.610693,0.412438,0.123295,1.269689,1.893233,0.570464,0.401937,0.406375,0.558425,0.462637,0.946179,0.469925,1.858827,0.298867,0.000000,1.864668,0.350754,1.573806,0.412438,0.458197,1.781108,0.395974,0.559827,0.668820,1.679922,0.566618,0.599940,0.337045,1.189919,0.621503,0.425101,0.459481,0.582445,0.283319,0.289325,0.509133,1.620406,1.417649,0.350754,0.283319,1.815332,0.615816,0.649373,1.754221,0.433418,0.588590,0.689721,0.502484,1.914420,0.395275,1.237684,0.411696,0.516588,0.565572,0.530014,1.660541,0.486690,0.298867,0.451543,0.564922,0.406682,0.596945,0.660460,1.786103,0.406311,0.564829,1.891583,0.624633,1.823855,1.928846,0.583314,0.484930,0.518627,0.415711,0.756513,1.381552,0.395432,1.870883,0.606245,0.399056,0.410656,0.406682,0.541168,0.471545,0.342004,0.472160,0.435995
0.620030,1.171431,1.820525,1.940450,1.953858,1.938565,1.935336,1.430329,1.643316,0.753952,1.936239,1.547724,1.849658,1.157213,1.940781,1.840803,1.436683,0.403631,1.938749,1.932062,1.933406,1.957723,1.940698,1.918646,1.954299,0.490046,1.889368,1.864668,0.000000,1.923309,1.537166,1.940781,1.949818,0.885463,1.929217,1.807199,1.617298,0.717559,1.953387,1.953290,1.868235,1.388853,1.951961,1.940914,1.942831,1.667640,1.867044,1.892556,1.929600,0.824356,1.253879,1.923309,1.867044,0.391965,1.936467,1.945592,0.619714,1.812572,1.930422,1.671755,1.930415,0.493053,1.817325,1.237888,1.938997,1.927145,1.955258,1.738625,0.786368,1.950097,1.889368,1.940021,1.930054,1.929389,1.656304,1.589873,0.615274,1.929800,1.937904,0.587726,1.948488,0.513674,0.468429,1.944621,1.953417,1.956840,1.938305,1.715936,1.444581,1.784784,0.513390,1.960113,1.921965,1.928925,1.929389,1.953781,1.948072,1.889855,1.947281,1.929544
1.816354,1.331545,0.415959,0.281044,0.460219,0.281850,0.247869,1.057026,0.796210,1.909584,0.345753,1.150752,0.610577,1.697632,0.247912,0.368136,1.253963,1.950427,0.397183,0.230945,0.214894,0.419490,0.265319,0.858281,0.284425,1.916373,0.174348,0.350754,1.923309,0.000000,1.538966,0.247912,0.258657,1.867498,0.230469,0.567233,0.777037,1.771729,0.368739,0.409716,0.259832,1.265976,0.451615,0.202498,0.177170,0.749740,0.249204,0.217636,0.283963,1.734752,1.456158,0.000000,0.249204,1.876294,0.429716,0.486454,1.844031,0.417824,0.403671,0.777138,0.265642,1.966057,0.423326,1.394099,0.225373,0.297793,0.391652,0.576107,1.772226,0.267493,0.174348,0.266866,0.374942,0.207901,0.718571,0.884973,1.825620,0.202017,0.366707,1.952688,0.426585,1.883131,1.976199,0.438302,0.319270,0.309083,0.244688,0.772209,1.459606,0.473164,1.935252,0.413680,0.203973,0.197628,0.207901,0.360692,0.284286,0.298302,0.254976,0.221286
1.592374,1.848078,1.620319,1.466792,1.301920,1.475204,1.490742,1.833352,1.767421,1.179090,1.541130,1.574718,1.381526,1.030879,1.453252,1.622370,1.664431,1.431078,1.464914,1.538923,1.521586,1.388193,1.491459,1.062197,1.449346,1.480929,1.584759,1.573806,1.537166,1.538966,0.000000,1.453252,1.440941,1.037284,1.547328,1.652896,1.814131,1.604038,1.401987,1.378009,1.600833,1.734967,1.313820,1.514047,1.494417,1.706181,1.623572,1.558660,1.525499,1.472537,1.559829,1.538966,1.623572,1.667782,1.507471,1.412776,1.478471,1.717490,1.512773,1.708593,1.511757,1.359093,1.643061,1.682221,1.491506,1.529441,1.401002,1.728886,1.464512,1.465923,1.584759,1.493009,1.541314,1.542148,1.752789,1.707282,1.655125,1.529697,1.480153,1.295814,1.451953,1.479961,1.326944,1.374084,1.442676,1.430560,1.515426,1.717443,1.227026,1.675518,1.444551,1.358328,1.565210,1.547662,1.542148,1.414540,1.455193,1.529921,1.477013,1.543951
1.851568,1.407323,0.574877,0.138778,0.259338,0.164985,0.154817,1.152245,0.881440,1.885758,0.394717,1.120883,0.680801,1.651273,0.000000,0.473451,1.252008,1.952624,0.314933,0.256195,0.231872,0.334144,0.251899,0.718271,0.233513,1.940758,0.364677,0.412438,1.940781,0.247912,1.453252,0.000000,0.264625,1.834665,0.261700,0.672298,0.916473,1.802372,0.238832,0.257734,0.441842,1.355433,0.300835,0.229368,0.216870,0.855528,0.425112,0.363146,0.321252,1.755778,1.497007,0.247912,0.425112,1.908906,0.422839,0.382613,1.874474,0.559927,0.379386,0.919974,0.285549,1.973258,0.531188,1.471246,0.243101,0.325369,0.313551,0.744535,1.786164,0.246240,0.364677,0.267128,0.401485,0.251644,0.860112,0.969199,1.861609,0.187313,0.326908,1.943684,0.392329,1.907577,1.976632,0.324186,0.257759,0.260120,0.242242,0.854789,1.450434,0.629755,1.951795,0.378835,0.268258,0.255761,0.251644,0.285096,0.271427,0.354601,0.243659,0.259919
1.873133,1.440259,0.584587,0.278938,0.375553,0.293248,0.264320,1.182667,0.889440,1.895220,0.366969,1.160858,0.655219,1.671178,0.264625,0.505107,1.288264,1.965219,0.328738,0.245322,0.197861,0.287025,0.178464,0.715540,0.186473,1.937105,0.379168,0.458197,1.949818,0.258657,1.440941,0.264625,0.000000,1.838641,0.258250,0.625079,0.930952,1.832808,0.334084,0.351769,0.454367,1.338751,0.354550,0.189995,0.226514,0.894184,0.438733,0.376806,0.340350,1.768409,1.526616,0.258657,0.438733,1.921661,0.374524,0.403942,1.881032,0.580694,0.350725,0.857879,0.318342,1.972325,0.565889,1.460444,0.212148,0.336441,0.248519,0.744992,1.795194,0.152284,0.379168,0.219759,0.359186,0.234604,0.874402,0.997449,1.866101,0.249247,0.342041,1.948233,0.359973,1.917537,1.979322,0.392358,0.200048,0.161577,0.221754,0.859888,1.449146,0.647528,1.951339,0.196249,0.257969,0.232693,0.234604,0.232311,0.208078,0.425889,0.145241,0.234691
0.958314,1.505648,1.800756,1.853178,1.765387,1.856014,1.863331,1.595839,1.712062,0.470311,1.898844,1.592360,1.699726,0.660048,1.834665,1.797740,1.595899,0.803495,1.853855,1.872768,1.878502,1.812164,1.875124,1.613833,1.845843,0.847224,1.857971,1.781108,0.885463,1.867498,1.037284,1.834665,1.838641,0.000000,1.874736,1.796098,1.755831,1.043984,1.845412,1.835898,1.845358,1.503066,1.802429,1.877339,1.877740,1.691405,1.857419,1.832995,1.894869,0.820612,1.393842,1.867498,1.857419,1.042979,1.886818,1.839356,0.785022,1.863644,1.886722,1.721689,1.882312,0.697006,1.813465,1.285677,1.855144,1.897966,1.831074,1.808733,0.840070,1.866994,1.857971,1.860607,1.895649,1.881035,1.734303,1.598440,1.136442,1.873627,1.877861,0.595854,1.876043,0.905243,0.655680,1.800943,1.837619,1.853261,1.865729,1.757808,1.078627,1.798961,0.776641,1.819232,1.891692,1.887622,1.881035,1.836985,1.846283,1.811342,1.870885,1.895373
1.842189,1.364772,0.567553,0.229298,0.446346,0.236917,0.203692,1.090753,0.791391,1.913343,0.287345,1.073656,0.763081,1.706944,0.261700,0.427209,1.183892,1.956624,0.279146,0.020032,0.157863,0.338664,0.190467,0.808821,0.177230,1.930248,0.335654,0.395974,1.929217,0.230469,1.547328,0.261700,0.258250,1.874736,0.000000,0.568447,0.846445,1.793930,0.350138,0.378635,0.422222,1.275700,0.433203,0.126586,0.212035,0.824418,0.370254,0.360634,0.276611,1.758078,1.495586,0.230469,0.370254,1.878152,0.317094,0.382854,1.871741,0.462105,0.281114,0.835708,0.262853,1.972885,0.493865,1.429488,0.188528,0.263131,0.292029,0.687050,1.794366,0.198600,0.335654,0.194940,0.283939,0.099255,0.823189,0.936643,1.828425,0.154615,0.305167,1.956609,0.342877,1.902713,1.985107,0.375183,0.197995,0.242344,0.072311,0.757296,1.485422,0.603922,1.938159,0.378187,0.121260,0.117457,0.099255,0.263048,0.226612,0.417340,0.189929,0.151016
1.657398,1.193635,0.503627,0.707254,0.858128,0.708998,0.674277,0.840716,0.499916,1.840352,0.694294,1.199467,0.742318,1.661346,0.672298,0.514256,1.244377,1.857806,0.760417,0.573339,0.631088,0.740204,0.660431,1.148108,0.663729,1.773605,0.513162,0.559827,1.807199,0.567233,1.652896,0.672298,0.625079,1.796098,0.568447,0.000000,0.611362,1.605782,0.805174,0.842759,0.494761,0.943720,0.841625,0.611578,0.656169,0.598491,0.489854,0.527108,0.650581,1.545475,1.272768,0.567233,0.489854,1.737113,0.747473,0.856479,1.661636,0.445720,0.751263,0.477324,0.654130,1.872290,0.482791,1.152241,0.592891,0.617486,0.744583,0.519676,1.680671,0.669545,0.513162,0.612752,0.708268,0.589291,0.607221,0.664410,1.705084,0.625719,0.777080,1.874573,0.716453,1.746723,1.898736,0.726023,0.672710,0.701930,0.602933,0.530568,1.292283,0.513220,1.805875,0.726678,0.583420,0.587687,0.589291,0.727122,0.622460,0.567592,0.657409,0.623347
1.414016,0.779203,0.517245,0.952436,1.116249,0.947161,0.918243,0.395262,0.418226,1.745397,0.938569,1.207007,0.881713,1.616259,0.916473,0.570144,1.195602,1.692918,1.036755,0.857262,0.878167,1.067321,0.934334,1.416492,0.970735,1.600073,0.650010,0.668820,1.617298,0.777037,1.814131,0.916473,0.930952,1.755831,0.846445,0.611362,0.000000,1.379218,1.053977,1.091771,0.594198,0.835774,1.118672,0.884493,0.907381,0.410341,0.579308,0.700627,0.890101,1.357628,1.174204,0.777037,0.579308,1.504326,1.019627,1.124138,1.478953,0.451321,1.015198,0.499630,0.914536,1.736768,0.525019,0.957647,0.887921,0.881441,1.060199,0.289894,1.447822,0.961177,0.650010,0.912035,0.963151,0.848924,0.215855,0.456200,1.490703,0.861849,1.018934,1.752289,1.025364,1.551381,1.761665,1.045932,0.987412,1.006970,0.892267,0.635714,1.385422,0.407785,1.647970,1.070722,0.821505,0.840888,0.848924,1.036675,0.946623,0.714584,0.941762,0.866434
0.349440,0.972974,1.590456,1.822101,1.851861,1.819163,1.812038,1.173088,1.400930,0.935666,1.826894,1.561920,1.650596,1.184554,1.802372,1.648199,1.441519,0.716198,1.855993,1.799001,1.810697,1.852536,1.832501,1.879546,1.843746,0.609363,1.706871,1.679922,0.717559,1.771729,1.604038,1.802372,1.832808,1.043984,1.793930,1.605782,1.379218,0.000000,1.856658,1.867907,1.666570,1.102763,1.864751,1.814426,1.817769,1.348864,1.676168,1.703078,1.807392,0.679441,0.713687,1.771729,1.676168,0.626706,1.857037,1.877129,0.546214,1.619158,1.856098,1.442146,1.801433,0.777860,1.611878,0.906863,1.802131,1.808578,1.878393,1.505830,0.751527,1.846080,1.706871,1.809034,1.837569,1.798430,1.412001,1.301357,0.746990,1.801545,1.856315,0.839895,1.856258,0.598767,0.810716,1.801987,1.847781,1.860525,1.812653,1.491724,1.278818,1.551303,0.679095,1.871418,1.784162,1.794683,1.798430,1.869577,1.819183,1.690322,1.839085,1.803234
1.896329,1.488098,0.725320,0.182830,0.250589,0.161159,0.236817,1.282122,1.027292,1.897490,0.334535,1.110075,0.785217,1.682931,0.238832,0.627689,1.247083,1.961643,0.264879,0.341674,0.288752,0.319734,0.267767,0.645261,0.266149,1.955446,0.505660,0.566618,1.953387,0.368739,1.401987,0.238832,0.334084,1.845412,0.350138,0.805174,1.053977,1.856658,0.000000,0.084933,0.585743,1.451126,0.290235,0.294226,0.262185,1.008059,0.567688,0.509011,0.295444,1.822089,1.571357,0.368739,0.567688,1.927754,0.353833,0.301145,1.922576,0.696855,0.322632,1.048086,0.309892,1.975905,0.685713,1.560114,0.313823,0.341212,0.273880,0.884250,1.825334,0.256419,0.505660,0.313513,0.344897,0.330048,1.006737,1.123949,1.881723,0.287027,0.226735,1.951484,0.359341,1.933320,1.973550,0.324226,0.283829,0.246382,0.312519,0.960635,1.511189,0.781713,1.967113,0.362431,0.347387,0.332477,0.330048,0.263374,0.311686,0.528987,0.267051,0.310073
1.908190,1.512775,0.768112,0.206270,0.215130,0.199771,0.263000,1.311619,1.057214,1.885519,0.376832,1.107628,0.811176,1.667501,0.257734,0.665740,1.251561,1.957744,0.267695,0.368933,0.317757,0.316152,0.288275,0.612107,0.276150,1.959775,0.550431,0.599940,1.953290,0.409716,1.378009,0.257734,0.351769,1.835898,0.378635,0.842759,1.091771,1.867907,0.084933,0.000000,0.630983,1.480933,0.272045,0.322141,0.295274,1.044261,0.612893,0.548842,0.356772,1.829637,1.591828,0.409716,0.612893,1.933439,0.366853,0.288414,1.930846,0.738031,0.329839,1.087545,0.352193,1.971341,0.721974,1.583271,0.345177,0.388036,0.265533,0.927501,1.828645,0.272967,0.550431,0.338480,0.370450,0.358207,1.044328,1.154154,1.884725,0.317724,0.229712,1.942492,0.374617,1.936838,1.968579,0.341098,0.289660,0.252884,0.334764,1.000285,1.522182,0.823373,1.965624,0.363080,0.380268,0.364162,0.358207,0.259516,0.335439,0.563923,0.287103,0.340714
1.713421,1.199304,0.185084,0.500068,0.657440,0.496200,0.464717,0.898830,0.671834,1.881434,0.522732,1.221489,0.533169,1.679247,0.441842,0.288596,1.290295,1.901106,0.621618,0.428281,0.427989,0.622616,0.486057,1.032131,0.510068,1.845005,0.105933,0.337045,1.868235,0.259832,1.600833,0.441842,0.454367,1.845358,0.422222,0.494761,0.594198,1.666570,0.585743,0.630983,0.000000,1.123967,0.646589,0.423265,0.419666,0.570471,0.124189,0.192160,0.450020,1.637775,1.334954,0.259832,0.124189,1.807148,0.628520,0.710384,1.745684,0.332329,0.617985,0.609821,0.459880,1.925108,0.319300,1.258703,0.418986,0.456844,0.619675,0.359259,1.704436,0.498128,0.105933,0.463291,0.568393,0.409339,0.511056,0.718573,1.761593,0.411277,0.586349,1.917289,0.607606,1.803425,1.938584,0.605033,0.542612,0.540191,0.455846,0.685478,1.390015,0.247625,1.879161,0.604454,0.390914,0.396579,0.409339,0.590139,0.479282,0.280521,0.481344,0.426047
1.128122,0.931031,1.060897,1.389746,1.483768,1.385280,1.360872,0.784841,0.834882,1.471545,1.334137,1.370792,1.197860,1.419110,1.355433,1.128659,1.285381,1.427575,1.413608,1.282101,1.334245,1.390594,1.363362,1.604958,1.362095,1.266094,1.174243,1.189919,1.388853,1.265976,1.734967,1.355433,1.338751,1.503066,1.275700,0.943720,0.835774,1.102763,1.451126,1.480933,1.123967,0.000000,1.486516,1.317843,1.346100,0.911536,1.132452,1.187681,1.310533,1.065484,0.960246,1.265976,1.132452,1.250275,1.380998,1.495648,1.124684,1.035742,1.403674,0.831208,1.332457,1.453608,1.074477,0.792499,1.290066,1.295893,1.414418,0.933592,1.280095,1.366392,1.174243,1.301433,1.354042,1.296872,0.895903,0.851212,1.254826,1.322266,1.425346,1.474763,1.368284,1.253920,1.487432,1.341967,1.365090,1.390859,1.309100,0.776231,1.016170,1.017188,1.335722,1.398625,1.283874,1.292838,1.296872,1.405121,1.312243,1.223044,1.359047,1.318684
1.912670,1.549167,0.768219,0.300083,0.244712,0.328254,0.317961,1.336870,1.089674,1.874086,0.503396,1.178553,0.746390,1.645888,0.300835,0.687572,1.323810,1.955934,0.364975,0.424250,0.391392,0.360897,0.359539,0.588796,0.326699,1.962484,0.575866,0.621503,1.951961,0.451615,1.313820,0.300835,0.354550,1.802429,0.433203,0.841625,1.118672,1.864751,0.290235,0.272045,0.646589,1.486516,0.000000,0.388370,0.359413,1.045713,0.639021,0.565476,0.461722,1.815287,1.569490,0.451615,0.639021,1.954480,0.491130,0.345212,1.918172,0.778282,0.441134,1.070906,0.417813,1.961353,0.749379,1.594441,0.404282,0.462816,0.321523,0.939662,1.829881,0.335110,0.575866,0.417308,0.502407,0.424445,1.056984,1.153313,1.908623,0.363130,0.401944,1.934833,0.427819,1.939586,1.961249,0.380828,0.340148,0.307715,0.397086,1.031146,1.466428,0.835932,1.960255,0.347683,0.452583,0.430908,0.424445,0.314942,0.382348,0.528709,0.342843,0.419662
1.861559,1.398712,0.569527,0.197909,0.403807,0.209880,0.169771,1.141998,0.849648,1.918299,0.276678,1.106482,0.718183,1.714265,0.229368,0.461199,1.219718,1.964633,0.273510,0.114132,0.094775,0.312344,0.122169,0.772851,0.133898,1.937001,0.333100,0.425101,1.940914,0.202498,1.514047,0.229368,0.189995,1.877339,0.126586,0.611578,0.884493,1.814426,0.294226,0.322141,0.423265,1.317843,0.388370,0.000000,0.149222,0.863876,0.383578,0.350060,0.255330,1.781660,1.511095,0.202498,0.383578,1.896375,0.310983,0.372440,1.888661,0.509754,0.274545,0.861278,0.225214,1.977993,0.524759,1.460280,0.172061,0.256448,0.263025,0.708321,1.805226,0.115856,0.333100,0.177929,0.278179,0.069098,0.845572,0.978592,1.840537,0.146261,0.265771,1.961454,0.336410,1.911007,1.988671,0.375992,0.174997,0.168673,0.096389,0.813760,1.498835,0.617275,1.949624,0.316774,0.099695,0.068094,0.069098,0.231775,0.202020,0.417168,0.107518,0.089610
