0.000000,1.066238,1.582525,1.856136,1.892458,1.851207,1.846904,1.131098,1.409402,0.845427,1.832751,1.546348,1.606817,1.101942,1.843646,1.658113,1.432603,0.702833,1.881918,1.823168,1.828250,1.891352,1.848751,1.898738,1.861933,0.560583,1.718549,1.701170,0.612901,1.781640,1.720401,1.843646,1.851921,1.005258,1.818689,1.604440,1.348791,0.523160,1.881371,1.888760,1.665574,0.953383,1.902899,1.830276,1.830645,1.392479,1.689941,1.707588,1.815285,0.693073,0.866915,1.781640,1.689941,0.561213,1.861128,1.890092,0.552915,1.603446,1.872032,1.414266,1.827120,0.765720,1.621891,0.980605,1.853160,1.818311,1.888575,1.488915,0.663217,1.859557,1.718549,1.846450,1.843238,1.819454,1.364239,1.342244,0.713921,1.834601,1.867350,0.782893,1.865884,0.554319,0.761842,1.866655,1.865569,1.872784,1.835128,1.464451,1.164785,1.532968,0.661649,1.899280,1.805231,1.815032,1.819454,1.876487,1.867433,1.712215,1.853971,1.821757
1.066238,0.000000,1.040662,1.452420,1.547811,1.446665,1.441580,0.721122,0.928023,1.402236,1.380366,1.280086,1.196553,1.390620,1.416152,1.142898,1.207183,1.335105,1.524399,1.386251,1.389733,1.517208,1.438042,1.752365,1.457947,1.238481,1.193130,1.225834,1.302559,1.298872,1.813807,1.416152,1.436369,1.522567,1.377671,1.122782,0.766297,1.040075,1.504094,1.528679,1.123449,0.788024,1.563514,1.401101,1.403218,0.859166,1.149647,1.232037,1.377770,1.102656,1.028858,1.298872,1.149647,1.132168,1.435113,1.514818,1.142465,1.053667,1.491669,0.958468,1.423082,1.376986,1.151530,0.809540,1.432937,1.393783,1.510716,0.898859,1.102221,1.458067,1.193130,1.426647,1.404849,1.374613,0.807307,0.912694,1.136200,1.406229,1.460310,1.401979,1.494769,1.147843,1.424403,1.538490,1.462787,1.484143,1.410707,1.012082,1.256682,0.974562,1.321480,1.549015,1.355954,1.369794,1.374613,1.487415,1.451388,1.202129,1.450948,1.385379
1.582525,1.040662,0.000000,0.695291,0.837097,0.692632,0.664862,0.746701,0.518103,1.847713,0.675557,1.084109,0.501560,1.703428,0.629263,0.336230,1.093565,1.847918,0.830862,0.592348,0.617994,0.848609,0.682441,1.213435,0.692671,1.779773,0.291161,0.422438,1.800524,0.439500,1.615474,0.629263,0.654436,1.818083,0.582267,0.426429,0.467661,1.622767,0.788440,0.821867,0.183050,1.069381,0.858552,0.609208,0.604023,0.452584,0.265673,0.315741,0.637356,1.481072,1.212644,0.439500,0.265673,1.718561,0.754671,0.848130,1.613452,0.278317,0.810350,0.406592,0.639290,1.873589,0.448383,1.152999,0.657148,0.654873,0.790529,0.255099,1.633560,0.697634,0.291161,0.667787,0.709525,0.585594,0.401669,0.538033,1.669661,0.615213,0.752465,1.869428,0.813842,1.694566,1.893830,0.822371,0.705340,0.734209,0.629359,0.575686,1.465035,0.136689,1.814694,0.837026,0.564622,0.575234,0.585594,0.752315,0.702645,0.365086,0.685111,0.609350
1.856136,1.452420,0.695291,0.000000,0.249573,0.087724,0.073776,1.233999,0.917505,1.931207,0.324283,1.004358,0.795901,1.764446,0.138473,0.551004,1.117553,1.980226,0.225107,0.212128,0.202510,0.368725,0.182104,0.739397,0.170156,1.963136,0.456300,0.478013,1.945835,0.323912,1.352105,0.138473,0.192737,1.856949,0.221403,0.684574,1.014432,1.872108,0.198236,0.211177,0.569291,1.456709,0.297835,0.196457,0.218379,0.980742,0.502602,0.431244,0.297157,1.752303,1.537090,0.323912,0.502602,1.917198,0.339536,0.308764,1.874371,0.642085,0.264714,0.902952,0.221814,1.969780,0.629843,1.555736,0.251976,0.308420,0.210976,0.845921,1.873335,0.174735,0.456300,0.270650,0.329627,0.218735,0.989736,1.011877,1.855909,0.134838,0.238987,1.958161,0.357516,1.919285,1.983793,0.346060,0.175776,0.176443,0.188883,0.906261,1.635960,0.755477,1.957743,0.286234,0.252188,0.231613,0.218735,0.198984,0.286722,0.524852,0.179633,0.226443
1.892458,1.547811,0.837097,0.249573,0.000000,0.258725,0.291729,1.359832,1.074300,1.905121,0.453500,1.090870,0.825617,1.724599,0.260541,0.700703,1.219823,1.969287,0.280058,0.391689,0.386985,0.371066,0.345124,0.557771,0.289545,1.974905,0.622482,0.608679,1.956046,0.493208,1.202281,0.260541,0.301189,1.796274,0.401393,0.822434,1.161682,1.914422,0.214018,0.197362,0.725838,1.570544,0.203008,0.375962,0.392153,1.103000,0.673209,0.596390,0.418382,1.769061,1.605398,0.493208,0.673209,1.957236,0.441499,0.355412,1.886825,0.812886,0.371329,1.048481,0.406075,1.955332,0.778419,1.598848,0.344472,0.421554,0.248869,0.993432,1.881296,0.313770,0.622482,0.384791,0.454849,0.408170,1.126186,1.128431,1.911434,0.337910,0.338562,1.941981,0.378751,1.951033,1.960082,0.314299,0.287735,0.274655,0.364482,1.057308,1.591670,0.906100,1.948922,0.275381,0.445931,0.420202,0.408170,0.269046,0.360928,0.624664,0.326807,0.418061
1.851207,1.446665,0.692632,0.087724,0.258725,0.000000,0.136772,1.222168,0.910918,1.931030,0.301718,1.006074,0.795682,1.767834,0.148923,0.547005,1.114191,1.976664,0.251216,0.223321,0.209300,0.387952,0.188714,0.754035,0.196994,1.962937,0.458423,0.475966,1.945049,0.333022,1.360031,0.148923,0.216451,1.859651,0.230911,0.673155,1.006641,1.868552,0.159843,0.188725,0.569684,1.447631,0.318371,0.214811,0.237229,0.974981,0.501028,0.436759,0.243125,1.749440,1.524013,0.333022,0.501028,1.912872,0.341101,0.319808,1.869391,0.636708,0.282688,0.890279,0.241220,1.969603,0.624220,1.541589,0.253302,0.262614,0.226008,0.840914,1.877786,0.195807,0.458423,0.282772,0.321557,0.231733,0.983325,0.999616,1.852036,0.168262,0.223464,1.956031,0.327230,1.915520,1.982372,0.351391,0.197861,0.199002,0.202474,0.903739,1.638700,0.751466,1.953910,0.309895,0.260312,0.244300,0.231733,0.209258,0.301385,0.537052,0.200283,0.237445
1.846904,1.441580,0.664862,0.073776,0.291729,0.136772,0.000000,1.216188,0.894004,1.935805,0.327007,1.018849,0.783228,1.769870,0.145664,0.527476,1.126752,1.980155,0.244930,0.191474,0.178069,0.367304,0.168694,0.764682,0.165344,1.958524,0.420929,0.458611,1.945147,0.287864,1.369858,0.145664,0.172552,1.866108,0.200093,0.671180,0.989832,1.865221,0.244856,0.256431,0.535210,1.442422,0.315549,0.166376,0.184062,0.953353,0.469901,0.394766,0.302200,1.750437,1.525075,0.287864,0.469901,1.914191,0.345869,0.323054,1.870646,0.612823,0.276431,0.876687,0.183593,1.972211,0.607173,1.544842,0.236692,0.306667,0.230795,0.816711,1.870071,0.165293,0.420929,0.247853,0.336819,0.190354,0.965865,0.990372,1.850050,0.086969,0.263988,1.961672,0.368945,1.913072,1.986617,0.367103,0.176189,0.178072,0.171216,0.889375,1.636690,0.727057,1.959033,0.294430,0.221316,0.200054,0.190354,0.214510,0.268227,0.492598,0.165058,0.196860
1.131098,0.721122,0.746701,1.233999,1.359832,1.222168,1.216188,0.000000,0.487592,1.531777,1.193415,1.144359,1.004691,1.468519,1.200159,0.802908,1.073802,1.518179,1.323639,1.145066,1.152231,1.349135,1.207594,1.630323,1.238334,1.413880,0.939612,0.894693,1.414353,1.060951,1.827009,1.200159,1.216692,1.597940,1.135417,0.833085,0.379104,1.199096,1.317080,1.343108,0.862335,0.687010,1.396470,1.167683,1.176048,0.499678,0.875314,0.948925,1.170716,1.119623,1.015428,1.060951,0.875314,1.287253,1.270934,1.328255,1.242126,0.744399,1.298370,0.591710,1.188013,1.546764,0.831265,0.826110,1.228829,1.187834,1.310408,0.596311,1.250270,1.238447,0.939612,1.218307,1.222301,1.139422,0.410848,0.437113,1.274935,1.176734,1.268713,1.547960,1.321101,1.291086,1.585355,1.342268,1.238896,1.272391,1.171373,0.731598,1.329571,0.638276,1.459956,1.372877,1.112087,1.134047,1.139422,1.276719,1.264028,0.981403,1.226056,1.151249
1.409402,0.928023,0.518103,0.917505,1.074300,0.910918,0.894004,0.487592,0.000000,1.712390,0.885436,0.980451,0.860064,1.595434,0.893666,0.530209,0.958114,1.726113,1.015501,0.819146,0.826108,1.057936,0.883741,1.404429,0.924679,1.649940,0.648286,0.615316,1.643616,0.751387,1.760212,0.893666,0.896685,1.749480,0.807924,0.528473,0.397909,1.465143,1.022887,1.048761,0.594582,0.853780,1.108178,0.845350,0.857986,0.465590,0.592000,0.642948,0.871432,1.354403,1.192354,0.751387,0.592000,1.530681,0.970954,1.026352,1.502205,0.499374,0.986253,0.439850,0.871460,1.742838,0.548249,1.100931,0.925941,0.886992,0.998359,0.459816,1.495444,0.917454,0.648286,0.907730,0.913985,0.817345,0.391341,0.371540,1.475919,0.848790,0.962134,1.731968,1.031776,1.536958,1.777261,1.043383,0.919934,0.954705,0.847145,0.560174,1.475302,0.419041,1.681536,1.066318,0.787519,0.811728,0.817345,0.960731,0.964840,0.724291,0.905418,0.826070
0.845427,1.402236,1.847713,1.931207,1.905121,1.931030,1.935805,1.531777,1.712390,0.000000,1.943591,1.656922,1.799116,0.541464,1.938612,1.853884,1.626859,0.514663,1.911974,1.936187,1.936001,1.902416,1.936151,1.752189,1.930136,0.585133,1.916991,1.860360,0.591184,1.938709,1.370704,1.938612,1.929640,0.490058,1.935862,1.824669,1.707109,0.791381,1.928749,1.928794,1.896971,1.425344,1.909873,1.941459,1.950925,1.704809,1.901058,1.909922,1.939828,0.850764,1.365392,1.938709,1.901058,0.745486,1.936202,1.912831,0.727910,1.871536,1.922441,1.747738,1.949770,0.405053,1.860899,1.268700,1.937375,1.940678,1.926395,1.796497,0.694900,1.937253,1.916991,1.934767,1.936077,1.940166,1.709740,1.650336,0.808517,1.937889,1.937675,0.242084,1.929593,0.664437,0.431177,1.895821,1.927097,1.933313,1.934560,1.788782,1.075907,1.818240,0.499594,1.925519,1.941027,1.942756,1.940166,1.929766,1.934466,1.884242,1.936807,1.944716
1.832751,1.380366,0.675557,0.324283,0.453500,0.301718,0.327007,1.193415,0.885436,1.943591,0.000000,0.994654,0.841967,1.809392,0.319579,0.581349,1.077386,1.960494,0.364513,0.286637,0.275702,0.448520,0.283322,0.877048,0.314289,1.946477,0.436442,0.544759,1.930235,0.325313,1.462102,0.319579,0.319545,1.907584,0.286626,0.686678,0.963305,1.846563,0.327783,0.343363,0.533637,1.423189,0.499854,0.279760,0.265491,0.968829,0.483501,0.454907,0.238178,1.772778,1.498967,0.325313,0.483501,1.876234,0.211848,0.407559,1.877787,0.583613,0.318066,0.874184,0.306774,1.963098,0.635755,1.529765,0.316956,0.253243,0.339514,0.804828,1.872211,0.295964,0.436442,0.319362,0.182223,0.276415,0.958984,1.016673,1.804622,0.298735,0.213991,1.952975,0.310924,1.890969,1.980885,0.475074,0.312519,0.313703,0.282218,0.879509,1.678431,0.730496,1.942216,0.404227,0.282565,0.279739,0.276415,0.315044,0.349194,0.586442,0.305654,0.271392
1.546348,1.280086,1.084109,1.004358,1.090870,1.006074,1.018849,1.144359,0.980451,1.656922,0.994654,0.000000,1.264218,1.584731,1.041809,1.025959,0.267071,1.698431,1.004617,0.999926,0.996286,1.144118,1.000902,1.298818,1.032913,1.645168,1.029632,1.030108,1.573204,1.010446,1.642753,1.041809,1.053645,1.664271,0.997341,0.918492,1.107894,1.609541,1.052216,1.048941,1.047352,1.158574,1.157804,1.016680,1.005460,1.197034,1.024819,1.033902,1.050489,1.442751,1.467034,1.010446,1.024819,1.516025,0.976391,1.030999,1.637038,1.022202,0.963252,1.096806,1.018806,1.659608,0.995423,1.551797,1.114612,1.072429,1.012856,1.096844,1.555957,1.016519,1.029632,1.083933,0.944930,1.003861,1.122284,1.181131,1.490788,1.019698,0.984577,1.655646,1.116091,1.634440,1.689048,0.999525,1.019140,1.030523,1.006761,0.906166,1.618451,1.061021,1.638740,1.089682,0.999963,1.008716,1.003861,1.004741,1.131152,1.158128,1.013164,0.999497
1.606817,1.196553,0.501560,0.795901,0.825617,0.795682,0.783228,1.004691,0.860064,1.799116,0.841967,1.264218,0.000000,1.653468,0.722096,0.675209,1.276539,1.830402,0.920317,0.763480,0.802185,0.914783,0.832647,1.076371,0.800314,1.769135,0.606835,0.691539,1.803909,0.669912,1.414752,0.722096,0.754250,1.684647,0.760675,0.611120,0.789853,1.676476,0.833781,0.863225,0.564698,1.222653,0.825543,0.772204,0.774923,0.750166,0.623438,0.605583,0.783212,1.447226,1.245654,0.669912,0.623438,1.779031,0.880452,0.955282,1.564363,0.656641,0.931286,0.703456,0.803344,1.845070,0.744275,1.207853,0.739506,0.786152,0.868179,0.626838,1.617241,0.821351,0.606835,0.792190,0.859854,0.771080,0.686798,0.773186,1.744148,0.763423,0.862070,1.830540,0.873080,1.715501,1.840738,0.837965,0.819802,0.832617,0.787773,0.835139,1.331719,0.573077,1.780355,0.873844,0.774986,0.764592,0.771080,0.846298,0.783910,0.497274,0.814820,0.801135
1.101942,1.390620,1.703428,1.764446,1.724599,1.767834,1.769870,1.468519,1.595434,0.541464,1.809392,1.584731,1.653468,0.000000,1.773954,1.682542,1.616455,0.906359,1.746056,1.778028,1.776696,1.732268,1.776651,1.574722,1.758311,0.985454,1.763101,1.676957,0.977990,1.779788,1.217775,1.773954,1.753391,0.607308,1.778129,1.679582,1.617086,1.070591,1.769034,1.770646,1.751662,1.489194,1.740970,1.783434,1.801900,1.578949,1.747937,1.754756,1.793232,0.894580,1.479659,1.779788,1.747937,1.103084,1.798283,1.750267,0.953456,1.745565,1.768616,1.622593,1.810131,0.842422,1.720524,1.215754,1.776765,1.794013,1.759600,1.674477,0.902843,1.776122,1.763101,1.775655,1.795542,1.783006,1.602301,1.508968,1.154168,1.772812,1.791787,0.744386,1.784885,1.006052,0.859460,1.728739,1.754177,1.768791,1.774557,1.727329,1.000683,1.683123,0.873748,1.763016,1.792192,1.789881,1.783006,1.765926,1.771491,1.707367,1.775084,1.798039
1.843646,1.416152,0.629263,0.138473,0.260541,0.148923,0.145664,1.200159,0.893666,1.938612,0.319579,1.041809,0.722096,1.773954,0.000000,0.504118,1.143596,1.976478,0.307329,0.198487,0.206399,0.391432,0.212474,0.772621,0.189759,1.958710,0.392278,0.437581,1.946734,0.267512,1.367977,0.000000,0.184041,1.864925,0.203397,0.651912,0.964778,1.863791,0.234855,0.252463,0.501508,1.435692,0.312141,0.189791,0.200661,0.921712,0.443482,0.378813,0.269067,1.740112,1.511425,0.267512,0.443482,1.917849,0.367780,0.358555,1.858905,0.588329,0.339286,0.861111,0.232715,1.973428,0.586335,1.513880,0.228843,0.283388,0.249100,0.783780,1.861685,0.202922,0.392278,0.261526,0.355188,0.205676,0.935755,0.970333,1.856768,0.146697,0.277586,1.964384,0.361112,1.912069,1.986569,0.375117,0.204698,0.212088,0.194169,0.880796,1.613441,0.696950,1.953162,0.319080,0.233906,0.212391,0.205676,0.224438,0.273135,0.444725,0.204993,0.224070
1.658113,1.142898,0.336230,0.551004,0.700703,0.547005,0.527476,0.802908,0.530209,1.853884,0.581349,1.025959,0.675209,1.682542,0.504118,0.000000,1.087293,1.887541,0.676599,0.453773,0.461825,0.706429,0.530021,1.106147,0.549895,1.837363,0.281170,0.133498,1.838679,0.374537,1.574285,0.504118,0.525336,1.825105,0.442856,0.495159,0.580527,1.679561,0.668907,0.699372,0.304021,1.183777,0.748482,0.478070,0.501826,0.513508,0.219859,0.288674,0.537561,1.568918,1.357834,0.374537,0.219859,1.768744,0.666627,0.673277,1.708010,0.324662,0.671386,0.554884,0.533481,1.895938,0.399300,1.237770,0.556485,0.557010,0.643253,0.431886,1.682763,0.556574,0.281170,0.550737,0.624004,0.453094,0.547287,0.576348,1.721393,0.478083,0.632998,1.890552,0.706259,1.764840,1.920875,0.711867,0.548806,0.591440,0.481631,0.670621,1.497021,0.331362,1.856829,0.720206,0.431928,0.450656,0.453094,0.606233,0.597820,0.371649,0.545891,0.475349
1.432603,1.207183,1.093565,1.117553,1.219823,1.114191,1.126752,1.073802,0.958114,1.626859,1.077386,0.267071,1.276539,1.616455,1.143596,1.087293,0.000000,1.629456,1.135508,1.094711,1.097920,1.266351,1.109366,1.432245,1.148415,1.553480,1.083755,1.112946,1.484706,1.088036,1.731156,1.143596,1.166116,1.663989,1.090527,0.937271,1.058429,1.514113,1.163706,1.163213,1.079004,1.022757,1.274087,1.114290,1.098285,1.183819,1.072458,1.088679,1.130259,1.377162,1.349727,1.088036,1.072458,1.400904,1.074366,1.162143,1.547988,1.034483,1.083109,1.068965,1.105136,1.605937,1.026941,1.496705,1.207000,1.150453,1.140071,1.078980,1.488877,1.127575,1.083755,1.178670,1.036032,1.098191,1.080651,1.165123,1.367989,1.121440,1.086805,1.600154,1.211589,1.522678,1.629515,1.123558,1.139181,1.147587,1.108406,0.850829,1.628755,1.059413,1.567728,1.212070,1.086164,1.098555,1.098191,1.125181,1.229284,1.219847,1.122863,1.090774
0.702833,1.335105,1.847918,1.980226,1.969287,1.976664,1.980155,1.518179,1.726113,0.514663,1.960494,1.698431,1.830402,0.906359,1.976478,1.887541,1.629456,0.000000,1.975332,1.971813,1.972865,1.960283,1.978689,1.865990,1.981288,0.424605,1.927621,1.907985,0.443170,1.957272,1.499537,1.976478,1.980252,0.768111,1.970300,1.858528,1.681298,0.667425,1.974583,1.974770,1.897177,1.311637,1.973016,1.975726,1.974948,1.705782,1.912666,1.926639,1.958732,0.901982,1.266271,1.957272,1.912666,0.522729,1.966157,1.965086,0.636979,1.867210,1.973405,1.749283,1.971481,0.367882,1.864168,1.214596,1.975312,1.961696,1.979863,1.781343,0.671220,1.980981,1.927621,1.968702,1.962172,1.971557,1.696954,1.677858,0.732878,1.976925,1.972050,0.431228,1.963453,0.527577,0.313747,1.959702,1.978789,1.982424,1.975183,1.736404,1.122182,1.817840,0.380872,1.979169,1.966385,1.970534,1.971557,1.979687,1.974451,1.914578,1.980054,1.971438
1.881918,1.524399,0.830862,0.225107,0.280058,0.251216,0.244930,1.323639,1.015501,1.911974,0.364513,1.004617,0.920317,1.746056,0.307329,0.676599,1.135508,1.975332,0.000000,0.316040,0.289433,0.336496,0.236523,0.645612,0.227237,1.967032,0.590396,0.592461,1.940988,0.446780,1.305243,0.307329,0.266689,1.836191,0.325336,0.799650,1.132170,1.893692,0.261218,0.243449,0.702073,1.538871,0.333737,0.291844,0.313068,1.093820,0.638630,0.563349,0.403628,1.786549,1.591202,0.446780,0.638630,1.929134,0.310973,0.276916,1.908538,0.768988,0.156355,1.016765,0.314765,1.955439,0.735709,1.625710,0.335841,0.408058,0.202842,0.978989,1.888686,0.219821,0.590396,0.335550,0.319791,0.322714,1.114480,1.120288,1.865374,0.282403,0.233136,1.940720,0.379513,1.938090,1.972408,0.320170,0.221743,0.194650,0.279108,1.012079,1.658882,0.887528,1.956005,0.268738,0.352941,0.335426,0.322714,0.215475,0.341044,0.667400,0.232379,0.313958
1.823168,1.386251,0.592348,0.212128,0.391689,0.223321,0.191474,1.145066,0.819146,1.936187,0.286637,0.999926,0.763480,1.778028,0.198487,0.453773,1.094711,1.971813,0.316040,0.000000,0.127020,0.404412,0.156176,0.844659,0.145691,1.946481,0.342566,0.402388,1.933156,0.219350,1.440513,0.198487,0.193303,1.887378,0.019572,0.599321,0.914261,1.840814,0.332216,0.348610,0.454456,1.388838,0.426811,0.078296,0.160628,0.882155,0.386692,0.328783,0.285642,1.737895,1.491228,0.219350,0.386692,1.894139,0.333387,0.347067,1.858238,0.532137,0.314111,0.807760,0.197689,1.970697,0.534204,1.496145,0.255925,0.292888,0.260713,0.740212,1.854744,0.157262,0.342566,0.243931,0.314079,0.065044,0.894001,0.927016,1.820004,0.150056,0.273088,1.957900,0.389304,1.893458,1.988935,0.412660,0.163720,0.196188,0.054832,0.827779,1.637017,0.651040,1.953088,0.346518,0.097189,0.081417,0.065044,0.222883,0.285051,0.461904,0.153956,0.111431
1.828250,1.389733,0.617994,0.202510,0.386985,0.209300,0.178069,1.152231,0.826108,1.936001,0.275702,0.996286,0.802185,1.776696,0.206399,0.461825,1.097920,1.972865,0.289433,0.127020,0.000000,0.384619,0.085376,0.847500,0.168917,1.944793,0.362083,0.404225,1.931994,0.236239,1.441599,0.206399,0.167076,1.888674,0.127693,0.620302,0.926812,1.844584,0.317653,0.331005,0.479245,1.401488,0.426909,0.093899,0.146031,0.885883,0.402697,0.349272,0.275884,1.751030,1.512982,0.236239,0.402697,1.891126,0.333765,0.324273,1.870924,0.543316,0.289079,0.822001,0.179448,1.971084,0.540987,1.506105,0.259262,0.288322,0.251806,0.760423,1.854967,0.135783,0.362083,0.240918,0.310098,0.104354,0.911677,0.937864,1.821669,0.133365,0.257537,1.958948,0.381690,1.898176,1.989493,0.418243,0.173076,0.179995,0.111182,0.848964,1.644106,0.670704,1.957882,0.347851,0.107926,0.106720,0.104354,0.214762,0.284271,0.482370,0.122531,0.078477
1.891352,1.517208,0.848609,0.368725,0.371066,0.387952,0.367304,1.349135,1.057936,1.902416,0.448520,1.144118,0.914783,1.732268,0.391432,0.706429,1.266351,1.960283,0.336496,0.404412,0.384619,0.000000,0.342906,0.692646,0.325900,1.960990,0.617534,0.631372,1.944516,0.496788,1.270033,0.391432,0.335714,1.831716,0.412301,0.846193,1.156214,1.907635,0.397167,0.384085,0.723170,1.567051,0.389907,0.381134,0.391524,1.097569,0.664091,0.612451,0.471382,1.825804,1.639895,0.496788,0.664091,1.935947,0.410488,0.337555,1.925269,0.813334,0.375860,1.047703,0.410077,1.955783,0.790679,1.619129,0.291726,0.447146,0.302440,0.993406,1.882542,0.324533,0.617534,0.265521,0.459613,0.407436,1.130534,1.136939,1.871217,0.370473,0.407731,1.933677,0.395277,1.929287,1.964847,0.431474,0.318454,0.299080,0.372781,1.088111,1.641984,0.909202,1.956599,0.288886,0.433826,0.417960,0.407436,0.322912,0.218565,0.669588,0.338841,0.405122
1.848751,1.438042,0.682441,0.182104,0.345124,0.188714,0.168694,1.207594,0.883741,1.936151,0.283322,1.000902,0.832647,1.776651,0.212474,0.530021,1.109366,1.978689,0.236523,0.156176,0.085376,0.342906,0.000000,0.797858,0.136225,1.955395,0.428684,0.465929,1.938331,0.293122,1.405546,0.212474,0.155486,1.881740,0.162921,0.659814,0.991470,1.867042,0.279519,0.284153,0.544735,1.439517,0.379571,0.117141,0.164133,0.949681,0.472684,0.415001,0.285749,1.769399,1.538598,0.293122,0.472684,1.906934,0.311656,0.285987,1.888561,0.613169,0.242322,0.877710,0.185173,1.972938,0.593455,1.546573,0.247056,0.290320,0.192635,0.826323,1.875532,0.084673,0.428684,0.230946,0.300252,0.145169,0.974608,0.993065,1.837228,0.148502,0.228327,1.959178,0.347589,1.914093,1.989097,0.380886,0.138535,0.121296,0.121202,0.900519,1.658819,0.737785,1.962703,0.295557,0.165356,0.153303,0.145169,0.163847,0.262094,0.535782,0.073266,0.121072
1.898738,1.752365,1.213435,0.739397,0.557771,0.754035,0.764682,1.630323,1.404429,1.752189,0.877048,1.298818,1.076371,1.574722,0.772621,1.106147,1.432245,1.865990,0.645612,0.844659,0.847500,0.692646,0.797858,0.000000,0.734164,1.905435,1.052461,1.007348,1.899807,0.939023,0.860688,0.772621,0.745966,1.589607,0.855021,1.188697,1.502574,1.908082,0.674189,0.651336,1.133086,1.773862,0.569925,0.832353,0.848003,1.415913,1.102999,1.014874,0.873945,1.767641,1.709602,0.939023,1.102999,1.952111,0.815076,0.708497,1.850679,1.227640,0.740132,1.386745,0.850282,1.824404,1.172877,1.697827,0.774782,0.861486,0.678482,1.365615,1.837169,0.762087,1.052461,0.808979,0.846204,0.866978,1.458783,1.412446,1.929041,0.808369,0.761104,1.809311,0.738911,1.925144,1.819454,0.607764,0.732556,0.714816,0.814586,1.384311,1.484846,1.281716,1.846885,0.623751,0.902117,0.877728,0.866978,0.711400,0.767782,1.003471,0.776127,0.873204
1.861933,1.457947,0.692671,0.170156,0.289545,0.196994,0.165344,1.238334,0.924679,1.930136,0.314289,1.032913,0.800314,1.758311,0.189759,0.549895,1.148415,1.981288,0.227237,0.145691,0.168917,0.325900,0.136225,0.734164,0.000000,1.964831,0.443309,0.478003,1.950776,0.303135,1.355472,0.189759,0.132821,1.862904,0.160127,0.685052,1.020407,1.878666,0.262585,0.268372,0.557443,1.470497,0.327889,0.126462,0.193075,0.975632,0.494308,0.427845,0.317000,1.762931,1.548704,0.303135,0.494308,1.928043,0.316666,0.286785,1.884166,0.642709,0.263325,0.902793,0.226906,1.971409,0.630326,1.548976,0.235880,0.316355,0.161936,0.845800,1.876581,0.100666,0.443309,0.235533,0.324421,0.157320,0.996573,1.014576,1.859949,0.164433,0.244858,1.958569,0.341592,1.925884,1.987713,0.347711,0.072775,0.100503,0.106896,0.927632,1.630236,0.758258,1.962806,0.239615,0.205854,0.175816,0.157320,0.147158,0.246197,0.515893,0.111012,0.184089
0.560583,1.238481,1.779773,1.963136,1.974905,1.962937,1.958524,1.413880,1.649940,0.585133,1.946477,1.645168,1.769135,0.985454,1.958710,1.837363,1.553480,0.424605,1.967032,1.946481,1.944793,1.960990,1.955395,1.905435,1.964831,0.000000,1.877741,1.868651,0.378940,1.921005,1.597307,1.958710,1.959891,0.822445,1.944459,1.781456,1.583827,0.546979,1.972714,1.975266,1.838161,1.194997,1.972007,1.948854,1.948536,1.619087,1.856755,1.878752,1.943999,0.827492,1.130231,1.921005,1.856755,0.434180,1.953074,1.962553,0.585510,1.796769,1.958911,1.653641,1.945663,0.453670,1.806073,1.168015,1.961051,1.946067,1.976907,1.695115,0.555998,1.961625,1.877741,1.954059,1.946969,1.943244,1.603431,1.600765,0.582969,1.951695,1.962330,0.473245,1.957132,0.421918,0.439610,1.951820,1.967294,1.967992,1.951717,1.660039,1.156430,1.741622,0.460019,1.973457,1.934042,1.940000,1.943244,1.973038,1.960929,1.868152,1.958115,1.940997
1.718549,1.193130,0.291161,0.456300,0.622482,0.458423,0.420929,0.939612,0.648286,1.916991,0.436442,1.029632,0.606835,1.763101,0.392278,0.281170,1.083755,1.927621,0.590396,0.342566,0.362083,0.617534,0.428684,1.052461,0.443309,1.877741,0.000000,0.313361,1.884362,0.171619,1.546550,0.392278,0.412910,1.880997,0.332933,0.472150,0.663728,1.742834,0.559649,0.590247,0.130185,1.230512,0.645278,0.352194,0.342697,0.640064,0.098269,0.154757,0.413407,1.632463,1.357931,0.171619,0.098269,1.815498,0.518695,0.609075,1.757586,0.288365,0.567413,0.583071,0.391598,1.939914,0.424392,1.327895,0.423373,0.430321,0.546224,0.454684,1.757574,0.444610,0.000000,0.426459,0.479898,0.327219,0.635864,0.730089,1.756075,0.363799,0.513313,1.937327,0.587659,1.808540,1.960961,0.623146,0.457844,0.484710,0.377142,0.664184,1.566622,0.365538,1.902182,0.600820,0.308396,0.316953,0.327219,0.509034,0.464719,0.295373,0.432968,0.351047
1.701170,1.225834,0.422438,0.478013,0.608679,0.475966,0.458611,0.894693,0.615316,1.860360,0.544759,1.030108,0.691539,1.676957,0.437581,0.133498,1.112946,1.907985,0.592461,0.402388,0.404225,0.631372,0.465929,1.007348,0.478003,1.868651,0.313361,0.000000,1.866600,0.352059,1.510353,0.437581,0.450749,1.813001,0.393403,0.544445,0.695955,1.722928,0.596169,0.624034,0.369531,1.264142,0.668908,0.423874,0.452300,0.603622,0.285061,0.289440,0.500321,1.601343,1.411247,0.352059,0.285061,1.811233,0.619851,0.595755,1.742765,0.416101,0.605238,0.641638,0.485748,1.910793,0.438077,1.290592,0.498529,0.519408,0.564995,0.549508,1.711115,0.488964,0.313361,0.495930,0.581206,0.408534,0.657640,0.651568,1.768662,0.415726,0.571888,1.903678,0.649501,1.806017,1.933458,0.623894,0.472486,0.516319,0.422204,0.740388,1.495362,0.439172,1.877967,0.640502,0.394399,0.409060,0.408534,0.530494,0.540348,0.373116,0.480676,0.430352
0.612901,1.302559,1.800524,1.945835,1.956046,1.945049,1.945147,1.414353,1.643616,0.591184,1.930235,1.573204,1.803909,0.977990,1.946734,1.838679,1.484706,0.443170,1.940988,1.933156,1.931994,1.944516,1.938331,1.899807,1.950776,0.378940,1.884362,1.866600,0.000000,1.918561,1.606116,1.946734,1.950766,0.808689,1.931111,1.783341,1.600419,0.642690,1.956456,1.955175,1.851306,1.207571,1.960570,1.937609,1.935286,1.653686,1.862423,1.886576,1.933387,0.829535,1.195592,1.918561,1.862423,0.424611,1.932532,1.938220,0.658447,1.803593,1.930129,1.670402,1.932209,0.471615,1.802699,1.258471,1.952915,1.937535,1.951962,1.716933,0.637487,1.945107,1.884362,1.942227,1.924748,1.930868,1.619653,1.618647,0.587212,1.940598,1.941952,0.473167,1.949951,0.508284,0.451370,1.943017,1.949731,1.951253,1.937943,1.666746,1.253906,1.757258,0.455340,1.960165,1.922378,1.929315,1.930868,1.949847,1.951377,1.891805,1.942252,1.928576
1.781640,1.298872,0.439500,0.323912,0.493208,0.333022,0.287864,1.060951,0.751387,1.938709,0.325313,1.010446,0.669912,1.779788,0.267512,0.374537,1.088036,1.957272,0.446780,0.219350,0.236239,0.496788,0.293122,0.939023,0.303135,1.921005,0.171619,0.352059,1.918561,0.000000,1.483730,0.267512,0.276026,1.890972,0.212999,0.535305,0.804030,1.805739,0.428753,0.452486,0.283184,1.322533,0.522673,0.216743,0.186949,0.775171,0.247588,0.195104,0.324078,1.690254,1.430167,0.000000,0.247588,1.864411,0.391152,0.479681,1.815718,0.408274,0.429299,0.699764,0.261116,1.962653,0.475321,1.422705,0.307795,0.341298,0.401666,0.607676,1.813471,0.303457,0.171619,0.304385,0.358350,0.200627,0.779594,0.849632,1.803195,0.232227,0.378711,1.959579,0.474856,1.861250,1.982685,0.497537,0.318324,0.341371,0.246676,0.749203,1.604369,0.516193,1.933539,0.459173,0.194927,0.192239,0.200627,0.366572,0.345434,0.345831,0.293897,0.225360
1.720401,1.813807,1.615474,1.352105,1.202281,1.360031,1.369858,1.827009,1.760212,1.370704,1.462102,1.642753,1.414752,1.217775,1.367977,1.574285,1.731156,1.499537,1.305243,1.440513,1.441599,1.270033,1.405546,0.860688,1.355472,1.597307,1.546550,1.510353,1.606116,1.483730,0.000000,1.367977,1.357405,1.142323,1.447959,1.614171,1.792455,1.694567,1.289872,1.278121,1.587989,1.865034,1.175425,1.427338,1.430622,1.705431,1.577825,1.525561,1.439393,1.569838,1.700846,1.483730,1.577825,1.721394,1.402058,1.341219,1.560707,1.665139,1.355424,1.706470,1.428281,1.475405,1.588406,1.632198,1.350475,1.430780,1.319645,1.708990,1.566032,1.378259,1.546550,1.383022,1.427710,1.452745,1.749106,1.686028,1.767399,1.402436,1.373934,1.454040,1.338648,1.628936,1.416520,1.236256,1.355682,1.345114,1.421418,1.731852,1.293908,1.669106,1.521088,1.258442,1.480276,1.459867,1.452745,1.344425,1.334353,1.452919,1.385209,1.461473
1.843646,1.416152,0.629263,0.138473,0.260541,0.148923,0.145664,1.200159,0.893666,1.938612,0.319579,1.041809,0.722096,1.773954,0.000000,0.504118,1.143596,1.976478,0.307329,0.198487,0.206399,0.391432,0.212474,0.772621,0.189759,1.958710,0.392278,0.437581,1.946734,0.267512,1.367977,0.000000,0.184041,1.864925,0.203397,0.651912,0.964778,1.863791,0.234855,0.252463,0.501508,1.435692,0.312141,0.189791,0.200661,0.921712,0.443482,0.378813,0.269067,1.740112,1.511425,0.267512,0.443482,1.917849,0.367780,0.358555,1.858905,0.588329,0.339286,0.861111,0.232715,1.973428,0.586335,1.513880,0.228843,0.283388,0.249100,0.783780,1.861685,0.202922,0.392278,0.261526,0.355188,0.205676,0.935755,0.970333,1.856768,0.146697,0.277586,1.964384,0.361112,1.912069,1.986569,0.375117,0.204698,0.212088,0.194169,0.880796,1.613441,0.696950,1.953162,0.319080,0.233906,0.212391,0.205676,0.224438,0.273135,0.444725,0.204993,0.224070
1.851921,1.436369,0.654436,0.192737,0.301189,0.216451,0.172552,1.216692,0.896685,1.929640,0.319545,1.053645,0.754250,1.753391,0.184041,0.525336,1.166116,1.980252,0.266689,0.193303,0.167076,0.335714,0.155486,0.745966,0.132821,1.959891,0.412910,0.450749,1.950766,0.276026,1.357405,0.184041,0.000000,1.855315,0.201773,0.657117,0.993849,1.874802,0.279560,0.292416,0.524495,1.452248,0.329542,0.154078,0.188748,0.937758,0.468360,0.395530,0.309524,1.748656,1.538024,0.276026,0.468360,1.928429,0.342906,0.326772,1.872267,0.614095,0.301914,0.870122,0.233023,1.973506,0.610786,1.523837,0.212001,0.307526,0.201292,0.815372,1.863037,0.138065,0.412910,0.232501,0.342568,0.189827,0.965182,0.978038,1.863696,0.151695,0.280829,1.960184,0.349339,1.922593,1.987686,0.352745,0.138738,0.139708,0.167561,0.912834,1.598761,0.724683,1.959728,0.245864,0.224138,0.197012,0.189827,0.183896,0.233292,0.459639,0.142538,0.203042
1.005258,1.522567,1.818083,1.856949,1.796274,1.859651,1.866108,1.597940,1.749480,0.490058,1.907584,1.664271,1.684647,0.607308,1.864925,1.825105,1.663989,0.768111,1.836191,1.887378,1.888674,1.831716,1.881740,1.589607,1.862904,0.822445,1.880997,1.813001,0.808689,1.890972,1.142323,1.864925,1.855315,0.000000,1.888486,1.794006,1.749060,1.027300,1.848020,1.848260,1.868423,1.528609,1.803804,1.888923,1.898591,1.719185,1.874162,1.867069,1.893156,0.863835,1.422211,1.890972,1.874162,1.022941,1.880064,1.850567,0.820737,1.868350,1.860843,1.754098,1.900490,0.687459,1.847404,1.315771,1.866915,1.894745,1.852017,1.803597,0.791981,1.874852,1.880997,1.879698,1.885101,1.894757,1.722447,1.645849,1.152248,1.877682,1.881294,0.614984,1.871163,0.959334,0.613249,1.795157,1.860225,1.863460,1.883466,1.801167,0.932922,1.805973,0.728227,1.838824,1.902773,1.898630,1.894757,1.859862,1.867845,1.819295,1.875111,1.903623
1.818689,1.377671,0.582267,0.221403,0.401393,0.230911,0.200093,1.135417,0.807924,1.935862,0.286626,0.997341,0.760675,1.778129,0.203397,0.442856,1.090527,1.970300,0.325336,0.019572,0.127693,0.412301,0.162921,0.855021,0.160127,1.944459,0.332933,0.393403,1.931111,0.212999,1.447959,0.203397,0.201773,1.888486,0.000000,0.591799,0.903586,1.836827,0.341875,0.359040,0.444625,1.381369,0.438066,0.085595,0.163932,0.871339,0.375771,0.319590,0.285172,1.734930,1.486431,0.212999,0.375771,1.890723,0.337368,0.353524,1.855742,0.522115,0.321011,0.798619,0.202720,1.970310,0.523728,1.489533,0.260485,0.294188,0.271923,0.729615,1.851035,0.166724,0.332933,0.248408,0.315073,0.067682,0.883269,0.917394,1.816768,0.155579,0.278897,1.957433,0.397135,1.890221,1.988437,0.418823,0.175396,0.207025,0.069952,0.820037,1.636498,0.639967,1.951974,0.359769,0.091717,0.080938,0.067682,0.232261,0.291140,0.457025,0.162380,0.111515
1.604440,1.122782,0.426429,0.684574,0.822434,0.673155,0.671180,0.833085,0.528473,1.824669,0.686678,0.918492,0.611120,1.679582,0.651912,0.495159,0.937271,1.858528,0.799650,0.599321,0.620302,0.846193,0.659814,1.188697,0.685052,1.781456,0.472150,0.544445,1.783341,0.535305,1.614171,0.651912,0.657117,1.794006,0.591799,0.000000,0.627186,1.669692,0.760411,0.788851,0.444078,1.047105,0.847115,0.621836,0.634426,0.671643,0.458901,0.483549,0.650683,1.463103,1.284229,0.535305,0.458901,1.717040,0.744200,0.805796,1.634920,0.455151,0.768819,0.472552,0.658573,1.861730,0.499910,1.287263,0.691065,0.656288,0.751945,0.501237,1.651670,0.680030,0.472150,0.691670,0.696446,0.602742,0.578646,0.644161,1.652118,0.632008,0.728333,1.842355,0.791272,1.713916,1.883631,0.768191,0.686999,0.711722,0.627832,0.575778,1.524042,0.431308,1.808733,0.813449,0.590339,0.598417,0.602742,0.719500,0.732823,0.551299,0.669637,0.620811
1.348791,0.766297,0.467661,1.014432,1.161682,1.006641,0.989832,0.379104,0.397909,1.707109,0.963305,1.107894,0.789853,1.617086,0.964778,0.580527,1.058429,1.681298,1.132170,0.914261,0.926812,1.156214,0.991470,1.502574,1.020407,1.583827,0.663728,0.695955,1.600419,0.804030,1.792455,0.964778,0.993849,1.749060,0.903586,0.627186,0.000000,1.390500,1.103567,1.133663,0.575290,0.787369,1.187331,0.934780,0.940048,0.364993,0.596290,0.698155,0.934876,1.308842,1.080281,0.804030,0.596290,1.480664,1.055030,1.131997,1.424489,0.446596,1.099874,0.407372,0.957958,1.713824,0.639392,0.965362,0.998936,0.952926,1.106499,0.260067,1.438823,1.019220,0.663728,0.991642,1.006076,0.902566,0.164752,0.427769,1.428337,0.943500,1.053780,1.714495,1.106125,1.473447,1.746048,1.156230,1.027843,1.058963,0.947489,0.553373,1.413622,0.357949,1.636993,1.168226,0.874091,0.893941,0.902566,1.070613,1.036079,0.720682,1.005865,0.917340
0.523160,1.040075,1.622767,1.872108,1.914422,1.868552,1.865221,1.199096,1.465143,0.791381,1.846563,1.609541,1.676476,1.070591,1.863791,1.679561,1.514113,0.667425,1.893692,1.840814,1.844584,1.907635,1.867042,1.908082,1.878666,0.546979,1.742834,1.722928,0.642690,1.805739,1.694567,1.863791,1.874802,1.027300,1.836827,1.669692,1.390500,0.000000,1.896227,1.906313,1.694804,1.079535,1.910087,1.849498,1.851747,1.411113,1.712155,1.740833,1.837661,0.815023,0.864778,1.805739,1.712155,0.509678,1.873401,1.884140,0.576974,1.644835,1.878936,1.488896,1.845451,0.676508,1.672901,0.957296,1.876149,1.844673,1.908561,1.526640,0.704056,1.878464,1.742834,1.875441,1.852833,1.837606,1.416863,1.394740,0.626064,1.853027,1.874885,0.733116,1.889023,0.502952,0.745842,1.908887,1.882067,1.891575,1.851171,1.526549,1.208160,1.572649,0.664906,1.915465,1.823003,1.833814,1.837606,1.896918,1.890203,1.738971,1.873471,1.838013
1.881371,1.504094,0.788440,0.198236,0.214018,0.159843,0.244856,1.317080,1.022887,1.928749,0.327783,1.052216,0.833781,1.769034,0.234855,0.668907,1.163706,1.974583,0.261218,0.332216,0.317653,0.397167,0.279519,0.674189,0.262585,1.972714,0.559649,0.596169,1.956456,0.428753,1.289872,0.234855,0.279560,1.848020,0.341875,0.760411,1.103567,1.896227,0.000000,0.076784,0.664732,1.514440,0.268806,0.312302,0.323497,1.075736,0.609835,0.546092,0.276718,1.776505,1.553852,0.428753,0.609835,1.933884,0.350398,0.335901,1.886573,0.736078,0.303324,0.977793,0.331496,1.965740,0.731588,1.588991,0.299111,0.291674,0.239563,0.935698,1.901030,0.265587,0.559649,0.341720,0.349941,0.336472,1.082261,1.101380,1.873156,0.281978,0.228379,1.951282,0.279483,1.933592,1.974915,0.336759,0.264675,0.245591,0.306237,0.986064,1.641432,0.856567,1.955584,0.287122,0.369286,0.346449,0.336472,0.247624,0.334625,0.613002,0.278215,0.338577
1.888760,1.528679,0.821867,0.211177,0.197362,0.188725,0.256431,1.343108,1.048761,1.928794,0.343363,1.048941,0.863225,1.770646,0.252463,0.699372,1.163213,1.974770,0.243449,0.348610,0.331005,0.384085,0.284153,0.651336,0.268372,1.975266,0.590247,0.624034,1.955175,0.452486,1.278121,0.252463,0.292416,1.848260,0.359040,0.788851,1.133663,1.906313,0.076784,0.000000,0.695310,1.533980,0.262443,0.326196,0.331934,1.105103,0.641737,0.573539,0.319203,1.790552,1.575048,0.452486,0.641737,1.937082,0.350855,0.323820,1.899404,0.766598,0.291028,1.011336,0.337724,1.964494,0.753992,1.612349,0.319225,0.324173,0.222292,0.968581,1.908109,0.268256,0.590247,0.350383,0.355808,0.353078,1.113383,1.133637,1.877797,0.298016,0.222152,1.951012,0.287791,1.939175,1.973137,0.334015,0.268840,0.243034,0.318974,1.007247,1.654573,0.888838,1.955517,0.274754,0.385536,0.362881,0.353078,0.237162,0.342924,0.644730,0.281226,0.349950
1.665574,1.123449,0.183050,0.569291,0.725838,0.569684,0.535210,0.862335,0.594582,1.896971,0.533637,1.047352,0.564698,1.751662,0.501508,0.304021,1.079004,1.897177,0.702073,0.454456,0.479245,0.723170,0.544735,1.133086,0.557443,1.838161,0.130185,0.369531,1.851306,0.283184,1.587989,0.501508,0.524495,1.868423,0.444625,0.444078,0.575290,1.694804,0.664732,0.695310,0.000000,1.158462,0.745528,0.467465,0.455085,0.564835,0.140753,0.212860,0.511386,1.579328,1.295805,0.283184,0.140753,1.773664,0.614948,0.717529,1.704289,0.242516,0.675061,0.507861,0.500367,1.914697,0.423767,1.261538,0.529571,0.527642,0.657489,0.356820,1.712261,0.559589,0.130185,0.533342,0.573919,0.441718,0.541126,0.665791,1.716702,0.480049,0.618234,1.914735,0.685549,1.761690,1.937123,0.715980,0.572095,0.599071,0.491347,0.609817,1.535458,0.268425,1.867511,0.706708,0.420203,0.430134,0.441718,0.619815,0.570025,0.311982,0.547309,0.464324
0.953383,0.788024,1.069381,1.456709,1.570544,1.447631,1.442422,0.687010,0.853780,1.425344,1.423189,1.158574,1.222653,1.489194,1.435692,1.183777,1.022757,1.311637,1.538871,1.388838,1.401488,1.567051,1.439517,1.773862,1.470497,1.194997,1.230512,1.264142,1.207571,1.322533,1.865034,1.435692,1.452248,1.528609,1.381369,1.047105,0.787369,1.079535,1.514440,1.533980,1.158462,0.000000,1.579458,1.404525,1.404981,0.944888,1.188553,1.241135,1.396094,0.995624,0.953594,1.322533,1.188553,1.070750,1.472750,1.538838,1.069487,1.077110,1.505645,0.881096,1.409953,1.368185,1.124118,1.007338,1.465545,1.409825,1.516461,0.935981,1.159921,1.457119,1.230512,1.452433,1.438279,1.381519,0.821168,0.898256,1.052637,1.412362,1.482906,1.383664,1.515441,1.092810,1.391952,1.512747,1.472504,1.486889,1.413622,0.794846,1.285778,0.999399,1.257998,1.551769,1.358665,1.373736,1.381519,1.493533,1.489905,1.273112,1.446699,1.386209
1.902899,1.563514,0.858552,0.297835,0.203008,0.318371,0.315549,1.396470,1.108178,1.909873,0.499854,1.157804,0.825543,1.740970,0.312141,0.748482,1.274087,1.973016,0.333737,0.426811,0.426909,0.389907,0.379571,0.569925,0.327889,1.972007,0.645278,0.668908,1.960570,0.522673,1.175425,0.312141,0.329542,1.803804,0.438066,0.847115,1.187331,1.910087,0.268806,0.262443,0.745528,1.579458,0.000000,0.402385,0.418699,1.120907,0.698258,0.629880,0.456798,1.786011,1.586603,0.522673,0.698258,1.966629,0.469777,0.409800,1.887092,0.843120,0.395866,1.061369,0.417239,1.957683,0.805412,1.622943,0.352535,0.446237,0.302280,1.010098,1.904514,0.341318,0.645278,0.399422,0.497830,0.437472,1.151697,1.149559,1.902522,0.354878,0.400128,1.940985,0.396883,1.944044,1.960301,0.371500,0.338585,0.306753,0.400898,1.083061,1.610382,0.933492,1.955350,0.270089,0.473953,0.445147,0.437472,0.326881,0.356180,0.619729,0.354293,0.444202
1.830276,1.401101,0.609208,0.196457,0.375962,0.214811,0.166376,1.167683,0.845350,1.941459,0.279760,1.016680,0.772204,1.783434,0.189791,0.478070,1.114290,1.975726,0.291844,0.078296,0.093899,0.381134,0.117141,0.832353,0.126462,1.948854,0.352194,0.423874,1.937609,0.216743,1.427338,0.189791,0.154078,1.888923,0.085595,0.621836,0.934780,1.849498,0.312302,0.326196,0.467465,1.404525,0.402385,0.000000,0.124724,0.898762,0.401899,0.338453,0.283252,1.747974,1.498473,0.216743,0.401899,1.901286,0.319655,0.339013,1.866703,0.546105,0.289418,0.819510,0.166847,1.974613,0.549040,1.511206,0.236550,0.292381,0.243571,0.758681,1.861618,0.113047,0.352194,0.222603,0.305666,0.054360,0.916259,0.949945,1.828897,0.125215,0.257525,1.962812,0.377590,1.901273,1.991818,0.402336,0.150529,0.159812,0.068576,0.845448,1.638884,0.671795,1.959678,0.321619,0.088771,0.057554,0.054360,0.210746,0.260501,0.463949,0.105155,0.074844
