0.000000,1.102635,1.654025,1.905002,1.935413,1.899290,1.895773,1.225088,1.514719,0.815812,1.886581,1.740671,1.656588,1.078388,1.890259,1.714794,1.658737,0.630677,1.932628,1.873287,1.881027,1.932656,1.901226,1.922241,1.910206,0.442933,1.781498,1.753699,0.588089,1.839822,1.614999,1.890259,1.905733,0.976147,1.868547,1.713602,1.421069,0.313887,1.921379,1.933235,1.732805,1.045050,1.932826,1.884285,1.884003,1.440352,1.754199,1.770896,1.870175,0.728040,0.864256,1.839822,1.754199,0.489053,1.912036,1.916685,0.481963,1.683709,1.924193,1.508592,1.875268,0.686924,1.681650,1.013224,1.900222,1.874936,1.936445,1.564575,0.623800,1.911199,1.781498,1.901901,1.899642,1.873290,1.436359,1.403753,0.670632,1.881812,1.917111,0.731248,1.909254,0.452900,0.665723,1.918251,1.914781,1.922265,1.886034,1.559936,1.190172,1.607883,0.612104,1.942490,1.860333,1.869353,1.873290,1.926497,1.912063,1.733862,1.906681,1.875424
1.102635,0.000000,1.045314,1.419219,1.522109,1.415487,1.401287,0.648480,0.876151,1.444601,1.355503,1.316263,1.248094,1.430244,1.387010,1.091530,1.238304,1.355344,1.482703,1.353194,1.360577,1.482915,1.413562,1.698569,1.434054,1.272868,1.184154,1.166376,1.304334,1.285021,1.825994,1.387010,1.425974,1.536150,1.343577,1.141118,0.730879,1.108178,1.484656,1.509041,1.123179,0.767218,1.538188,1.378236,1.383910,0.819794,1.134384,1.211522,1.355697,1.113335,1.117708,1.285021,1.134384,1.136138,1.416848,1.467367,1.158287,1.028265,1.476618,0.966862,1.394616,1.428806,1.111709,0.838071,1.403808,1.354726,1.484620,0.893858,1.097790,1.438747,1.184154,1.395997,1.394431,1.347322,0.786955,0.866914,1.169770,1.360793,1.448746,1.450386,1.440981,1.162896,1.450135,1.509874,1.435002,1.464341,1.378533,0.981038,1.372923,0.965029,1.346691,1.544616,1.327919,1.345346,1.347322,1.464353,1.416754,1.146681,1.432842,1.359452
1.654025,1.045314,0.000000,0.680873,0.816809,0.671101,0.651737,0.745065,0.523211,1.864045,0.651808,1.054311,0.519234,1.732619,0.610718,0.311441,1.028760,1.855718,0.809126,0.569110,0.599121,0.836011,0.671796,1.180691,0.676251,1.796248,0.287901,0.386535,1.825896,0.435449,1.598686,0.610718,0.654825,1.830354,0.558004,0.390945,0.477988,1.679284,0.768521,0.808888,0.186290,1.041938,0.834289,0.595705,0.594990,0.480377,0.258770,0.303722,0.612606,1.522685,1.301991,0.435449,0.258770,1.733080,0.743592,0.820031,1.630884,0.287167,0.821898,0.397996,0.628616,1.891772,0.402633,1.120118,0.631879,0.626018,0.775944,0.257524,1.636897,0.692254,0.287901,0.651528,0.694678,0.567013,0.414801,0.556903,1.707110,0.594233,0.739128,1.894902,0.763032,1.696221,1.904772,0.782151,0.689284,0.727164,0.607937,0.550520,1.474165,0.136415,1.826515,0.843727,0.545683,0.559305,0.567013,0.743162,0.672766,0.309502,0.681467,0.593625
1.905002,1.419219,0.680873,0.000000,0.251589,0.082518,0.072122,1.231346,0.896583,1.928047,0.278343,0.851803,0.807681,1.773740,0.132956,0.571479,0.934840,1.973078,0.220080,0.207007,0.185870,0.339755,0.166766,0.733082,0.178592,1.968726,0.442828,0.505165,1.941669,0.312151,1.382584,0.132956,0.188263,1.862286,0.215590,0.603221,1.009002,1.900518,0.200582,0.219917,0.551626,1.441589,0.267536,0.180584,0.204742,0.993482,0.492208,0.433140,0.238695,1.768166,1.575063,0.312151,0.492208,1.921656,0.307219,0.312500,1.876625,0.616428,0.273115,0.886697,0.220415,1.972940,0.618154,1.522574,0.215099,0.250395,0.220859,0.827027,1.864690,0.165172,0.442828,0.238905,0.281432,0.204088,0.991059,1.036158,1.867072,0.128663,0.209205,1.962336,0.309342,1.912698,1.987659,0.337445,0.187997,0.177565,0.187071,0.888895,1.639894,0.745763,1.962430,0.315228,0.233934,0.214373,0.204088,0.206323,0.237452,0.549742,0.162588,0.204376
1.935413,1.522109,0.816809,0.251589,0.000000,0.253841,0.302150,1.354151,1.045947,1.892018,0.409827,0.910759,0.820744,1.722545,0.262307,0.710610,1.025258,1.960864,0.268086,0.384057,0.373391,0.377079,0.331171,0.555441,0.278414,1.977525,0.603163,0.626919,1.954582,0.476069,1.242587,0.262307,0.279208,1.794009,0.394991,0.725919,1.151710,1.932970,0.199385,0.181034,0.704533,1.551812,0.191093,0.357449,0.378496,1.106284,0.655982,0.591350,0.376566,1.773231,1.632270,0.476069,0.655982,1.961186,0.401043,0.364644,1.883622,0.787790,0.365105,1.019048,0.413576,1.951573,0.768885,1.561437,0.336398,0.388869,0.247833,0.968894,1.871398,0.294662,0.603163,0.377015,0.395709,0.393154,1.120864,1.144688,1.918670,0.348945,0.279561,1.937858,0.347918,1.944191,1.962241,0.284960,0.279593,0.258300,0.355631,1.034213,1.573442,0.889863,1.950976,0.270320,0.430564,0.403894,0.393154,0.261384,0.351460,0.658462,0.304339,0.401799
1.899290,1.415487,0.671101,0.082518,0.253841,0.000000,0.130017,1.219251,0.889729,1.928886,0.269378,0.853934,0.794026,1.776039,0.130403,0.561961,0.930821,1.972413,0.248032,0.215047,0.185187,0.369178,0.166563,0.746579,0.197053,1.966015,0.438353,0.497768,1.943036,0.315574,1.387730,0.130403,0.201142,1.863003,0.221882,0.580301,0.998596,1.898074,0.165416,0.198659,0.545588,1.428725,0.286327,0.193040,0.219248,0.979830,0.484998,0.431652,0.192989,1.763379,1.564312,0.315574,0.484998,1.918582,0.320878,0.321740,1.871254,0.608794,0.298490,0.867885,0.235667,1.972648,0.613183,1.505916,0.221568,0.215418,0.231125,0.816517,1.865581,0.178034,0.438353,0.259672,0.283173,0.212833,0.980082,1.020668,1.867287,0.158956,0.198355,1.962194,0.290426,1.911150,1.986706,0.336287,0.206168,0.191897,0.197602,0.885876,1.634903,0.736234,1.959563,0.334022,0.238100,0.221807,0.212833,0.211326,0.259604,0.551722,0.172589,0.210443
1.895773,1.401287,0.651737,0.072122,0.302150,0.130017,0.000000,1.207495,0.866622,1.930901,0.287780,0.858723,0.803589,1.778361,0.150549,0.546523,0.935538,1.971340,0.237118,0.185557,0.172366,0.343515,0.167558,0.760004,0.184386,1.963571,0.411676,0.484071,1.937195,0.282281,1.402861,0.150549,0.192675,1.869419,0.193270,0.587534,0.982577,1.890358,0.254827,0.275175,0.520192,1.420817,0.296310,0.162910,0.176567,0.966781,0.461904,0.398662,0.254545,1.761046,1.559761,0.282281,0.461904,1.914059,0.313252,0.331106,1.868173,0.587415,0.283295,0.860231,0.182082,1.974636,0.588821,1.507261,0.203201,0.258634,0.246424,0.799417,1.857230,0.174062,0.411676,0.217270,0.287754,0.181114,0.965650,1.010161,1.856866,0.087747,0.246207,1.963791,0.334303,1.903521,1.988732,0.358079,0.195949,0.196247,0.171161,0.864131,1.645041,0.716729,1.961460,0.335672,0.207192,0.190521,0.181114,0.229419,0.222859,0.523565,0.167056,0.183168
1.225088,0.648480,0.745065,1.231346,1.354151,1.219251,1.207495,0.000000,0.521837,1.572932,1.193542,1.209905,1.009757,1.509485,1.189273,0.779859,1.118840,1.534396,1.322724,1.139076,1.147583,1.333497,1.208084,1.614477,1.239792,1.423022,0.936690,0.867230,1.437299,1.058523,1.777688,1.189273,1.225120,1.620260,1.127269,0.847680,0.365715,1.276962,1.317537,1.348911,0.862841,0.648977,1.374600,1.171325,1.172920,0.460646,0.870221,0.944728,1.170654,1.150635,1.136799,1.058523,0.870221,1.301141,1.271874,1.298196,1.253422,0.757492,1.317157,0.617918,1.178535,1.586461,0.799295,0.795353,1.212377,1.176536,1.310397,0.589715,1.227892,1.245146,0.936690,1.210065,1.226696,1.139560,0.397714,0.439058,1.324257,1.157243,1.275494,1.595521,1.289501,1.288785,1.604760,1.323245,1.239373,1.277960,1.169279,0.755222,1.385102,0.635145,1.484061,1.387225,1.112997,1.136182,1.139560,1.281293,1.239799,0.905030,1.232763,1.152434
1.514719,0.876151,0.523211,0.896583,1.045947,0.889729,0.866622,0.521837,0.000000,1.740679,0.876921,0.985469,0.884730,1.625159,0.862222,0.484555,0.930802,1.739816,0.993732,0.798679,0.807076,1.018061,0.871442,1.357345,0.912082,1.675913,0.639225,0.558990,1.668919,0.737704,1.711101,0.862222,0.890606,1.760105,0.784889,0.511607,0.434290,1.532180,1.008498,1.038435,0.595974,0.842423,1.063728,0.838103,0.837270,0.437618,0.579456,0.626355,0.858460,1.405220,1.316859,0.737704,0.579456,1.556604,0.959257,0.962813,1.526286,0.528412,0.996337,0.487767,0.846148,1.773873,0.503302,1.063781,0.891881,0.852186,0.975916,0.476543,1.482430,0.911061,0.639225,0.884516,0.910615,0.806917,0.422768,0.370230,1.533608,0.810529,0.960483,1.772741,0.967882,1.546935,1.795857,1.005792,0.899895,0.945141,0.829544,0.578098,1.508586,0.426394,1.713909,1.065186,0.778568,0.805274,0.806917,0.944534,0.921459,0.635423,0.899950,0.816721
0.815812,1.444601,1.864045,1.928047,1.892018,1.928886,1.930901,1.572932,1.740679,0.000000,1.935583,1.720587,1.795676,0.491203,1.933437,1.853002,1.727920,0.539039,1.904071,1.933851,1.933172,1.888408,1.931031,1.724586,1.920170,0.622788,1.920053,1.856197,0.656662,1.935338,1.271288,1.933437,1.919589,0.453964,1.933673,1.854848,1.734137,0.795770,1.922489,1.919995,1.908070,1.481907,1.897800,1.938070,1.943393,1.705296,1.905719,1.912977,1.938838,0.841006,1.374954,1.935338,1.905719,0.800821,1.920693,1.902763,0.755534,1.890338,1.913592,1.778068,1.945877,0.456566,1.867875,1.322181,1.929681,1.938247,1.915220,1.816910,0.715042,1.930359,1.920053,1.926594,1.925191,1.938043,1.729978,1.665243,0.837933,1.932292,1.926565,0.251642,1.917241,0.706123,0.455668,1.883723,1.917635,1.923406,1.930376,1.827283,1.065665,1.835655,0.518062,1.902264,1.941723,1.941805,1.938043,1.920214,1.925073,1.870666,1.930871,1.944631
1.886581,1.355503,0.651808,0.278343,0.409827,0.269378,0.287780,1.193542,0.876921,1.935583,0.000000,0.808148,0.823268,1.791066,0.285692,0.580078,0.872194,1.960136,0.331662,0.275048,0.246704,0.419003,0.263525,0.833224,0.290658,1.954996,0.416596,0.540590,1.930338,0.302715,1.455253,0.285692,0.280522,1.886597,0.277804,0.597506,0.959373,1.882368,0.308282,0.328209,0.511346,1.410225,0.459965,0.251373,0.259922,0.972317,0.468474,0.445020,0.230815,1.778205,1.554994,0.302715,0.468474,1.887777,0.207950,0.389911,1.879878,0.561573,0.323116,0.867569,0.315743,1.965986,0.619017,1.490859,0.276613,0.249389,0.310884,0.781970,1.844256,0.266081,0.416596,0.303015,0.164280,0.253387,0.953215,1.040448,1.840042,0.265397,0.201619,1.962052,0.314986,1.897508,1.983970,0.423551,0.288304,0.285685,0.271256,0.859004,1.656757,0.713557,1.948877,0.396837,0.264259,0.255968,0.253387,0.294294,0.296946,0.572509,0.272690,0.249791
1.740671,1.316263,1.054311,0.851803,0.910759,0.853934,0.858723,1.209905,0.985469,1.720587,0.808148,0.000000,1.274753,1.593787,0.872456,0.927715,0.269784,1.771193,0.845758,0.870272,0.831700,0.882022,0.832473,1.152620,0.886787,1.771096,0.920214,0.909563,1.689958,0.875089,1.508184,0.872456,0.883813,1.748816,0.867141,0.928314,1.128669,1.737605,0.890113,0.889841,0.972093,1.354566,0.958782,0.874286,0.849983,1.150653,0.921332,0.954299,0.867156,1.653613,1.641860,0.875089,0.921332,1.657690,0.821193,0.834340,1.790652,0.954769,0.795327,1.140331,0.871262,1.743378,0.893023,1.555042,0.913729,0.882320,0.835081,1.076863,1.641040,0.853815,0.920214,0.884826,0.809425,0.869385,1.151942,1.185919,1.624423,0.846387,0.831890,1.754881,0.912358,1.718432,1.788282,0.861874,0.859402,0.863528,0.868547,1.006270,1.668540,1.042482,1.745074,0.923303,0.864237,0.874506,0.869385,0.830310,0.910826,1.039102,0.852087,0.852854
1.656588,1.248094,0.519234,0.807681,0.820744,0.794026,0.803589,1.009757,0.884730,1.795676,0.823268,1.274753,0.000000,1.657736,0.731211,0.666428,1.276098,1.833473,0.917708,0.756692,0.798179,0.942479,0.834986,1.061373,0.785476,1.784787,0.618815,0.675507,1.848065,0.678989,1.377866,0.731211,0.756886,1.692476,0.754562,0.631794,0.797434,1.701967,0.819486,0.853420,0.584322,1.220349,0.827692,0.763516,0.781104,0.772392,0.631327,0.613752,0.765002,1.478193,1.288651,0.678989,0.631327,1.796958,0.880161,0.949252,1.572158,0.673971,0.954472,0.680496,0.820802,1.842812,0.750814,1.158400,0.749300,0.784980,0.864306,0.630304,1.636480,0.820121,0.618815,0.805594,0.844647,0.761733,0.699017,0.799339,1.776640,0.780277,0.838762,1.839040,0.848867,1.709918,1.843071,0.821816,0.807886,0.828980,0.777840,0.846893,1.283289,0.588376,1.779743,0.874269,0.766364,0.756280,0.761733,0.846758,0.795500,0.506782,0.816999,0.796308
1.078388,1.430244,1.732619,1.773740,1.722545,1.776039,1.778361,1.509485,1.625159,0.491203,1.791066,1.593787,1.657736,0.000000,1.780142,1.695234,1.651409,0.898227,1.747533,1.785079,1.783676,1.736925,1.782112,1.549204,1.757117,0.987728,1.777033,1.685865,0.990582,1.783280,1.099619,1.780142,1.752639,0.535733,1.785832,1.703940,1.649217,1.075458,1.769927,1.768823,1.775891,1.524353,1.738320,1.788625,1.798890,1.589307,1.764066,1.768757,1.794107,0.821499,1.487553,1.783280,1.764066,1.122588,1.773368,1.753350,0.927911,1.769631,1.771679,1.652337,1.815592,0.832819,1.740244,1.273784,1.782248,1.797865,1.756572,1.702434,0.874122,1.777729,1.777033,1.779905,1.775029,1.790134,1.629653,1.539397,1.154415,1.778805,1.778731,0.708605,1.774536,0.979840,0.850927,1.719040,1.754215,1.766685,1.779027,1.755160,0.972607,1.711367,0.834211,1.743360,1.801772,1.797931,1.790134,1.764529,1.777523,1.708170,1.779245,1.807188
1.890259,1.387010,0.610718,0.132956,0.262307,0.130403,0.150549,1.189273,0.862222,1.933437,0.285692,0.872456,0.731211,1.780142,0.000000,0.518063,0.942143,1.969878,0.297578,0.191508,0.196532,0.393797,0.207556,0.766773,0.198259,1.962178,0.379708,0.457801,1.943803,0.257846,1.402514,0.000000,0.196081,1.866194,0.196367,0.542969,0.954715,1.893342,0.230674,0.255843,0.483362,1.407102,0.301920,0.180148,0.192362,0.933691,0.432664,0.378324,0.219430,1.747354,1.553020,0.257846,0.432664,1.918565,0.343493,0.359789,1.856473,0.560424,0.350121,0.832436,0.236729,1.974358,0.567707,1.476967,0.214037,0.234800,0.258602,0.761901,1.850359,0.203201,0.379708,0.252001,0.312703,0.193642,0.931346,0.985832,1.868002,0.155450,0.250453,1.967311,0.322547,1.904714,1.988570,0.347722,0.213214,0.219573,0.190978,0.845112,1.610068,0.682170,1.955223,0.350863,0.219151,0.200155,0.193642,0.232394,0.252502,0.478184,0.199739,0.209989
1.714794,1.091530,0.311441,0.571479,0.710610,0.561961,0.546523,0.779859,0.484555,1.853002,0.580078,0.927715,0.666428,1.695234,0.518063,0.000000,0.942430,1.885289,0.685260,0.464046,0.477923,0.709921,0.550573,1.090648,0.568635,1.831622,0.288996,0.125801,1.835299,0.392489,1.570071,0.518063,0.559747,1.814327,0.452202,0.369001,0.569514,1.730453,0.686756,0.722674,0.304097,1.124316,0.740482,0.503162,0.517876,0.512789,0.221818,0.300863,0.548471,1.560639,1.432177,0.392489,0.221818,1.766703,0.665171,0.677561,1.694945,0.334867,0.712297,0.516667,0.552601,1.910100,0.347100,1.194437,0.552838,0.555228,0.660143,0.406476,1.650779,0.584725,0.288996,0.553266,0.612758,0.473248,0.530105,0.566890,1.738427,0.486105,0.646353,1.897475,0.679276,1.747420,1.920727,0.683437,0.569792,0.617221,0.494947,0.646234,1.507482,0.303452,1.856265,0.753126,0.454089,0.474962,0.473248,0.629818,0.585469,0.337024,0.574389,0.499000
1.658737,1.238304,1.028760,0.934840,1.025258,0.930821,0.935538,1.118840,0.930802,1.727920,0.872194,0.269784,1.276098,1.651409,0.942143,0.942430,0.000000,1.737100,0.957205,0.931454,0.898880,0.997525,0.911147,1.297595,0.979946,1.708280,0.934283,0.950433,1.637615,0.917301,1.609631,0.942143,0.976353,1.786343,0.925258,0.928891,1.045456,1.663060,0.977361,0.982412,0.962507,1.229596,1.061818,0.941215,0.910411,1.101859,0.925978,0.971481,0.922938,1.637296,1.546243,0.917301,0.925978,1.567138,0.905937,0.936851,1.744159,0.923087,0.891716,1.090372,0.918884,1.718062,0.868195,1.501896,0.982187,0.937839,0.941618,1.024778,1.601967,0.939308,0.934283,0.957344,0.883548,0.929991,1.080640,1.137263,1.530102,0.915630,0.913783,1.738769,0.996659,1.636400,1.759250,0.965751,0.957239,0.959379,0.940140,0.916688,1.696389,1.003751,1.708436,1.038119,0.912426,0.929262,0.929991,0.926678,0.988330,1.061634,0.934431,0.906793
0.630677,1.355344,1.855718,1.973078,1.960864,1.972413,1.971340,1.534396,1.739816,0.539039,1.960136,1.771193,1.833473,0.898227,1.969878,1.885289,1.737100,0.000000,1.962557,1.966364,1.967465,1.946971,1.971709,1.845882,1.973240,0.444834,1.928799,1.904326,0.425813,1.956039,1.484471,1.969878,1.971524,0.759599,1.965015,1.879244,1.690903,0.594138,1.969724,1.967788,1.901593,1.347573,1.966121,1.971087,1.971008,1.695364,1.914213,1.926027,1.961691,0.904773,1.242163,1.956039,1.914213,0.546966,1.957851,1.955235,0.662080,1.875065,1.959140,1.776766,1.965537,0.427484,1.869396,1.262045,1.967575,1.958797,1.970531,1.792406,0.713280,1.974385,1.928799,1.962191,1.960452,1.966839,1.704184,1.676166,0.707648,1.968179,1.968739,0.434361,1.957890,0.597244,0.351076,1.956339,1.970546,1.974642,1.968785,1.758235,1.167432,1.825123,0.441474,1.963803,1.962846,1.966372,1.966839,1.970112,1.965541,1.900922,1.973145,1.967176
1.932628,1.482703,0.809126,0.220080,0.268086,0.248032,0.237118,1.322724,0.993732,1.904071,0.331662,0.845758,0.917708,1.747533,0.297578,0.685260,0.957205,1.962557,0.000000,0.313076,0.283172,0.266459,0.228152,0.632730,0.231805,1.974382,0.572529,0.606943,1.935851,0.436720,1.329739,0.297578,0.251655,1.832774,0.322927,0.721710,1.129960,1.917211,0.276916,0.263717,0.680169,1.532769,0.301840,0.284735,0.305883,1.091823,0.622721,0.555316,0.372501,1.803826,1.626396,0.436720,0.622721,1.934122,0.273261,0.297777,1.909133,0.751305,0.165661,1.005494,0.314969,1.959074,0.719020,1.572850,0.275097,0.362736,0.192615,0.959544,1.872818,0.210562,0.572529,0.286221,0.274655,0.317484,1.111742,1.133939,1.882436,0.276357,0.219823,1.943202,0.337543,1.935682,1.975943,0.296713,0.218129,0.187342,0.277858,1.005938,1.659502,0.871163,1.962875,0.272937,0.345677,0.329399,0.317484,0.204470,0.262218,0.684247,0.218949,0.306740
1.873287,1.353194,0.569110,0.207007,0.384057,0.215047,0.185557,1.139076,0.798679,1.933851,0.275048,0.870272,0.756692,1.785079,0.191508,0.464046,0.931454,1.966364,0.313076,0.000000,0.122894,0.376165,0.159373,0.825885,0.156932,1.952324,0.330843,0.411031,1.930914,0.214689,1.453958,0.191508,0.196918,1.882071,0.022155,0.497126,0.912438,1.880009,0.337989,0.362661,0.434409,1.369894,0.396829,0.084803,0.161008,0.894817,0.377564,0.317429,0.261559,1.749383,1.545458,0.214689,0.377564,1.899605,0.324245,0.354833,1.858581,0.512460,0.340378,0.790229,0.193852,1.978718,0.516380,1.457127,0.213978,0.249455,0.266557,0.722705,1.839547,0.173105,0.330843,0.209596,0.291550,0.066062,0.891689,0.938130,1.842877,0.138205,0.287836,1.964432,0.350099,1.891704,1.991189,0.389580,0.171806,0.212033,0.057648,0.806690,1.633239,0.634891,1.957528,0.379311,0.094210,0.083413,0.066062,0.236184,0.226055,0.461106,0.165364,0.112456
1.881027,1.360577,0.599121,0.185870,0.373391,0.185187,0.172366,1.147583,0.807076,1.933172,0.246704,0.831700,0.798179,1.783676,0.196532,0.477923,0.898880,1.967465,0.283172,0.122894,0.000000,0.361826,0.089713,0.830877,0.176894,1.951929,0.355388,0.420477,1.929054,0.232850,1.456764,0.196532,0.179872,1.881836,0.127925,0.521189,0.927922,1.884511,0.314193,0.337016,0.464881,1.380252,0.401739,0.097959,0.146982,0.907829,0.398953,0.346100,0.243338,1.757503,1.563776,0.232850,0.398953,1.894566,0.312002,0.332527,1.868437,0.528841,0.309198,0.807292,0.187887,1.975998,0.526934,1.467919,0.213719,0.254008,0.246983,0.747692,1.840039,0.144256,0.355388,0.204497,0.268032,0.105053,0.911965,0.955280,1.842892,0.132153,0.252232,1.964387,0.357069,1.896090,1.990448,0.379763,0.174876,0.188454,0.111306,0.822611,1.642771,0.658726,1.958838,0.368747,0.106633,0.109267,0.105053,0.216356,0.227495,0.503597,0.130107,0.080343
1.932656,1.482915,0.836011,0.339755,0.377079,0.369178,0.343515,1.333497,1.018061,1.888408,0.419003,0.882022,0.942479,1.736925,0.393797,0.709921,0.997525,1.946971,0.266459,0.376165,0.361826,0.000000,0.318499,0.670080,0.306958,1.958682,0.604800,0.638082,1.924497,0.479806,1.349425,0.393797,0.331323,1.830508,0.386425,0.749314,1.142022,1.914235,0.402618,0.387665,0.707899,1.532394,0.399624,0.359443,0.366988,1.120985,0.652016,0.595597,0.465823,1.813758,1.654421,0.479806,0.652016,1.923746,0.344414,0.303816,1.912960,0.785278,0.302301,1.031215,0.386717,1.945541,0.778788,1.590271,0.313289,0.448824,0.280007,0.976877,1.855100,0.302441,0.604800,0.263670,0.377416,0.384109,1.127424,1.163425,1.861070,0.365017,0.348182,1.923408,0.415248,1.929837,1.962424,0.386042,0.293073,0.282849,0.341739,1.024621,1.647360,0.893381,1.956151,0.302103,0.409675,0.397082,0.384109,0.301815,0.245858,0.730244,0.311687,0.377883
1.901226,1.413562,0.671796,0.166766,0.331171,0.166563,0.167558,1.208084,0.871442,1.931031,0.263525,0.832473,0.834986,1.782112,0.207556,0.550573,0.911147,1.971709,0.228152,0.159373,0.089713,0.318499,0.000000,0.780349,0.145363,1.962315,0.429047,0.486718,1.934522,0.295591,1.423408,0.207556,0.163999,1.874995,0.170242,0.573496,0.997410,1.902977,0.276395,0.290719,0.537673,1.426821,0.351854,0.121646,0.165907,0.974816,0.475458,0.417306,0.261187,1.777469,1.586938,0.295591,0.475458,1.910741,0.292061,0.295316,1.886717,0.603358,0.255541,0.870482,0.190599,1.974770,0.591864,1.510512,0.210955,0.267766,0.186494,0.820352,1.862021,0.091007,0.429047,0.199303,0.259003,0.149942,0.981295,1.015150,1.857077,0.160975,0.220856,1.961965,0.335528,1.914257,1.988937,0.348453,0.140272,0.129934,0.123901,0.880978,1.654492,0.733191,1.963267,0.318043,0.167212,0.157601,0.149942,0.162612,0.212918,0.568174,0.072580,0.122036
1.922241,1.698569,1.180691,0.733082,0.555441,0.746579,0.760004,1.614477,1.357345,1.724586,0.833224,1.152620,1.061373,1.549204,0.766773,1.090648,1.297595,1.845882,0.632730,0.825885,0.830877,0.670080,0.780349,0.000000,0.710131,1.912504,1.020034,1.001334,1.890491,0.911760,0.939490,0.766773,0.716544,1.577104,0.836940,1.108079,1.479037,1.896820,0.671837,0.642720,1.100817,1.753390,0.566617,0.808872,0.825244,1.388160,1.069701,0.992437,0.839211,1.751968,1.700323,0.911760,1.069701,1.953578,0.763890,0.722795,1.834145,1.198000,0.721859,1.355045,0.845874,1.821951,1.149757,1.638817,0.758542,0.827059,0.661394,1.327928,1.814695,0.738749,1.020034,0.783959,0.786389,0.844197,1.436203,1.409712,1.926295,0.804509,0.717317,1.793316,0.710497,1.917543,1.820427,0.614539,0.708508,0.691855,0.793672,1.373375,1.467748,1.249980,1.853884,0.586514,0.881098,0.856005,0.844197,0.691456,0.748260,1.018724,0.751924,0.854725
1.910206,1.434054,0.676251,0.178592,0.278414,0.197053,0.184386,1.239792,0.912082,1.920170,0.290658,0.886787,0.785476,1.757117,0.198259,0.568635,0.979946,1.973240,0.231805,0.156932,0.176894,0.306958,0.145363,0.710131,0.000000,1.970813,0.438794,0.497454,1.949065,0.301575,1.367182,0.198259,0.119549,1.850277,0.175006,0.591473,1.024435,1.915608,0.268373,0.281985,0.545997,1.459780,0.294852,0.128143,0.197187,0.993728,0.492827,0.425948,0.292366,1.765484,1.596354,0.301575,0.492827,1.935654,0.293066,0.317080,1.879558,0.631463,0.291121,0.888886,0.244443,1.975358,0.631030,1.511318,0.204970,0.290151,0.168292,0.833706,1.860628,0.112560,0.438794,0.207678,0.280113,0.161913,0.998852,1.033284,1.881168,0.186730,0.240807,1.958064,0.316714,1.924006,1.987464,0.319225,0.079796,0.113962,0.113938,0.914212,1.615401,0.749086,1.962467,0.259865,0.210737,0.179377,0.161913,0.161416,0.196894,0.535503,0.117989,0.191948
0.442933,1.272868,1.796248,1.968726,1.977525,1.966015,1.963571,1.423022,1.675913,0.622788,1.954996,1.771096,1.784787,0.987728,1.962178,1.831622,1.708280,0.444834,1.974382,1.952324,1.951929,1.958682,1.962315,1.912504,1.970813,0.000000,1.888252,1.860541,0.444645,1.930674,1.543530,1.962178,1.969277,0.834246,1.949956,1.842486,1.598114,0.474273,1.974662,1.978611,1.852880,1.229887,1.975622,1.957342,1.956543,1.612434,1.865765,1.887727,1.950749,0.849113,1.105776,1.930674,1.865765,0.419966,1.965975,1.959931,0.600985,1.817684,1.967779,1.676400,1.950880,0.453597,1.809877,1.187230,1.960961,1.952922,1.979954,1.715928,0.599703,1.968985,1.888252,1.955480,1.962283,1.951212,1.614512,1.590456,0.579709,1.954891,1.971221,0.495551,1.961392,0.432140,0.412669,1.956848,1.971447,1.973921,1.957737,1.697298,1.178379,1.757474,0.443163,1.976030,1.942240,1.948786,1.951212,1.977769,1.961170,1.860800,1.966840,1.949598
1.781498,1.184154,0.287901,0.442828,0.603163,0.438353,0.411676,0.936690,0.639225,1.920053,0.416596,0.920214,0.618815,1.777033,0.379708,0.288996,0.934283,1.928799,0.572529,0.330843,0.355388,0.604800,0.429047,1.020034,0.438794,1.888252,0.000000,0.308877,1.894266,0.175646,1.544221,0.379708,0.426632,1.881460,0.321132,0.386982,0.672587,1.793858,0.543801,0.581951,0.127625,1.202865,0.623091,0.352908,0.342533,0.674875,0.099825,0.166556,0.390327,1.659012,1.435026,0.175646,0.099825,1.822506,0.510675,0.595788,1.766869,0.288436,0.584108,0.576270,0.393457,1.949083,0.390108,1.299793,0.400048,0.403466,0.538434,0.451776,1.748493,0.451622,0.000000,0.410018,0.463742,0.321965,0.646616,0.752026,1.782240,0.351261,0.503781,1.950744,0.543311,1.805381,1.965246,0.576565,0.452766,0.488946,0.367895,0.632580,1.567006,0.365391,1.906327,0.617163,0.305581,0.316934,0.321965,0.507265,0.433357,0.297115,0.441445,0.350034
1.753699,1.166376,0.386535,0.505165,0.626919,0.497768,0.484071,0.867230,0.558990,1.856197,0.540590,0.909563,0.675507,1.685865,0.457801,0.125801,0.950433,1.904326,0.606943,0.411031,0.420477,0.638082,0.486718,1.001334,0.497454,1.860541,0.308877,0.000000,1.859599,0.364076,1.511876,0.457801,0.487009,1.800940,0.401068,0.400248,0.678340,1.765656,0.622363,0.655216,0.355766,1.202920,0.664374,0.448022,0.467475,0.593292,0.272933,0.289799,0.512056,1.583881,1.472853,0.364076,0.272933,1.806461,0.613822,0.606721,1.725279,0.414340,0.647943,0.594811,0.507750,1.922858,0.378742,1.243313,0.498221,0.519387,0.585752,0.517002,1.676801,0.517687,0.308877,0.501370,0.561224,0.426876,0.632985,0.636324,1.782620,0.428971,0.583548,1.907058,0.626795,1.787543,1.932478,0.601956,0.495064,0.543862,0.434508,0.710924,1.504444,0.402032,1.876951,0.675506,0.414110,0.431431,0.426876,0.558044,0.531432,0.346105,0.508857,0.453041
0.588089,1.304334,1.825896,1.941669,1.954582,1.943036,1.937195,1.437299,1.668919,0.656662,1.930338,1.689958,1.848065,0.990582,1.943803,1.835299,1.637615,0.425813,1.935851,1.930914,1.929054,1.924497,1.934522,1.890491,1.949065,0.444645,1.894266,1.859599,0.000000,1.923346,1.566659,1.943803,1.951478,0.866593,1.928248,1.842978,1.617338,0.571154,1.955888,1.955520,1.868090,1.290408,1.953050,1.937974,1.934876,1.654560,1.871271,1.893765,1.934365,0.903642,1.201791,1.923346,1.871271,0.422825,1.930069,1.922393,0.724346,1.816958,1.919802,1.721350,1.924483,0.519034,1.797784,1.310550,1.948269,1.932635,1.948585,1.742420,0.697773,1.943592,1.894266,1.936475,1.930643,1.930675,1.643087,1.625450,0.593928,1.931183,1.944554,0.537494,1.940610,0.564399,0.481752,1.955225,1.945475,1.949101,1.935225,1.704588,1.332395,1.779833,0.542729,1.958363,1.922540,1.930144,1.930675,1.945972,1.943305,1.881284,1.940977,1.927439
1.839822,1.285021,0.435449,0.312151,0.476069,0.315574,0.282281,1.058523,0.737704,1.935338,0.302715,0.875089,0.678989,1.783280,0.257846,0.392489,0.917301,1.956039,0.436720,0.214689,0.232850,0.479806,0.295591,0.911760,0.301575,1.930674,0.175646,0.364076,1.923346,0.000000,1.484821,0.257846,0.288285,1.887927,0.210152,0.443377,0.810001,1.847892,0.417914,0.449611,0.280793,1.303485,0.497841,0.220261,0.186016,0.804822,0.253642,0.209517,0.295103,1.708336,1.493671,0.000000,0.253642,1.870826,0.382259,0.472230,1.820554,0.402270,0.450079,0.692345,0.271346,1.965682,0.452675,1.392335,0.286295,0.315090,0.393912,0.603527,1.801451,0.310722,0.175646,0.287781,0.340132,0.200285,0.787630,0.869150,1.826606,0.227379,0.373086,1.967273,0.438238,1.856996,1.984704,0.463796,0.314647,0.346255,0.241975,0.721250,1.598738,0.515352,1.935484,0.476569,0.197354,0.197621,0.200285,0.364286,0.312790,0.369230,0.302377,0.228385
1.614999,1.825994,1.598686,1.382584,1.242587,1.387730,1.402861,1.777688,1.711101,1.271288,1.455253,1.508184,1.377866,1.099619,1.402514,1.570071,1.609631,1.484471,1.329739,1.453958,1.456764,1.349425,1.423408,0.939490,1.367182,1.543530,1.544221,1.511876,1.566659,1.484821,0.000000,1.402514,1.367474,1.049101,1.462284,1.559441,1.757122,1.623236,1.314240,1.300735,1.581733,1.807549,1.239845,1.434465,1.445422,1.685515,1.574000,1.521217,1.447033,1.422348,1.597357,1.484821,1.574000,1.685096,1.401626,1.402689,1.480681,1.643693,1.371063,1.632312,1.460113,1.389672,1.586641,1.625877,1.404209,1.459580,1.343904,1.678806,1.495748,1.387828,1.544221,1.428692,1.415692,1.462047,1.712086,1.658090,1.719423,1.435853,1.368329,1.369529,1.382756,1.554940,1.375182,1.257843,1.372993,1.356711,1.434775,1.669592,1.165181,1.646024,1.447028,1.268808,1.488740,1.467583,1.462047,1.366040,1.403184,1.494262,1.395574,1.473847
1.890259,1.387010,0.610718,0.132956,0.262307,0.130403,0.150549,1.189273,0.862222,1.933437,0.285692,0.872456,0.731211,1.780142,0.000000,0.518063,0.942143,1.969878,0.297578,0.191508,0.196532,0.393797,0.207556,0.766773,0.198259,1.962178,0.379708,0.457801,1.943803,0.257846,1.402514,0.000000,0.196081,1.866194,0.196367,0.542969,0.954715,1.893342,0.230674,0.255843,0.483362,1.407102,0.301920,0.180148,0.192362,0.933691,0.432664,0.378324,0.219430,1.747354,1.553020,0.257846,0.432664,1.918565,0.343493,0.359789,1.856473,0.560424,0.350121,0.832436,0.236729,1.974358,0.567707,1.476967,0.214037,0.234800,0.258602,0.761901,1.850359,0.203201,0.379708,0.252001,0.312703,0.193642,0.931346,0.985832,1.868002,0.155450,0.250453,1.967311,0.322547,1.904714,1.988570,0.347722,0.213214,0.219573,0.190978,0.845112,1.610068,0.682170,1.955223,0.350863,0.219151,0.200155,0.193642,0.232394,0.252502,0.478184,0.199739,0.209989
1.905733,1.425974,0.654825,0.188263,0.279208,0.201142,0.192675,1.225120,0.890606,1.919589,0.280522,0.883813,0.756886,1.752639,0.196081,0.559747,0.976353,1.971524,0.251655,0.196918,0.179872,0.331323,0.163999,0.716544,0.119549,1.969277,0.426632,0.487009,1.951478,0.288285,1.367474,0.196081,0.000000,1.845635,0.210044,0.568236,1.007290,1.911291,0.268400,0.284581,0.531516,1.443098,0.310542,0.153059,0.198307,0.972608,0.484072,0.408820,0.275746,1.752295,1.588283,0.288285,0.484072,1.934581,0.304900,0.334813,1.868821,0.615689,0.313284,0.865005,0.260773,1.971330,0.621685,1.490124,0.195011,0.283104,0.181974,0.817107,1.851626,0.132620,0.426632,0.221897,0.282344,0.192763,0.978884,1.014873,1.885312,0.187294,0.238549,1.960086,0.317240,1.922146,1.986925,0.307779,0.117037,0.128443,0.166647,0.898259,1.589368,0.729344,1.958162,0.242684,0.230799,0.202636,0.192763,0.173657,0.206266,0.518361,0.140605,0.211005
0.976147,1.536150,1.830354,1.862286,1.794009,1.863003,1.869419,1.620260,1.760105,0.453964,1.886597,1.748816,1.692476,0.535733,1.866194,1.814327,1.786343,0.759599,1.832774,1.882071,1.881836,1.830508,1.874995,1.577104,1.850277,0.834246,1.881460,1.800940,0.866593,1.887927,1.049101,1.866194,1.845635,0.000000,1.883545,1.824334,1.758494,0.980044,1.845372,1.843543,1.877366,1.576870,1.800608,1.881456,1.893556,1.699830,1.873251,1.868771,1.884807,0.832863,1.411797,1.887927,1.873251,1.050068,1.863718,1.846799,0.814693,1.879461,1.860368,1.768144,1.902257,0.680485,1.847615,1.335243,1.868241,1.888932,1.844106,1.811481,0.797756,1.866078,1.881460,1.878322,1.868629,1.888436,1.730943,1.648830,1.164646,1.876511,1.863317,0.595154,1.855271,0.961700,0.618904,1.801902,1.848167,1.852550,1.875115,1.839170,0.921862,1.815754,0.732976,1.819841,1.897856,1.893031,1.888436,1.852820,1.869756,1.810123,1.868112,1.899047
1.868547,1.343577,0.558004,0.215590,0.394991,0.221882,0.193270,1.127269,0.784889,1.933673,0.277804,0.867141,0.754562,1.785832,0.196367,0.452202,0.925258,1.965015,0.322927,0.022155,0.127925,0.386425,0.170242,0.836940,0.175006,1.949956,0.321132,0.401068,1.928248,0.210152,1.462284,0.196367,0.210044,1.883545,0.000000,0.486167,0.900169,1.875331,0.347697,0.373240,0.423815,1.360840,0.409816,0.098939,0.167293,0.882946,0.366046,0.307606,0.262297,1.746422,1.540407,0.210152,0.366046,1.895347,0.330429,0.359525,1.855795,0.500961,0.347809,0.779483,0.198070,1.978232,0.504547,1.449788,0.221901,0.249104,0.279739,0.711042,1.835590,0.186827,0.321132,0.219370,0.295870,0.075498,0.879641,0.926411,1.838685,0.142332,0.295692,1.963988,0.356863,1.887837,1.990725,0.396992,0.186710,0.226336,0.076389,0.797184,1.633977,0.622329,1.956631,0.394866,0.093848,0.090025,0.075498,0.247389,0.237085,0.455099,0.178716,0.117731
1.713602,1.141118,0.390945,0.603221,0.725919,0.580301,0.587534,0.847680,0.511607,1.854848,0.597506,0.928314,0.631794,1.703940,0.542969,0.369001,0.928891,1.879244,0.721710,0.497126,0.521189,0.749314,0.573496,1.108079,0.591473,1.842486,0.386982,0.400248,1.842978,0.443377,1.559441,0.542969,0.568236,1.824334,0.486167,0.000000,0.638711,1.740039,0.678790,0.715243,0.383468,1.104558,0.750766,0.529958,0.539924,0.625961,0.366616,0.396347,0.539592,1.554487,1.406078,0.443377,0.366616,1.770391,0.680602,0.699233,1.687229,0.413720,0.730089,0.496749,0.573734,1.895643,0.422629,1.231831,0.576758,0.540767,0.658878,0.481547,1.677183,0.597915,0.386982,0.586124,0.629264,0.506021,0.589690,0.625471,1.734516,0.532149,0.658626,1.893725,0.663695,1.743608,1.916723,0.689621,0.586615,0.628737,0.526645,0.617597,1.521053,0.402027,1.843562,0.752635,0.492578,0.505326,0.506021,0.627434,0.615140,0.424991,0.589123,0.530462
1.421069,0.730879,0.477988,1.009002,1.151710,0.998596,0.982577,0.365715,0.434290,1.734137,0.959373,1.128669,0.797434,1.649217,0.954715,0.569514,1.045456,1.690903,1.129960,0.912438,0.927922,1.142022,0.997410,1.479037,1.024435,1.598114,0.672587,0.678340,1.617338,0.810001,1.757122,0.954715,1.007290,1.758494,0.900169,0.638711,0.000000,1.458386,1.098107,1.133980,0.589813,0.738191,1.166633,0.941941,0.942361,0.373608,0.604684,0.704689,0.931510,1.337357,1.180789,0.810001,0.604684,1.490747,1.054382,1.113110,1.431718,0.468465,1.123289,0.436901,0.955281,1.741996,0.606738,0.932505,0.980665,0.940668,1.106238,0.270197,1.428600,1.029007,0.672587,0.983262,1.009151,0.906402,0.162838,0.446025,1.470579,0.928012,1.059966,1.750523,1.073215,1.466418,1.757124,1.131867,1.031102,1.066577,0.949141,0.566847,1.446974,0.370117,1.650722,1.182904,0.879409,0.900415,0.906402,1.074894,1.010816,0.656104,1.017321,0.923398
0.313887,1.108178,1.679284,1.900518,1.932970,1.898074,1.890358,1.276962,1.532180,0.795770,1.882368,1.737605,1.701967,1.075458,1.893342,1.730453,1.663060,0.594138,1.917211,1.880009,1.884511,1.914235,1.902977,1.896820,1.915608,0.474273,1.793858,1.765656,0.571154,1.847892,1.623236,1.893342,1.911291,0.980044,1.875331,1.740039,1.458386,0.000000,1.921159,1.929542,1.749997,1.102510,1.930359,1.890891,1.886572,1.472089,1.768150,1.782571,1.874450,0.810983,0.848507,1.847892,1.768150,0.484775,1.896796,1.903923,0.560635,1.709336,1.908096,1.557274,1.875816,0.683237,1.705682,1.069868,1.894916,1.872161,1.936420,1.596545,0.664776,1.914026,1.793858,1.895086,1.888492,1.880715,1.476461,1.445063,0.631975,1.878851,1.911744,0.707788,1.897098,0.477108,0.663502,1.918414,1.918444,1.923670,1.890649,1.584948,1.243412,1.631564,0.631360,1.938952,1.867870,1.877677,1.880715,1.928601,1.905606,1.760901,1.910249,1.880186
1.921379,1.484656,0.768521,0.200582,0.199385,0.165416,0.254827,1.317537,1.008498,1.922489,0.308282,0.890113,0.819486,1.769927,0.230674,0.686756,0.977361,1.969724,0.276916,0.337989,0.314193,0.402618,0.276395,0.671837,0.268373,1.974662,0.543801,0.622363,1.955888,0.417914,1.314240,0.230674,0.268400,1.845372,0.347697,0.678790,1.098107,1.921159,0.000000,0.076930,0.644267,1.495687,0.252433,0.302270,0.320284,1.079994,0.598584,0.546779,0.246124,1.787156,1.585503,0.417914,0.598584,1.939491,0.344549,0.366716,1.886948,0.715354,0.330886,0.955669,0.346895,1.962461,0.727571,1.554357,0.293347,0.281497,0.250786,0.912888,1.886990,0.253773,0.543801,0.341205,0.325117,0.331096,1.078553,1.124869,1.891043,0.295867,0.199546,1.955436,0.281965,1.929002,1.975924,0.320912,0.280703,0.240023,0.315688,0.972021,1.619938,0.843454,1.957173,0.303716,0.362237,0.337184,0.331096,0.252211,0.322722,0.641080,0.260257,0.329167
1.933235,1.509041,0.808888,0.219917,0.181034,0.198659,0.275175,1.348911,1.038435,1.919995,0.328209,0.889841,0.853420,1.768823,0.255843,0.722674,0.982412,1.967788,0.263717,0.362661,0.337016,0.387665,0.290719,0.642720,0.281985,1.978611,0.581951,0.655216,1.955520,0.449611,1.300735,0.255843,0.284581,1.843543,0.373240,0.715243,1.133980,1.929542,0.076930,0.000000,0.682318,1.522660,0.244216,0.326394,0.337626,1.114317,0.637033,0.582212,0.295123,1.804864,1.608668,0.449611,0.637033,1.944159,0.344315,0.348576,1.900688,0.753905,0.317941,0.996944,0.364028,1.960145,0.754987,1.576456,0.316701,0.314606,0.239413,0.952903,1.896433,0.265881,0.581951,0.355237,0.333024,0.357887,1.115639,1.159442,1.895755,0.320158,0.194099,1.952943,0.285403,1.936544,1.973063,0.319293,0.288052,0.244790,0.336203,1.000129,1.629323,0.882051,1.957988,0.285855,0.388925,0.364471,0.357887,0.246766,0.334074,0.677796,0.273754,0.351417
1.732805,1.123179,0.186290,0.551626,0.704533,0.545588,0.520192,0.862841,0.595974,1.908070,0.511346,0.972093,0.584322,1.775891,0.483362,0.304097,0.962507,1.901593,0.680169,0.434409,0.464881,0.707899,0.537673,1.100817,0.545997,1.852880,0.127625,0.355766,1.868090,0.280793,1.581733,0.483362,0.531516,1.877366,0.423815,0.383468,0.589813,1.749997,0.644267,0.682318,0.000000,1.132340,0.721345,0.458931,0.447513,0.606635,0.140219,0.209974,0.484622,1.617713,1.378390,0.280793,0.140219,1.783586,0.605158,0.696189,1.720456,0.248076,0.685498,0.506608,0.490138,1.928786,0.381663,1.237203,0.502435,0.496153,0.645153,0.362393,1.712458,0.559247,0.127625,0.513679,0.559547,0.427047,0.558403,0.691425,1.747254,0.460235,0.606325,1.934974,0.635484,1.761464,1.945293,0.671273,0.560454,0.596830,0.474066,0.574820,1.543645,0.274278,1.875800,0.718835,0.406227,0.419231,0.427047,0.612944,0.536667,0.291729,0.548524,0.452920
1.045050,0.767218,1.041938,1.441589,1.551812,1.428725,1.420817,0.648977,0.842423,1.481907,1.410225,1.354566,1.220349,1.524353,1.407102,1.124316,1.229596,1.347573,1.532769,1.369894,1.380252,1.532394,1.426821,1.753390,1.459780,1.229887,1.202865,1.202920,1.290408,1.303485,1.807549,1.407102,1.443098,1.576870,1.360840,1.104558,0.738191,1.102510,1.495687,1.522660,1.132340,0.000000,1.547013,1.391609,1.391517,0.850033,1.155670,1.216858,1.374054,1.120549,1.015294,1.303485,1.155670,1.112412,1.484752,1.501350,1.117958,1.065968,1.518830,0.873120,1.388903,1.412159,1.077762,0.939690,1.426197,1.381397,1.504641,0.901295,1.162112,1.448900,1.202865,1.422969,1.453304,1.366420,0.777644,0.812049,1.117675,1.379464,1.484615,1.453813,1.474752,1.094894,1.428030,1.505640,1.459915,1.478118,1.397017,0.817300,1.318017,0.968968,1.305233,1.552758,1.340440,1.358701,1.366420,1.485450,1.448271,1.184057,1.440389,1.369405
1.932826,1.538188,0.834289,0.267536,0.191093,0.286327,0.296310,1.374600,1.063728,1.897800,0.459965,0.958782,0.827692,1.738320,0.301920,0.740482,1.061818,1.966121,0.301840,0.396829,0.401739,0.399624,0.351854,0.566617,0.294852,1.975622,0.623091,0.664374,1.953050,0.497841,1.239845,0.301920,0.310542,1.800608,0.409816,0.750766,1.166633,1.930359,0.252433,0.244216,0.721345,1.547013,0.000000,0.368346,0.392027,1.128123,0.676133,0.610003,0.416299,1.772310,1.608856,0.497841,0.676133,1.964111,0.426628,0.409977,1.876565,0.805083,0.372431,1.024721,0.405139,1.954280,0.786591,1.592949,0.352278,0.421651,0.282743,0.981529,1.889158,0.308249,0.623091,0.381374,0.432025,0.403974,1.136536,1.155554,1.908050,0.349736,0.345262,1.936201,0.390997,1.940030,1.959457,0.345294,0.311596,0.278989,0.368301,1.036449,1.596604,0.909238,1.952116,0.278802,0.441644,0.412736,0.403974,0.304432,0.356865,0.663986,0.317576,0.413007
1.884285,1.378236,0.595705,0.180584,0.357449,0.193040,0.162910,1.171325,0.838103,1.938070,0.251373,0.874286,0.763516,1.788625,0.180148,0.503162,0.941215,1.971087,0.284735,0.084803,0.097959,0.359443,0.121646,0.808872,0.128143,1.957342,0.352908,0.448022,1.937974,0.220261,1.434465,0.180148,0.153059,1.881456,0.098939,0.529958,0.941941,1.890891,0.302270,0.326394,0.458931,1.391609,0.368346,0.000000,0.134610,0.925116,0.406579,0.342950,0.248642,1.758255,1.551541,0.220261,0.406579,1.909136,0.298944,0.350266,1.866580,0.536201,0.311616,0.810796,0.182080,1.980007,0.545730,1.477112,0.190547,0.255931,0.238900,0.750757,1.849447,0.119937,0.352908,0.192189,0.268167,0.057833,0.922213,0.974448,1.853327,0.127596,0.252455,1.968385,0.346745,1.901045,1.993391,0.367782,0.151593,0.165107,0.074505,0.826987,1.633327,0.666367,1.961472,0.338962,0.092772,0.060357,0.057833,0.213291,0.200036,0.481580,0.111666,0.080310
