0.000000,1.116498,1.673172,1.901304,1.923619,1.890575,1.895582,1.206068,1.428520,0.849747,1.878734,1.632506,1.710765,1.126745,1.884334,1.725800,1.527096,0.613748,1.917192,1.863321,1.879534,1.929575,1.896729,1.907206,1.902445,0.505986,1.788548,1.754934,0.591568,1.842038,1.591941,1.884334,1.905562,0.979180,1.858429,1.616940,1.429272,0.251404,1.911222,1.923144,1.744616,0.985958,1.938792,1.878398,1.887378,1.421554,1.760278,1.786663,1.865306,0.635960,0.719535,1.842038,1.760278,0.499740,1.904055,1.906164,0.479128,1.683285,1.909557,1.479475,1.882697,0.665908,1.701265,0.921085,1.903312,1.865776,1.925217,1.581281,0.682580,1.904031,1.788548,1.901283,1.887070,1.867522,1.470976,1.376368,0.742011,1.878626,1.907337,0.751148,1.904015,0.549873,0.637259,1.879128,1.905829,1.914806,1.876545,1.501241,1.128353,1.628586,0.561968,1.941721,1.854562,1.863979,1.867522,1.916691,1.914454,1.757841,1.901148,1.871904
1.116498,0.000000,1.091141,1.411106,1.513681,1.405011,1.388383,0.625486,0.800523,1.445388,1.365304,1.264687,1.303576,1.411062,1.385175,1.124540,1.180748,1.383254,1.467784,1.345556,1.365091,1.501844,1.412200,1.700379,1.429162,1.267812,1.205565,1.189804,1.284745,1.296901,1.797578,1.385175,1.426845,1.515668,1.336317,1.064196,0.729759,1.100425,1.469651,1.497875,1.153781,0.720955,1.520462,1.370952,1.394819,0.849476,1.153070,1.242670,1.351074,1.116438,1.049101,1.296901,1.153070,1.112891,1.432366,1.478821,1.184279,1.016940,1.454248,0.948488,1.396900,1.406786,1.121726,0.788691,1.417500,1.343795,1.480374,0.914848,1.114511,1.430739,1.205565,1.406938,1.397612,1.343520,0.827784,0.846673,1.134850,1.347783,1.446210,1.453677,1.431271,1.164972,1.428423,1.480271,1.430215,1.457123,1.373983,0.868356,1.337606,1.010676,1.306190,1.535361,1.325098,1.340116,1.343520,1.465971,1.433906,1.146411,1.426202,1.357778
1.673172,1.091141,0.000000,0.670791,0.787101,0.658289,0.629931,0.815253,0.674919,1.846821,0.663571,1.152226,0.499425,1.670317,0.589340,0.327160,1.166712,1.871097,0.780977,0.565010,0.602198,0.842758,0.661508,1.172398,0.656992,1.807876,0.278496,0.386642,1.842309,0.415555,1.595393,0.589340,0.637997,1.812800,0.556620,0.488093,0.531261,1.682481,0.734751,0.777005,0.177959,1.172840,0.785422,0.582696,0.576972,0.523430,0.266727,0.294352,0.598616,1.594180,1.342081,0.415555,0.266727,1.745217,0.771008,0.857116,1.677163,0.383211,0.805239,0.509674,0.611806,1.891865,0.337166,1.150801,0.648885,0.602925,0.751560,0.285463,1.653696,0.666536,0.278496,0.658664,0.706815,0.565146,0.398403,0.601672,1.699839,0.580247,0.727048,1.888056,0.737613,1.707256,1.898148,0.762818,0.674704,0.698798,0.599458,0.637751,1.411161,0.134243,1.816812,0.807842,0.549289,0.556353,0.565146,0.720207,0.690742,0.304873,0.658709,0.593885
1.901304,1.411106,0.670791,0.000000,0.245512,0.084427,0.088627,1.239295,0.998045,1.921074,0.289581,0.953209,0.802953,1.740424,0.136897,0.541381,1.061068,1.970228,0.204793,0.221106,0.193904,0.323532,0.182973,0.731857,0.189186,1.971789,0.434874,0.483823,1.946235,0.310027,1.432633,0.136897,0.203416,1.856515,0.228625,0.731089,1.006008,1.902459,0.184951,0.204181,0.537585,1.517343,0.271848,0.196964,0.199191,1.000728,0.482595,0.426609,0.262442,1.825186,1.653060,0.310027,0.482595,1.915980,0.296349,0.317741,1.909199,0.625961,0.276422,0.954403,0.215378,1.978540,0.607446,1.547515,0.201555,0.286133,0.201763,0.814683,1.842844,0.169166,0.434874,0.235304,0.278027,0.222543,0.958751,1.072499,1.863343,0.144511,0.200080,1.965178,0.333211,1.921398,1.984314,0.360882,0.181960,0.172519,0.202228,0.964569,1.606946,0.723019,1.967183,0.331057,0.249641,0.234781,0.222543,0.186310,0.236006,0.538083,0.179833,0.222187
1.923619,1.513681,0.787101,0.245512,0.000000,0.261858,0.298769,1.362801,1.136834,1.877962,0.429326,1.015302,0.791730,1.680551,0.255102,0.678327,1.146892,1.959399,0.288346,0.408834,0.382952,0.326259,0.348202,0.560159,0.297055,1.975315,0.576405,0.601225,1.959500,0.456446,1.296510,0.255102,0.284158,1.786348,0.421295,0.856993,1.149335,1.926784,0.208460,0.186456,0.669708,1.605819,0.203769,0.375369,0.348928,1.109821,0.635918,0.553975,0.399712,1.823506,1.694676,0.456446,0.635918,1.956364,0.407343,0.380669,1.903981,0.798437,0.397831,1.083275,0.382549,1.961509,0.757673,1.594802,0.313217,0.422630,0.253542,0.954649,1.854911,0.308690,0.576405,0.357640,0.417659,0.412537,1.085700,1.175421,1.915198,0.357464,0.305720,1.934397,0.389774,1.946025,1.959952,0.327065,0.292711,0.265928,0.374106,1.091777,1.535471,0.855161,1.965375,0.269592,0.449552,0.425689,0.412537,0.271544,0.322408,0.644479,0.325911,0.418893
1.890575,1.405011,0.658289,0.084427,0.261858,0.000000,0.133048,1.219010,0.977353,1.925711,0.278901,0.943161,0.800383,1.747860,0.140214,0.529477,1.044683,1.968769,0.230728,0.217482,0.187371,0.353397,0.175774,0.758175,0.200990,1.967942,0.425088,0.474796,1.942899,0.305646,1.446243,0.140214,0.216978,1.861207,0.223944,0.705425,0.988516,1.894885,0.154065,0.187970,0.526316,1.497051,0.307003,0.194863,0.200539,0.984642,0.470497,0.418679,0.227048,1.820620,1.636412,0.305646,0.470497,1.907520,0.315022,0.338499,1.903756,0.609651,0.293515,0.930337,0.213646,1.977479,0.596045,1.527579,0.219445,0.263679,0.211593,0.800273,1.844734,0.173383,0.425088,0.254958,0.281574,0.216928,0.943567,1.052411,1.861119,0.164899,0.188362,1.967778,0.329013,1.918297,1.982743,0.360784,0.196215,0.183052,0.200792,0.948717,1.600448,0.709179,1.962201,0.350250,0.238789,0.227813,0.216928,0.192690,0.261505,0.542366,0.182187,0.214469
1.895582,1.388383,0.629931,0.088627,0.298769,0.133048,0.000000,1.212732,0.969375,1.922471,0.291650,0.966057,0.784217,1.743881,0.140843,0.505905,1.066962,1.970474,0.221140,0.190115,0.164299,0.338168,0.168650,0.761118,0.187945,1.966338,0.389750,0.455665,1.941241,0.264767,1.459676,0.140843,0.192642,1.863709,0.196065,0.709017,0.971332,1.895089,0.237515,0.262232,0.493375,1.493740,0.294164,0.166362,0.158395,0.969059,0.438181,0.385156,0.255319,1.822780,1.640593,0.264767,0.438181,1.908110,0.304010,0.342594,1.903852,0.587778,0.282171,0.920708,0.166539,1.979884,0.564752,1.530940,0.184201,0.266737,0.228315,0.774142,1.835257,0.165779,0.389750,0.208099,0.281342,0.187849,0.922774,1.043555,1.845015,0.089826,0.233452,1.964866,0.333177,1.910822,1.987901,0.382875,0.186106,0.184099,0.178845,0.937725,1.609150,0.682704,1.964704,0.345302,0.211546,0.197911,0.187849,0.205771,0.219887,0.495954,0.166444,0.187640
1.206068,0.625486,0.815253,1.239295,1.362801,1.219010,1.212732,0.000000,0.458386,1.593800,1.189973,1.140978,1.122016,1.521119,1.199472,0.843992,1.049233,1.532320,1.308183,1.139297,1.171301,1.369559,1.225626,1.627065,1.248254,1.430999,0.970534,0.917985,1.447707,1.081276,1.817110,1.199472,1.252978,1.630622,1.126238,0.761817,0.386374,1.221906,1.305621,1.341300,0.907221,0.725966,1.381734,1.177305,1.198825,0.509837,0.905484,0.998904,1.162065,1.197806,1.042468,1.081276,0.905484,1.261051,1.279811,1.314659,1.299542,0.762562,1.301292,0.625940,1.203165,1.567034,0.833607,0.736732,1.248057,1.158235,1.315645,0.638082,1.251915,1.251733,0.970534,1.243255,1.220146,1.146633,0.482499,0.428686,1.309022,1.158267,1.271887,1.608290,1.276371,1.325264,1.573935,1.300233,1.251607,1.285368,1.175043,0.710876,1.340828,0.709012,1.434342,1.395399,1.119444,1.141913,1.146633,1.290203,1.282086,0.946555,1.243142,1.163639
1.428520,0.800523,0.674919,0.998045,1.136834,0.977353,0.969375,0.458386,0.000000,1.720615,0.952269,0.961556,1.059031,1.606653,0.963420,0.643789,0.907678,1.690754,1.057378,0.884834,0.918793,1.120236,0.971436,1.448554,1.000840,1.632175,0.764358,0.713029,1.606034,0.852541,1.801638,0.963420,1.003521,1.740651,0.871214,0.474212,0.437282,1.434616,1.078068,1.110948,0.723611,0.871568,1.167715,0.929289,0.954942,0.484280,0.702562,0.787926,0.920806,1.412296,1.217977,0.852541,0.702562,1.463074,1.034773,1.049725,1.519204,0.603311,1.051234,0.515010,0.960110,1.715602,0.662427,0.981019,0.999964,0.901853,1.061527,0.549725,1.462951,1.002576,0.764358,0.987450,0.978228,0.896654,0.493588,0.399827,1.459980,0.908766,1.037663,1.741998,1.021866,1.535772,1.734131,1.053836,0.994296,1.036484,0.919644,0.651413,1.442494,0.577242,1.624325,1.150735,0.871278,0.895878,0.896654,1.037166,1.032622,0.781560,0.996436,0.915296
0.849747,1.445388,1.846821,1.921074,1.877962,1.925711,1.922471,1.593800,1.720615,0.000000,1.933573,1.665142,1.763116,0.527431,1.919828,1.862477,1.661081,0.599903,1.902302,1.929127,1.935621,1.876472,1.933031,1.703514,1.912319,0.653270,1.903726,1.859779,0.754060,1.919181,1.214075,1.919828,1.910254,0.461832,1.929723,1.829873,1.751055,0.842847,1.920141,1.916274,1.886597,1.433581,1.879949,1.934982,1.929083,1.703692,1.899472,1.898715,1.936257,0.791568,1.308010,1.919181,1.899472,0.868599,1.915848,1.892782,0.711384,1.892670,1.918694,1.779769,1.932887,0.588810,1.863599,1.286315,1.922872,1.931887,1.906439,1.822365,0.761290,1.928435,1.903726,1.920207,1.926441,1.935283,1.746572,1.660330,0.925268,1.925633,1.927959,0.269272,1.918268,0.759390,0.478947,1.861047,1.912614,1.918956,1.925049,1.778915,1.037427,1.831960,0.690780,1.880601,1.941732,1.940110,1.935283,1.914656,1.915066,1.857983,1.930766,1.945438
1.878734,1.365304,0.663571,0.289581,0.429326,0.278901,0.291650,1.189973,0.952269,1.933573,0.000000,0.904406,0.823928,1.766788,0.312818,0.566626,0.986913,1.964168,0.331006,0.279148,0.258690,0.438370,0.273034,0.833768,0.300546,1.953562,0.434798,0.540016,1.931451,0.329518,1.501659,0.312818,0.304584,1.885904,0.281147,0.698343,0.944678,1.882847,0.305949,0.333223,0.525936,1.453858,0.461793,0.255836,0.283576,0.996134,0.471372,0.458168,0.202474,1.829688,1.617957,0.329518,0.471372,1.877243,0.227941,0.414632,1.907482,0.552069,0.329166,0.923871,0.317036,1.965574,0.629895,1.518544,0.271856,0.236622,0.319756,0.765834,1.843815,0.265126,0.434798,0.305670,0.170407,0.261901,0.923397,1.057636,1.823558,0.268421,0.208357,1.965735,0.289790,1.901141,1.976579,0.432592,0.293172,0.282687,0.281082,0.903199,1.605180,0.708121,1.938541,0.407524,0.271911,0.262999,0.261901,0.311177,0.312344,0.566065,0.276596,0.258159
1.632506,1.264687,1.152226,0.953209,1.015302,0.943161,0.966057,1.140978,0.961556,1.665142,0.904406,0.000000,1.365615,1.538901,0.983726,1.021340,0.267810,1.709340,0.944489,0.964033,0.960160,0.986920,0.964401,1.193749,0.997298,1.710374,1.043968,1.013936,1.630014,1.011771,1.600300,0.983726,1.019931,1.693141,0.958979,0.947159,1.121580,1.646829,0.981040,0.986486,1.082698,1.306879,1.093024,0.986223,0.993904,1.201609,1.031473,1.070857,0.931907,1.613846,1.604317,1.011771,1.031473,1.558680,0.916064,0.885300,1.733395,0.990193,0.921312,1.209596,0.989003,1.691853,1.037122,1.475886,1.006320,0.943342,0.963979,1.131818,1.596468,0.982122,1.043968,0.990307,0.906190,0.973867,1.175017,1.183369,1.558268,0.952121,0.937808,1.702091,0.982537,1.692225,1.708217,0.908423,0.976140,0.989966,0.970077,1.034087,1.538873,1.121443,1.692822,1.057999,0.970668,0.982830,0.973867,0.967339,1.013973,1.127069,0.985269,0.972305
1.710765,1.303576,0.499425,0.802953,0.791730,0.800383,0.784217,1.122016,1.059031,1.763116,0.823928,1.365615,0.000000,1.562328,0.714411,0.670125,1.407031,1.854116,0.896140,0.777058,0.794498,0.906223,0.820937,1.044973,0.774347,1.787899,0.578885,0.666549,1.872794,0.630422,1.340200,0.714411,0.732688,1.678869,0.778804,0.826632,0.888942,1.726750,0.803376,0.831038,0.543631,1.371166,0.770094,0.761047,0.728411,0.840003,0.618439,0.563852,0.772530,1.584066,1.399843,0.630422,0.618439,1.821864,0.892393,0.988988,1.642080,0.765362,0.943676,0.840008,0.782694,1.856079,0.707832,1.236293,0.763094,0.787123,0.837608,0.678173,1.660256,0.792998,0.578885,0.793652,0.855267,0.773321,0.737620,0.896184,1.781127,0.774341,0.838111,1.822908,0.837039,1.713773,1.844354,0.821147,0.798790,0.795810,0.785003,0.942776,1.265217,0.590528,1.805413,0.813357,0.781648,0.767130,0.773321,0.821048,0.787250,0.527171,0.792948,0.798458
1.126745,1.411062,1.670317,1.740424,1.680551,1.747860,1.743881,1.521119,1.606653,0.527431,1.766788,1.538901,1.562328,0.000000,1.735339,1.674712,1.591839,0.994457,1.728408,1.758116,1.764777,1.693688,1.763326,1.522609,1.725273,1.035713,1.719465,1.661688,1.098988,1.732641,1.062287,1.735339,1.715210,0.573098,1.760177,1.660297,1.638617,1.138216,1.742061,1.740775,1.707832,1.477920,1.688459,1.761989,1.752448,1.565919,1.720477,1.717709,1.766034,0.860515,1.432444,1.732641,1.720477,1.191320,1.751411,1.729530,0.942375,1.745272,1.763763,1.651532,1.771449,0.982729,1.700607,1.260707,1.746100,1.766314,1.721887,1.669569,0.892178,1.751191,1.719465,1.744597,1.760835,1.765353,1.602160,1.522211,1.243727,1.746465,1.758548,0.758612,1.755592,1.049555,0.898842,1.669909,1.726522,1.736662,1.750904,1.669854,0.943628,1.663238,1.040927,1.688508,1.780328,1.774206,1.765353,1.733321,1.735890,1.659185,1.756746,1.786433
1.884334,1.385175,0.589340,0.136897,0.255102,0.140214,0.140843,1.199472,0.963420,1.919828,0.312818,0.983726,0.714411,1.735339,0.000000,0.487582,1.079806,1.969757,0.287819,0.227132,0.219432,0.382868,0.229124,0.762407,0.217528,1.961436,0.361685,0.433963,1.947455,0.242776,1.445177,0.000000,0.209582,1.854402,0.233294,0.680676,0.953758,1.887670,0.215918,0.243963,0.457643,1.477468,0.296523,0.204591,0.174381,0.944094,0.419102,0.351619,0.240965,1.803334,1.615510,0.242776,0.419102,1.911322,0.360714,0.391613,1.884812,0.578693,0.358886,0.902789,0.213338,1.977200,0.554245,1.501789,0.213302,0.262944,0.260488,0.749407,1.836892,0.210973,0.361685,0.251753,0.328266,0.227050,0.895290,1.016601,1.859579,0.166336,0.259803,1.964747,0.338109,1.908010,1.983796,0.365874,0.223868,0.218860,0.219365,0.912865,1.558492,0.651835,1.956903,0.354704,0.250771,0.234278,0.227050,0.239105,0.257886,0.465308,0.217044,0.239500
1.725800,1.124540,0.327160,0.541381,0.678327,0.529477,0.505905,0.843992,0.643789,1.862477,0.566626,1.021340,0.670125,1.674712,0.487582,0.000000,1.070906,1.900809,0.641958,0.439783,0.464606,0.704148,0.528560,1.075974,0.537416,1.855044,0.266411,0.116749,1.861570,0.362522,1.580950,0.487582,0.537059,1.811717,0.429585,0.490225,0.604498,1.733293,0.637787,0.678160,0.295883,1.245093,0.681839,0.474560,0.490132,0.565468,0.205127,0.295627,0.526703,1.638827,1.466105,0.362522,0.205127,1.777264,0.654765,0.695405,1.745010,0.376911,0.673243,0.586073,0.525892,1.915172,0.342642,1.243192,0.551311,0.530851,0.628562,0.417927,1.666748,0.550603,0.266411,0.551513,0.588939,0.450705,0.524277,0.628840,1.749026,0.450558,0.613324,1.911390,0.650268,1.774820,1.919096,0.666364,0.544476,0.582632,0.470302,0.731216,1.476608,0.313003,1.851802,0.712174,0.435389,0.451237,0.450705,0.599560,0.589709,0.321618,0.541580,0.479000
1.527096,1.180748,1.166712,1.061068,1.146892,1.044683,1.066962,1.049233,0.907678,1.661081,0.986913,0.267810,1.407031,1.591839,1.079806,1.070906,0.000000,1.652808,1.065695,1.046770,1.048588,1.125556,1.060895,1.344354,1.106521,1.624637,1.095115,1.083753,1.555067,1.082695,1.700540,1.079806,1.129894,1.720887,1.039084,0.947913,1.057169,1.544591,1.088184,1.098002,1.114467,1.171082,1.217444,1.072158,1.080551,1.169049,1.073224,1.122840,1.009142,1.575054,1.487747,1.082695,1.073224,1.442949,1.017887,1.006033,1.669121,0.986287,1.028666,1.174121,1.067278,1.638254,1.059907,1.387799,1.103594,1.017807,1.084477,1.112832,1.553592,1.083462,1.095115,1.088421,0.995894,1.055114,1.137508,1.146901,1.440868,1.045398,1.039245,1.670556,1.077019,1.600233,1.658964,1.026549,1.089146,1.100368,1.061569,0.970758,1.542914,1.123385,1.619695,1.187775,1.040836,1.058296,1.055114,1.080147,1.120075,1.180367,1.083454,1.047778
0.613748,1.383254,1.871097,1.970228,1.959399,1.968769,1.970474,1.532320,1.690754,0.599903,1.964168,1.709340,1.854116,0.994457,1.969757,1.900809,1.652808,0.000000,1.963786,1.966805,1.969400,1.951458,1.972052,1.844950,1.974510,0.454607,1.937292,1.913164,0.403887,1.961335,1.426941,1.969757,1.974121,0.790438,1.965621,1.832705,1.706088,0.579104,1.967728,1.966309,1.914116,1.289162,1.963939,1.971549,1.973885,1.696729,1.923861,1.934656,1.964427,0.784202,1.120966,1.961335,1.923861,0.571552,1.962126,1.952516,0.574607,1.875880,1.956418,1.748343,1.968604,0.411025,1.878606,1.241926,1.970516,1.961485,1.971649,1.812739,0.754545,1.974506,1.937292,1.966080,1.962905,1.968114,1.738628,1.659772,0.761381,1.967566,1.968530,0.454297,1.962561,0.606132,0.336073,1.944400,1.971583,1.975146,1.968875,1.714992,1.224174,1.846444,0.452009,1.964131,1.963186,1.966866,1.968114,1.972503,1.968999,1.909257,1.973802,1.967331
1.917192,1.467784,0.780977,0.204793,0.288346,0.230728,0.221140,1.308183,1.057378,1.902302,0.331006,0.944489,0.896140,1.728408,0.287819,0.641958,1.065695,1.963786,0.000000,0.293808,0.271614,0.257481,0.227398,0.663645,0.222772,1.977386,0.549800,0.580944,1.940357,0.422659,1.411750,0.287819,0.259367,1.836933,0.303578,0.811702,1.098589,1.917067,0.273690,0.266895,0.649636,1.566515,0.311609,0.276744,0.288109,1.085764,0.594581,0.534002,0.360770,1.850612,1.690449,0.422659,0.594581,1.925032,0.236508,0.282112,1.930115,0.727984,0.169141,1.034895,0.282396,1.966676,0.705055,1.595721,0.221564,0.362657,0.196930,0.920239,1.859816,0.217236,0.549800,0.254051,0.260451,0.302411,1.058023,1.142748,1.866281,0.261300,0.217355,1.946046,0.345281,1.940810,1.975415,0.347202,0.204106,0.196812,0.259463,1.051423,1.619572,0.830063,1.964074,0.303229,0.332225,0.318690,0.302411,0.209982,0.234534,0.657195,0.228640,0.298578
1.863321,1.345556,0.565010,0.221106,0.408834,0.217482,0.190115,1.139297,0.884834,1.929127,0.279148,0.964033,0.777058,1.758116,0.227132,0.439783,1.046770,1.966805,0.293808,0.000000,0.146246,0.401632,0.174687,0.847814,0.165023,1.953109,0.331341,0.403615,1.932900,0.227858,1.515766,0.227132,0.234623,1.879243,0.022213,0.621999,0.899544,1.870153,0.329148,0.359937,0.428273,1.436960,0.412192,0.096540,0.184774,0.903378,0.368528,0.323943,0.254000,1.805625,1.597005,0.227858,0.368528,1.885670,0.317933,0.385791,1.889396,0.515378,0.322300,0.836430,0.201277,1.978510,0.511220,1.483598,0.237078,0.248585,0.272496,0.703694,1.831772,0.181130,0.331341,0.237837,0.276480,0.072297,0.854550,0.962745,1.822970,0.143486,0.279922,1.965357,0.342717,1.896661,1.987506,0.431244,0.176385,0.220762,0.057431,0.882973,1.603526,0.612610,1.947211,0.399881,0.102976,0.096970,0.072297,0.244631,0.269255,0.467487,0.179117,0.131183
1.879534,1.365091,0.602198,0.193904,0.382952,0.187371,0.164299,1.171301,0.918793,1.935621,0.258690,0.960160,0.794498,1.764777,0.219432,0.464606,1.048588,1.969400,0.271614,0.146246,0.000000,0.377575,0.084831,0.832578,0.182778,1.959700,0.358691,0.423524,1.933069,0.241034,1.495171,0.219432,0.188898,1.880509,0.152058,0.666106,0.931138,1.883267,0.289434,0.317323,0.466146,1.459252,0.382497,0.100507,0.153578,0.931426,0.395802,0.357708,0.244030,1.820736,1.622224,0.241034,0.395802,1.890329,0.303469,0.365871,1.902658,0.546018,0.290180,0.859235,0.182015,1.974784,0.535907,1.506665,0.209893,0.264171,0.245138,0.736964,1.835645,0.134516,0.358691,0.212186,0.258545,0.113676,0.887335,0.998191,1.833150,0.137241,0.241034,1.971802,0.347933,1.902932,1.988835,0.429195,0.180303,0.180849,0.138124,0.910878,1.624359,0.649368,1.951329,0.366982,0.118394,0.114504,0.113676,0.212375,0.244485,0.495089,0.120372,0.080656
1.929575,1.501844,0.842758,0.323532,0.326259,0.353397,0.338168,1.369559,1.120236,1.876472,0.438370,0.986920,0.906223,1.693688,0.382868,0.704148,1.125556,1.951458,0.257481,0.401632,0.377575,0.000000,0.328635,0.623373,0.305223,1.969496,0.616499,0.640179,1.932628,0.492735,1.357597,0.382868,0.324328,1.808198,0.413573,0.881382,1.166177,1.928400,0.363619,0.343140,0.712807,1.598736,0.320837,0.381302,0.371375,1.154075,0.665215,0.599601,0.467421,1.855312,1.722054,0.492735,0.665215,1.936339,0.349882,0.327418,1.933124,0.816093,0.309695,1.089845,0.386175,1.950701,0.792017,1.638832,0.294976,0.468227,0.259875,0.983870,1.860923,0.310858,0.616499,0.262841,0.392778,0.407496,1.121588,1.197146,1.872340,0.375436,0.342000,1.921997,0.414098,1.945757,1.957416,0.404551,0.290078,0.277981,0.363878,1.122388,1.615351,0.897184,1.960621,0.271442,0.440711,0.423501,0.407496,0.290798,0.234903,0.714632,0.322113,0.405289
1.896729,1.412200,0.661508,0.182973,0.348202,0.175774,0.168650,1.225626,0.971436,1.933031,0.273034,0.964401,0.820937,1.763326,0.229124,0.528560,1.060895,1.972052,0.227398,0.174687,0.084831,0.328635,0.000000,0.790158,0.153166,1.968435,0.420282,0.481440,1.937800,0.291720,1.468134,0.229124,0.170583,1.875559,0.185391,0.710849,0.994110,1.900788,0.258289,0.276871,0.525447,1.498074,0.343277,0.124037,0.159212,0.989546,0.462779,0.412030,0.262092,1.838690,1.646001,0.291720,0.462779,1.905278,0.282625,0.334559,1.917644,0.613644,0.247270,0.913138,0.175318,1.975567,0.592722,1.543840,0.197084,0.280367,0.189132,0.801556,1.855798,0.090433,0.420282,0.195197,0.254360,0.151786,0.949552,1.050277,1.846472,0.172590,0.212176,1.969104,0.332975,1.918466,1.988407,0.406649,0.148318,0.129612,0.145370,0.965378,1.635254,0.713006,1.958389,0.320349,0.170931,0.158920,0.151786,0.159714,0.217321,0.555183,0.073024,0.121173
1.907206,1.700379,1.172398,0.731857,0.560159,0.758175,0.761118,1.627065,1.448554,1.703514,0.833768,1.193749,1.044973,1.522609,0.762407,1.075974,1.344354,1.844950,0.663645,0.847814,0.832578,0.623373,0.790158,0.000000,0.724376,1.897300,1.005977,0.995113,1.886720,0.906576,1.030581,0.762407,0.722857,1.573398,0.860941,1.235258,1.487059,1.908717,0.689465,0.658007,1.082035,1.784064,0.576071,0.823368,0.804304,1.410524,1.058168,0.974186,0.851287,1.801425,1.780227,0.906576,1.058168,1.951721,0.743009,0.705567,1.853311,1.198664,0.749105,1.428216,0.821143,1.845734,1.162340,1.713828,0.742778,0.850345,0.672876,1.326516,1.798550,0.752101,1.005977,0.767169,0.797056,0.855786,1.425618,1.463618,1.911970,0.811333,0.735128,1.776800,0.732709,1.922107,1.822999,0.652126,0.721445,0.701910,0.808483,1.418645,1.453490,1.237349,1.895729,0.578552,0.893734,0.870316,0.855786,0.708723,0.717043,1.014416,0.768664,0.862687
1.902445,1.429162,0.656992,0.189186,0.297055,0.200990,0.187945,1.248254,1.000840,1.912319,0.300546,0.997298,0.774347,1.725273,0.217528,0.537416,1.106521,1.974510,0.222772,0.165023,0.182778,0.305223,0.153166,0.724376,0.000000,1.973133,0.422339,0.480120,1.953215,0.296891,1.422561,0.217528,0.144812,1.843621,0.183918,0.721398,1.017681,1.910407,0.259090,0.276596,0.523830,1.525901,0.298698,0.136862,0.194335,0.999840,0.474418,0.408936,0.289165,1.823865,1.653484,0.296891,0.474418,1.928756,0.289470,0.351214,1.908389,0.642319,0.291139,0.937439,0.231982,1.980188,0.619027,1.544126,0.194306,0.296004,0.165898,0.813564,1.852704,0.113070,0.422339,0.207347,0.278096,0.166791,0.960898,1.059016,1.868767,0.197159,0.236337,1.957622,0.319455,1.928049,1.985909,0.373961,0.076483,0.110712,0.117289,0.992104,1.590208,0.719158,1.961779,0.267526,0.218966,0.189353,0.166791,0.155980,0.199676,0.530764,0.127131,0.202405
0.505986,1.267812,1.807876,1.971789,1.975315,1.967942,1.966338,1.430999,1.632175,0.653270,1.953562,1.710374,1.787899,1.035713,1.961436,1.855044,1.624637,0.454607,1.977386,1.953109,1.959700,1.969496,1.968435,1.897300,1.973133,0.000000,1.895895,1.878526,0.484723,1.933762,1.483505,1.961436,1.973218,0.850003,1.950758,1.790368,1.610000,0.493097,1.973471,1.976603,1.861549,1.141210,1.973987,1.959811,1.961568,1.616247,1.877425,1.899911,1.950443,0.750584,1.006867,1.933762,1.877425,0.449722,1.968617,1.961075,0.523322,1.817877,1.971456,1.664537,1.957021,0.427520,1.819166,1.114005,1.968299,1.947306,1.979900,1.732111,0.649056,1.972159,1.895895,1.962526,1.963430,1.954357,1.645634,1.587231,0.627370,1.957216,1.972912,0.518468,1.955910,0.405705,0.404718,1.940243,1.975090,1.977127,1.960224,1.636690,1.193915,1.777319,0.400896,1.976840,1.945582,1.951082,1.954357,1.978617,1.969579,1.859322,1.970053,1.953686
1.788548,1.205565,0.278496,0.434874,0.576405,0.425088,0.389750,0.970534,0.764358,1.903726,0.434798,1.043968,0.578885,1.719465,0.361685,0.266411,1.095115,1.937292,0.549800,0.331341,0.358691,0.616499,0.420282,1.005977,0.422339,1.895895,0.000000,0.288545,1.904598,0.163381,1.553814,0.361685,0.408472,1.860543,0.324344,0.513053,0.685539,1.794284,0.507309,0.550399,0.126430,1.302769,0.575501,0.341958,0.334992,0.698631,0.101525,0.155200,0.373272,1.718490,1.487033,0.163381,0.101525,1.828771,0.544304,0.637158,1.802002,0.349082,0.575659,0.652004,0.382806,1.946786,0.345852,1.323802,0.417287,0.383542,0.518449,0.441941,1.749941,0.427330,0.000000,0.422501,0.479769,0.323819,0.608515,0.778605,1.773496,0.338892,0.490080,1.945804,0.516662,1.812316,1.958183,0.570744,0.440427,0.462100,0.365060,0.722595,1.505585,0.342962,1.894421,0.588827,0.314535,0.317330,0.323819,0.487788,0.456075,0.255629,0.419047,0.354212
1.754934,1.189804,0.386642,0.483823,0.601225,0.474796,0.455665,0.917985,0.713029,1.859779,0.540016,1.013936,0.666549,1.661688,0.433963,0.116749,1.083753,1.913164,0.580944,0.403615,0.423524,0.640179,0.481440,0.995113,0.480120,1.878526,0.288545,0.000000,1.882737,0.345046,1.529840,0.433963,0.478749,1.796176,0.395922,0.540626,0.701002,1.762262,0.581957,0.619464,0.341516,1.313378,0.611931,0.436673,0.449245,0.631376,0.259581,0.283896,0.502649,1.655956,1.504287,0.345046,0.259581,1.812955,0.612469,0.634453,1.766184,0.452059,0.628087,0.665018,0.491209,1.928130,0.386694,1.289251,0.504176,0.509678,0.566549,0.517871,1.685342,0.499704,0.288545,0.509567,0.553147,0.420460,0.613812,0.691762,1.789212,0.408351,0.564913,1.915117,0.613061,1.808669,1.927295,0.602079,0.484796,0.524041,0.425287,0.799243,1.472644,0.394468,1.874588,0.646511,0.412859,0.425071,0.420460,0.540473,0.543237,0.337779,0.493063,0.449956
0.591568,1.284745,1.842309,1.946235,1.959500,1.942899,1.941241,1.447707,1.606034,0.754060,1.931451,1.630014,1.872794,1.098988,1.947455,1.861570,1.555067,0.403887,1.940357,1.932900,1.933069,1.932628,1.937800,1.886720,1.953215,0.484723,1.904598,1.882737,0.000000,1.929935,1.529195,1.947455,1.955201,0.914566,1.930132,1.780780,1.629758,0.549388,1.953011,1.953273,1.880889,1.198149,1.960197,1.939945,1.942909,1.657166,1.883672,1.908863,1.927531,0.815595,1.069075,1.929935,1.883672,0.452556,1.931557,1.922663,0.655274,1.818224,1.918903,1.679160,1.931942,0.497221,1.818089,1.240900,1.949636,1.922196,1.952357,1.758415,0.770143,1.947112,1.904598,1.939324,1.930876,1.932624,1.681261,1.608317,0.665785,1.934192,1.947227,0.601109,1.934877,0.589465,0.485541,1.944774,1.950763,1.953475,1.938772,1.657734,1.365694,1.806389,0.524281,1.958017,1.923979,1.930865,1.932624,1.949164,1.945602,1.887818,1.944793,1.929104
1.842038,1.296901,0.415555,0.310027,0.456446,0.305646,0.264767,1.081276,0.852541,1.919181,0.329518,1.011771,0.630422,1.732641,0.242776,0.362522,1.082695,1.961335,0.422659,0.227858,0.241034,0.492735,0.291720,0.906576,0.296891,1.933762,0.163381,0.345046,1.929935,0.000000,1.511022,0.242776,0.278807,1.872456,0.225321,0.576785,0.810992,1.847278,0.384868,0.422168,0.263877,1.386349,0.452771,0.221030,0.184665,0.821083,0.240295,0.189756,0.275509,1.771416,1.551963,0.000000,0.240295,1.871381,0.421573,0.513537,1.854014,0.440005,0.451174,0.760385,0.257253,1.965557,0.419355,1.420491,0.294693,0.296429,0.383298,0.582980,1.799205,0.293831,0.163381,0.297644,0.365656,0.215522,0.742983,0.892358,1.810527,0.221933,0.362218,1.961315,0.414387,1.858893,1.978483,0.475641,0.312768,0.326098,0.251523,0.803049,1.545346,0.483423,1.928551,0.459424,0.218164,0.211658,0.215522,0.353846,0.333237,0.339209,0.287399,0.241163
1.591941,1.797578,1.595393,1.432633,1.296510,1.446243,1.459676,1.817110,1.801638,1.214075,1.501659,1.600300,1.340200,1.062287,1.445177,1.580950,1.700540,1.426941,1.411750,1.515766,1.495171,1.357597,1.468134,1.030581,1.422561,1.483505,1.553814,1.529840,1.529195,1.511022,0.000000,1.445177,1.405135,1.010877,1.525050,1.666142,1.783590,1.602117,1.379993,1.362723,1.583165,1.843701,1.293438,1.486992,1.469157,1.672813,1.587988,1.529163,1.505505,1.411276,1.638407,1.511022,1.587988,1.678030,1.452772,1.447156,1.433975,1.693283,1.458456,1.697035,1.494901,1.384863,1.608098,1.650940,1.437191,1.527801,1.390430,1.693692,1.402508,1.435300,1.553814,1.457924,1.482730,1.514335,1.710868,1.714433,1.723679,1.494081,1.428714,1.315528,1.458071,1.503957,1.346173,1.349828,1.429287,1.404084,1.491379,1.751679,1.290105,1.643030,1.488577,1.312140,1.538146,1.519678,1.514335,1.407502,1.421406,1.519628,1.443769,1.518567
1.884334,1.385175,0.589340,0.136897,0.255102,0.140214,0.140843,1.199472,0.963420,1.919828,0.312818,0.983726,0.714411,1.735339,0.000000,0.487582,1.079806,1.969757,0.287819,0.227132,0.219432,0.382868,0.229124,0.762407,0.217528,1.961436,0.361685,0.433963,1.947455,0.242776,1.445177,0.000000,0.209582,1.854402,0.233294,0.680676,0.953758,1.887670,0.215918,0.243963,0.457643,1.477468,0.296523,0.204591,0.174381,0.944094,0.419102,0.351619,0.240965,1.803334,1.615510,0.242776,0.419102,1.911322,0.360714,0.391613,1.884812,0.578693,0.358886,0.902789,0.213338,1.977200,0.554245,1.501789,0.213302,0.262944,0.260488,0.749407,1.836892,0.210973,0.361685,0.251753,0.328266,0.227050,0.895290,1.016601,1.859579,0.166336,0.259803,1.964747,0.338109,1.908010,1.983796,0.365874,0.223868,0.218860,0.219365,0.912865,1.558492,0.651835,1.956903,0.354704,0.250771,0.234278,0.227050,0.239105,0.257886,0.465308,0.217044,0.239500
1.905562,1.426845,0.637997,0.203416,0.284158,0.216978,0.192642,1.252978,1.003521,1.910254,0.304584,1.019931,0.732688,1.715210,0.209582,0.537059,1.129894,1.974121,0.259367,0.234623,0.188898,0.324328,0.170583,0.722857,0.144812,1.973218,0.408472,0.478749,1.955201,0.278807,1.405135,0.209582,0.000000,1.838257,0.247824,0.717865,1.014504,1.909612,0.250150,0.267961,0.509980,1.523202,0.278627,0.177086,0.184677,0.988504,0.466965,0.396285,0.284120,1.817757,1.648829,0.278807,0.466965,1.932843,0.314394,0.376125,1.902269,0.643329,0.319761,0.920999,0.245654,1.973639,0.616586,1.531566,0.178721,0.297309,0.184476,0.801359,1.845105,0.137055,0.408472,0.211405,0.300160,0.217366,0.949796,1.055103,1.875545,0.204436,0.246978,1.959352,0.315923,1.924594,1.985625,0.370108,0.143720,0.124546,0.204375,0.989252,1.573698,0.705800,1.959366,0.228521,0.256639,0.227939,0.217366,0.175093,0.197721,0.508313,0.148573,0.229809
0.979180,1.515668,1.812800,1.856515,1.786348,1.861207,1.863709,1.630622,1.740651,0.461832,1.885904,1.693141,1.678869,0.573098,1.854402,1.811717,1.720887,0.790438,1.836933,1.879243,1.880509,1.808198,1.875559,1.573398,1.843621,0.850003,1.860543,1.796176,0.914566,1.872456,1.010877,1.854402,1.838257,0.000000,1.881809,1.803606,1.764984,0.995422,1.846096,1.843211,1.853810,1.535040,1.793918,1.878367,1.878486,1.687627,1.858655,1.853075,1.883636,0.773490,1.362143,1.872456,1.858655,1.086993,1.863609,1.838076,0.767587,1.877066,1.870038,1.763571,1.888850,0.761487,1.839099,1.328214,1.860162,1.885730,1.837529,1.809931,0.780918,1.863656,1.860543,1.868421,1.875206,1.884864,1.739283,1.646716,1.229240,1.872208,1.869884,0.590590,1.861999,0.993766,0.635484,1.792304,1.845079,1.849012,1.870207,1.803446,0.981224,1.807390,0.862660,1.800581,1.896346,1.890727,1.884864,1.846982,1.852925,1.800157,1.868189,1.897814
1.858429,1.336317,0.556620,0.228625,0.421295,0.223944,0.196065,1.126238,0.871214,1.929723,0.281147,0.958979,0.778804,1.760177,0.233294,0.429585,1.039084,1.965621,0.303578,0.022213,0.152058,0.413573,0.185391,0.860941,0.183918,1.950758,0.324344,0.395922,1.930132,0.225321,1.525050,0.233294,0.247824,1.881809,0.000000,0.611756,0.886132,1.864921,0.339506,0.371212,0.420347,1.427709,0.424905,0.109481,0.191354,0.892867,0.358755,0.318222,0.255572,1.802662,1.591295,0.225321,0.358755,1.880348,0.322763,0.389498,1.886924,0.501888,0.327368,0.825688,0.205285,1.977351,0.501170,1.477142,0.247376,0.248789,0.286807,0.692347,1.828151,0.195560,0.324344,0.248687,0.279058,0.080551,0.842623,0.951388,1.817756,0.144807,0.287733,1.965275,0.349203,1.892850,1.986749,0.439844,0.192965,0.236237,0.077016,0.872428,1.604350,0.601519,1.945138,0.415638,0.101491,0.101986,0.080551,0.257932,0.282485,0.463119,0.192466,0.135311
1.616940,1.064196,0.488093,0.731089,0.856993,0.705425,0.709017,0.761817,0.474212,1.829873,0.698343,0.947159,0.826632,1.660297,0.680676,0.490225,0.947913,1.832705,0.811702,0.621999,0.666106,0.881382,0.710849,1.235258,0.721398,1.790368,0.513053,0.540626,1.780780,0.576785,1.666142,0.680676,0.717865,1.803606,0.611756,0.000000,0.571180,1.638002,0.790908,0.827657,0.488971,1.091107,0.900863,0.654603,0.678999,0.580500,0.479357,0.542051,0.639152,1.549975,1.325042,0.576785,0.479357,1.678820,0.789985,0.832801,1.663289,0.448942,0.816807,0.511536,0.693033,1.844747,0.526754,1.145151,0.723723,0.632114,0.786420,0.475261,1.632673,0.726617,0.513053,0.723432,0.726637,0.630655,0.548054,0.591950,1.669584,0.654307,0.771734,1.867179,0.761473,1.707336,1.863830,0.770223,0.721094,0.758932,0.655207,0.624615,1.455998,0.456551,1.767556,0.878938,0.615284,0.629425,0.630655,0.760573,0.762583,0.556935,0.723841,0.660005
1.429272,0.729759,0.531261,1.006008,1.149335,0.988516,0.971332,0.386374,0.437282,1.751055,0.944678,1.121580,0.888942,1.638617,0.953758,0.604498,1.057169,1.706088,1.098589,0.899544,0.931138,1.166177,0.994110,1.487059,1.017681,1.610000,0.685539,0.701002,1.629758,0.810992,1.783590,0.953758,1.014504,1.764984,0.886132,0.571180,0.000000,1.434806,1.075165,1.115219,0.615960,0.846189,1.156941,0.929585,0.949584,0.411849,0.616261,0.737998,0.910696,1.403807,1.149842,0.810992,0.616261,1.470785,1.055055,1.130424,1.490164,0.462967,1.089571,0.443783,0.960903,1.729342,0.591106,0.912227,1.003937,0.907976,1.097159,0.293394,1.446181,1.015063,0.685539,1.001364,0.988001,0.898569,0.219276,0.436382,1.459014,0.912697,1.042261,1.767216,1.042895,1.493150,1.744229,1.105574,1.026517,1.054591,0.941193,0.533130,1.412334,0.423498,1.615598,1.174972,0.869677,0.889463,0.898569,1.066771,1.040958,0.674302,1.005847,0.916319
0.251404,1.100425,1.682481,1.902459,1.926784,1.894885,1.895089,1.221906,1.434616,0.842847,1.882847,1.646829,1.726750,1.138216,1.887670,1.733293,1.544591,0.579104,1.917067,1.870153,1.883267,1.928400,1.900788,1.908717,1.910407,0.493097,1.794284,1.762262,0.549388,1.847278,1.602117,1.887670,1.909612,0.995422,1.864921,1.638002,1.434806,0.000000,1.917597,1.927134,1.751689,1.006827,1.937788,1.884519,1.890515,1.429617,1.766038,1.793654,1.871985,0.698290,0.714927,1.847278,1.766038,0.465236,1.905113,1.909648,0.513802,1.691377,1.909094,1.501008,1.884871,0.656163,1.697944,0.945515,1.903599,1.867176,1.930680,1.586782,0.668571,1.909491,1.794284,1.901551,1.891176,1.873867,1.479360,1.392842,0.679633,1.879345,1.911755,0.739033,1.901275,0.510225,0.627497,1.891039,1.913111,1.920298,1.883521,1.516376,1.192421,1.635225,0.566986,1.942483,1.859846,1.869967,1.873867,1.922565,1.915040,1.763239,1.906132,1.875662
1.911222,1.469651,0.734751,0.184951,0.208460,0.154065,0.237515,1.305621,1.078068,1.920141,0.305949,0.981040,0.803376,1.742061,0.215918,0.637787,1.088184,1.967728,0.273690,0.329148,0.289434,0.363619,0.258289,0.689465,0.259090,1.973471,0.507309,0.581957,1.953011,0.384868,1.379993,0.215918,0.250150,1.846096,0.339506,0.790908,1.075165,1.917597,0.000000,0.076292,0.603741,1.545267,0.280536,0.284354,0.274185,1.072052,0.563254,0.505986,0.257710,1.841232,1.658196,0.384868,0.563254,1.929546,0.341308,0.381338,1.914714,0.699741,0.338290,1.008541,0.296089,1.970959,0.695593,1.570687,0.261177,0.309935,0.223226,0.881642,1.866606,0.228049,0.507309,0.309561,0.326590,0.316958,1.029385,1.143899,1.884227,0.284434,0.192288,1.962583,0.321578,1.931057,1.976181,0.348415,0.258931,0.210701,0.304775,1.014476,1.583629,0.798992,1.964531,0.304235,0.345130,0.323771,0.316958,0.224123,0.289121,0.615139,0.244139,0.310467
1.923144,1.497875,0.777005,0.204181,0.186456,0.187970,0.262232,1.341300,1.110948,1.916274,0.333223,0.986486,0.831038,1.740775,0.243963,0.678160,1.098002,1.966309,0.266895,0.359937,0.317323,0.343140,0.276871,0.658007,0.276596,1.976603,0.550399,0.619464,1.953273,0.422168,1.362723,0.243963,0.267961,1.843211,0.371212,0.827657,1.115219,1.927134,0.076292,0.000000,0.645398,1.570819,0.267538,0.315504,0.297250,1.109134,0.606955,0.543348,0.304734,1.855190,1.678963,0.422168,0.606955,1.936000,0.342881,0.357605,1.925146,0.743596,0.332668,1.048688,0.318886,1.968955,0.731834,1.595251,0.275589,0.343821,0.216346,0.924966,1.877991,0.247398,0.550399,0.319040,0.341064,0.350131,1.069895,1.180122,1.889037,0.314048,0.195953,1.958539,0.326782,1.938288,1.973301,0.352287,0.270625,0.220807,0.330705,1.047749,1.593659,0.841030,1.967577,0.287416,0.379145,0.357955,0.350131,0.225286,0.292682,0.655309,0.264566,0.339539
1.744616,1.153781,0.177959,0.537585,0.669708,0.526316,0.493375,0.907221,0.723611,1.886597,0.525936,1.082698,0.543631,1.707832,0.457643,0.295883,1.114467,1.914116,0.649636,0.428273,0.466146,0.712807,0.525447,1.082035,0.523830,1.861549,0.126430,0.341516,1.880889,0.263877,1.583165,0.457643,0.509980,1.853810,0.420347,0.488971,0.615960,1.751689,0.603741,0.645398,0.000000,1.239786,0.668262,0.443954,0.433170,0.638378,0.152886,0.192788,0.462230,1.679071,1.426811,0.263877,0.152886,1.792885,0.636822,0.729894,1.758736,0.333622,0.670561,0.596300,0.472201,1.927394,0.325883,1.258382,0.514750,0.467508,0.619837,0.365166,1.721544,0.531312,0.126430,0.518817,0.573327,0.423886,0.525277,0.718344,1.736584,0.442765,0.589118,1.926452,0.604062,1.769061,1.937920,0.649561,0.543102,0.565544,0.464163,0.660938,1.470359,0.255136,1.865102,0.683485,0.410645,0.415728,0.423886,0.589911,0.552735,0.258174,0.523618,0.453980
0.985958,0.720955,1.172840,1.517343,1.605819,1.497051,1.493740,0.725966,0.871568,1.433581,1.453858,1.306879,1.371166,1.477920,1.477468,1.245093,1.171082,1.289162,1.566515,1.436960,1.459252,1.598736,1.498074,1.784064,1.525901,1.141210,1.302769,1.313378,1.198149,1.386349,1.843701,1.477468,1.523202,1.535040,1.427709,1.091107,0.846189,1.006827,1.545267,1.570819,1.239786,0.000000,1.621709,1.459199,1.473487,0.964360,1.258211,1.330999,1.432443,1.118516,0.912218,1.386349,1.258211,0.986605,1.525215,1.554616,1.117053,1.139749,1.545572,0.959609,1.471512,1.310817,1.203109,0.814832,1.507661,1.425937,1.562278,1.015819,1.134148,1.513201,1.302769,1.493271,1.489694,1.438658,0.933117,0.916386,1.017454,1.451010,1.535289,1.397220,1.503299,1.075301,1.342940,1.517336,1.523235,1.540625,1.466446,0.810998,1.240553,1.105640,1.191834,1.616386,1.412976,1.429600,1.438658,1.548370,1.527460,1.287466,1.508570,1.441472
1.938792,1.520462,0.785422,0.271848,0.203769,0.307003,0.294164,1.381734,1.167715,1.879949,0.461793,1.093024,0.770094,1.688459,0.296523,0.681839,1.217444,1.963939,0.311609,0.412192,0.382497,0.320837,0.343277,0.576071,0.298698,1.973987,0.575501,0.611931,1.960197,0.452771,1.293438,0.296523,0.278627,1.793918,0.424905,0.900863,1.156941,1.937788,0.280536,0.267538,0.668262,1.621709,0.000000,0.372569,0.338162,1.123004,0.636104,0.555376,0.446205,1.836511,1.710963,0.452771,0.636104,1.963152,0.412533,0.420304,1.909792,0.812237,0.395132,1.083566,0.369076,1.964627,0.753431,1.618543,0.319862,0.463486,0.273656,0.952307,1.855396,0.303540,0.575501,0.343574,0.434293,0.409628,1.086136,1.188866,1.902581,0.352911,0.346836,1.933144,0.427758,1.937829,1.963751,0.419336,0.305864,0.266157,0.377715,1.115715,1.571695,0.855500,1.970767,0.256730,0.445365,0.420208,0.409628,0.289167,0.307945,0.631966,0.315734,0.411396
1.878398,1.370952,0.582696,0.196964,0.375369,0.194863,0.166362,1.177305,0.929289,1.934982,0.255836,0.986223,0.761047,1.761989,0.204591,0.474560,1.072158,1.971549,0.276744,0.096540,0.100507,0.381302,0.124037,0.823368,0.136862,1.959811,0.341958,0.436673,1.939945,0.221030,1.486992,0.204591,0.177086,1.878367,0.109481,0.654603,0.929585,1.884519,0.284354,0.315504,0.443954,1.459199,0.372569,0.000000,0.147701,0.932477,0.388312,0.341001,0.232030,1.817604,1.607320,0.221030,0.388312,1.899405,0.296415,0.387111,1.897658,0.540046,0.303449,0.856275,0.179873,1.979473,0.535410,1.503462,0.193759,0.246134,0.241545,0.725460,1.841247,0.114789,0.341958,0.205260,0.258722,0.056956,0.881717,1.001478,1.837039,0.136161,0.243573,1.971511,0.331319,1.903365,1.991487,0.415811,0.156812,0.164522,0.089993,0.904934,1.608046,0.638763,1.952456,0.353746,0.093712,0.061387,0.056956,0.211146,0.227313,0.472500,0.109660,0.084149
