0.000000,1.025178,1.651895,1.884146,1.906214,1.873740,1.876028,1.190271,1.423957,0.853786,1.860479,1.602172,1.716802,1.124792,1.862298,1.694084,1.471852,0.606624,1.903056,1.849288,1.858937,1.894973,1.877608,1.891608,1.890266,0.536050,1.756379,1.726603,0.618490,1.821211,1.581558,1.862298,1.873697,0.970264,1.845039,1.617317,1.406844,0.296886,1.901003,1.914685,1.719913,1.067691,1.924932,1.862505,1.868324,1.419078,1.722031,1.771203,1.838104,0.631326,0.798026,1.821211,1.722031,0.518644,1.894740,1.915236,0.458664,1.656068,1.897051,1.477785,1.861452,0.659038,1.676401,0.893800,1.856171,1.838872,1.912012,1.542661,0.741633,1.887292,1.756379,1.857884,1.875723,1.850539,1.456301,1.357912,0.711747,1.859475,1.896496,0.744045,1.885478,0.540204,0.662319,1.871539,1.890898,1.899420,1.861203,1.515533,1.198029,1.606413,0.581971,1.907252,1.836235,1.846425,1.850539,1.907567,1.869568,1.760672,1.882540,1.853389
1.025178,0.000000,1.143211,1.436821,1.540875,1.420645,1.413285,0.628443,0.880893,1.465933,1.397354,1.240581,1.395191,1.476234,1.416220,1.154534,1.144711,1.296163,1.481147,1.368679,1.376402,1.504811,1.414839,1.743600,1.450381,1.214636,1.230184,1.222792,1.173968,1.324356,1.854877,1.416220,1.428233,1.522034,1.361297,1.157166,0.769657,1.017970,1.486929,1.515220,1.192920,0.890058,1.569565,1.387333,1.411054,0.933486,1.173124,1.298115,1.352176,1.099960,1.092041,1.324356,1.173124,1.043507,1.475191,1.528157,1.165481,1.053148,1.457633,1.009321,1.407869,1.356774,1.129424,0.749439,1.403348,1.350789,1.496448,0.951068,1.053960,1.440039,1.230184,1.398958,1.431000,1.360029,0.879253,0.912249,1.103915,1.377900,1.461848,1.421695,1.449089,1.192340,1.380233,1.509442,1.454150,1.472827,1.391691,1.058759,1.449642,1.058331,1.252698,1.515078,1.337268,1.354594,1.360029,1.484870,1.434570,1.271652,1.428489,1.366299
1.651895,1.143211,0.000000,0.651627,0.774037,0.645522,0.613462,0.819629,0.670587,1.832800,0.676741,1.263458,0.487651,1.643815,0.574221,0.326556,1.321222,1.855904,0.769850,0.568581,0.581768,0.770633,0.633048,1.154883,0.647008,1.795228,0.264056,0.389700,1.824704,0.409965,1.633448,0.574221,0.586763,1.802284,0.563102,0.556662,0.532022,1.618310,0.734409,0.779446,0.179407,1.158074,0.780550,0.570339,0.565826,0.481916,0.248324,0.292059,0.586873,1.587568,1.337595,0.409965,0.248324,1.762306,0.791266,0.859275,1.678789,0.398830,0.777516,0.516741,0.601698,1.883409,0.339046,1.175411,0.585250,0.581977,0.750413,0.302994,1.654115,0.638727,0.264056,0.614672,0.726476,0.557447,0.384101,0.594200,1.697699,0.569233,0.737981,1.868582,0.728061,1.736323,1.890449,0.767976,0.671313,0.675367,0.594741,0.746440,1.353644,0.133190,1.822281,0.722238,0.541097,0.546920,0.557447,0.720344,0.637202,0.353500,0.623885,0.579776
1.884146,1.436821,0.651627,0.000000,0.263068,0.084975,0.090705,1.213096,0.957736,1.900212,0.323086,1.060999,0.758493,1.696858,0.146875,0.530596,1.207150,1.969139,0.219684,0.237205,0.185634,0.298691,0.172452,0.727211,0.186609,1.954228,0.433630,0.468530,1.949904,0.290346,1.480524,0.146875,0.217380,1.852968,0.244599,0.738661,0.983212,1.851190,0.182257,0.203043,0.515544,1.429484,0.297279,0.196018,0.185572,0.934608,0.492340,0.407093,0.304751,1.817419,1.621452,0.290346,0.492340,1.917476,0.330882,0.297968,1.912919,0.621946,0.275912,0.935328,0.222170,1.984169,0.580047,1.522472,0.229817,0.322597,0.220429,0.821184,1.822815,0.165361,0.433630,0.245447,0.302376,0.228592,0.927062,1.031504,1.854035,0.150426,0.222243,1.953455,0.346804,1.925851,1.981503,0.329706,0.196727,0.169763,0.210832,0.895652,1.482668,0.701984,1.966055,0.299651,0.248254,0.235625,0.228592,0.205932,0.255576,0.450435,0.170979,0.218745
1.906214,1.540875,0.774037,0.263068,0.000000,0.286362,0.317731,1.335487,1.095201,1.840095,0.497149,1.131051,0.750507,1.610902,0.257489,0.671520,1.301987,1.956399,0.322754,0.435836,0.395951,0.308238,0.366285,0.557011,0.321249,1.961291,0.594949,0.585730,1.959920,0.458375,1.335221,0.257489,0.332118,1.770438,0.446772,0.880106,1.135461,1.880123,0.242266,0.211017,0.663216,1.515460,0.233386,0.398620,0.365717,1.046540,0.662818,0.534996,0.488434,1.815352,1.665523,0.458375,0.662818,1.956033,0.457003,0.355173,1.910178,0.807272,0.416894,1.070874,0.409798,1.965436,0.727891,1.569983,0.372141,0.505604,0.290462,0.973441,1.830904,0.336346,0.594949,0.384494,0.461783,0.438794,1.057950,1.126891,1.897213,0.372391,0.358892,1.913867,0.458745,1.938548,1.953624,0.348755,0.316723,0.296597,0.399680,1.018647,1.415392,0.839621,1.965516,0.320563,0.469585,0.449498,0.438794,0.297297,0.360622,0.558424,0.350940,0.438678
1.873740,1.420645,0.645522,0.084975,0.286362,0.000000,0.136613,1.196755,0.944778,1.903805,0.308051,1.064316,0.766948,1.705615,0.167962,0.519177,1.206010,1.966365,0.231403,0.241638,0.184891,0.317038,0.171355,0.755948,0.210494,1.949862,0.428818,0.458926,1.945163,0.291750,1.496129,0.167962,0.240833,1.858385,0.247173,0.733976,0.969467,1.842046,0.159304,0.197480,0.509460,1.418221,0.332030,0.206238,0.196932,0.924305,0.484436,0.406370,0.279506,1.819595,1.612066,0.291750,0.484436,1.909026,0.337772,0.316377,1.911852,0.612813,0.276139,0.924423,0.226686,1.981637,0.575524,1.506824,0.240676,0.313014,0.235723,0.811227,1.821592,0.179830,0.428818,0.253069,0.294786,0.234505,0.914944,1.018343,1.850543,0.172298,0.206703,1.955671,0.354252,1.922751,1.978821,0.348073,0.218918,0.190222,0.217919,0.888576,1.483851,0.691584,1.962979,0.322084,0.244912,0.239016,0.234505,0.223272,0.270731,0.458945,0.182748,0.216650
1.876028,1.413285,0.613462,0.090705,0.317731,0.136613,0.000000,1.188006,0.933305,1.906821,0.319421,1.065134,0.737035,1.708370,0.154430,0.505417,1.202567,1.968999,0.243049,0.210018,0.159781,0.326488,0.158369,0.764900,0.187367,1.948042,0.391861,0.454618,1.943867,0.249656,1.508084,0.154430,0.203349,1.863743,0.216523,0.710514,0.946570,1.841152,0.234397,0.260146,0.474105,1.402634,0.318200,0.162410,0.146978,0.907189,0.450096,0.373524,0.283191,1.812391,1.602242,0.249656,0.450096,1.908805,0.346618,0.329560,1.906341,0.580265,0.285034,0.899705,0.180474,1.985165,0.543898,1.509977,0.220087,0.291590,0.247526,0.778310,1.818947,0.153896,0.391861,0.239683,0.310859,0.192542,0.891465,1.008845,1.838149,0.099782,0.249724,1.955726,0.341332,1.916798,1.985194,0.350512,0.204165,0.175284,0.191222,0.869390,1.485166,0.664032,1.961953,0.307136,0.209346,0.196032,0.192542,0.227815,0.253337,0.415309,0.152640,0.183147
1.190271,0.628443,0.819629,1.213096,1.335487,1.196755,1.188006,0.000000,0.458093,1.570780,1.180215,1.194217,1.141707,1.487032,1.173500,0.819716,1.138562,1.509266,1.273957,1.111348,1.142810,1.284362,1.189300,1.592212,1.215664,1.423532,0.943056,0.898054,1.439508,1.065701,1.844003,1.173500,1.189366,1.608760,1.101331,0.804308,0.379853,1.170290,1.297955,1.332873,0.897329,0.780562,1.371252,1.148406,1.182781,0.546862,0.870382,0.995792,1.132378,1.176359,1.103102,1.065701,0.870382,1.295055,1.264773,1.343129,1.291040,0.734669,1.259352,0.622149,1.189320,1.559629,0.799402,0.740699,1.157889,1.120364,1.284405,0.622080,1.275479,1.211945,0.943056,1.164090,1.211058,1.115545,0.504260,0.431360,1.290689,1.137385,1.260206,1.572175,1.237055,1.366458,1.574674,1.286339,1.219891,1.248972,1.141109,0.818017,1.300022,0.715018,1.441387,1.299653,1.091129,1.112420,1.115545,1.267863,1.199850,1.004512,1.198234,1.135227
1.423957,0.880893,0.670587,0.957736,1.095201,0.944778,0.933305,0.458093,0.000000,1.708688,0.933200,1.086864,1.026559,1.570314,0.919184,0.599797,1.082087,1.699567,1.012836,0.834577,0.874719,1.000139,0.920424,1.393848,0.942139,1.619589,0.726968,0.666490,1.633497,0.830178,1.794066,0.919184,0.920500,1.710533,0.825840,0.472019,0.420581,1.387277,1.057360,1.090746,0.700126,0.819487,1.143826,0.877441,0.936075,0.481343,0.658330,0.772786,0.889103,1.372385,1.217206,0.830178,0.658330,1.514384,0.998102,1.093742,1.498271,0.535928,0.994432,0.442755,0.937337,1.728324,0.598994,0.945401,0.876454,0.863544,1.017505,0.539797,1.491781,0.943529,0.726968,0.874704,0.952502,0.841817,0.511967,0.390951,1.480657,0.881983,1.014906,1.732467,0.977085,1.569948,1.752550,1.014373,0.944287,0.980865,0.863806,0.617174,1.291880,0.587074,1.632883,1.030811,0.820511,0.841119,0.841817,1.001502,0.912736,0.803251,0.930946,0.867320
0.853786,1.465933,1.832800,1.900212,1.840095,1.903805,1.906821,1.570780,1.708688,0.000000,1.927171,1.607692,1.767147,0.555709,1.886133,1.843059,1.573596,0.651412,1.890755,1.908831,1.918054,1.864647,1.916386,1.676142,1.896230,0.696841,1.887057,1.838232,0.782020,1.904729,1.143600,1.886133,1.891096,0.498842,1.909506,1.830879,1.741754,0.935498,1.898812,1.888916,1.871941,1.444865,1.865922,1.916867,1.913841,1.714603,1.881256,1.872756,1.921589,0.788635,1.302270,1.904729,1.881256,0.880267,1.905539,1.894782,0.710772,1.869003,1.910486,1.747095,1.917376,0.635302,1.817716,1.288816,1.902471,1.917062,1.885728,1.810255,0.864407,1.909971,1.887057,1.899714,1.918727,1.917063,1.746396,1.641156,0.862174,1.911440,1.911016,0.287325,1.901904,0.671014,0.560657,1.844466,1.889589,1.900536,1.904883,1.752124,1.160619,1.820865,0.690686,1.871887,1.922574,1.922037,1.917063,1.893509,1.895076,1.873227,1.913504,1.927104
1.860479,1.397354,0.676741,0.323086,0.497149,0.308051,0.319421,1.180215,0.933200,1.927171,0.000000,1.043540,0.839685,1.754858,0.373123,0.561360,1.157895,1.967553,0.333502,0.299062,0.279009,0.396381,0.285279,0.853418,0.328980,1.936001,0.454376,0.535050,1.933282,0.343446,1.573142,0.373123,0.360198,1.898958,0.297464,0.716178,0.938553,1.837971,0.337540,0.380079,0.530569,1.364829,0.497011,0.289621,0.286009,0.950216,0.494285,0.476845,0.218473,1.831650,1.613596,0.343446,0.494285,1.872417,0.226149,0.403140,1.911536,0.569267,0.300422,0.919159,0.309774,1.966986,0.622359,1.521682,0.306364,0.260573,0.353527,0.789054,1.835357,0.290809,0.454376,0.297155,0.174113,0.298081,0.918859,1.037924,1.814569,0.285803,0.267001,1.962629,0.285823,1.908937,1.973412,0.448779,0.336986,0.313363,0.303546,0.825775,1.500596,0.713457,1.937995,0.407101,0.292243,0.291889,0.298081,0.344025,0.322873,0.544295,0.288939,0.272500
1.602172,1.240581,1.263458,1.060999,1.131051,1.064316,1.065134,1.194217,1.086864,1.607692,1.043540,0.000000,1.445089,1.489118,1.109548,1.145408,0.298978,1.651500,1.013583,1.056757,1.076610,1.064429,1.074795,1.207657,1.079306,1.617095,1.157790,1.145986,1.580481,1.129405,1.574635,1.109548,1.117049,1.604818,1.053809,1.130864,1.188866,1.564599,1.091617,1.092095,1.189728,1.281118,1.172636,1.080647,1.107365,1.263259,1.148468,1.190159,1.048149,1.509849,1.569683,1.129405,1.148468,1.489560,1.015325,1.064690,1.652607,1.068611,1.025176,1.269924,1.089759,1.667194,1.092057,1.464799,1.084788,1.053011,1.077863,1.226312,1.489991,1.083995,1.157790,1.064016,1.026104,1.061427,1.268709,1.269552,1.492582,1.060606,1.059394,1.645660,1.068676,1.608820,1.659201,0.995517,1.069524,1.095522,1.059322,1.062142,1.537526,1.234680,1.621549,1.137940,1.063683,1.071224,1.061427,1.080689,1.073618,1.224043,1.082306,1.070293
1.716802,1.395191,0.487651,0.758493,0.750507,0.766948,0.737035,1.141707,1.026559,1.767147,0.839685,1.445089,0.000000,1.560033,0.668151,0.671946,1.525546,1.839317,0.871454,0.756269,0.751016,0.812703,0.767875,1.017525,0.745718,1.794436,0.568232,0.666831,1.856668,0.602890,1.386120,0.668151,0.676692,1.701858,0.759939,0.833900,0.908493,1.689621,0.783484,0.811188,0.535108,1.334802,0.735034,0.726656,0.681864,0.818218,0.612887,0.521120,0.763599,1.608792,1.388444,0.602890,0.612887,1.843704,0.907936,0.941687,1.667922,0.776938,0.909420,0.843834,0.725097,1.856421,0.687256,1.315799,0.711552,0.764349,0.812224,0.700736,1.682467,0.744255,0.568232,0.740893,0.876108,0.745199,0.744237,0.889665,1.774415,0.738678,0.849886,1.819780,0.831969,1.747164,1.850907,0.810427,0.768178,0.749424,0.758576,1.006245,1.274970,0.587068,1.825508,0.733601,0.752934,0.737937,0.745199,0.789631,0.729394,0.537356,0.739042,0.761446
1.124792,1.476234,1.643815,1.696858,1.610902,1.705615,1.708370,1.487032,1.570314,0.555709,1.754858,1.489118,1.560033,0.000000,1.670531,1.642351,1.529620,1.058190,1.702790,1.716972,1.733407,1.650222,1.731886,1.460178,1.691130,1.060754,1.688693,1.626801,1.155057,1.704245,1.013388,1.670531,1.680416,0.640057,1.719022,1.654604,1.618074,1.195582,1.701734,1.691216,1.675305,1.395147,1.654246,1.728588,1.719442,1.564843,1.689352,1.671701,1.738952,0.864319,1.392616,1.704245,1.689352,1.230581,1.731830,1.712323,0.965211,1.703179,1.744709,1.603482,1.732912,1.055628,1.616233,1.275219,1.701033,1.733994,1.678274,1.650103,1.044768,1.717489,1.688693,1.697486,1.750544,1.731112,1.597176,1.490292,1.199528,1.714129,1.735243,0.796546,1.716410,1.017107,0.981427,1.617005,1.682823,1.702609,1.710903,1.581729,0.986111,1.642249,1.082388,1.661278,1.746190,1.741071,1.731112,1.687884,1.687803,1.665988,1.724320,1.753672
1.862298,1.416220,0.574221,0.146875,0.257489,0.167962,0.154430,1.173500,0.919184,1.886133,0.373123,1.109548,0.668151,1.670531,0.000000,0.476672,1.249287,1.963694,0.306245,0.256778,0.220459,0.329499,0.230127,0.751671,0.221898,1.945498,0.371321,0.414851,1.948076,0.241302,1.481716,0.000000,0.203064,1.837878,0.263717,0.696728,0.935535,1.829752,0.240232,0.264194,0.444887,1.391265,0.313309,0.217638,0.198872,0.873286,0.437066,0.338420,0.317891,1.791333,1.582831,0.241302,0.437066,1.916193,0.405708,0.388190,1.887370,0.584362,0.362385,0.885804,0.258753,1.980186,0.523939,1.484754,0.223484,0.323243,0.287231,0.762206,1.818659,0.213955,0.371321,0.249137,0.371532,0.248158,0.863707,0.969165,1.848746,0.177171,0.306352,1.944534,0.363299,1.909748,1.977966,0.350376,0.237634,0.220658,0.239777,0.857568,1.422207,0.633393,1.957199,0.309483,0.266531,0.251515,0.248158,0.268471,0.256000,0.365751,0.215010,0.253055
1.694084,1.154534,0.326556,0.530596,0.671520,0.519177,0.505417,0.819716,0.599797,1.843059,0.561360,1.145408,0.671946,1.642351,0.476672,0.000000,1.233028,1.888981,0.631469,0.428303,0.446730,0.629344,0.502263,1.065660,0.519913,1.842043,0.262016,0.123911,1.851761,0.363711,1.642845,0.476672,0.485065,1.804625,0.420551,0.532335,0.584440,1.672072,0.638260,0.679345,0.285215,1.187883,0.704764,0.455877,0.495720,0.533110,0.211147,0.301058,0.506502,1.630054,1.453527,0.363711,0.211147,1.784577,0.658882,0.717594,1.741734,0.358483,0.638095,0.568260,0.534338,1.907882,0.321016,1.214814,0.470672,0.503393,0.615709,0.436025,1.674769,0.521806,0.262016,0.489572,0.593995,0.432161,0.508040,0.601632,1.733868,0.452523,0.615402,1.888956,0.626246,1.795043,1.914930,0.677495,0.532521,0.559567,0.452461,0.732232,1.372679,0.314199,1.849937,0.628340,0.416798,0.431558,0.432161,0.590995,0.523643,0.375321,0.506140,0.461008
1.471852,1.144711,1.321222,1.207150,1.301987,1.206010,1.202567,1.138562,1.082087,1.573596,1.157895,0.298978,1.525546,1.529620,1.249287,1.233028,0.000000,1.549596,1.168283,1.177766,1.201566,1.224841,1.206345,1.382977,1.223140,1.492684,1.245572,1.252605,1.464081,1.241336,1.663452,1.249287,1.257328,1.606128,1.172685,1.170865,1.168364,1.423675,1.240765,1.248078,1.264593,1.169832,1.329553,1.203325,1.233070,1.271543,1.225310,1.286382,1.155524,1.446789,1.453237,1.241336,1.225310,1.331533,1.150732,1.221619,1.553419,1.115517,1.163740,1.275611,1.207034,1.572601,1.169076,1.397655,1.214163,1.155309,1.233460,1.243817,1.419242,1.219852,1.245572,1.196551,1.151448,1.180240,1.275644,1.273818,1.340916,1.191789,1.197155,1.576144,1.188916,1.482032,1.574414,1.146069,1.216861,1.238901,1.187393,1.060980,1.550395,1.280000,1.503079,1.287997,1.172216,1.184391,1.180240,1.231565,1.211351,1.323469,1.215019,1.183328
0.606624,1.296163,1.855904,1.969139,1.956399,1.966365,1.968999,1.509266,1.699567,0.651412,1.967553,1.651500,1.839317,1.058190,1.963694,1.888981,1.549596,0.000000,1.968905,1.965117,1.966471,1.965273,1.971571,1.867485,1.976098,0.449082,1.923673,1.905161,0.376113,1.954216,1.407536,1.963694,1.972624,0.799898,1.963746,1.840137,1.682916,0.681054,1.969513,1.966492,1.902587,1.377701,1.964551,1.970093,1.970530,1.712529,1.906164,1.926094,1.963505,0.786114,1.144380,1.954216,1.906164,0.521499,1.964763,1.965428,0.569908,1.859358,1.964307,1.742249,1.967151,0.376965,1.871286,1.215594,1.968793,1.962753,1.972438,1.785013,0.732468,1.975890,1.923673,1.966705,1.963327,1.964257,1.715389,1.656450,0.745406,1.965306,1.964250,0.467914,1.969833,0.572561,0.298647,1.957018,1.973693,1.977700,1.968132,1.759787,1.352408,1.828163,0.428102,1.975344,1.958986,1.963432,1.964257,1.973382,1.971214,1.914908,1.975286,1.964296
1.903056,1.481147,0.769850,0.219684,0.322754,0.231403,0.243049,1.273957,1.012836,1.890755,0.333502,1.013583,0.871454,1.702790,0.306245,0.631469,1.168283,1.968905,0.000000,0.289929,0.281321,0.258858,0.243570,0.693513,0.227753,1.964178,0.555628,0.568973,1.946629,0.409165,1.476853,0.306245,0.305099,1.843700,0.297674,0.808609,1.066533,1.875964,0.265507,0.256689,0.634612,1.453389,0.347176,0.285949,0.292164,1.029911,0.608507,0.524751,0.382795,1.839448,1.673885,0.409165,0.608507,1.912590,0.259748,0.243960,1.930792,0.709231,0.149835,1.014848,0.313390,1.972077,0.685324,1.571022,0.297002,0.396241,0.208955,0.922148,1.841198,0.230577,0.555628,0.288030,0.254197,0.308039,1.026503,1.106754,1.852651,0.269216,0.224744,1.943337,0.368526,1.938943,1.973005,0.345249,0.213048,0.214290,0.257829,0.932553,1.499505,0.812879,1.956619,0.314479,0.331576,0.321795,0.308039,0.219633,0.290320,0.596253,0.243756,0.301178
1.849288,1.368679,0.568581,0.237205,0.435836,0.241638,0.210018,1.111348,0.834577,1.908831,0.299062,1.056757,0.756269,1.716972,0.256778,0.428303,1.177766,1.965117,0.289929,0.000000,0.162915,0.356399,0.183376,0.849099,0.156135,1.935811,0.346287,0.393589,1.934896,0.236876,1.568087,0.256778,0.222510,1.872427,0.018876,0.617091,0.869374,1.816038,0.355426,0.383431,0.428763,1.330205,0.438457,0.113163,0.215492,0.841377,0.387150,0.347990,0.291197,1.787878,1.575793,0.236876,0.387150,1.882677,0.336806,0.393588,1.881991,0.500750,0.294997,0.811620,0.258868,1.974380,0.485709,1.446897,0.215968,0.275236,0.270139,0.708572,1.812423,0.176021,0.346287,0.216703,0.295271,0.094213,0.826573,0.932924,1.812739,0.170879,0.308776,1.953679,0.335619,1.901790,1.982871,0.418546,0.171199,0.216549,0.053128,0.792754,1.469186,0.607813,1.936756,0.339213,0.127458,0.117087,0.094213,0.243690,0.250511,0.426607,0.171171,0.156571
1.858937,1.376402,0.581768,0.185634,0.395951,0.184891,0.159781,1.142810,0.874719,1.918054,0.279009,1.076610,0.751016,1.733407,0.220459,0.446730,1.201566,1.966471,0.281321,0.162915,0.000000,0.341832,0.079100,0.826968,0.187531,1.938042,0.350923,0.405091,1.934279,0.227748,1.554919,0.220459,0.178178,1.881776,0.167597,0.672169,0.894641,1.826260,0.290058,0.318306,0.439715,1.370712,0.403170,0.099202,0.173122,0.870902,0.396308,0.349702,0.265694,1.811876,1.591076,0.227748,0.396308,1.889510,0.319970,0.365446,1.901846,0.530614,0.273565,0.838039,0.227488,1.975727,0.520072,1.480399,0.201285,0.273269,0.268106,0.729105,1.813996,0.123043,0.350923,0.206693,0.272967,0.118359,0.846496,0.965798,1.818987,0.134094,0.253029,1.960431,0.340946,1.908421,1.985043,0.425500,0.207581,0.174345,0.150441,0.846914,1.504966,0.622570,1.948453,0.303990,0.113071,0.109832,0.118359,0.243760,0.244073,0.421917,0.102924,0.073844
1.894973,1.504811,0.770633,0.298691,0.308238,0.317038,0.326488,1.284362,1.000139,1.864647,0.396381,1.064429,0.812703,1.650222,0.329499,0.629344,1.224841,1.965273,0.258858,0.356399,0.341832,0.000000,0.306951,0.649688,0.265816,1.955991,0.570435,0.557675,1.952742,0.440118,1.415640,0.329499,0.301927,1.800158,0.366879,0.776199,1.085308,1.867819,0.333169,0.324413,0.644623,1.418845,0.360627,0.342125,0.349531,1.019833,0.624099,0.529701,0.446231,1.806763,1.647068,0.440118,0.624099,1.930466,0.329514,0.353975,1.905589,0.736201,0.321350,0.988604,0.381624,1.962569,0.714822,1.540245,0.263058,0.456645,0.248522,0.935069,1.833349,0.280603,0.570435,0.233374,0.349975,0.372587,1.037672,1.081646,1.873901,0.348120,0.340219,1.927792,0.395392,1.936641,1.962426,0.326701,0.248385,0.247343,0.322944,0.927609,1.421019,0.825669,1.948516,0.253968,0.402770,0.385697,0.372587,0.263676,0.195060,0.599919,0.298315,0.376992
1.877608,1.414839,0.633048,0.172452,0.366285,0.171355,0.158369,1.189300,0.920424,1.916386,0.285279,1.074795,0.767875,1.731886,0.230127,0.502263,1.206345,1.971571,0.243570,0.183376,0.079100,0.306951,0.000000,0.790889,0.162875,1.946211,0.406688,0.455899,1.941431,0.272914,1.526693,0.230127,0.165552,1.878422,0.191386,0.705282,0.948504,1.845208,0.260419,0.279904,0.492803,1.399647,0.362046,0.122795,0.178395,0.921359,0.456149,0.394951,0.283802,1.828884,1.610836,0.272914,0.456149,1.902339,0.298886,0.329627,1.916147,0.587954,0.242010,0.880686,0.225117,1.977572,0.569151,1.510024,0.209573,0.294401,0.218577,0.784348,1.829308,0.080879,0.406688,0.208595,0.265000,0.155254,0.900346,1.011773,1.831542,0.160439,0.227426,1.960043,0.332535,1.919273,1.986191,0.398991,0.176867,0.123978,0.156115,0.884855,1.515829,0.677958,1.954325,0.261015,0.165158,0.155056,0.155254,0.198662,0.234073,0.470559,0.062852,0.116852
1.891608,1.743600,1.154883,0.727211,0.557011,0.755948,0.764900,1.592212,1.393848,1.676142,0.853418,1.207657,1.017525,1.460178,0.751671,1.065660,1.382977,1.867485,0.693513,0.849099,0.826968,0.649688,0.790889,0.000000,0.736308,1.888359,1.013766,0.982302,1.912277,0.896922,1.056894,0.751671,0.752895,1.589269,0.859273,1.205635,1.460721,1.886266,0.681495,0.646399,1.071470,1.643848,0.606744,0.822178,0.794648,1.358601,1.070161,0.945665,0.884427,1.784997,1.743440,0.896922,1.070161,1.939153,0.765264,0.659303,1.858241,1.180827,0.768553,1.386126,0.814781,1.847322,1.119025,1.696643,0.795368,0.894439,0.678539,1.328633,1.793958,0.756118,1.013766,0.791980,0.815376,0.857285,1.399880,1.411497,1.876054,0.816810,0.757443,1.771789,0.793483,1.886576,1.836839,0.649057,0.723706,0.709545,0.816005,1.260110,1.347407,1.219448,1.884976,0.663460,0.888933,0.867855,0.857285,0.699388,0.759162,0.958510,0.772321,0.856945
1.890266,1.450381,0.647008,0.186609,0.321249,0.210494,0.187367,1.215664,0.942139,1.896230,0.328980,1.079306,0.745718,1.691130,0.221898,0.519913,1.223140,1.976098,0.227753,0.156135,0.187531,0.265816,0.162875,0.736308,0.000000,1.957313,0.429403,0.462930,1.955078,0.290238,1.482929,0.221898,0.168413,1.846119,0.172485,0.711248,0.983328,1.859874,0.278029,0.288169,0.512260,1.411219,0.330890,0.138822,0.204489,0.936370,0.486778,0.404032,0.333321,1.813260,1.625415,0.290238,0.486778,1.921850,0.316197,0.326945,1.907166,0.624953,0.271222,0.906943,0.258554,1.979568,0.580002,1.509785,0.216281,0.330090,0.166785,0.813617,1.832901,0.113559,0.429403,0.210558,0.304751,0.168630,0.925426,1.022193,1.852013,0.202437,0.272526,1.950395,0.331888,1.926828,1.984276,0.365498,0.062870,0.113925,0.112207,0.888914,1.471504,0.702105,1.955443,0.238029,0.220623,0.191725,0.168630,0.143257,0.212510,0.474611,0.131064,0.208791
0.536050,1.214636,1.795228,1.954228,1.961291,1.949862,1.948042,1.423532,1.619589,0.696841,1.936001,1.617095,1.794436,1.060754,1.945498,1.842043,1.492684,0.449082,1.964178,1.935811,1.938042,1.955991,1.946211,1.888359,1.957313,0.000000,1.873866,1.868584,0.483728,1.920065,1.438087,1.945498,1.944596,0.861183,1.933661,1.765445,1.597620,0.570942,1.957756,1.962191,1.846805,1.233713,1.965559,1.939764,1.947586,1.636597,1.850108,1.887352,1.918916,0.712314,1.018027,1.920065,1.850108,0.459446,1.949735,1.968044,0.506308,1.798985,1.957124,1.640324,1.940454,0.467252,1.806825,1.142983,1.937608,1.916233,1.965240,1.702089,0.647350,1.952734,1.873866,1.938542,1.944471,1.932311,1.639923,1.583793,0.612330,1.941170,1.954673,0.551831,1.938311,0.354636,0.478315,1.926775,1.957687,1.959793,1.942400,1.670636,1.342813,1.763321,0.441025,1.955673,1.923690,1.929151,1.932311,1.963363,1.943830,1.874900,1.948945,1.931714
1.756379,1.230184,0.264056,0.433630,0.594949,0.428818,0.391861,0.943056,0.726968,1.887057,0.454376,1.157790,0.568232,1.688693,0.371321,0.262016,1.245572,1.923673,0.555628,0.346287,0.350923,0.570435,0.406688,1.013766,0.429403,1.873866,0.000000,0.291832,1.888837,0.176073,1.612713,0.371321,0.377143,1.856361,0.340933,0.550430,0.653783,1.725079,0.524492,0.572003,0.102812,1.232399,0.599151,0.342133,0.339515,0.633145,0.100491,0.171899,0.366316,1.698282,1.458949,0.176073,0.100491,1.829781,0.572542,0.648013,1.792185,0.340982,0.559765,0.630326,0.390801,1.943558,0.315337,1.316145,0.370654,0.364177,0.534826,0.438694,1.739064,0.413655,0.000000,0.398095,0.508415,0.329306,0.568120,0.745751,1.759195,0.341389,0.517756,1.928222,0.508884,1.824174,1.950645,0.581939,0.456202,0.455697,0.372850,0.730953,1.414347,0.317355,1.895192,0.521626,0.314100,0.318312,0.329306,0.504367,0.426425,0.255194,0.398121,0.349941
1.726603,1.222792,0.389700,0.468530,0.585730,0.458926,0.454618,0.898054,0.666490,1.838232,0.535050,1.145986,0.666831,1.626801,0.414851,0.123911,1.252605,1.905161,0.568973,0.393589,0.405091,0.557675,0.455899,0.982302,0.462930,1.868584,0.291832,0.000000,1.877679,0.344958,1.594315,0.414851,0.431318,1.789243,0.388151,0.576022,0.685348,1.705556,0.575394,0.612845,0.334355,1.246398,0.635914,0.418577,0.455059,0.598563,0.276249,0.287008,0.490499,1.654205,1.492037,0.344958,0.276249,1.821089,0.615641,0.652114,1.767613,0.436825,0.590084,0.645475,0.499260,1.922915,0.371273,1.254875,0.420090,0.491415,0.550387,0.541034,1.695829,0.470871,0.291832,0.442186,0.555690,0.403563,0.603010,0.660492,1.770648,0.410790,0.561992,1.893416,0.591861,1.825811,1.924639,0.616165,0.472125,0.500316,0.408798,0.772148,1.358375,0.400886,1.875466,0.567329,0.395593,0.406736,0.403563,0.528750,0.470912,0.367124,0.458593,0.432296
0.618490,1.173968,1.824704,1.949904,1.959920,1.945163,1.943867,1.439508,1.633497,0.782020,1.933282,1.580481,1.856668,1.155057,1.948076,1.851761,1.464081,0.376113,1.946629,1.934896,1.934279,1.952742,1.941431,1.912277,1.955078,0.483728,1.888837,1.877679,0.000000,1.925235,1.504521,1.948076,1.951246,0.895734,1.932629,1.794421,1.615552,0.693460,1.954598,1.953647,1.867733,1.329650,1.960691,1.940322,1.947117,1.676105,1.866044,1.904250,1.925279,0.787563,1.158110,1.925235,1.866044,0.407666,1.937741,1.945989,0.613899,1.808194,1.931482,1.679529,1.941280,0.450610,1.829304,1.223813,1.939962,1.922852,1.956971,1.731253,0.718906,1.950525,1.888837,1.938329,1.932897,1.930345,1.664749,1.612355,0.666251,1.935697,1.938674,0.599334,1.941551,0.551632,0.456332,1.952716,1.954939,1.957600,1.940522,1.726141,1.458327,1.789541,0.484304,1.962273,1.922908,1.929151,1.930345,1.955679,1.945605,1.892652,1.948082,1.929635
1.821211,1.324356,0.409965,0.290346,0.458375,0.291750,0.249656,1.065701,0.830178,1.904729,0.343446,1.129405,0.602890,1.704245,0.241302,0.363711,1.241336,1.954216,0.409165,0.236876,0.227748,0.440118,0.272914,0.896922,0.290238,1.920065,0.176073,0.344958,1.925235,0.000000,1.566340,0.241302,0.245784,1.868730,0.236169,0.611987,0.790413,1.790191,0.380423,0.424151,0.257375,1.315862,0.462266,0.212409,0.176352,0.760042,0.257219,0.196772,0.280056,1.760025,1.529405,0.000000,0.257219,1.877704,0.441494,0.505011,1.851543,0.435348,0.421187,0.753814,0.255640,1.967997,0.411328,1.408682,0.247393,0.287663,0.389350,0.590929,1.788350,0.269105,0.176073,0.277465,0.381236,0.217972,0.715678,0.870981,1.805664,0.207739,0.377110,1.949555,0.402355,1.877538,1.974022,0.468105,0.317795,0.306893,0.251962,0.786698,1.445319,0.471329,1.932922,0.390711,0.216777,0.209113,0.217972,0.360874,0.302654,0.282626,0.257552,0.234144
1.581558,1.854877,1.633448,1.480524,1.335221,1.496129,1.508084,1.844003,1.794066,1.143600,1.573142,1.574635,1.386120,1.013388,1.481716,1.642845,1.663452,1.407536,1.476853,1.568087,1.554919,1.415640,1.526693,1.056894,1.482929,1.438087,1.612713,1.594315,1.504521,1.566340,0.000000,1.481716,1.482394,0.978715,1.575704,1.686449,1.829321,1.591131,1.431034,1.406178,1.624314,1.761223,1.331403,1.548108,1.518886,1.716464,1.651270,1.564230,1.569988,1.427278,1.583853,1.566340,1.651270,1.641439,1.518702,1.443640,1.429537,1.749501,1.528640,1.738850,1.524670,1.359483,1.657103,1.685616,1.511404,1.581071,1.440829,1.749422,1.463035,1.500837,1.612713,1.518340,1.553781,1.572639,1.759559,1.724027,1.646108,1.548123,1.501646,1.258384,1.517805,1.447954,1.304153,1.373581,1.480932,1.467687,1.545985,1.709866,1.271102,1.687637,1.461182,1.405366,1.595953,1.579348,1.572639,1.452525,1.480925,1.560095,1.511855,1.576492
1.862298,1.416220,0.574221,0.146875,0.257489,0.167962,0.154430,1.173500,0.919184,1.886133,0.373123,1.109548,0.668151,1.670531,0.000000,0.476672,1.249287,1.963694,0.306245,0.256778,0.220459,0.329499,0.230127,0.751671,0.221898,1.945498,0.371321,0.414851,1.948076,0.241302,1.481716,0.000000,0.203064,1.837878,0.263717,0.696728,0.935535,1.829752,0.240232,0.264194,0.444887,1.391265,0.313309,0.217638,0.198872,0.873286,0.437066,0.338420,0.317891,1.791333,1.582831,0.241302,0.437066,1.916193,0.405708,0.388190,1.887370,0.584362,0.362385,0.885804,0.258753,1.980186,0.523939,1.484754,0.223484,0.323243,0.287231,0.762206,1.818659,0.213955,0.371321,0.249137,0.371532,0.248158,0.863707,0.969165,1.848746,0.177171,0.306352,1.944534,0.363299,1.909748,1.977966,0.350376,0.237634,0.220658,0.239777,0.857568,1.422207,0.633393,1.957199,0.309483,0.266531,0.251515,0.248158,0.268471,0.256000,0.365751,0.215010,0.253055
1.873697,1.428233,0.586763,0.217380,0.332118,0.240833,0.203349,1.189366,0.920500,1.891096,0.360198,1.117049,0.676692,1.680416,0.203064,0.485065,1.257328,1.972624,0.305099,0.222510,0.178178,0.301927,0.165552,0.752895,0.168413,1.944596,0.377143,0.431318,1.951246,0.245784,1.482394,0.203064,0.000000,1.842291,0.233397,0.683417,0.944859,1.844424,0.305016,0.323489,0.453915,1.389675,0.332014,0.173737,0.195928,0.894755,0.439495,0.352145,0.340858,1.796682,1.598090,0.245784,0.439495,1.919856,0.369107,0.380302,1.892256,0.594173,0.340131,0.859324,0.269153,1.972675,0.547848,1.486580,0.209040,0.342039,0.237845,0.762939,1.820327,0.140456,0.377143,0.215075,0.354746,0.212600,0.877609,0.985230,1.845121,0.205051,0.332027,1.947176,0.368373,1.913712,1.981597,0.385810,0.178831,0.147771,0.200174,0.869866,1.455674,0.647956,1.951414,0.191940,0.240092,0.216072,0.212600,0.220381,0.220571,0.409273,0.136258,0.218832
0.970264,1.522034,1.802284,1.852968,1.770438,1.858385,1.863743,1.608760,1.710533,0.498842,1.898958,1.604818,1.701858,0.640057,1.837878,1.804625,1.606128,0.799898,1.843700,1.872427,1.881776,1.800158,1.878422,1.589269,1.846119,0.861183,1.856361,1.789243,0.895734,1.868730,0.978715,1.837878,1.842291,0.000000,1.874628,1.788003,1.759569,1.040810,1.846902,1.838658,1.844194,1.501837,1.799661,1.879384,1.878429,1.695447,1.854699,1.834217,1.891764,0.763345,1.340112,1.868730,1.854699,1.056560,1.875357,1.837240,0.754196,1.862423,1.877802,1.739373,1.882076,0.742802,1.811297,1.296563,1.850575,1.895072,1.833222,1.805963,0.856740,1.868018,1.856361,1.853485,1.887113,1.882860,1.743748,1.620316,1.175225,1.872918,1.876558,0.607201,1.876546,0.921460,0.658086,1.790573,1.839731,1.854672,1.865961,1.751829,1.111429,1.802425,0.840898,1.820151,1.894088,1.889592,1.882860,1.839116,1.838043,1.818800,1.872392,1.897716
1.845039,1.361297,0.563102,0.244599,0.446772,0.247173,0.216523,1.101331,0.825840,1.909506,0.297464,1.053809,0.759939,1.719022,0.263717,0.420551,1.172685,1.963746,0.297674,0.018876,0.167597,0.366879,0.191386,0.859273,0.172485,1.933661,0.340933,0.388151,1.932629,0.236169,1.575704,0.263717,0.233397,1.874628,0.000000,0.610990,0.859060,1.811588,0.363708,0.393075,0.423012,1.323737,0.448004,0.123937,0.221588,0.832857,0.379378,0.346134,0.289449,1.785679,1.571550,0.236169,0.379378,1.878605,0.340730,0.398979,1.879779,0.489494,0.300012,0.804150,0.263576,1.973489,0.478583,1.441832,0.221446,0.272802,0.282511,0.699744,1.810283,0.188475,0.340933,0.223796,0.296446,0.100895,0.818266,0.925194,1.809007,0.172276,0.313593,1.953462,0.337683,1.899377,1.982122,0.424860,0.186451,0.229926,0.069460,0.785291,1.469043,0.600294,1.934686,0.351456,0.126893,0.121212,0.100895,0.256214,0.259041,0.424416,0.181963,0.159539
1.617317,1.157166,0.556662,0.738661,0.880106,0.733976,0.710514,0.804308,0.472019,1.830879,0.716178,1.130864,0.833900,1.654604,0.696728,0.532335,1.170865,1.840137,0.808609,0.617091,0.672169,0.776199,0.705282,1.205635,0.711248,1.765445,0.550430,0.576022,1.794421,0.611987,1.686449,0.696728,0.683417,1.788003,0.610990,0.000000,0.604409,1.571616,0.832749,0.871328,0.534953,0.962173,0.894622,0.655200,0.700113,0.575034,0.516909,0.591827,0.669965,1.544630,1.283488,0.611987,0.516909,1.708022,0.791627,0.874525,1.652483,0.447461,0.801742,0.475123,0.697297,1.845596,0.531222,1.153077,0.648532,0.636970,0.784490,0.539442,1.671082,0.713518,0.550430,0.651106,0.752079,0.632017,0.619748,0.630875,1.675348,0.664743,0.817151,1.863296,0.732225,1.731588,1.869854,0.766512,0.716738,0.745716,0.648311,0.534884,1.282449,0.545690,1.778746,0.783621,0.622460,0.630780,0.632017,0.767167,0.672106,0.594975,0.704363,0.662880
1.406844,0.769657,0.532022,0.983212,1.135461,0.969467,0.946570,0.379853,0.420581,1.741754,0.938553,1.188866,0.908493,1.618074,0.935535,0.584440,1.168364,1.682916,1.066533,0.869374,0.894641,1.085308,0.948504,1.460721,0.983328,1.597620,0.653783,0.685348,1.615552,0.790413,1.829321,0.935535,0.944859,1.759569,0.859060,0.604409,0.000000,1.379581,1.071591,1.113463,0.600576,0.875513,1.153299,0.895377,0.925168,0.418033,0.577364,0.735424,0.875843,1.383344,1.190499,0.790413,0.577364,1.493350,1.048161,1.140447,1.486241,0.442314,1.045684,0.456619,0.940549,1.723272,0.558164,0.944895,0.918402,0.861462,1.069320,0.278531,1.452748,0.970812,0.653783,0.928224,0.986934,0.862773,0.224870,0.437605,1.458240,0.889166,1.037635,1.744678,1.001642,1.541520,1.742012,1.090520,0.996339,1.015638,0.904656,0.679372,1.375738,0.419838,1.623608,1.075411,0.834641,0.854075,0.862773,1.046185,0.968013,0.731608,0.953623,0.880171
0.296886,1.017970,1.618310,1.851190,1.880123,1.842046,1.841152,1.170290,1.387277,0.935498,1.837971,1.564599,1.689621,1.195582,1.829752,1.672072,1.423675,0.681054,1.875964,1.816038,1.826260,1.867819,1.845208,1.886266,1.859874,0.570942,1.725079,1.705556,0.693460,1.790191,1.591131,1.829752,1.844424,1.040810,1.811588,1.571616,1.379581,0.000000,1.873560,1.886725,1.687052,1.042208,1.894616,1.828043,1.837418,1.367654,1.690666,1.737841,1.811554,0.696057,0.639029,1.790191,1.690666,0.577045,1.874598,1.887983,0.555559,1.620445,1.871587,1.435777,1.828151,0.744252,1.640975,0.861445,1.824576,1.810433,1.886732,1.511237,0.777073,1.855936,1.725079,1.826863,1.851678,1.815056,1.430955,1.334391,0.727665,1.825186,1.867979,0.824529,1.858023,0.594460,0.748600,1.832555,1.861823,1.869688,1.828914,1.482890,1.232982,1.574163,0.650710,1.880216,1.799341,1.810115,1.815056,1.879891,1.837354,1.723930,1.850588,1.817182
1.901003,1.486929,0.734409,0.182257,0.242266,0.159304,0.234397,1.297955,1.057360,1.898812,0.337540,1.091617,0.783484,1.701734,0.240232,0.638260,1.240765,1.969513,0.265507,0.355426,0.290058,0.333169,0.260419,0.681495,0.278029,1.957756,0.524492,0.575394,1.954598,0.380423,1.431034,0.240232,0.305016,1.846902,0.363708,0.832749,1.071591,1.873560,0.000000,0.086632,0.600297,1.479008,0.293861,0.302304,0.262794,1.026112,0.589591,0.501233,0.316994,1.849051,1.645784,0.380423,0.589591,1.930201,0.352796,0.315188,1.931502,0.720668,0.317229,1.026682,0.291515,1.979237,0.683483,1.573547,0.315937,0.361805,0.258723,0.906397,1.843045,0.248998,0.524492,0.322092,0.335601,0.340259,1.013143,1.123345,1.872696,0.284850,0.218400,1.953712,0.355039,1.934136,1.973594,0.343888,0.288293,0.233168,0.326942,0.961048,1.489334,0.791742,1.972566,0.321368,0.356289,0.341345,0.340259,0.257138,0.319531,0.534432,0.259282,0.314679
1.914685,1.515220,0.779446,0.203043,0.211017,0.197480,0.260146,1.332873,1.090746,1.888916,0.380079,1.092095,0.811188,1.691216,0.264194,0.679345,1.248078,1.966492,0.256689,0.383431,0.318306,0.324413,0.279904,0.646399,0.288169,1.962191,0.572003,0.612845,1.953647,0.424151,1.406178,0.264194,0.323489,1.838658,0.393075,0.871328,1.113463,1.886725,0.086632,0.000000,0.648270,1.507516,0.273444,0.330556,0.298770,1.065275,0.637249,0.540400,0.379587,1.857282,1.668138,0.424151,0.637249,1.936103,0.356462,0.298746,1.939653,0.766464,0.310866,1.066985,0.334218,1.976122,0.719668,1.600701,0.340653,0.411803,0.250072,0.952311,1.850405,0.265667,0.572003,0.343768,0.353129,0.368485,1.054378,1.158534,1.876514,0.314706,0.215715,1.945727,0.377715,1.938604,1.969793,0.354683,0.295392,0.239901,0.349643,1.001253,1.504779,0.836105,1.973774,0.320083,0.389326,0.373132,0.368485,0.254127,0.337895,0.577148,0.279350,0.344851
1.719913,1.192920,0.179407,0.515544,0.663216,0.509460,0.474105,0.897329,0.700126,1.871941,0.530569,1.189728,0.535108,1.675305,0.444887,0.285215,1.264593,1.902587,0.634612,0.428763,0.439715,0.644623,0.492803,1.071470,0.512260,1.846805,0.102812,0.334355,1.867733,0.257375,1.624314,0.444887,0.453915,1.844194,0.423012,0.534953,0.600576,1.687052,0.600297,0.648270,0.000000,1.194434,0.665761,0.428140,0.418840,0.580125,0.126495,0.204745,0.438590,1.662683,1.408757,0.257375,0.126495,1.805176,0.649934,0.727095,1.754775,0.337328,0.640017,0.583416,0.461465,1.925685,0.304536,1.268355,0.447705,0.435123,0.616866,0.372669,1.714686,0.498150,0.102812,0.474845,0.585994,0.415252,0.499878,0.697527,1.735521,0.425350,0.599083,1.911254,0.584031,1.792029,1.932768,0.641848,0.538488,0.538198,0.456676,0.709325,1.388736,0.243028,1.872486,0.592539,0.398663,0.403572,0.415252,0.587366,0.500958,0.275349,0.483148,0.435542
1.067691,0.890058,1.158074,1.429484,1.515460,1.418221,1.402634,0.780562,0.819487,1.444865,1.364829,1.281118,1.334802,1.395147,1.391265,1.187883,1.169832,1.377701,1.453389,1.330205,1.370712,1.418845,1.399647,1.643848,1.411219,1.233713,1.232399,1.246398,1.329650,1.315862,1.761223,1.391265,1.389675,1.501837,1.323737,0.962173,0.875513,1.042208,1.479008,1.507516,1.194434,0.000000,1.537609,1.361929,1.387150,0.968650,1.185767,1.273816,1.328176,1.084934,0.917665,1.315862,1.185767,1.173919,1.419628,1.506298,1.135774,1.056312,1.438079,0.900310,1.376779,1.390217,1.148511,0.838368,1.340990,1.307694,1.451638,1.001200,1.277118,1.406925,1.232399,1.333150,1.397733,1.342068,0.982300,0.899671,1.178536,1.366519,1.462934,1.448045,1.371379,1.210233,1.435642,1.387036,1.407269,1.430834,1.356167,0.791691,1.072060,1.104283,1.275972,1.441478,1.324429,1.336491,1.342068,1.444357,1.353821,1.277304,1.400364,1.354539
1.924932,1.569565,0.780550,0.297279,0.233386,0.332030,0.318200,1.371252,1.143826,1.865922,0.497011,1.172636,0.735034,1.654246,0.313309,0.704764,1.329553,1.964551,0.347176,0.438457,0.403170,0.360627,0.362046,0.606744,0.330890,1.965559,0.599151,0.635914,1.960691,0.462266,1.331403,0.313309,0.332014,1.799661,0.448004,0.894622,1.153299,1.894616,0.293861,0.273444,0.665761,1.537609,0.000000,0.401012,0.357300,1.076430,0.668180,0.554587,0.488048,1.845178,1.662330,0.462266,0.668180,1.964561,0.468149,0.349685,1.927808,0.823193,0.418034,1.071472,0.403514,1.969329,0.753354,1.617800,0.399423,0.495153,0.303837,0.973380,1.856305,0.330698,0.599151,0.417592,0.477486,0.440501,1.074721,1.170950,1.899237,0.366031,0.383069,1.928711,0.437005,1.940035,1.961920,0.381904,0.335287,0.291685,0.408649,1.049076,1.460128,0.852836,1.969786,0.292867,0.471533,0.448653,0.440501,0.309795,0.384432,0.556920,0.342686,0.435796
1.862505,1.387333,0.570339,0.196018,0.398620,0.206238,0.162410,1.148406,0.877441,1.916867,0.289621,1.080647,0.726656,1.728588,0.217638,0.455877,1.203325,1.970093,0.285949,0.113163,0.099202,0.342125,0.122795,0.822178,0.138822,1.939764,0.342133,0.418577,1.940322,0.212409,1.548108,0.217638,0.173737,1.879384,0.123937,0.655200,0.895377,1.828043,0.302304,0.330556,0.428140,1.361929,0.401012,0.000000,0.158760,0.870488,0.394503,0.338771,0.267903,1.806894,1.582881,0.212409,0.394503,1.893579,0.331395,0.381554,1.895883,0.528860,0.289464,0.836356,0.213689,1.977489,0.511037,1.476307,0.200093,0.264687,0.260015,0.722987,1.817506,0.111133,0.342133,0.202987,0.292008,0.061937,0.843191,0.967326,1.820429,0.146546,0.277425,1.960325,0.332296,1.906303,1.987307,0.416395,0.172126,0.164471,0.098766,0.833455,1.493278,0.617464,1.946839,0.302143,0.095028,0.063183,0.061937,0.230382,0.234080,0.413527,0.102603,0.088964
