0.000000,1.108424,1.665800,1.902736,1.925029,1.892836,1.896154,1.225330,1.439269,0.836062,1.881385,1.669538,1.702728,1.108050,1.886488,1.725148,1.576727,0.610995,1.921672,1.869513,1.880641,1.933074,1.898177,1.906460,1.906001,0.500283,1.786719,1.755825,0.579468,1.842318,1.563595,1.886488,1.906792,0.966153,1.864896,1.627113,1.435452,0.269025,1.910923,1.922833,1.741477,1.012546,1.938218,1.881246,1.888092,1.416508,1.758510,1.784303,1.864513,0.644716,0.704666,1.842318,1.758510,0.496525,1.908343,1.911425,0.474992,1.693999,1.913883,1.471662,1.882781,0.652964,1.698818,0.945138,1.905669,1.866324,1.928566,1.579464,0.682023,1.906424,1.786719,1.904385,1.891665,1.870442,1.464739,1.380214,0.725029,1.880776,1.909977,0.738329,1.903658,0.521749,0.639240,1.884225,1.910545,1.917518,1.881585,1.536030,1.171767,1.621537,0.565472,1.944036,1.857603,1.866796,1.870442,1.919490,1.916500,1.758062,1.902847,1.873797
1.108424,0.000000,1.086706,1.424729,1.529669,1.418191,1.401567,0.638746,0.819752,1.422047,1.376697,1.297446,1.299621,1.395792,1.402237,1.127576,1.217365,1.366910,1.481933,1.364981,1.374232,1.508778,1.422011,1.707790,1.444706,1.245033,1.208500,1.195417,1.263908,1.304494,1.802562,1.402237,1.437066,1.502147,1.355995,1.087101,0.744699,1.079235,1.481090,1.510071,1.155318,0.728194,1.537525,1.385253,1.404622,0.854135,1.156269,1.245105,1.358744,1.110317,1.038904,1.304494,1.156269,1.085921,1.444691,1.489365,1.171147,1.041530,1.468991,0.946391,1.408087,1.386107,1.133948,0.792487,1.427373,1.352673,1.497547,0.921129,1.094580,1.444051,1.208500,1.416535,1.410393,1.357768,0.827756,0.859576,1.100620,1.362351,1.457364,1.433013,1.437346,1.136326,1.422484,1.500313,1.447262,1.470939,1.390548,0.922407,1.368161,1.006553,1.299043,1.548148,1.339151,1.354520,1.357768,1.481508,1.442174,1.165539,1.438141,1.369685
1.665800,1.086706,0.000000,0.689266,0.815833,0.676234,0.648586,0.770053,0.645027,1.838961,0.666661,1.099219,0.506575,1.676995,0.614933,0.334248,1.096880,1.864316,0.794663,0.574366,0.616510,0.863052,0.678258,1.189043,0.674977,1.792980,0.288205,0.396838,1.833580,0.431033,1.642306,0.614933,0.658190,1.814902,0.564544,0.472789,0.504364,1.671084,0.758927,0.802891,0.185716,1.140187,0.822724,0.597539,0.596578,0.522506,0.274092,0.304266,0.604463,1.577877,1.343563,0.431033,0.274092,1.725564,0.773710,0.857228,1.667692,0.355014,0.818236,0.515187,0.629592,1.887037,0.339740,1.129846,0.664365,0.604749,0.771960,0.280401,1.641450,0.685006,0.288205,0.676146,0.710154,0.577260,0.396032,0.589831,1.677137,0.593949,0.741302,1.880092,0.744901,1.698091,1.896079,0.778333,0.691092,0.718687,0.610591,0.593318,1.406167,0.133802,1.810787,0.832260,0.560029,0.569343,0.577260,0.739173,0.708434,0.337241,0.676843,0.607462
1.902736,1.424729,0.689266,0.000000,0.247565,0.084332,0.088114,1.234180,0.992307,1.921024,0.287000,0.883555,0.813342,1.748839,0.137471,0.558236,0.980718,1.969499,0.201081,0.221872,0.202350,0.343215,0.188941,0.732146,0.194637,1.970515,0.444923,0.498337,1.945839,0.313404,1.457809,0.137471,0.199435,1.859436,0.228412,0.731131,1.011950,1.900781,0.186520,0.206500,0.549273,1.509764,0.270473,0.203172,0.195789,1.016558,0.496265,0.436565,0.266042,1.821813,1.662826,0.313404,0.496265,1.912753,0.288322,0.314462,1.909389,0.619241,0.272608,0.972384,0.215366,1.977388,0.611796,1.550386,0.219313,0.288633,0.211576,0.829063,1.843272,0.177679,0.444923,0.247262,0.272501,0.226937,0.978577,1.078924,1.861453,0.145615,0.202614,1.964583,0.337819,1.921305,1.983485,0.367876,0.189767,0.181540,0.205348,0.937415,1.597167,0.744366,1.967348,0.332259,0.254316,0.239281,0.226937,0.194530,0.251717,0.541543,0.184907,0.228121
1.925029,1.529669,0.815833,0.247565,0.000000,0.266431,0.301784,1.359758,1.132697,1.879593,0.427354,0.933524,0.814877,1.692077,0.257454,0.704211,1.057080,1.959156,0.283604,0.405961,0.397132,0.361038,0.361212,0.556863,0.301313,1.974851,0.597722,0.625209,1.960390,0.471613,1.322573,0.257454,0.294225,1.790371,0.417714,0.856952,1.158104,1.927661,0.216134,0.192928,0.691978,1.599843,0.202518,0.381839,0.358993,1.130331,0.658621,0.575710,0.406736,1.818830,1.706986,0.471613,0.658621,1.954045,0.397957,0.374563,1.904827,0.792714,0.392636,1.108525,0.388963,1.962025,0.764691,1.600404,0.335124,0.426994,0.256424,0.974707,1.857688,0.318522,0.597722,0.377904,0.412528,0.417624,1.110969,1.185515,1.914595,0.359332,0.311380,1.934261,0.397400,1.948713,1.957670,0.323782,0.295523,0.276415,0.375236,1.062462,1.520491,0.884848,1.964395,0.277014,0.455329,0.431146,0.417624,0.275625,0.347638,0.650845,0.335700,0.427699
1.892836,1.418191,0.676234,0.084332,0.266431,0.000000,0.131682,1.213557,0.971786,1.925044,0.273962,0.872494,0.810961,1.756193,0.144026,0.546164,0.962816,1.968253,0.228689,0.218791,0.192983,0.370787,0.179036,0.758446,0.206691,1.966117,0.434199,0.489262,1.942059,0.308074,1.471734,0.144026,0.211543,1.864121,0.224138,0.705289,0.994414,1.893033,0.155638,0.191166,0.537548,1.490809,0.309207,0.200071,0.195755,1.000449,0.483427,0.427819,0.225779,1.817463,1.646542,0.308074,0.483427,1.903531,0.306078,0.332890,1.904063,0.603050,0.291024,0.949114,0.211511,1.976346,0.599381,1.530559,0.233458,0.261611,0.222116,0.814867,1.844634,0.180245,0.434199,0.265193,0.274993,0.220255,0.963273,1.059939,1.857543,0.164829,0.189996,1.966749,0.330416,1.917273,1.982605,0.368739,0.204416,0.190882,0.203975,0.923596,1.593757,0.730145,1.963014,0.351592,0.242474,0.231457,0.220255,0.200545,0.273668,0.547330,0.185102,0.218719
1.896154,1.401567,0.648586,0.088114,0.301784,0.131682,0.000000,1.205384,0.961281,1.922758,0.287343,0.895389,0.795688,1.752692,0.141194,0.522280,0.984735,1.969524,0.214780,0.186861,0.174252,0.357312,0.176008,0.762295,0.192180,1.964967,0.400165,0.469619,1.941040,0.268514,1.488028,0.141194,0.191465,1.867117,0.191555,0.707484,0.975710,1.893373,0.240535,0.265860,0.505069,1.482729,0.296176,0.172323,0.155711,0.984485,0.451983,0.395335,0.259472,1.818898,1.650154,0.268514,0.451983,1.904596,0.293962,0.337592,1.903879,0.577912,0.275981,0.937575,0.167806,1.978929,0.569323,1.532616,0.203538,0.269199,0.236279,0.787743,1.835612,0.175039,0.400165,0.220997,0.273128,0.191195,0.942192,1.048205,1.843235,0.088400,0.234609,1.964522,0.337767,1.911554,1.986933,0.387958,0.191368,0.193234,0.178869,0.906505,1.597658,0.703946,1.964335,0.348442,0.215049,0.201592,0.191195,0.213086,0.237653,0.499117,0.173144,0.193728
1.225330,0.638746,0.770053,1.234180,1.359758,1.213557,1.205384,0.000000,0.465998,1.590646,1.186300,1.160526,1.076085,1.518777,1.193798,0.809902,1.071386,1.540371,1.307878,1.137506,1.156134,1.354922,1.211609,1.624048,1.242231,1.432077,0.938920,0.888494,1.446598,1.058639,1.818802,1.193798,1.236313,1.628807,1.124776,0.758392,0.371345,1.231046,1.300401,1.337652,0.871886,0.736161,1.377351,1.168299,1.182979,0.471787,0.873947,0.969957,1.149906,1.204399,1.051877,1.058639,0.873947,1.267609,1.278631,1.309698,1.304567,0.764423,1.302318,0.589817,1.190545,1.569061,0.813972,0.739842,1.233111,1.146818,1.311401,0.604540,1.252684,1.240773,0.938920,1.228139,1.218640,1.138421,0.437147,0.411392,1.303718,1.151937,1.266795,1.609009,1.268101,1.320376,1.586017,1.299410,1.247318,1.275338,1.170723,0.738638,1.360840,0.664323,1.448862,1.384776,1.110772,1.133306,1.138421,1.283746,1.264604,0.934265,1.230579,1.152382
1.439269,0.819752,0.645027,0.992307,1.132697,0.971786,0.961281,0.465998,0.000000,1.718773,0.948674,0.952322,1.032177,1.607578,0.957014,0.622002,0.890057,1.695439,1.056703,0.885159,0.906714,1.114147,0.960163,1.445255,0.996588,1.633675,0.739297,0.694250,1.605804,0.833074,1.809670,0.957014,0.988767,1.740339,0.871904,0.479945,0.442007,1.441028,1.071601,1.105589,0.696459,0.870299,1.160723,0.922650,0.940067,0.473530,0.679432,0.764448,0.909985,1.415070,1.228379,0.833074,0.679432,1.466090,1.033257,1.047828,1.522697,0.606443,1.051137,0.493978,0.948041,1.715544,0.644449,0.994972,0.991167,0.892423,1.059051,0.534316,1.465774,0.994593,0.739297,0.977669,0.976905,0.890400,0.483850,0.393287,1.456433,0.902561,1.033605,1.742157,1.014739,1.532470,1.740876,1.055579,0.992423,1.029462,0.917559,0.665959,1.455940,0.551858,1.632834,1.142268,0.864914,0.889283,0.890400,1.032630,1.021812,0.769214,0.986484,0.906416
0.836062,1.422047,1.838961,1.921024,1.879593,1.925044,1.922758,1.590646,1.718773,0.000000,1.932149,1.701900,1.760103,0.510398,1.920869,1.855659,1.706654,0.590734,1.901933,1.929395,1.934522,1.872691,1.932705,1.706897,1.912901,0.646452,1.900751,1.854426,0.748463,1.918521,1.192915,1.920869,1.911826,0.461781,1.929973,1.829039,1.743311,0.826258,1.919659,1.916051,1.882625,1.437705,1.883196,1.934869,1.929771,1.692962,1.894890,1.895124,1.934845,0.795791,1.286214,1.918521,1.894890,0.857391,1.915692,1.892976,0.705952,1.892160,1.918331,1.767912,1.933653,0.582375,1.862782,1.275929,1.921587,1.930774,1.908046,1.814481,0.750930,1.929088,1.900751,1.918789,1.925431,1.934768,1.733133,1.653145,0.916740,1.925488,1.926575,0.266332,1.915856,0.747600,0.482983,1.864552,1.913242,1.919891,1.924889,1.791061,1.056098,1.821317,0.686019,1.882965,1.940840,1.939665,1.934768,1.915960,1.913891,1.858587,1.931443,1.944716
1.881385,1.376697,0.666661,0.287000,0.427354,0.273962,0.287343,1.186300,0.948674,1.932149,0.000000,0.856393,0.814851,1.771585,0.308519,0.568817,0.926926,1.963615,0.331000,0.285053,0.249208,0.437933,0.262109,0.834128,0.301099,1.952455,0.425685,0.539704,1.930228,0.312199,1.519970,0.308519,0.284056,1.887025,0.286958,0.699694,0.948814,1.879148,0.298730,0.328435,0.520906,1.448400,0.455464,0.254709,0.262708,1.005526,0.468952,0.450026,0.197413,1.828733,1.625268,0.312199,0.468952,1.874917,0.227777,0.416765,1.907439,0.548496,0.330122,0.932831,0.307712,1.963092,0.630396,1.519710,0.269760,0.235679,0.326878,0.772155,1.842384,0.261167,0.425685,0.297404,0.169971,0.261376,0.935478,1.061092,1.822207,0.267364,0.203608,1.965021,0.289503,1.898134,1.977233,0.445515,0.298419,0.279835,0.284260,0.884286,1.598550,0.716640,1.940407,0.398155,0.271582,0.262000,0.261376,0.314612,0.305548,0.564006,0.268395,0.253710
1.669538,1.297446,1.099219,0.883555,0.933524,0.872494,0.895389,1.160526,0.952322,1.701900,0.856393,0.000000,1.299084,1.554937,0.904513,0.961521,0.260374,1.747800,0.884543,0.908388,0.890036,0.916356,0.890513,1.147038,0.930073,1.757034,0.973986,0.948741,1.668975,0.934203,1.568217,0.904513,0.938137,1.710946,0.904689,0.915532,1.113364,1.687564,0.905264,0.909755,1.017277,1.317787,1.002080,0.921278,0.912593,1.177682,0.968537,1.004217,0.875999,1.645841,1.624570,0.934203,0.968537,1.617936,0.871164,0.844511,1.764385,0.957751,0.862462,1.174940,0.915665,1.724097,0.984620,1.501212,0.940246,0.893706,0.892930,1.092979,1.635884,0.909452,0.973986,0.917394,0.858395,0.912376,1.152429,1.159508,1.618210,0.888244,0.874507,1.741606,0.935375,1.726697,1.738927,0.847090,0.911523,0.916100,0.911556,1.007039,1.523503,1.078081,1.729978,0.977912,0.910622,0.920450,0.912376,0.896831,0.942543,1.058682,0.911369,0.906964
1.702728,1.299621,0.506575,0.813342,0.814877,0.810961,0.795688,1.076085,1.032177,1.760103,0.814851,1.299084,0.000000,1.575402,0.728715,0.679383,1.326249,1.851860,0.900453,0.767958,0.807926,0.931328,0.837804,1.057751,0.780977,1.774637,0.590565,0.676574,1.873205,0.645017,1.401012,0.728715,0.753926,1.685184,0.767983,0.800323,0.861422,1.721306,0.824311,0.854127,0.552958,1.335468,0.808206,0.765736,0.748406,0.839003,0.626723,0.574900,0.771959,1.560563,1.402090,0.645017,0.626723,1.806779,0.882208,0.980184,1.631476,0.729407,0.948256,0.851426,0.797860,1.860023,0.704507,1.205187,0.774390,0.780605,0.846974,0.672705,1.651365,0.805790,0.590565,0.811145,0.845634,0.775125,0.733610,0.881476,1.764495,0.777085,0.845345,1.818820,0.837666,1.714268,1.843381,0.816178,0.801582,0.809724,0.781686,0.880954,1.232922,0.594695,1.798813,0.837852,0.782868,0.769909,0.775125,0.830450,0.806065,0.533350,0.807795,0.806823
1.108050,1.395792,1.676995,1.748839,1.692077,1.756193,1.752692,1.518777,1.607578,0.510398,1.771585,1.554937,1.575402,0.000000,1.745887,1.681841,1.609768,0.975784,1.735640,1.765576,1.773884,1.703468,1.773254,1.532670,1.734913,1.016128,1.729302,1.670068,1.083732,1.743722,1.054322,1.745887,1.727764,0.567522,1.767411,1.666215,1.638269,1.118648,1.751006,1.749842,1.717114,1.478874,1.702308,1.770766,1.763921,1.567470,1.728653,1.726975,1.772284,0.847062,1.416692,1.743722,1.728653,1.167887,1.756527,1.735222,0.928537,1.749907,1.770110,1.653853,1.781419,0.967682,1.707849,1.255776,1.755722,1.772197,1.732082,1.673961,0.879367,1.761512,1.729302,1.754953,1.765957,1.773286,1.602158,1.524472,1.222011,1.754375,1.765742,0.738449,1.760589,1.033588,0.884207,1.680656,1.735813,1.747451,1.758745,1.680327,0.959602,1.667042,1.023744,1.701721,1.787852,1.782302,1.773286,1.743280,1.746664,1.670134,1.767220,1.794797
1.886488,1.402237,0.614933,0.137471,0.257454,0.144026,0.141194,1.193798,0.957014,1.920869,0.308519,0.904513,0.728715,1.745887,0.000000,0.511808,0.988658,1.969982,0.284093,0.220769,0.232181,0.406594,0.238849,0.761477,0.219979,1.960601,0.379905,0.455795,1.947917,0.254229,1.473397,0.000000,0.212012,1.858221,0.225797,0.678954,0.961024,1.888940,0.222621,0.250009,0.476249,1.467582,0.297754,0.209395,0.178997,0.963130,0.440107,0.370646,0.245144,1.798884,1.628401,0.254229,0.440107,1.909028,0.350433,0.384106,1.885629,0.569289,0.354390,0.925559,0.215421,1.977643,0.558641,1.506337,0.233474,0.263540,0.262464,0.767566,1.839055,0.217823,0.379905,0.269239,0.321196,0.230181,0.919603,1.024633,1.858004,0.165081,0.264006,1.964679,0.343594,1.910432,1.982848,0.363390,0.225386,0.225552,0.218110,0.879316,1.546000,0.680034,1.956844,0.357627,0.254801,0.237842,0.230181,0.241178,0.277893,0.469572,0.223068,0.246547
1.725148,1.127576,0.334248,0.558236,0.704211,0.546164,0.522280,0.809902,0.622002,1.855659,0.568817,0.961521,0.679383,1.681841,0.511808,0.000000,0.995654,1.897102,0.654637,0.447851,0.473239,0.716820,0.539171,1.088059,0.552319,1.843502,0.270915,0.120170,1.854141,0.372296,1.621000,0.511808,0.549187,1.813122,0.436230,0.476910,0.590525,1.725993,0.660005,0.702073,0.302168,1.226679,0.715019,0.485812,0.504044,0.568942,0.208790,0.302917,0.529233,1.627203,1.473173,0.372296,0.208790,1.762638,0.655787,0.690580,1.739559,0.356710,0.685649,0.599775,0.538742,1.912109,0.343870,1.229053,0.560121,0.528816,0.645560,0.422167,1.657331,0.563455,0.270915,0.562660,0.591247,0.460037,0.530503,0.626472,1.730494,0.462638,0.625583,1.904889,0.655006,1.767372,1.919027,0.678865,0.558152,0.596906,0.479425,0.701122,1.475676,0.321627,1.849889,0.729213,0.443489,0.461395,0.460037,0.614344,0.599273,0.350790,0.553606,0.488589
1.576727,1.217365,1.096880,0.980718,1.057080,0.962816,0.984735,1.071386,0.890057,1.706654,0.926926,0.260374,1.326249,1.609768,0.988658,0.995654,0.000000,1.703618,0.997407,0.979943,0.965155,1.047008,0.974408,1.293297,1.029365,1.685451,1.008571,1.004806,1.604984,0.990015,1.665458,0.988658,1.037297,1.744313,0.973521,0.902987,1.041252,1.599812,1.001612,1.010952,1.031513,1.185173,1.117842,0.994937,0.985550,1.133646,0.993483,1.040690,0.939311,1.617330,1.514868,0.990015,0.993483,1.519734,0.963257,0.955722,1.710878,0.942223,0.960127,1.125041,0.979689,1.680769,0.991235,1.421032,1.025725,0.954946,1.003465,1.058880,1.603076,0.999017,1.008571,1.003605,0.937279,0.981177,1.102368,1.113962,1.516648,0.969730,0.965006,1.720947,1.019155,1.645917,1.700590,0.954230,1.014835,1.015705,0.992157,0.938036,1.532540,1.063641,1.669253,1.099474,0.967456,0.982974,0.981177,0.998981,1.037313,1.098734,0.997366,0.968704
0.610995,1.366910,1.864316,1.969499,1.959156,1.968253,1.969524,1.540371,1.695439,0.590734,1.963615,1.747800,1.851860,0.975784,1.969982,1.897102,1.703618,0.000000,1.964383,1.968647,1.968214,1.949582,1.971299,1.844072,1.975069,0.454384,1.934783,1.910811,0.399079,1.960540,1.397727,1.969982,1.974276,0.781802,1.967607,1.836203,1.705083,0.575576,1.965815,1.964376,1.910824,1.307243,1.963343,1.971618,1.973490,1.689225,1.920530,1.931656,1.962222,0.795504,1.104060,1.960540,1.920530,0.569479,1.962946,1.953924,0.574609,1.880300,1.957053,1.739883,1.967794,0.403236,1.876500,1.246442,1.969606,1.960059,1.972411,1.808050,0.750570,1.974583,1.934783,1.965523,1.963506,1.968084,1.729115,1.658968,0.752399,1.967270,1.967773,0.446834,1.959813,0.588805,0.348239,1.946539,1.972689,1.975428,1.969951,1.738360,1.256151,1.838202,0.457336,1.964703,1.963107,1.966845,1.968084,1.972942,1.967918,1.908996,1.973606,1.966719
1.921672,1.481933,0.794663,0.201081,0.283604,0.228689,0.214780,1.307878,1.056703,1.901933,0.331000,0.884543,0.900453,1.735640,0.284093,0.654637,0.997407,1.964383,0.000000,0.297304,0.269796,0.268721,0.220822,0.660679,0.223389,1.976956,0.553687,0.590883,1.939879,0.419090,1.428156,0.284093,0.240490,1.838722,0.306737,0.813352,1.106481,1.915786,0.268839,0.262407,0.656466,1.567217,0.298198,0.277285,0.275070,1.099933,0.603051,0.538115,0.359775,1.849616,1.700356,0.419090,0.603051,1.923585,0.232258,0.282058,1.931088,0.726450,0.169334,1.052554,0.273239,1.965614,0.706552,1.600336,0.226567,0.361902,0.202708,0.933197,1.860492,0.213899,0.553687,0.254821,0.259822,0.303569,1.075866,1.151615,1.864892,0.260106,0.217944,1.945490,0.346944,1.938839,1.975852,0.355919,0.209941,0.193502,0.262979,1.033854,1.614214,0.847677,1.966444,0.290817,0.334271,0.319647,0.303569,0.211004,0.234956,0.658274,0.221232,0.298447
1.869513,1.364981,0.574366,0.221872,0.405961,0.218791,0.186861,1.137506,0.885159,1.929395,0.285053,0.908388,0.767958,1.765576,0.220769,0.447851,0.979943,1.968647,0.297304,0.000000,0.134509,0.401185,0.158416,0.845604,0.158139,1.953240,0.326324,0.406766,1.932862,0.209233,1.533684,0.220769,0.204622,1.880420,0.021665,0.620735,0.907393,1.872436,0.331139,0.362617,0.428119,1.432901,0.403832,0.084499,0.157269,0.916286,0.372176,0.321532,0.255851,1.803960,1.610367,0.209233,0.372176,1.887303,0.319116,0.383055,1.890647,0.512605,0.326685,0.852878,0.186002,1.978727,0.511584,1.486344,0.230137,0.248637,0.269175,0.714544,1.833408,0.165459,0.326324,0.227585,0.280509,0.066952,0.872284,0.969859,1.824116,0.143396,0.283557,1.965676,0.349504,1.897600,1.988202,0.429660,0.173277,0.207460,0.056134,0.858333,1.592441,0.629150,1.950121,0.384955,0.102003,0.090970,0.066952,0.238220,0.257658,0.464884,0.159472,0.123719
1.880641,1.374232,0.616510,0.202350,0.397132,0.192983,0.174252,1.156134,0.906714,1.934522,0.249208,0.890036,0.807926,1.773884,0.232181,0.473239,0.965155,1.968214,0.269796,0.134509,0.000000,0.385946,0.086163,0.837830,0.188413,1.955762,0.364249,0.429847,1.931238,0.242181,1.530442,0.232181,0.188439,1.884380,0.137687,0.657615,0.929213,1.879643,0.302939,0.332442,0.474301,1.446114,0.402912,0.102891,0.154720,0.942448,0.403382,0.364070,0.242507,1.816081,1.631074,0.242181,0.403382,1.883953,0.290040,0.351734,1.901960,0.529781,0.288138,0.873783,0.186887,1.974129,0.539647,1.501378,0.215443,0.257745,0.256392,0.746085,1.832916,0.141905,0.364249,0.215299,0.244821,0.110803,0.901301,1.000627,1.826979,0.138846,0.242300,1.970548,0.348671,1.901970,1.989196,0.434345,0.184355,0.188974,0.130579,0.877035,1.615555,0.665022,1.951346,0.373504,0.113273,0.113350,0.110803,0.221427,0.250152,0.504384,0.125370,0.080474
1.933074,1.508778,0.863052,0.343215,0.361038,0.370787,0.357312,1.354922,1.114147,1.872691,0.437933,0.916356,0.931328,1.703468,0.406594,0.716820,1.047008,1.949582,0.268721,0.401185,0.385946,0.000000,0.337944,0.632620,0.317817,1.962140,0.630725,0.651075,1.928255,0.505594,1.395488,0.406594,0.335406,1.810952,0.411599,0.872994,1.165627,1.922879,0.392711,0.376614,0.729451,1.594566,0.370112,0.389089,0.386502,1.166249,0.678718,0.615506,0.471778,1.850051,1.731527,0.505594,0.678718,1.927327,0.341542,0.303262,1.931685,0.807766,0.320165,1.112072,0.399859,1.950146,0.801024,1.628815,0.298660,0.465944,0.279443,0.996845,1.855073,0.321207,0.630725,0.269082,0.388674,0.413593,1.136119,1.206037,1.861210,0.385917,0.353131,1.917910,0.418250,1.942262,1.957568,0.411713,0.299061,0.290647,0.366269,1.097220,1.608905,0.916193,1.961064,0.288063,0.445802,0.430493,0.413593,0.304923,0.238014,0.734131,0.332395,0.413134
1.898177,1.422011,0.678258,0.188941,0.361212,0.179036,0.176008,1.211609,0.960163,1.932705,0.262109,0.890513,0.837804,1.773254,0.238849,0.539171,0.974408,1.971299,0.220822,0.158416,0.086163,0.337944,0.000000,0.794437,0.154797,1.965171,0.428599,0.489653,1.936659,0.295316,1.503845,0.238849,0.170117,1.879930,0.167490,0.702034,0.993149,1.897949,0.271780,0.292047,0.536091,1.485877,0.363521,0.122069,0.161194,1.001594,0.472488,0.421102,0.260721,1.834357,1.655533,0.295316,0.472488,1.899698,0.264731,0.316184,1.917486,0.598326,0.240487,0.929337,0.179258,1.975627,0.596902,1.539125,0.202464,0.273685,0.197808,0.811955,1.853869,0.095915,0.428599,0.198554,0.237162,0.146565,0.964710,1.053631,1.841354,0.170966,0.211178,1.968394,0.333281,1.918576,1.988713,0.408239,0.146556,0.136196,0.132008,0.931220,1.625277,0.730543,1.958488,0.325879,0.165142,0.155372,0.146565,0.166050,0.223916,0.563985,0.076576,0.119322
1.906460,1.707790,1.189043,0.732146,0.556863,0.758446,0.762295,1.624048,1.445255,1.706897,0.834128,1.147038,1.057751,1.532670,0.761477,1.088059,1.293297,1.844072,0.660679,0.845604,0.837830,0.632620,0.794437,0.000000,0.724594,1.897755,1.016460,1.004982,1.887756,0.912741,1.043853,0.761477,0.725017,1.577490,0.858457,1.232986,1.490558,1.906165,0.690124,0.657920,1.093981,1.781889,0.571119,0.825263,0.807407,1.421829,1.069458,0.984362,0.856244,1.798227,1.785774,0.912741,1.069458,1.950207,0.740555,0.705651,1.853277,1.194054,0.745995,1.443412,0.824140,1.845847,1.167276,1.713779,0.749303,0.854432,0.673213,1.337302,1.800074,0.754760,1.016460,0.772546,0.795350,0.857450,1.439625,1.468086,1.914533,0.812072,0.736185,1.778051,0.737766,1.923175,1.819892,0.652896,0.721174,0.704089,0.807931,1.397088,1.432722,1.254093,1.894168,0.577871,0.895705,0.872090,0.857450,0.709732,0.724523,1.016207,0.771738,0.866057
1.906001,1.444706,0.674977,0.194637,0.301313,0.206691,0.192180,1.242231,0.996588,1.912901,0.301099,0.930073,0.780977,1.734913,0.219979,0.552319,1.029365,1.975069,0.223389,0.158139,0.188413,0.317817,0.154797,0.724594,0.000000,1.972000,0.431288,0.491855,1.952974,0.298799,1.447654,0.219979,0.129206,1.846476,0.176426,0.717624,1.022868,1.910627,0.268706,0.286546,0.534841,1.519345,0.301626,0.138253,0.190529,1.014399,0.486945,0.419441,0.293886,1.820317,1.665366,0.298799,0.486945,1.927284,0.283131,0.343672,1.908944,0.634920,0.291469,0.956648,0.231492,1.980519,0.622841,1.544770,0.201892,0.297022,0.168120,0.826923,1.853496,0.111416,0.431288,0.212767,0.274955,0.168598,0.979835,1.065740,1.867692,0.199291,0.242118,1.957526,0.327096,1.929133,1.985566,0.372460,0.075873,0.108675,0.113919,0.962915,1.577293,0.740251,1.962723,0.261334,0.221282,0.191103,0.168598,0.156048,0.205731,0.534506,0.123686,0.205919
0.500283,1.245033,1.792980,1.970515,1.974851,1.966117,1.964967,1.432077,1.633675,0.646452,1.952455,1.757034,1.774637,1.016128,1.960601,1.843502,1.685451,0.454384,1.976956,1.953240,1.955762,1.962140,1.965171,1.897755,1.972000,0.000000,1.887686,1.868919,0.480561,1.928933,1.460763,1.960601,1.971049,0.842706,1.951036,1.790041,1.602298,0.483431,1.971345,1.974841,1.851753,1.148943,1.974202,1.957904,1.958813,1.600776,1.867961,1.891509,1.947417,0.762523,0.984122,1.928933,1.867961,0.451719,1.969136,1.960965,0.521159,1.819531,1.971505,1.646381,1.955019,0.423423,1.815587,1.105132,1.963753,1.944918,1.979528,1.719707,0.638886,1.970127,1.887686,1.957728,1.963080,1.952476,1.626999,1.578818,0.623412,1.955966,1.970672,0.517874,1.952496,0.388325,0.421924,1.941801,1.974305,1.975311,1.959327,1.657298,1.216666,1.760516,0.410133,1.975627,1.943390,1.949153,1.952476,1.977836,1.964371,1.856947,1.967818,1.950899
1.786719,1.208500,0.288205,0.444923,0.597722,0.434199,0.400165,0.938920,0.739297,1.900751,0.425685,0.973986,0.590565,1.729302,0.379905,0.270915,1.008571,1.934783,0.553687,0.326324,0.364249,0.630725,0.428599,1.016460,0.431288,1.887686,0.000000,0.293634,1.900791,0.169820,1.598880,0.379905,0.419945,1.865442,0.316887,0.493787,0.669875,1.788383,0.524589,0.569500,0.129478,1.278304,0.605912,0.346899,0.346007,0.704254,0.102055,0.159692,0.368843,1.708949,1.493901,0.169820,0.102055,1.816412,0.535448,0.627312,1.798577,0.307252,0.578898,0.662692,0.392146,1.945792,0.342684,1.311594,0.425346,0.373641,0.530920,0.443108,1.743789,0.437523,0.000000,0.432092,0.470778,0.324694,0.615869,0.773730,1.759369,0.342016,0.495279,1.942633,0.515890,1.809203,1.958810,0.577659,0.447340,0.473956,0.364113,0.674607,1.498503,0.352900,1.892520,0.605128,0.313503,0.319390,0.324694,0.498563,0.466812,0.275477,0.428772,0.358138
1.755825,1.195417,0.396838,0.498337,0.625209,0.489262,0.469619,0.888494,0.694250,1.854426,0.539704,0.948741,0.676574,1.670068,0.455795,0.120170,1.004806,1.910811,0.590883,0.406766,0.429847,0.651075,0.489653,1.004982,0.491855,1.868919,0.293634,0.000000,1.876995,0.353188,1.568787,0.455795,0.488066,1.798200,0.397425,0.526486,0.691047,1.757048,0.602728,0.641906,0.349201,1.298459,0.643457,0.444637,0.461055,0.636824,0.264524,0.291439,0.503306,1.645235,1.513140,0.353188,0.264524,1.800854,0.610391,0.625769,1.762165,0.433279,0.637843,0.681122,0.501648,1.926584,0.386680,1.277067,0.510454,0.505315,0.580388,0.524283,1.677893,0.509528,0.293634,0.518596,0.552460,0.426463,0.622776,0.691113,1.773724,0.417229,0.575002,1.909926,0.616236,1.803410,1.927774,0.610750,0.494908,0.535304,0.430374,0.768387,1.469203,0.406122,1.873840,0.660787,0.417699,0.431962,0.426463,0.552060,0.550628,0.362009,0.502250,0.456888
0.579468,1.263908,1.833580,1.945839,1.960390,1.942059,1.941040,1.446598,1.605804,0.748463,1.930228,1.668975,1.873205,1.083732,1.947917,1.854141,1.604984,0.399079,1.939879,1.932862,1.931238,1.928255,1.936659,1.887756,1.952974,0.480561,1.900791,1.876995,0.000000,1.928546,1.517413,1.947917,1.955960,0.909938,1.930151,1.780337,1.622798,0.542989,1.952420,1.952901,1.876017,1.200429,1.962728,1.939209,1.942858,1.645732,1.878185,1.904810,1.925733,0.821521,1.049563,1.928546,1.878185,0.448334,1.931457,1.922239,0.651905,1.818852,1.918724,1.665465,1.931874,0.495070,1.816513,1.231966,1.947385,1.920690,1.952606,1.749655,0.761602,1.946774,1.900791,1.937124,1.930103,1.931682,1.667053,1.601380,0.659602,1.933678,1.945769,0.598917,1.932358,0.581841,0.492632,1.945278,1.950458,1.953316,1.938184,1.673156,1.382705,1.794876,0.522520,1.959305,1.922755,1.929978,1.931682,1.949321,1.943361,1.887807,1.944515,1.927812
1.842318,1.304494,0.431033,0.313404,0.471613,0.308074,0.268514,1.058639,0.833074,1.918521,0.312199,0.934203,0.645017,1.743722,0.254229,0.372296,0.990015,1.960540,0.419090,0.209233,0.242181,0.505594,0.295316,0.912741,0.298799,1.928933,0.169820,0.353188,1.928546,0.000000,1.553067,0.254229,0.284633,1.878206,0.203403,0.560820,0.803298,1.844264,0.397088,0.436061,0.272127,1.366973,0.476776,0.218095,0.189573,0.831408,0.247866,0.197191,0.265714,1.764607,1.561342,0.000000,0.247866,1.863022,0.404236,0.497701,1.853098,0.408399,0.446963,0.775141,0.260469,1.966108,0.417551,1.413694,0.300087,0.280939,0.389629,0.590075,1.796459,0.298559,0.169820,0.304066,0.347773,0.207345,0.756172,0.891869,1.801405,0.215572,0.361256,1.960187,0.410081,1.858903,1.979561,0.476170,0.312177,0.332629,0.240303,0.757470,1.536173,0.499551,1.928087,0.470212,0.208483,0.204968,0.207345,0.358503,0.342069,0.349419,0.291693,0.238723
1.563595,1.802562,1.642306,1.457809,1.322573,1.471734,1.488028,1.818802,1.809670,1.192915,1.519970,1.568217,1.401012,1.054322,1.473397,1.621000,1.665458,1.397727,1.428156,1.533684,1.530442,1.395488,1.503845,1.043853,1.447654,1.460763,1.598880,1.568787,1.517413,1.553067,0.000000,1.473397,1.445808,0.988442,1.542362,1.681776,1.800161,1.587417,1.408413,1.390045,1.628749,1.837280,1.327602,1.514989,1.508646,1.702088,1.630050,1.572710,1.534621,1.379748,1.637516,1.553067,1.630050,1.657516,1.466056,1.461971,1.412910,1.706080,1.473940,1.731328,1.529978,1.366461,1.639641,1.646981,1.472235,1.554677,1.413494,1.727308,1.387489,1.467153,1.598880,1.495076,1.497846,1.540802,1.742831,1.732150,1.716067,1.519045,1.452114,1.289941,1.483109,1.502627,1.308178,1.364197,1.451128,1.435274,1.512479,1.743774,1.248518,1.684621,1.454494,1.348357,1.564833,1.546955,1.540802,1.433348,1.461541,1.551172,1.477929,1.549433
1.886488,1.402237,0.614933,0.137471,0.257454,0.144026,0.141194,1.193798,0.957014,1.920869,0.308519,0.904513,0.728715,1.745887,0.000000,0.511808,0.988658,1.969982,0.284093,0.220769,0.232181,0.406594,0.238849,0.761477,0.219979,1.960601,0.379905,0.455795,1.947917,0.254229,1.473397,0.000000,0.212012,1.858221,0.225797,0.678954,0.961024,1.888940,0.222621,0.250009,0.476249,1.467582,0.297754,0.209395,0.178997,0.963130,0.440107,0.370646,0.245144,1.798884,1.628401,0.254229,0.440107,1.909028,0.350433,0.384106,1.885629,0.569289,0.354390,0.925559,0.215421,1.977643,0.558641,1.506337,0.233474,0.263540,0.262464,0.767566,1.839055,0.217823,0.379905,0.269239,0.321196,0.230181,0.919603,1.024633,1.858004,0.165081,0.264006,1.964679,0.343594,1.910432,1.982848,0.363390,0.225386,0.225552,0.218110,0.879316,1.546000,0.680034,1.956844,0.357627,0.254801,0.237842,0.230181,0.241178,0.277893,0.469572,0.223068,0.246547
1.906792,1.437066,0.658190,0.199435,0.294225,0.211543,0.191465,1.236313,0.988767,1.911826,0.284056,0.938137,0.753926,1.727764,0.212012,0.549187,1.037297,1.974276,0.240490,0.204622,0.188439,0.335406,0.170117,0.725017,0.129206,1.971049,0.419945,0.488066,1.955960,0.284633,1.445808,0.212012,0.000000,1.844509,0.217027,0.704067,1.011715,1.908561,0.260708,0.280072,0.523504,1.507993,0.302000,0.164665,0.188791,1.001306,0.478604,0.408455,0.278347,1.812183,1.659746,0.284633,0.478604,1.928059,0.284945,0.349096,1.902896,0.621751,0.303712,0.938397,0.247601,1.975759,0.620034,1.526152,0.180870,0.284405,0.177980,0.811980,1.844721,0.132057,0.419945,0.214132,0.272630,0.203792,0.966005,1.056955,1.871921,0.191471,0.238018,1.960038,0.310534,1.927877,1.986221,0.359950,0.117975,0.120568,0.178254,0.947344,1.558161,0.725617,1.959212,0.233632,0.244938,0.216748,0.203792,0.167716,0.206289,0.515320,0.146154,0.224119
0.966153,1.502147,1.814902,1.859436,1.790371,1.864121,1.867117,1.628807,1.740339,0.461781,1.887025,1.710946,1.685184,0.567522,1.858221,1.813122,1.744313,0.781802,1.838722,1.880420,1.884380,1.810952,1.879930,1.577490,1.846476,0.842706,1.865442,1.798200,0.909938,1.878206,0.988442,1.858221,1.844509,0.000000,1.882862,1.803753,1.761951,0.988844,1.849794,1.846825,1.858311,1.537825,1.799871,1.881186,1.884516,1.684269,1.861874,1.857655,1.886176,0.766141,1.349663,1.878206,1.861874,1.078367,1.864766,1.839154,0.760968,1.877669,1.871467,1.761618,1.893563,0.758975,1.841744,1.322278,1.863435,1.887758,1.840071,1.809483,0.778294,1.867436,1.865442,1.872531,1.876238,1.887272,1.734906,1.644536,1.222673,1.874706,1.872210,0.584177,1.863673,0.989746,0.625497,1.794095,1.847237,1.852829,1.871933,1.809017,0.984839,1.806794,0.851429,1.806262,1.898586,1.893282,1.887272,1.849909,1.857204,1.804031,1.872538,1.900957
1.864896,1.355995,0.564544,0.228412,0.417714,0.224138,0.191555,1.124776,0.871904,1.929973,0.286958,0.904689,0.767983,1.767411,0.225797,0.436230,0.973521,1.967607,0.306737,0.021665,0.137687,0.411599,0.167490,0.858457,0.176426,1.951036,0.316887,0.397425,1.930151,0.203403,1.542362,0.225797,0.217027,1.882862,0.000000,0.610612,0.894102,1.867381,0.340471,0.372974,0.418326,1.423890,0.415675,0.096364,0.161670,0.905413,0.360626,0.313475,0.256459,1.801232,1.604728,0.203403,0.360626,1.882285,0.324142,0.386842,1.888273,0.499436,0.331654,0.841549,0.188245,1.977585,0.500952,1.479994,0.238752,0.248133,0.282909,0.702635,1.829858,0.179082,0.316887,0.236677,0.283160,0.072991,0.859986,0.958380,1.819129,0.143526,0.290546,1.965671,0.355317,1.893777,1.987625,0.438186,0.189223,0.222170,0.074590,0.848334,1.593509,0.617114,1.948297,0.400021,0.098430,0.093926,0.072991,0.250869,0.269261,0.459642,0.171954,0.125631
1.627113,1.087101,0.472789,0.731131,0.856952,0.705289,0.707484,0.758392,0.479945,1.829039,0.699694,0.915532,0.800323,1.666215,0.678954,0.476910,0.902987,1.836203,0.813352,0.620735,0.657615,0.872994,0.702034,1.232986,0.717624,1.790041,0.493787,0.526486,1.780337,0.560820,1.681776,0.678954,0.704067,1.803753,0.610612,0.000000,0.577301,1.644792,0.792529,0.830279,0.469740,1.083475,0.900408,0.649280,0.668269,0.585331,0.464057,0.526851,0.635224,1.549086,1.342189,0.560820,0.464057,1.682484,0.790079,0.827519,1.665850,0.449082,0.819617,0.516188,0.685860,1.846358,0.521767,1.147064,0.713456,0.627025,0.783133,0.473090,1.634617,0.718549,0.493787,0.712945,0.727709,0.626781,0.556161,0.596376,1.669204,0.652975,0.771612,1.867262,0.761112,1.709081,1.867159,0.768361,0.717854,0.751183,0.652762,0.608841,1.449369,0.451514,1.772976,0.869831,0.611415,0.625195,0.626781,0.755859,0.750069,0.553435,0.714938,0.654216
1.435452,0.744699,0.504364,1.011950,1.158104,0.994414,0.975710,0.371345,0.442007,1.743311,0.948814,1.113364,0.861422,1.638269,0.961024,0.590525,1.041252,1.705083,1.106481,0.907393,0.929213,1.165627,0.993149,1.490558,1.022868,1.602298,0.669875,0.691047,1.622798,0.803298,1.800161,0.961024,1.011715,1.761951,0.894102,0.577301,0.000000,1.434227,1.081780,1.123125,0.596916,0.837184,1.166250,0.932466,0.947550,0.404209,0.601176,0.725663,0.909062,1.399931,1.159065,0.803298,0.601176,1.464416,1.059769,1.131056,1.487753,0.473489,1.098213,0.433102,0.961006,1.725296,0.586707,0.910879,1.002065,0.906144,1.103491,0.274943,1.440833,1.016519,0.669875,0.999832,0.993480,0.901825,0.199898,0.438800,1.445105,0.917484,1.047194,1.761412,1.043672,1.485480,1.746905,1.112885,1.032669,1.056837,0.947038,0.548982,1.422814,0.398762,1.618644,1.176950,0.872619,0.892618,0.901825,1.071353,1.037359,0.679097,1.005992,0.917261
0.269025,1.079235,1.671084,1.900781,1.927661,1.893033,1.893373,1.231046,1.441028,0.826258,1.879148,1.687564,1.721306,1.118648,1.888940,1.725993,1.599812,0.575576,1.915786,1.872436,1.879643,1.922879,1.897949,1.906165,1.910627,0.483431,1.788383,1.757048,0.542989,1.844264,1.587417,1.888940,1.908561,0.988844,1.867381,1.644792,1.434227,0.000000,1.914373,1.924301,1.745034,1.029653,1.939926,1.883902,1.888529,1.422895,1.759277,1.786829,1.866561,0.717524,0.702222,1.844264,1.759277,0.444547,1.902775,1.907314,0.521474,1.697035,1.908066,1.489304,1.883126,0.645824,1.697247,0.954278,1.900450,1.862751,1.932020,1.580934,0.658616,1.908919,1.788383,1.898574,1.888815,1.872873,1.467607,1.394478,0.651550,1.878244,1.908332,0.727641,1.894015,0.483904,0.645001,1.895731,1.914075,1.920134,1.884057,1.549918,1.240044,1.622265,0.579809,1.942940,1.858772,1.869207,1.872873,1.923084,1.911366,1.766173,1.904908,1.873546
1.910923,1.481090,0.758927,0.186520,0.216134,0.155638,0.240535,1.300401,1.071601,1.919659,0.298730,0.905264,0.824311,1.751006,0.222621,0.660005,1.001612,1.965815,0.268839,0.331139,0.302939,0.392711,0.271780,0.690124,0.268706,1.971345,0.524589,0.602728,1.952420,0.397088,1.408413,0.222621,0.260708,1.849794,0.340471,0.792529,1.081780,1.914373,0.000000,0.078076,0.621992,1.537190,0.287306,0.294212,0.281993,1.090714,0.582385,0.522432,0.260697,1.837378,1.667195,0.397088,0.582385,1.923822,0.329603,0.377517,1.914628,0.693071,0.332361,1.029502,0.302674,1.969222,0.702555,1.574653,0.286330,0.312247,0.238705,0.899423,1.866468,0.244601,0.524589,0.329827,0.317770,0.323628,1.051743,1.152370,1.880387,0.286897,0.193992,1.961264,0.323708,1.930449,1.974633,0.359226,0.269489,0.229417,0.309467,0.988090,1.575281,0.824243,1.963430,0.316201,0.351896,0.331029,0.323628,0.238094,0.315364,0.623173,0.257876,0.319993
1.922833,1.510071,0.802891,0.206500,0.192928,0.191166,0.265860,1.337652,1.105589,1.916051,0.328435,0.909755,0.854127,1.749842,0.250009,0.702073,1.010952,1.964376,0.262407,0.362617,0.332442,0.376614,0.292047,0.657920,0.286546,1.974841,0.569500,0.641906,1.952901,0.436061,1.390045,0.250009,0.280072,1.846825,0.372974,0.830279,1.123125,1.924301,0.078076,0.000000,0.665370,1.563768,0.271722,0.326060,0.306573,1.128801,0.627743,0.561676,0.310252,1.851552,1.688249,0.436061,0.627743,1.930776,0.332316,0.355299,1.925206,0.738446,0.326710,1.070936,0.326426,1.967232,0.739504,1.600326,0.302677,0.348474,0.232058,0.943985,1.878385,0.264540,0.569500,0.341493,0.334094,0.357803,1.093443,1.189538,1.885919,0.317455,0.199882,1.957279,0.331092,1.938062,1.971257,0.362370,0.281529,0.240289,0.336300,1.022112,1.584796,0.867841,1.966220,0.300339,0.387028,0.366110,0.357803,0.239675,0.321757,0.663380,0.279260,0.350271
1.741477,1.155318,0.185716,0.549273,0.691978,0.537548,0.505069,0.871886,0.696459,1.882625,0.520906,1.017277,0.552958,1.717114,0.476249,0.302168,1.031513,1.910824,0.656466,0.428119,0.474301,0.729451,0.536091,1.093981,0.534841,1.851753,0.129478,0.349201,1.876017,0.272127,1.628749,0.476249,0.523504,1.858311,0.418326,0.469740,0.596916,1.745034,0.621992,0.665370,0.000000,1.211855,0.698767,0.451443,0.445853,0.642661,0.155464,0.197882,0.460720,1.667875,1.432640,0.272127,0.155464,1.778757,0.631812,0.723636,1.753935,0.291559,0.676601,0.605900,0.482969,1.925695,0.321461,1.244818,0.524956,0.461277,0.633667,0.364157,1.714387,0.543341,0.129478,0.530891,0.568695,0.428073,0.530738,0.711906,1.719904,0.448568,0.596981,1.922207,0.605574,1.764672,1.938024,0.658035,0.552408,0.579120,0.467091,0.610346,1.464180,0.263492,1.862211,0.701632,0.413322,0.420850,0.428073,0.602254,0.565528,0.279987,0.535272,0.460575
1.012546,0.728194,1.140187,1.509764,1.599843,1.490809,1.482729,0.736161,0.870299,1.437705,1.448400,1.317787,1.335468,1.478874,1.467582,1.226679,1.185173,1.307243,1.567217,1.432901,1.446114,1.594566,1.485877,1.781889,1.519345,1.148943,1.278304,1.298459,1.200429,1.366973,1.837280,1.467582,1.507993,1.537825,1.423890,1.083475,0.837184,1.029653,1.537190,1.563768,1.211855,0.000000,1.611093,1.449044,1.458061,0.939352,1.234998,1.309655,1.417661,1.128307,0.919979,1.366973,1.234998,1.001225,1.523756,1.552591,1.125608,1.137633,1.545994,0.933285,1.455995,1.319601,1.175697,0.838910,1.496617,1.412208,1.555476,0.990524,1.144791,1.501952,1.278304,1.483170,1.488452,1.429105,0.906706,0.908505,1.008717,1.441483,1.531655,1.403616,1.494331,1.069341,1.360326,1.511128,1.518413,1.530643,1.461617,0.833801,1.276213,1.076710,1.212186,1.606366,1.403096,1.419267,1.429105,1.539870,1.515106,1.267663,1.495890,1.429628
1.938218,1.537525,0.822724,0.270473,0.202518,0.309207,0.296176,1.377351,1.160723,1.883196,0.455464,1.002080,0.808206,1.702308,0.297754,0.715019,1.117842,1.963343,0.298198,0.403832,0.402912,0.370112,0.363521,0.571119,0.301626,1.974202,0.605912,0.643457,1.962728,0.476776,1.327602,0.297754,0.302000,1.799871,0.415675,0.900408,1.166250,1.939926,0.287306,0.271722,0.698767,1.611093,0.000000,0.380065,0.356991,1.147622,0.666311,0.585745,0.454775,1.830616,1.724364,0.476776,0.666311,1.960527,0.394899,0.409827,1.911093,0.802935,0.381212,1.112455,0.380020,1.966236,0.762790,1.625763,0.350681,0.468673,0.272508,0.976440,1.859912,0.318408,0.605912,0.374024,0.422630,0.414486,1.116089,1.199164,1.902916,0.352150,0.350249,1.933785,0.435054,1.944075,1.960313,0.409032,0.304948,0.281771,0.375232,1.079468,1.553743,0.892009,1.968027,0.275372,0.451168,0.425886,0.414486,0.292300,0.347862,0.639733,0.332050,0.422822
1.881246,1.385253,0.597539,0.203172,0.381839,0.200071,0.172323,1.168299,0.922650,1.934869,0.254709,0.921278,0.765736,1.770766,0.209395,0.485812,0.994937,1.971618,0.277285,0.084499,0.102891,0.389089,0.122069,0.825263,0.138253,1.957904,0.346899,0.444637,1.939209,0.218095,1.514989,0.209395,0.164665,1.881186,0.096364,0.649280,0.932466,1.883902,0.294212,0.326060,0.451443,1.449044,0.380065,0.000000,0.139705,0.945357,0.397575,0.347576,0.235447,1.813843,1.618557,0.218095,0.397575,1.896897,0.289622,0.379183,1.897755,0.529410,0.304040,0.872741,0.178910,1.979381,0.538832,1.502087,0.197976,0.245233,0.245845,0.736561,1.840918,0.113420,0.346899,0.206518,0.253680,0.056791,0.898671,1.006096,1.834840,0.138898,0.247735,1.971121,0.337061,1.904055,1.991477,0.416666,0.157699,0.164366,0.083672,0.872999,1.596150,0.657108,1.953215,0.351477,0.093905,0.061681,0.056791,0.213576,0.229602,0.476772,0.104932,0.086261
