0.000000,1.101147,1.646589,1.896733,1.921272,1.885253,1.890481,1.171492,1.442925,0.876664,1.865545,1.646975,1.664413,1.133922,1.878248,1.708147,1.534495,0.634311,1.920930,1.859098,1.871680,1.928839,1.891023,1.910066,1.898149,0.512311,1.768982,1.743487,0.603122,1.829868,1.572333,1.878248,1.900146,0.987611,1.854258,1.642273,1.396794,0.287090,1.903714,1.917764,1.720246,0.975978,1.931448,1.871529,1.878622,1.426061,1.740267,1.772402,1.849031,0.695753,0.710265,1.829868,1.740267,0.478574,1.898502,1.902828,0.499025,1.655591,1.913296,1.495091,1.873684,0.687061,1.693028,0.954138,1.895615,1.853328,1.923750,1.551742,0.666644,1.899723,1.768982,1.896981,1.882306,1.858288,1.429382,1.386955,0.721181,1.874703,1.900579,0.785234,1.892487,0.530657,0.664222,1.885090,1.904469,1.911654,1.872539,1.503657,1.185714,1.598530,0.622530,1.938337,1.845104,1.854571,1.858288,1.914123,1.907802,1.728277,1.896174,1.862663
1.101147,0.000000,1.058473,1.406235,1.516091,1.397347,1.383888,0.618955,0.801464,1.458857,1.349772,1.290203,1.269335,1.438980,1.380667,1.096604,1.206303,1.370686,1.473170,1.340261,1.352738,1.494839,1.403464,1.697371,1.423364,1.285816,1.179579,1.169636,1.289711,1.281288,1.824018,1.380667,1.417587,1.532067,1.331109,1.078155,0.700053,1.077191,1.463257,1.495591,1.125187,0.696712,1.522361,1.363983,1.384474,0.826791,1.125884,1.223807,1.329433,1.101058,1.026132,1.281288,1.125884,1.134636,1.423989,1.455771,1.161719,0.990495,1.461841,0.931714,1.387794,1.406159,1.128989,0.773525,1.400368,1.325424,1.479469,0.881245,1.122589,1.427907,1.179579,1.394054,1.391666,1.332008,0.788959,0.842157,1.139490,1.344828,1.440236,1.464767,1.412147,1.183735,1.448395,1.502788,1.427850,1.455519,1.367547,0.903485,1.395215,0.975508,1.313330,1.531980,1.314067,1.329718,1.332008,1.462249,1.419605,1.122550,1.421756,1.347316
1.646589,1.058473,0.000000,0.696456,0.822444,0.678828,0.660473,0.792078,0.631480,1.844083,0.664649,1.119409,0.503391,1.704341,0.621526,0.316973,1.123078,1.855167,0.812072,0.576337,0.620454,0.874772,0.687022,1.180653,0.679096,1.796195,0.283900,0.380327,1.833048,0.435682,1.657120,0.621526,0.668214,1.819187,0.565975,0.485380,0.520419,1.661208,0.763694,0.814041,0.178713,1.152909,0.825795,0.605015,0.606332,0.486834,0.267421,0.307351,0.607252,1.558703,1.330533,0.435682,0.267421,1.737012,0.772824,0.843342,1.651261,0.343767,0.833357,0.469620,0.642282,1.888934,0.364143,1.101683,0.666556,0.615679,0.781238,0.287427,1.636496,0.698391,0.283900,0.685286,0.709648,0.579422,0.413741,0.561504,1.688743,0.606142,0.742409,1.881845,0.749669,1.712542,1.895654,0.807496,0.695163,0.731961,0.613824,0.626034,1.436362,0.140040,1.813598,0.842697,0.562802,0.572959,0.579422,0.747621,0.713288,0.318056,0.689085,0.612421
1.896733,1.406235,0.696456,0.000000,0.252867,0.084596,0.081792,1.272098,0.976155,1.919599,0.285443,0.919991,0.836492,1.758107,0.139084,0.572866,1.031399,1.971364,0.207135,0.225279,0.197538,0.346232,0.185334,0.720579,0.194293,1.972433,0.453925,0.510018,1.948827,0.317226,1.471529,0.139084,0.194564,1.866724,0.232246,0.685987,1.033135,1.894816,0.185404,0.207855,0.561215,1.516403,0.265687,0.201094,0.194588,0.992665,0.505064,0.440979,0.270934,1.809663,1.644315,0.317226,0.505064,1.922881,0.282078,0.309811,1.903150,0.654533,0.275066,0.924478,0.212612,1.975887,0.604954,1.537292,0.223564,0.287536,0.210452,0.839234,1.850455,0.173291,0.453925,0.248789,0.269011,0.230854,0.997400,1.063280,1.863747,0.141076,0.204642,1.960368,0.333426,1.926996,1.984031,0.381296,0.189723,0.179621,0.206831,0.956652,1.612001,0.754574,1.963428,0.329090,0.256204,0.240784,0.230854,0.190049,0.253738,0.570939,0.177391,0.224882
1.921272,1.516091,0.822444,0.252867,0.000000,0.271789,0.303195,1.390182,1.119217,1.876003,0.434269,0.961724,0.838011,1.698535,0.259621,0.715948,1.098320,1.961089,0.283178,0.411513,0.399011,0.371198,0.362367,0.542754,0.306470,1.973882,0.606937,0.634508,1.960736,0.476544,1.334881,0.259621,0.297211,1.795984,0.423140,0.815460,1.176366,1.925175,0.221164,0.197795,0.703348,1.606439,0.198175,0.385084,0.361481,1.109996,0.666635,0.580108,0.417655,1.808956,1.693955,0.476544,0.666635,1.958474,0.396645,0.381258,1.900709,0.823677,0.388617,1.069182,0.389615,1.959237,0.756732,1.586263,0.342798,0.431604,0.261553,0.983743,1.862573,0.319625,0.606937,0.381382,0.410787,0.425635,1.127909,1.170111,1.914865,0.359336,0.315588,1.928677,0.398564,1.950418,1.956841,0.318416,0.297580,0.279460,0.380060,1.077655,1.529194,0.893983,1.959394,0.285491,0.461049,0.437246,0.425635,0.278651,0.355395,0.681630,0.334378,0.430720
1.885253,1.397347,0.678828,0.084596,0.271789,0.000000,0.125985,1.249230,0.953011,1.923934,0.270758,0.912474,0.829651,1.765729,0.140587,0.555563,1.015853,1.969944,0.237623,0.217971,0.182863,0.374898,0.172918,0.749510,0.204478,1.968080,0.438588,0.495835,1.944851,0.309138,1.486520,0.140587,0.204239,1.871786,0.223641,0.655639,1.011685,1.885827,0.156345,0.195685,0.545711,1.494593,0.307454,0.194006,0.193635,0.971989,0.486572,0.427939,0.227310,1.804263,1.624845,0.309138,0.486572,1.913855,0.301743,0.327975,1.896460,0.634269,0.296441,0.895895,0.206767,1.975093,0.589048,1.515972,0.233087,0.255393,0.221916,0.819895,1.850631,0.174825,0.438588,0.264274,0.272096,0.220044,0.977754,1.040342,1.859411,0.158753,0.193685,1.962773,0.323873,1.922579,1.983578,0.385565,0.202347,0.189206,0.202096,0.940472,1.608825,0.735696,1.958817,0.349879,0.240206,0.228688,0.220044,0.194271,0.273186,0.571953,0.175596,0.211394
1.890481,1.383888,0.660473,0.081792,0.303195,0.125985,0.000000,1.246328,0.947142,1.921555,0.287003,0.931921,0.821637,1.762835,0.146043,0.542576,1.036919,1.970451,0.220720,0.193296,0.171102,0.357921,0.173246,0.748231,0.190412,1.967940,0.414703,0.485308,1.943939,0.276834,1.498962,0.146043,0.187211,1.874162,0.198851,0.668430,1.001872,1.887507,0.235437,0.262930,0.521843,1.494799,0.286720,0.172813,0.157096,0.963811,0.467505,0.403893,0.266021,1.806827,1.632334,0.276834,0.467505,1.916319,0.287653,0.327968,1.897700,0.619085,0.278942,0.891839,0.170548,1.977779,0.565110,1.520648,0.209508,0.272219,0.232781,0.804067,1.843727,0.172392,0.414703,0.224313,0.271545,0.196872,0.965633,1.034582,1.847724,0.088483,0.234244,1.960666,0.335317,1.918839,1.987302,0.404654,0.190595,0.190952,0.181558,0.933411,1.615865,0.719101,1.961662,0.342135,0.219706,0.205693,0.196872,0.208569,0.240196,0.533066,0.168564,0.192736
1.171492,0.618955,0.792078,1.272098,1.390182,1.249230,1.246328,0.000000,0.516344,1.576009,1.215721,1.198328,1.066847,1.527418,1.227603,0.828853,1.099598,1.504375,1.352524,1.169881,1.190017,1.390241,1.248363,1.641550,1.273948,1.409635,0.965623,0.911078,1.420450,1.094588,1.818658,1.227603,1.271551,1.611085,1.157152,0.824002,0.376560,1.191003,1.334706,1.374931,0.896804,0.711666,1.406878,1.203531,1.221855,0.501095,0.896016,1.005361,1.178977,1.164571,1.026341,1.094588,0.896016,1.256829,1.311888,1.328325,1.256153,0.769710,1.347720,0.624895,1.229740,1.546768,0.858986,0.704764,1.260499,1.178251,1.347561,0.607514,1.214353,1.280193,0.965623,1.261707,1.253770,1.170122,0.435995,0.428467,1.294128,1.194081,1.301493,1.591035,1.295393,1.306709,1.561377,1.352938,1.279755,1.314366,1.204061,0.761666,1.378046,0.681883,1.427584,1.418205,1.144127,1.166090,1.170122,1.318076,1.294490,0.945174,1.269000,1.186952
1.442925,0.801464,0.631480,0.976155,1.119217,0.953011,0.947142,0.516344,0.000000,1.732811,0.917302,0.959292,1.006760,1.632920,0.940677,0.587907,0.898571,1.705316,1.052337,0.863609,0.880784,1.095888,0.939824,1.420826,0.976618,1.648230,0.713068,0.662000,1.624651,0.815123,1.806300,0.940677,0.971484,1.752020,0.849885,0.493524,0.443647,1.445027,1.053550,1.091383,0.675211,0.871484,1.140782,0.901414,0.924136,0.473644,0.646688,0.748406,0.885598,1.423396,1.239964,0.815123,0.646688,1.495939,1.008604,1.014608,1.529962,0.569314,1.046518,0.482453,0.935077,1.729695,0.639695,1.014444,0.970781,0.870881,1.041549,0.511013,1.470807,0.976071,0.713068,0.959996,0.954269,0.865793,0.476540,0.394325,1.474704,0.887644,1.013130,1.754757,0.989747,1.555128,1.751012,1.066600,0.973491,1.011814,0.897120,0.649836,1.495092,0.530962,1.652332,1.123959,0.839818,0.864838,0.865793,1.012975,1.000968,0.737909,0.967164,0.881041
0.876664,1.458857,1.844083,1.919599,1.876003,1.923934,1.921555,1.576009,1.732811,0.000000,1.932372,1.684559,1.761614,0.486836,1.920121,1.848294,1.679380,0.596800,1.897106,1.928488,1.931636,1.868575,1.929311,1.702410,1.912343,0.646888,1.903071,1.847262,0.752047,1.921537,1.161755,1.920121,1.912199,0.444813,1.928671,1.848983,1.741397,0.858010,1.918491,1.913600,1.887580,1.439066,1.881107,1.934396,1.931394,1.709326,1.893602,1.896121,1.937247,0.841999,1.344506,1.921537,1.893602,0.841805,1.912458,1.890519,0.752696,1.889155,1.910207,1.789820,1.935671,0.574588,1.866556,1.314476,1.919474,1.932551,1.906233,1.816609,0.751642,1.926635,1.903071,1.916372,1.921344,1.935043,1.734242,1.665010,0.900311,1.924492,1.924908,0.258279,1.915236,0.722503,0.490993,1.857314,1.910354,1.917535,1.923985,1.790860,1.051594,1.824283,0.674365,1.884308,1.940238,1.939652,1.935043,1.913428,1.911904,1.858766,1.928368,1.943205
1.865545,1.349772,0.664649,0.285443,0.434269,0.270758,0.287003,1.215721,0.917302,1.932372,0.000000,0.890476,0.840759,1.785425,0.308206,0.574636,0.976220,1.961257,0.341065,0.282328,0.247429,0.447303,0.265319,0.833894,0.299826,1.956441,0.428199,0.541792,1.930514,0.310348,1.542113,0.308206,0.278900,1.893985,0.284570,0.647443,0.962767,1.866082,0.301492,0.336431,0.525563,1.458116,0.463965,0.253525,0.264015,0.964985,0.473474,0.443666,0.196857,1.805911,1.591862,0.310348,0.473474,1.887767,0.230352,0.412050,1.892620,0.576160,0.339758,0.865330,0.308972,1.962302,0.620273,1.493962,0.269611,0.236197,0.331689,0.777411,1.847919,0.269227,0.428199,0.304395,0.172444,0.259474,0.946856,1.031150,1.826177,0.266250,0.205804,1.961136,0.296821,1.907082,1.979126,0.464628,0.297952,0.288953,0.280978,0.915477,1.618627,0.719689,1.935109,0.400777,0.270404,0.260559,0.259474,0.315349,0.307380,0.579297,0.274354,0.254157
1.646975,1.290203,1.119409,0.919991,0.961724,0.912474,0.931921,1.198328,0.959292,1.684559,0.890476,0.000000,1.325713,1.547875,0.940586,0.986091,0.280092,1.734552,0.925844,0.945561,0.918567,0.956103,0.922355,1.164025,0.961585,1.739833,1.002045,0.968874,1.655358,0.965078,1.549041,0.940586,0.961985,1.693158,0.942432,0.926457,1.139444,1.661873,0.940708,0.945936,1.047612,1.319457,1.034715,0.953045,0.947128,1.168312,0.992400,1.029958,0.913797,1.606265,1.594121,0.965078,0.992400,1.621537,0.905147,0.886051,1.737618,1.000489,0.901000,1.153108,0.956383,1.700718,0.997429,1.487611,0.978781,0.930353,0.926022,1.108368,1.622410,0.941780,1.002045,0.956807,0.895186,0.947303,1.173173,1.153889,1.611797,0.923285,0.917802,1.720599,0.968830,1.715219,1.721093,0.885856,0.941228,0.948614,0.947390,1.036187,1.528746,1.098563,1.701496,1.001349,0.945906,0.954032,0.947303,0.925532,0.980592,1.093303,0.940480,0.939737
1.664413,1.269335,0.503391,0.836492,0.838011,0.829651,0.821637,1.066847,1.006760,1.761614,0.840759,1.325713,0.000000,1.606396,0.749585,0.680942,1.356149,1.831141,0.928125,0.784084,0.831410,0.962221,0.863617,1.074700,0.803481,1.769010,0.604833,0.680204,1.856441,0.666604,1.436851,0.749585,0.782905,1.684292,0.783455,0.789126,0.858745,1.701005,0.848932,0.883874,0.560251,1.340613,0.834871,0.790061,0.775024,0.798683,0.639725,0.585463,0.793351,1.522731,1.366086,0.666604,0.639725,1.800470,0.907097,0.988858,1.596564,0.732407,0.973934,0.806773,0.820795,1.855152,0.715705,1.158192,0.792094,0.806556,0.875982,0.675544,1.638808,0.837967,0.604833,0.836206,0.866717,0.794313,0.730744,0.836455,1.767575,0.802816,0.864409,1.814236,0.866191,1.718784,1.836017,0.846907,0.822959,0.842661,0.799539,0.910135,1.250923,0.594055,1.793006,0.873709,0.801848,0.790651,0.794313,0.859247,0.828636,0.538482,0.838877,0.830066
1.133922,1.438980,1.704341,1.758107,1.698535,1.765729,1.762835,1.527418,1.632920,0.486836,1.785425,1.547875,1.606396,0.000000,1.757870,1.685673,1.597445,0.950063,1.739672,1.776666,1.780974,1.708857,1.779392,1.526442,1.746097,1.008982,1.750090,1.672638,1.073097,1.763471,1.018958,1.757870,1.741156,0.545555,1.777951,1.700206,1.658184,1.132442,1.760681,1.757693,1.744086,1.490762,1.709889,1.782987,1.779607,1.591585,1.743325,1.744813,1.790043,0.867250,1.483691,1.763471,1.743325,1.155242,1.762341,1.735986,0.951184,1.768180,1.768208,1.681707,1.797641,0.932990,1.730159,1.295643,1.764725,1.788621,1.740325,1.697070,0.884510,1.770290,1.750090,1.762405,1.771415,1.786529,1.628191,1.545283,1.205748,1.764895,1.776590,0.708223,1.770728,1.009652,0.870277,1.685495,1.742803,1.756261,1.769365,1.707249,0.966042,1.691628,0.978326,1.716160,1.799647,1.795243,1.786529,1.751047,1.756449,1.691983,1.774538,1.804708
1.878248,1.380667,0.621526,0.139084,0.259621,0.140587,0.146043,1.227603,0.940677,1.920121,0.308206,0.940586,0.749585,1.757870,0.000000,0.520983,1.038434,1.969657,0.294827,0.221577,0.227970,0.412278,0.238740,0.748845,0.218885,1.963157,0.388353,0.461001,1.949880,0.260044,1.487690,0.000000,0.211785,1.865188,0.226734,0.639528,0.980530,1.882735,0.221989,0.254561,0.488246,1.477444,0.292308,0.209910,0.183978,0.936020,0.447113,0.374698,0.249558,1.785210,1.610950,0.260044,0.447113,1.919433,0.347341,0.372189,1.877456,0.601162,0.361393,0.876261,0.220147,1.976658,0.553467,1.487257,0.234190,0.264934,0.265220,0.776982,1.843596,0.221821,0.388353,0.271769,0.319940,0.232218,0.937152,1.005489,1.862017,0.167647,0.265836,1.961283,0.340962,1.917335,1.983452,0.385403,0.223983,0.231018,0.217839,0.905160,1.565103,0.689389,1.953904,0.359627,0.255966,0.239185,0.232218,0.240831,0.279673,0.495949,0.223870,0.245285
1.708147,1.096604,0.316973,0.572866,0.715948,0.555563,0.542576,0.828853,0.587907,1.848294,0.574636,0.986091,0.680942,1.685673,0.520983,0.000000,1.028146,1.887750,0.678817,0.458924,0.488121,0.734539,0.557745,1.090959,0.564791,1.842578,0.268301,0.120158,1.849726,0.379599,1.636133,0.520983,0.566987,1.816775,0.446524,0.438334,0.593195,1.711351,0.671685,0.717101,0.292119,1.225867,0.725667,0.502343,0.520530,0.525363,0.202359,0.310479,0.535679,1.602410,1.453288,0.379599,0.202359,1.767854,0.664096,0.686203,1.721861,0.361873,0.708618,0.540153,0.558106,1.908263,0.331519,1.198973,0.566945,0.536287,0.661353,0.405767,1.652629,0.585047,0.268301,0.572523,0.601280,0.471872,0.525805,0.581878,1.729851,0.481799,0.636917,1.897547,0.661510,1.768233,1.915149,0.712539,0.571533,0.618015,0.492552,0.710264,1.495809,0.302811,1.843872,0.746962,0.456791,0.475106,0.471872,0.628555,0.609581,0.357902,0.576140,0.504867
1.534495,1.206303,1.123078,1.031399,1.098320,1.015853,1.036919,1.099598,0.898571,1.679380,0.976220,0.280092,1.356149,1.597445,1.038434,1.028146,0.000000,1.679206,1.053624,1.030192,1.009013,1.097866,1.022147,1.324436,1.074768,1.655556,1.047064,1.033810,1.577123,1.034625,1.647128,1.038434,1.076938,1.716037,1.024252,0.933050,1.067521,1.558824,1.050617,1.061243,1.069839,1.184021,1.165054,1.041429,1.036003,1.128575,1.027666,1.076845,0.989726,1.569626,1.468614,1.034625,1.027666,1.511210,1.015887,1.009972,1.672492,0.989760,1.015928,1.107466,1.035611,1.650178,1.011637,1.404936,1.077623,1.006051,1.052193,1.079326,1.574672,1.047783,1.047064,1.058558,0.990962,1.029264,1.121925,1.108016,1.497617,1.020783,1.019834,1.689140,1.069296,1.623641,1.671053,1.008887,1.059335,1.064232,1.041436,0.969904,1.540687,1.088793,1.636556,1.137706,1.016638,1.030482,1.029264,1.042981,1.087676,1.138967,1.043546,1.016635
0.634311,1.370686,1.855167,1.971364,1.961089,1.969944,1.970451,1.504375,1.705316,0.596800,1.961257,1.734552,1.831141,0.950063,1.969657,1.887750,1.679206,0.000000,1.966945,1.967806,1.968198,1.950771,1.972288,1.851250,1.975456,0.432115,1.927499,1.905150,0.411080,1.956834,1.388373,1.969657,1.974748,0.769760,1.966679,1.850294,1.681531,0.588730,1.967584,1.966704,1.901444,1.274525,1.964760,1.971265,1.972820,1.698089,1.911626,1.929631,1.958127,0.819580,1.132102,1.956834,1.911626,0.529414,1.965050,1.955338,0.586366,1.862076,1.961617,1.763399,1.967654,0.399986,1.877061,1.248686,1.968944,1.955839,1.974401,1.790599,0.721819,1.975519,1.927499,1.964343,1.965279,1.966663,1.707597,1.668321,0.737419,1.967382,1.970970,0.473127,1.956433,0.553441,0.343675,1.948302,1.974103,1.976802,1.969986,1.714999,1.221834,1.825966,0.455355,1.965949,1.961855,1.965524,1.966663,1.974712,1.967891,1.894906,1.974397,1.966363
1.920930,1.473170,0.812072,0.207135,0.283178,0.237623,0.220720,1.352524,1.052337,1.897106,0.341065,0.925844,0.928125,1.739672,0.294827,0.678817,1.053624,1.966945,0.000000,0.312688,0.274365,0.264462,0.223554,0.636779,0.231472,1.977398,0.573207,0.609836,1.942743,0.433857,1.428877,0.294827,0.242405,1.842271,0.322523,0.785805,1.138004,1.913317,0.269248,0.259392,0.679121,1.583362,0.289030,0.284906,0.284444,1.088856,0.622388,0.550375,0.377192,1.843721,1.688738,0.433857,0.622388,1.933727,0.230017,0.289402,1.930137,0.772767,0.164504,1.018722,0.282610,1.963751,0.706247,1.597479,0.244285,0.373109,0.199848,0.955265,1.868280,0.210742,0.573207,0.263183,0.262933,0.318966,1.104023,1.146107,1.867414,0.266441,0.222691,1.938565,0.349576,1.942830,1.974532,0.364186,0.216252,0.188032,0.275963,1.061336,1.627384,0.868000,1.964375,0.279988,0.347361,0.332131,0.318966,0.207396,0.243252,0.696462,0.217352,0.305064
1.859098,1.340261,0.576337,0.225279,0.411513,0.217971,0.193296,1.169881,0.863609,1.928488,0.282328,0.945561,0.784084,1.776666,0.221577,0.458924,1.030192,1.967806,0.312688,0.000000,0.131484,0.407846,0.163479,0.838692,0.159021,1.955374,0.330725,0.414673,1.933849,0.212198,1.549422,0.221577,0.207113,1.887734,0.021990,0.572261,0.923549,1.864169,0.332832,0.367907,0.434648,1.439519,0.403825,0.085447,0.162156,0.887286,0.376898,0.323341,0.255559,1.790274,1.588671,0.212198,0.376898,1.896997,0.317525,0.372757,1.881744,0.541130,0.340701,0.798743,0.188727,1.978341,0.502228,1.466386,0.229906,0.245027,0.273821,0.719915,1.836987,0.173683,0.330725,0.230074,0.281304,0.066697,0.885461,0.947873,1.827470,0.149243,0.285024,1.962375,0.346508,1.904039,1.988351,0.454489,0.177094,0.216015,0.057444,0.878862,1.611092,0.634046,1.948334,0.388041,0.100955,0.089972,0.066697,0.239831,0.258388,0.486987,0.166524,0.121370
1.871680,1.352738,0.620454,0.197538,0.399011,0.182863,0.171102,1.190017,0.880784,1.931636,0.247429,0.918567,0.831410,1.780974,0.227970,0.488121,1.009013,1.968198,0.274365,0.131484,0.000000,0.387357,0.088754,0.831039,0.184722,1.958516,0.370933,0.441464,1.932126,0.242390,1.545816,0.227970,0.188702,1.890339,0.135038,0.600169,0.948006,1.872330,0.299585,0.331413,0.481663,1.452814,0.400859,0.101760,0.152285,0.915696,0.412511,0.367193,0.242041,1.801428,1.611039,0.242390,0.412511,1.893751,0.287009,0.340024,1.894120,0.562856,0.294292,0.819848,0.181682,1.973491,0.526973,1.485534,0.215167,0.254511,0.255788,0.754913,1.838300,0.146078,0.370933,0.215642,0.242247,0.110834,0.917007,0.978863,1.830255,0.133289,0.236476,1.966017,0.347570,1.908541,1.989099,0.447413,0.183637,0.193164,0.125618,0.893512,1.631373,0.672009,1.948938,0.375012,0.114767,0.115012,0.110834,0.219756,0.249321,0.530309,0.130685,0.081775
1.928839,1.494839,0.874772,0.346232,0.371198,0.374898,0.357921,1.390241,1.095888,1.868575,0.447303,0.956103,0.962221,1.708857,0.412278,0.734539,1.097866,1.950771,0.264462,0.407846,0.387357,0.000000,0.337278,0.628065,0.327297,1.962912,0.646496,0.666550,1.928890,0.517975,1.410467,0.412278,0.340995,1.820750,0.417955,0.828920,1.186754,1.916194,0.398068,0.379089,0.747860,1.598588,0.372998,0.392836,0.393465,1.145670,0.692845,0.622287,0.482349,1.843533,1.715151,0.517975,0.692845,1.932698,0.344567,0.313639,1.929509,0.846021,0.310510,1.067368,0.401278,1.946021,0.794315,1.621625,0.306120,0.467745,0.283784,1.011170,1.865096,0.319240,0.646496,0.269374,0.391342,0.422593,1.155414,1.190074,1.856939,0.386665,0.360203,1.910088,0.420202,1.942021,1.957597,0.415577,0.306771,0.290137,0.372389,1.117152,1.622381,0.929389,1.953860,0.293701,0.450871,0.436827,0.422593,0.307604,0.244093,0.768999,0.329594,0.414308
1.891023,1.403464,0.687022,0.185334,0.362367,0.172918,0.173246,1.248363,0.939824,1.929311,0.265319,0.922355,0.863617,1.779392,0.238740,0.557745,1.022147,1.972288,0.223554,0.163479,0.088754,0.337278,0.000000,0.784747,0.152917,1.967434,0.440416,0.504557,1.937669,0.301808,1.516041,0.238740,0.169698,1.885058,0.173093,0.650218,1.015416,1.891898,0.268383,0.288896,0.549131,1.495060,0.359876,0.123937,0.162467,0.979875,0.485793,0.428193,0.267031,1.821673,1.636910,0.301808,0.485793,1.909465,0.262874,0.308535,1.911275,0.635880,0.244528,0.880987,0.175900,1.974662,0.587675,1.527157,0.207918,0.275418,0.194741,0.825169,1.859765,0.095057,0.440416,0.202448,0.237191,0.153624,0.984071,1.036574,1.844462,0.168488,0.206239,1.963203,0.334347,1.924588,1.988165,0.419313,0.146962,0.136111,0.133583,0.950909,1.640640,0.742046,1.956123,0.324569,0.171962,0.161919,0.153624,0.161649,0.225654,0.594371,0.075797,0.122840
1.910066,1.697371,1.180653,0.720579,0.542754,0.749510,0.748231,1.641550,1.420826,1.702410,0.833894,1.164025,1.074700,1.526442,0.748845,1.090959,1.324436,1.851250,0.636779,0.838692,0.831039,0.628065,0.784747,0.000000,0.716646,1.899338,1.013168,1.005811,1.890873,0.902115,1.065665,0.748845,0.712012,1.590057,0.851675,1.180258,1.496673,1.904421,0.682124,0.646082,1.090952,1.781744,0.560230,0.816774,0.794892,1.393300,1.067794,0.973347,0.852431,1.786159,1.764941,0.902115,1.067794,1.951296,0.734307,0.713259,1.850907,1.214369,0.723946,1.399367,0.811564,1.842266,1.144640,1.700779,0.742311,0.843199,0.663750,1.334972,1.814570,0.743366,1.013168,0.759799,0.787982,0.853693,1.443616,1.443127,1.909947,0.796893,0.734478,1.772630,0.727920,1.918889,1.824587,0.613680,0.711542,0.692597,0.800170,1.404650,1.422992,1.249883,1.882729,0.568119,0.890848,0.867210,0.853693,0.701072,0.718929,1.033657,0.760117,0.860239
1.898149,1.423364,0.679096,0.194293,0.306470,0.204478,0.190412,1.273948,0.976618,1.912343,0.299826,0.961585,0.803481,1.746097,0.218885,0.564791,1.074768,1.975456,0.231472,0.159021,0.184722,0.327297,0.152917,0.716646,0.000000,1.973617,0.437672,0.501740,1.953769,0.299824,1.465282,0.218885,0.127181,1.854923,0.177376,0.667384,1.039472,1.904391,0.268903,0.289089,0.543215,1.525567,0.300228,0.135453,0.187527,0.987989,0.493680,0.421477,0.297382,1.807186,1.645912,0.299824,0.493680,1.935033,0.274929,0.337427,1.901600,0.663802,0.294106,0.907275,0.227119,1.979183,0.614063,1.526089,0.204110,0.295728,0.169429,0.834254,1.858985,0.111196,0.437672,0.213431,0.269147,0.171296,0.995091,1.046049,1.870192,0.195733,0.241819,1.954234,0.324118,1.934451,1.985941,0.385798,0.074958,0.113223,0.113392,0.982519,1.592654,0.747430,1.958799,0.265586,0.221305,0.191419,0.171296,0.154307,0.209774,0.561222,0.120073,0.202788
0.512311,1.285816,1.796195,1.972433,1.973882,1.968080,1.967940,1.409635,1.648230,0.646888,1.956441,1.739833,1.769010,1.008982,1.963157,1.842578,1.655556,0.432115,1.977398,1.955374,1.958516,1.962912,1.967434,1.899338,1.973617,0.000000,1.890463,1.867862,0.456001,1.932850,1.434643,1.963157,1.973461,0.811896,1.953147,1.815651,1.600235,0.506815,1.972978,1.976291,1.853949,1.155384,1.975511,1.960780,1.962474,1.623373,1.870508,1.893770,1.951047,0.788217,1.015187,1.932850,1.870508,0.426552,1.972126,1.962720,0.538820,1.813059,1.971470,1.677811,1.958764,0.429531,1.821570,1.146425,1.965508,1.950186,1.981314,1.723489,0.623287,1.972870,1.890463,1.961067,1.965314,1.954914,1.625324,1.592874,0.632776,1.959590,1.971305,0.523779,1.957342,0.384597,0.409362,1.940534,1.975135,1.977477,1.961298,1.652377,1.205990,1.762873,0.438213,1.977335,1.946272,1.951995,1.954914,1.979787,1.966094,1.852943,1.970579,1.954049
1.768982,1.179579,0.283900,0.453925,0.606937,0.438588,0.414703,0.965623,0.713068,1.903071,0.428199,1.002045,0.604833,1.750090,0.388353,0.268301,1.047064,1.927499,0.573207,0.330725,0.370933,0.646496,0.440416,1.013168,0.437672,1.890463,0.000000,0.286270,1.899405,0.177247,1.616938,0.388353,0.430628,1.871727,0.320859,0.464249,0.685030,1.776289,0.532092,0.583096,0.129578,1.287086,0.612604,0.357408,0.358582,0.662071,0.102994,0.159733,0.374580,1.687348,1.470144,0.177247,0.102994,1.827295,0.538088,0.616998,1.782167,0.324502,0.595619,0.598078,0.407078,1.945262,0.344711,1.281629,0.429877,0.385484,0.542603,0.446716,1.743592,0.454752,0.000000,0.443221,0.474280,0.330002,0.628898,0.740267,1.767485,0.356721,0.501365,1.941686,0.522688,1.819704,1.958712,0.609088,0.453605,0.490858,0.369605,0.705825,1.522593,0.354877,1.889951,0.617008,0.319516,0.326266,0.330002,0.509030,0.474971,0.282677,0.444657,0.366600
1.743487,1.169636,0.380327,0.510018,0.634508,0.495835,0.485308,0.911078,0.662000,1.847262,0.541792,0.968874,0.680204,1.672638,0.461001,0.120158,1.033810,1.905150,0.609836,0.414673,0.441464,0.666550,0.504557,1.005811,0.501740,1.867862,0.286270,0.000000,1.874777,0.353123,1.583541,0.461001,0.503055,1.802617,0.404371,0.476740,0.696259,1.746099,0.611551,0.653862,0.336722,1.295649,0.650948,0.457388,0.472103,0.599413,0.254761,0.293800,0.507014,1.623587,1.496893,0.353123,0.254761,1.805345,0.614299,0.621685,1.748499,0.442175,0.654972,0.626323,0.515619,1.923279,0.366963,1.253854,0.515464,0.508889,0.593569,0.510660,1.675842,0.526972,0.286270,0.524917,0.556996,0.435897,0.621966,0.652478,1.772327,0.430687,0.583048,1.902980,0.618883,1.803721,1.924840,0.636025,0.505503,0.552943,0.440577,0.769279,1.485040,0.390557,1.867973,0.676444,0.427759,0.442576,0.435897,0.563742,0.558707,0.373824,0.520259,0.469417
0.603122,1.289711,1.833048,1.948827,1.960736,1.944851,1.943939,1.420450,1.624651,0.752047,1.930514,1.655358,1.856441,1.073097,1.949880,1.849726,1.577123,0.411080,1.942743,1.933849,1.932126,1.928890,1.937669,1.890873,1.953769,0.456001,1.899405,1.874777,0.000000,1.930221,1.490546,1.949880,1.957664,0.887845,1.931151,1.803492,1.610858,0.573521,1.954236,1.954727,1.874151,1.183877,1.962130,1.940082,1.944876,1.668406,1.874934,1.907356,1.925576,0.865524,1.088610,1.930221,1.874934,0.408788,1.934338,1.924363,0.679046,1.807116,1.922610,1.698098,1.933602,0.497462,1.820082,1.253779,1.948459,1.921133,1.954978,1.742282,0.733684,1.947996,1.899405,1.939144,1.932441,1.932009,1.655877,1.619206,0.655936,1.936596,1.947458,0.614608,1.932393,0.558004,0.478858,1.947512,1.951698,1.954661,1.939369,1.656147,1.365710,1.791076,0.547488,1.960507,1.923274,1.930353,1.932009,1.951612,1.944472,1.880409,1.945234,1.928356
1.829868,1.281288,0.435682,0.317226,0.476544,0.309138,0.276834,1.094588,0.815123,1.921537,0.310348,0.965078,0.666604,1.763471,0.260044,0.379599,1.034625,1.956834,0.433857,0.212198,0.242390,0.517975,0.301808,0.902115,0.299824,1.932850,0.177247,0.353123,1.930221,0.000000,1.567940,0.260044,0.286072,1.884711,0.206706,0.529375,0.826121,1.835635,0.399564,0.444949,0.282347,1.379883,0.478486,0.223369,0.195865,0.797466,0.256088,0.195935,0.271967,1.745671,1.539391,0.000000,0.256088,1.876796,0.399078,0.485278,1.840390,0.438436,0.457850,0.718686,0.271416,1.966216,0.420355,1.389728,0.303615,0.292739,0.394763,0.602053,1.800241,0.309608,0.177247,0.313309,0.344801,0.210650,0.777366,0.868986,1.811191,0.224482,0.363957,1.959666,0.412820,1.870929,1.980753,0.502107,0.312397,0.343242,0.242466,0.791565,1.557110,0.510425,1.925693,0.473465,0.212480,0.208618,0.210650,0.361840,0.347721,0.367079,0.300209,0.242171
1.572333,1.824018,1.657120,1.471529,1.334881,1.486520,1.498962,1.818658,1.806300,1.161755,1.542113,1.549041,1.436851,1.018958,1.487690,1.636133,1.647128,1.388373,1.428877,1.549422,1.545816,1.410467,1.516041,1.065665,1.465282,1.434643,1.616938,1.583541,1.490546,1.567940,0.000000,1.487690,1.463601,0.965791,1.557575,1.669414,1.812756,1.593541,1.424550,1.402615,1.645520,1.830825,1.345178,1.530893,1.522157,1.713658,1.646635,1.586459,1.557598,1.380525,1.653775,1.567940,1.646635,1.618239,1.479328,1.485069,1.422146,1.729098,1.469855,1.738393,1.541279,1.343659,1.639768,1.667434,1.491293,1.573909,1.427822,1.742624,1.385416,1.479555,1.616938,1.508341,1.507016,1.559675,1.758327,1.732609,1.691172,1.528858,1.465113,1.262201,1.502530,1.471465,1.286354,1.348119,1.464724,1.448270,1.527907,1.733249,1.203501,1.698771,1.429311,1.371222,1.581689,1.564963,1.559675,1.448983,1.480113,1.584085,1.489913,1.565298
1.878248,1.380667,0.621526,0.139084,0.259621,0.140587,0.146043,1.227603,0.940677,1.920121,0.308206,0.940586,0.749585,1.757870,0.000000,0.520983,1.038434,1.969657,0.294827,0.221577,0.227970,0.412278,0.238740,0.748845,0.218885,1.963157,0.388353,0.461001,1.949880,0.260044,1.487690,0.000000,0.211785,1.865188,0.226734,0.639528,0.980530,1.882735,0.221989,0.254561,0.488246,1.477444,0.292308,0.209910,0.183978,0.936020,0.447113,0.374698,0.249558,1.785210,1.610950,0.260044,0.447113,1.919433,0.347341,0.372189,1.877456,0.601162,0.361393,0.876261,0.220147,1.976658,0.553467,1.487257,0.234190,0.264934,0.265220,0.776982,1.843596,0.221821,0.388353,0.271769,0.319940,0.232218,0.937152,1.005489,1.862017,0.167647,0.265836,1.961283,0.340962,1.917335,1.983452,0.385403,0.223983,0.231018,0.217839,0.905160,1.565103,0.689389,1.953904,0.359627,0.255966,0.239185,0.232218,0.240831,0.279673,0.495949,0.223870,0.245285
1.900146,1.417587,0.668214,0.194564,0.297211,0.204239,0.187211,1.271551,0.971484,1.912199,0.278900,0.961985,0.782905,1.741156,0.211785,0.566987,1.076938,1.974748,0.242405,0.207113,0.188702,0.340995,0.169698,0.712012,0.127181,1.973461,0.430628,0.503055,1.957664,0.286072,1.463601,0.211785,0.000000,1.852629,0.219884,0.658545,1.033669,1.903872,0.254901,0.277745,0.535491,1.518213,0.295993,0.164983,0.182529,0.979950,0.491780,0.414879,0.281571,1.799540,1.643805,0.286072,0.491780,1.936738,0.270421,0.338282,1.896707,0.653759,0.302045,0.894536,0.242685,1.974984,0.618002,1.511010,0.186604,0.287362,0.174606,0.826525,1.851790,0.132305,0.430628,0.217832,0.261618,0.207445,0.987616,1.042772,1.876128,0.187324,0.229231,1.957447,0.308266,1.935684,1.986600,0.368816,0.116918,0.122600,0.178327,0.970750,1.575153,0.739136,1.956716,0.233297,0.247193,0.219292,0.207445,0.165884,0.210643,0.544177,0.145124,0.223407
0.987611,1.532067,1.819187,1.866724,1.795984,1.871786,1.874162,1.611085,1.752020,0.444813,1.893985,1.693158,1.684292,0.545555,1.865188,1.816775,1.716037,0.769760,1.842271,1.887734,1.890339,1.820750,1.885058,1.590057,1.854923,0.811896,1.871727,1.802617,0.887845,1.884711,0.965791,1.865188,1.852629,0.000000,1.889791,1.818432,1.758628,0.999466,1.857160,1.852962,1.863773,1.525612,1.805671,1.888038,1.890778,1.703080,1.866413,1.862588,1.895445,0.796858,1.377975,1.884711,1.866413,1.033506,1.867472,1.850530,0.781481,1.878161,1.870038,1.785815,1.900698,0.731208,1.844086,1.348487,1.870502,1.895678,1.847429,1.810598,0.774446,1.872813,1.871727,1.877663,1.878533,1.895386,1.734011,1.654419,1.195016,1.880888,1.879049,0.569887,1.869847,0.944467,0.606663,1.790410,1.853480,1.858667,1.879571,1.800344,0.960029,1.809498,0.823688,1.816338,1.905086,1.900437,1.895386,1.857406,1.865689,1.811753,1.877400,1.906768
1.854258,1.331109,0.565975,0.232246,0.423140,0.223641,0.198851,1.157152,0.849885,1.928671,0.284570,0.942432,0.783455,1.777951,0.226734,0.446524,1.024252,1.966679,0.322523,0.021990,0.135038,0.417955,0.173093,0.851675,0.177376,1.953147,0.320859,0.404371,1.931151,0.206706,1.557575,0.226734,0.219884,1.889791,0.000000,0.562068,0.910141,1.858887,0.342498,0.378588,0.424524,1.430609,0.415933,0.098264,0.167902,0.875834,0.364698,0.314987,0.256238,1.787296,1.582991,0.206706,0.364698,1.892187,0.323450,0.376441,1.879191,0.528076,0.346556,0.786381,0.192553,1.977217,0.490956,1.459956,0.238436,0.244694,0.287912,0.707508,1.833094,0.187801,0.320859,0.239436,0.284750,0.073078,0.872732,0.935688,1.822358,0.150544,0.292388,1.962083,0.352702,1.900109,1.987701,0.463659,0.192965,0.231031,0.076074,0.868906,1.612421,0.621422,1.946580,0.403303,0.098060,0.093708,0.073078,0.252655,0.269785,0.481176,0.179675,0.124358
1.642273,1.078155,0.485380,0.685987,0.815460,0.655639,0.668430,0.824002,0.493524,1.848983,0.647443,0.926457,0.789126,1.700206,0.639528,0.438334,0.933050,1.850294,0.785805,0.572261,0.600169,0.828920,0.650218,1.180258,0.667384,1.815651,0.464249,0.476740,1.803492,0.529375,1.669414,0.639528,0.658545,1.818432,0.562068,0.000000,0.622403,1.661332,0.744564,0.786792,0.462467,1.126518,0.851639,0.600023,0.629860,0.591878,0.429622,0.504274,0.591508,1.559310,1.365205,0.529375,0.429622,1.723521,0.739878,0.758799,1.681118,0.439757,0.790848,0.496905,0.653800,1.865049,0.523136,1.168719,0.669701,0.589404,0.734416,0.495631,1.651700,0.670265,0.464249,0.671775,0.680082,0.573922,0.597216,0.605181,1.703796,0.612689,0.724119,1.885874,0.716366,1.744809,1.882614,0.763061,0.666998,0.703361,0.603230,0.650449,1.501465,0.464981,1.797130,0.825447,0.559314,0.573606,0.573922,0.706117,0.705870,0.529169,0.665359,0.600547
1.396794,0.700053,0.520419,1.033135,1.176366,1.011685,1.001872,0.376560,0.443647,1.741397,0.962767,1.139444,0.858745,1.658184,0.980530,0.593195,1.067521,1.681531,1.138004,0.923549,0.948006,1.186754,1.015416,1.496673,1.039472,1.600235,0.685030,0.696259,1.610858,0.826121,1.812756,0.980530,1.033669,1.758628,0.910141,0.622403,0.000000,1.407099,1.100456,1.146028,0.612037,0.840276,1.182964,0.953683,0.972533,0.385006,0.613387,0.748749,0.922804,1.365938,1.135795,0.826121,0.613387,1.472165,1.077626,1.127900,1.453435,0.461280,1.130769,0.422408,0.986987,1.717673,0.625458,0.864466,1.015062,0.925183,1.124756,0.277413,1.423026,1.043186,0.685030,1.020024,1.013665,0.917140,0.197162,0.416256,1.451763,0.944792,1.065325,1.756382,1.059673,1.493758,1.737671,1.158334,1.050406,1.082863,0.964048,0.595642,1.455780,0.410958,1.611736,1.198266,0.890055,0.910185,0.917140,1.091563,1.053455,0.674060,1.032178,0.937269
0.287090,1.077191,1.661208,1.894816,1.925175,1.885827,1.887507,1.191003,1.445027,0.858010,1.866082,1.661873,1.701005,1.132442,1.882735,1.711351,1.558824,0.588730,1.913317,1.864169,1.872330,1.916194,1.891898,1.904421,1.904391,0.506815,1.776289,1.746099,0.573521,1.835635,1.593541,1.882735,1.903872,0.999466,1.858887,1.661332,1.407099,0.000000,1.907918,1.919479,1.731412,0.998228,1.935104,1.876740,1.881496,1.434497,1.746405,1.779868,1.854548,0.752873,0.728111,1.835635,1.746405,0.443078,1.893911,1.896246,0.545459,1.667295,1.906444,1.515914,1.876363,0.671629,1.698917,0.977946,1.892690,1.853394,1.927101,1.564325,0.648710,1.903396,1.776289,1.892388,1.880509,1.863412,1.445132,1.406582,0.653422,1.872472,1.900282,0.765284,1.885060,0.504076,0.665332,1.896230,1.909273,1.915090,1.876660,1.526507,1.246416,1.608456,0.618080,1.938269,1.849170,1.860039,1.863412,1.918255,1.904048,1.742550,1.899524,1.864962
1.903714,1.463257,0.763694,0.185404,0.221164,0.156345,0.235437,1.334706,1.053550,1.918491,0.301492,0.940708,0.848932,1.760681,0.221989,0.671685,1.050617,1.967584,0.269248,0.332832,0.299585,0.398068,0.268383,0.682124,0.268903,1.972978,0.532092,0.611551,1.954236,0.399564,1.424550,0.221989,0.254901,1.857160,0.342498,0.744564,1.100456,1.907918,0.000000,0.082730,0.632264,1.542284,0.287567,0.291891,0.280250,1.064234,0.589653,0.523477,0.267491,1.824169,1.643975,0.399564,0.589653,1.932822,0.327278,0.379325,1.907333,0.725766,0.330049,0.979056,0.298029,1.967463,0.693882,1.561032,0.289954,0.311782,0.238616,0.907993,1.873537,0.240695,0.532092,0.331695,0.315621,0.326823,1.068424,1.134236,1.882191,0.282407,0.196958,1.956976,0.322295,1.935626,1.975555,0.364405,0.268434,0.227721,0.309726,1.006094,1.588190,0.832540,1.958248,0.315013,0.353140,0.332062,0.326823,0.234577,0.318391,0.650318,0.251045,0.317640
1.917764,1.495591,0.814041,0.207855,0.197795,0.195685,0.262930,1.374931,1.091383,1.913600,0.336431,0.945936,0.883874,1.757693,0.254561,0.717101,1.061243,1.966704,0.259392,0.367907,0.331413,0.379089,0.288896,0.646082,0.289089,1.976291,0.583096,0.653862,1.954727,0.444949,1.402615,0.254561,0.277745,1.852962,0.378588,0.786792,1.146028,1.919479,0.082730,0.000000,0.682300,1.571016,0.269908,0.327099,0.309446,1.107617,0.640028,0.568542,0.323142,1.840875,1.669793,0.444949,0.640028,1.939662,0.332104,0.358236,1.920156,0.776756,0.321106,1.025885,0.325270,1.964535,0.734682,1.590731,0.310238,0.353354,0.231744,0.957840,1.885980,0.260766,0.583096,0.345637,0.334327,0.364829,1.114762,1.175650,1.887409,0.315712,0.205333,1.951805,0.332971,1.942686,1.971456,0.364671,0.281887,0.237918,0.339446,1.043360,1.597534,0.881564,1.960374,0.299461,0.391877,0.371017,0.364829,0.237237,0.327216,0.696510,0.272360,0.350684
1.720246,1.125187,0.178713,0.561215,0.703348,0.545711,0.521843,0.896804,0.675211,1.887580,0.525563,1.047612,0.560251,1.744086,0.488246,0.292119,1.069839,1.901444,0.679121,0.434648,0.481663,0.747860,0.549131,1.090952,0.543215,1.853949,0.129578,0.336722,1.874151,0.282347,1.645520,0.488246,0.535491,1.863773,0.424524,0.462467,0.612037,1.731412,0.632264,0.682300,0.000000,1.221261,0.707615,0.462991,0.460753,0.597196,0.151817,0.198533,0.469562,1.645018,1.407267,0.282347,0.151817,1.790378,0.636585,0.715635,1.734642,0.298621,0.695965,0.541421,0.500725,1.925585,0.335963,1.212161,0.531982,0.477548,0.647697,0.367602,1.711527,0.561693,0.129578,0.545339,0.574214,0.434770,0.544400,0.677306,1.730330,0.465748,0.605581,1.922890,0.615234,1.776921,1.937695,0.693016,0.560202,0.597374,0.474613,0.647340,1.490524,0.265660,1.860388,0.715012,0.420387,0.428577,0.434770,0.614786,0.575864,0.274356,0.551604,0.469566
0.975978,0.696712,1.152909,1.516403,1.606439,1.494593,1.494799,0.711666,0.871484,1.439066,1.458116,1.319457,1.340613,1.490762,1.477444,1.225867,1.184021,1.274525,1.583362,1.439519,1.452814,1.598588,1.495060,1.781744,1.525567,1.155384,1.287086,1.295649,1.183877,1.379883,1.830825,1.477444,1.518213,1.525612,1.430609,1.126518,0.840276,0.998228,1.542284,1.571016,1.221261,0.000000,1.617807,1.458671,1.472081,0.950473,1.243224,1.321787,1.424411,1.092799,0.913790,1.379883,1.243224,1.019642,1.537823,1.542468,1.093599,1.133015,1.565212,0.953700,1.472542,1.319234,1.192435,0.832736,1.504280,1.424278,1.562497,1.004213,1.122928,1.514045,1.287086,1.492534,1.503709,1.433761,0.907892,0.906932,1.034494,1.453186,1.540305,1.406235,1.506061,1.085969,1.350436,1.540336,1.525541,1.541329,1.468036,0.844843,1.309125,1.085397,1.220875,1.613848,1.409986,1.426365,1.433761,1.547909,1.522108,1.261795,1.508893,1.438457
1.931448,1.522361,0.825795,0.265687,0.198175,0.307454,0.286720,1.406878,1.140782,1.881107,0.463965,1.034715,0.834871,1.709889,0.292308,0.725667,1.165054,1.964760,0.289030,0.403825,0.400859,0.372998,0.359876,0.560230,0.300228,1.975511,0.612604,0.650948,1.962130,0.478486,1.345178,0.292308,0.295993,1.805671,0.415933,0.851639,1.182964,1.935104,0.287567,0.269908,0.707615,1.617807,0.000000,0.377727,0.354405,1.121006,0.672993,0.584726,0.462420,1.815546,1.704079,0.478486,0.672993,1.966679,0.395751,0.413697,1.903829,0.833093,0.372779,1.064790,0.372309,1.965138,0.750004,1.611277,0.352228,0.469869,0.267875,0.984789,1.866926,0.313187,0.612604,0.372801,0.422148,0.417391,1.131070,1.178245,1.904652,0.344373,0.351098,1.928688,0.437852,1.948348,1.960827,0.401564,0.300812,0.277200,0.373752,1.094888,1.561800,0.898748,1.963787,0.276540,0.452785,0.427424,0.417391,0.285680,0.348791,0.668967,0.325684,0.422183
1.871529,1.363983,0.605015,0.201094,0.385084,0.194006,0.172813,1.203531,0.901414,1.934396,0.253525,0.953045,0.790061,1.782987,0.209910,0.502343,1.041429,1.971265,0.284906,0.085447,0.101760,0.392836,0.123937,0.816774,0.135453,1.960780,0.357408,0.457388,1.940082,0.223369,1.530893,0.209910,0.164983,1.888038,0.098264,0.600023,0.953683,1.876740,0.291891,0.327099,0.462991,1.458671,0.377727,0.000000,0.140439,0.920180,0.409993,0.352790,0.238083,1.800072,1.597191,0.223369,0.409993,1.907023,0.285380,0.368398,1.889624,0.563815,0.310643,0.820859,0.176309,1.979176,0.531961,1.486066,0.200323,0.246803,0.246546,0.749015,1.846554,0.119527,0.357408,0.211629,0.251238,0.060439,0.917580,0.987145,1.839458,0.139669,0.242984,1.967970,0.337446,1.912218,1.991705,0.433651,0.157828,0.169886,0.080327,0.896020,1.614977,0.667926,1.951737,0.351954,0.096276,0.065044,0.060439,0.213273,0.231007,0.504563,0.109841,0.084440
