0.000000,1.058576,1.574210,1.863814,1.905293,1.859253,1.852831,1.130114,1.416044,0.872589,1.844537,1.567495,1.588018,1.130593,1.851033,1.653766,1.455035,0.717908,1.895605,1.832435,1.836423,1.901396,1.858735,1.914535,1.872620,0.517098,1.716596,1.700760,0.639916,1.784562,1.689865,1.851033,1.861657,1.006217,1.827680,1.594977,1.342198,0.402143,1.888670,1.898531,1.661387,0.908689,1.906635,1.840074,1.835597,1.379835,1.688279,1.707558,1.831080,0.713185,0.811837,1.784562,1.688279,0.530440,1.869210,1.896984,0.523872,1.613521,1.885704,1.395129,1.828179,0.771844,1.598530,0.965135,1.864218,1.831204,1.901221,1.485094,0.637613,1.869350,1.716596,1.860399,1.856416,1.829736,1.354319,1.328555,0.675572,1.839443,1.880026,0.797995,1.872753,0.508549,0.753947,1.877767,1.875741,1.882462,1.845161,1.434806,1.135813,1.525833,0.692497,1.908140,1.814888,1.824843,1.829736,1.888955,1.877235,1.693310,1.864077,1.830497
1.058576,0.000000,1.017116,1.419677,1.523130,1.415445,1.401087,0.667899,0.866518,1.431759,1.373995,1.299286,1.206451,1.414094,1.385720,1.091004,1.233071,1.358289,1.492805,1.357803,1.364360,1.482920,1.414337,1.703215,1.435681,1.262884,1.163596,1.172267,1.299437,1.272329,1.826454,1.385720,1.421020,1.513627,1.348519,1.089733,0.732721,1.097101,1.483471,1.508408,1.097070,0.774241,1.533626,1.380728,1.376741,0.814331,1.116558,1.198269,1.355453,1.091954,1.066275,1.272329,1.116558,1.148628,1.427376,1.489095,1.144361,1.023626,1.483707,0.937069,1.390988,1.424757,1.097497,0.829414,1.410679,1.354807,1.486805,0.876532,1.086745,1.440684,1.163596,1.391896,1.405846,1.350254,0.778521,0.855106,1.158087,1.365620,1.460852,1.435952,1.446520,1.159364,1.439231,1.514016,1.438528,1.466596,1.382838,0.968502,1.311951,0.945750,1.349984,1.541747,1.333301,1.348731,1.350254,1.464463,1.421335,1.150658,1.432818,1.364237
1.574210,1.017116,0.000000,0.705566,0.844509,0.701822,0.670659,0.735424,0.501659,1.847335,0.687876,1.136861,0.518095,1.707060,0.637934,0.348458,1.137647,1.848281,0.839478,0.603328,0.625128,0.849906,0.693927,1.190803,0.704858,1.769674,0.296677,0.428381,1.795008,0.447713,1.635222,0.637934,0.669624,1.810523,0.592527,0.424183,0.454327,1.648923,0.798319,0.832896,0.188517,1.059951,0.853435,0.622167,0.610270,0.454215,0.273753,0.316453,0.645791,1.461418,1.244205,0.447713,0.273753,1.718609,0.764056,0.854682,1.599499,0.282214,0.843194,0.398890,0.648408,1.878925,0.430299,1.129901,0.669406,0.655714,0.800767,0.248293,1.619271,0.713230,0.296677,0.670638,0.722772,0.596941,0.395000,0.544486,1.678804,0.618336,0.775407,1.873557,0.798466,1.685088,1.890534,0.802066,0.718265,0.748617,0.639870,0.590802,1.453551,0.130902,1.817244,0.856980,0.576154,0.588059,0.596941,0.766554,0.707512,0.346224,0.700805,0.621499
1.863814,1.419677,0.705566,0.000000,0.254930,0.081623,0.081510,1.235254,0.911725,1.928747,0.278468,1.025480,0.842537,1.767906,0.136655,0.580780,1.126614,1.972535,0.214546,0.195192,0.189837,0.365907,0.172851,0.722979,0.171703,1.963487,0.462643,0.510821,1.932500,0.326434,1.395876,0.136655,0.207156,1.864753,0.204427,0.701209,1.014823,1.886548,0.195699,0.216720,0.573655,1.469114,0.282729,0.180567,0.210534,0.989030,0.510341,0.441910,0.250684,1.742096,1.556493,0.326434,0.510341,1.913798,0.305286,0.320181,1.867463,0.629835,0.265537,0.925266,0.220044,1.968067,0.653826,1.541504,0.243446,0.278156,0.218337,0.846057,1.871686,0.170615,0.462643,0.254876,0.281305,0.197902,0.999431,1.036260,1.859828,0.140353,0.217953,1.958903,0.349140,1.915006,1.985152,0.324632,0.183601,0.181795,0.174323,0.935661,1.652865,0.765141,1.957515,0.314382,0.228518,0.209944,0.197902,0.205984,0.279827,0.554751,0.172274,0.205105
1.905293,1.523130,0.844509,0.254930,0.000000,0.256496,0.306826,1.361031,1.067339,1.897551,0.401608,1.106316,0.861961,1.720538,0.264646,0.723446,1.226412,1.962584,0.264327,0.372252,0.372061,0.378346,0.330511,0.541023,0.266955,1.976641,0.626582,0.633946,1.949958,0.494030,1.246937,0.264646,0.290424,1.803819,0.383400,0.829749,1.161635,1.924248,0.198210,0.186933,0.729329,1.584932,0.191503,0.354231,0.390282,1.108100,0.677208,0.603798,0.376454,1.761351,1.623092,0.494030,0.677208,1.955999,0.401455,0.357143,1.882505,0.802644,0.357582,1.063081,0.417854,1.951571,0.800149,1.583909,0.338279,0.397268,0.242652,0.991546,1.886373,0.296425,0.626582,0.380852,0.398413,0.386179,1.132946,1.146911,1.917095,0.347838,0.287873,1.939009,0.364914,1.949722,1.963246,0.290670,0.269645,0.258758,0.342722,1.086258,1.602299,0.912014,1.948810,0.270201,0.423717,0.397872,0.386179,0.262386,0.361237,0.655253,0.310174,0.398543
1.859253,1.415445,0.701822,0.081623,0.256496,0.000000,0.137371,1.224670,0.906747,1.929450,0.267883,1.029408,0.836241,1.771023,0.139546,0.573179,1.127325,1.970565,0.241584,0.207775,0.191798,0.386139,0.175823,0.732784,0.193559,1.961860,0.463637,0.504076,1.933152,0.335076,1.400651,0.139546,0.222206,1.865776,0.215428,0.692203,1.007542,1.883909,0.163729,0.197662,0.573373,1.461222,0.297546,0.198956,0.230304,0.981330,0.507655,0.445341,0.210568,1.740300,1.548309,0.335076,0.507655,1.910503,0.317957,0.326965,1.863677,0.626105,0.286527,0.915907,0.240840,1.967882,0.648357,1.527176,0.250539,0.247008,0.228793,0.840861,1.874267,0.189304,0.463637,0.274980,0.282884,0.212195,0.992184,1.022745,1.860201,0.169933,0.208312,1.958420,0.330163,1.914850,1.983347,0.330585,0.201492,0.200337,0.187616,0.934355,1.650311,0.760072,1.954530,0.333421,0.238018,0.223760,0.212195,0.211860,0.298407,0.560121,0.189477,0.215998
1.852831,1.401087,0.670659,0.081510,0.306826,0.137371,0.000000,1.211964,0.881728,1.933341,0.285268,1.041462,0.831122,1.773521,0.148277,0.552870,1.135911,1.972468,0.241587,0.173843,0.166515,0.364860,0.165058,0.754150,0.177348,1.957608,0.422268,0.487883,1.930627,0.286363,1.417623,0.148277,0.199327,1.874648,0.181604,0.683167,0.984388,1.877443,0.250424,0.270786,0.534140,1.450116,0.305707,0.153241,0.172453,0.956857,0.472536,0.402132,0.256605,1.737826,1.540049,0.286363,0.472536,1.908684,0.315505,0.336867,1.861144,0.594226,0.284239,0.893047,0.175112,1.970702,0.624277,1.526550,0.227369,0.275114,0.245875,0.811719,1.865438,0.170721,0.422268,0.226247,0.294901,0.168272,0.970772,1.009308,1.850721,0.088436,0.257035,1.962149,0.362677,1.905713,1.987859,0.350619,0.192840,0.194025,0.159108,0.913308,1.654764,0.731946,1.958446,0.333409,0.193921,0.176698,0.168272,0.229436,0.259116,0.518373,0.166365,0.174031
1.130114,0.667899,0.735424,1.235254,1.361031,1.224670,1.211964,0.000000,0.506593,1.549094,1.211032,1.186930,0.999139,1.489691,1.198105,0.786597,1.118497,1.526144,1.332296,1.153644,1.156818,1.340924,1.214847,1.616709,1.247964,1.404037,0.927081,0.880298,1.409005,1.054128,1.806308,1.198105,1.226077,1.588149,1.143022,0.828243,0.380889,1.238743,1.322079,1.350674,0.851439,0.656690,1.380909,1.179009,1.170577,0.484221,0.863720,0.939730,1.183700,1.105508,1.061001,1.054128,0.863720,1.287887,1.280044,1.332034,1.230833,0.757872,1.322864,0.594688,1.179977,1.563534,0.788757,0.810217,1.233655,1.191532,1.316133,0.593057,1.219720,1.250212,0.927081,1.216537,1.238691,1.149841,0.408336,0.440153,1.293150,1.170157,1.290017,1.568894,1.311344,1.278533,1.582345,1.327160,1.246577,1.282892,1.180788,0.726077,1.313026,0.631403,1.471439,1.386111,1.124339,1.146168,1.149841,1.285148,1.260486,0.936125,1.237342,1.162077
1.416044,0.866518,0.501659,0.911725,1.067339,0.906747,0.881728,0.506593,0.000000,1.728379,0.901178,1.047231,0.852911,1.615068,0.883847,0.516500,1.023471,1.734944,1.019501,0.824297,0.827960,1.040375,0.888797,1.372686,0.932042,1.648498,0.631048,0.600174,1.639616,0.738960,1.745451,0.883847,0.901012,1.738573,0.812028,0.504526,0.412687,1.502222,1.021942,1.050181,0.579358,0.845757,1.080795,0.855086,0.846584,0.454666,0.577423,0.623337,0.876220,1.345037,1.231695,0.738960,0.577423,1.537667,0.975623,1.022652,1.496029,0.515810,1.014379,0.449364,0.859669,1.757050,0.500225,1.088661,0.925350,0.875521,0.996280,0.458815,1.475339,0.926861,0.631048,0.899198,0.930636,0.826545,0.399333,0.373030,1.504135,0.833860,0.986065,1.753460,1.000951,1.532392,1.777974,1.018475,0.922243,0.961308,0.853598,0.563333,1.464165,0.410277,1.698763,1.073609,0.799804,0.823565,0.826545,0.962507,0.953526,0.667460,0.915301,0.836463
0.872589,1.431759,1.847335,1.928747,1.897551,1.929450,1.933341,1.549094,1.728379,0.000000,1.941220,1.639074,1.778454,0.516476,1.936504,1.848518,1.621144,0.543502,1.907480,1.935227,1.934885,1.896232,1.933888,1.747328,1.923792,0.624406,1.912587,1.855011,0.651171,1.933249,1.295722,1.936504,1.922123,0.450478,1.935001,1.818668,1.718564,0.801655,1.924308,1.923233,1.895298,1.425891,1.903859,1.939466,1.946269,1.708352,1.897244,1.908453,1.939970,0.879508,1.373144,1.933249,1.897244,0.781065,1.928099,1.908956,0.768773,1.879269,1.916986,1.749036,1.948303,0.450861,1.853258,1.299296,1.933603,1.939926,1.920118,1.799960,0.710735,1.933914,1.912587,1.931626,1.929926,1.938834,1.714680,1.656225,0.824382,1.934977,1.930542,0.249869,1.922820,0.693811,0.445275,1.889362,1.920292,1.928103,1.932760,1.790112,1.039178,1.819653,0.507001,1.911625,1.942147,1.942263,1.938834,1.924912,1.928385,1.870032,1.933957,1.945308
1.844537,1.373995,0.687876,0.278468,0.401608,0.267883,0.285268,1.211032,0.901178,1.941220,0.000000,1.019998,0.855625,1.798444,0.279977,0.603509,1.104881,1.961239,0.338766,0.273800,0.254911,0.413975,0.263221,0.812067,0.286540,1.952801,0.444638,0.557906,1.927019,0.319781,1.469827,0.279977,0.286365,1.898226,0.276256,0.704436,0.979984,1.873792,0.293648,0.307479,0.543022,1.454577,0.447979,0.257351,0.252592,0.980598,0.498001,0.458060,0.228222,1.767757,1.541715,0.319781,0.498001,1.887391,0.212370,0.384175,1.879636,0.588062,0.320843,0.919707,0.299655,1.964201,0.673732,1.527460,0.292591,0.242863,0.307123,0.815662,1.865275,0.271908,0.444638,0.302127,0.187791,0.258146,0.975984,1.045808,1.836064,0.266451,0.207798,1.961142,0.305776,1.906121,1.982827,0.436251,0.287377,0.287307,0.264650,0.924780,1.671518,0.745528,1.948395,0.386608,0.270237,0.262671,0.258146,0.289132,0.321387,0.580290,0.281355,0.256007
1.567495,1.299286,1.136861,1.025480,1.106316,1.029408,1.041462,1.186930,1.047231,1.639074,1.019998,0.000000,1.323658,1.571956,1.065053,1.080592,0.262512,1.676795,1.029865,1.035648,1.031368,1.153553,1.032351,1.302633,1.066840,1.645504,1.068516,1.080417,1.537936,1.041136,1.615810,1.065053,1.084888,1.656489,1.033223,0.981191,1.159638,1.618933,1.068979,1.069506,1.089905,1.230296,1.164242,1.051909,1.030286,1.249062,1.068615,1.077998,1.069966,1.449182,1.502875,1.041136,1.068615,1.505833,0.998343,1.053759,1.637256,1.062888,0.977758,1.171058,1.037912,1.631345,1.047069,1.569135,1.136839,1.096765,1.037248,1.147727,1.550459,1.046747,1.068516,1.106919,0.975223,1.040679,1.182271,1.244871,1.481836,1.046784,1.010777,1.641700,1.144608,1.617968,1.675041,1.016893,1.050073,1.059443,1.043306,0.963774,1.630499,1.119338,1.622261,1.115065,1.038150,1.045693,1.040679,1.029457,1.150737,1.197856,1.043317,1.034891
1.588018,1.206451,0.518095,0.842537,0.861961,0.836241,0.831122,0.999139,0.852911,1.778454,0.855625,1.323658,0.000000,1.636109,0.767658,0.711201,1.324422,1.821966,0.948728,0.791534,0.827682,0.949510,0.861290,1.079176,0.823747,1.747836,0.638625,0.728385,1.807184,0.703996,1.443332,0.767658,0.780901,1.670975,0.788813,0.618614,0.786821,1.682178,0.867554,0.893375,0.592941,1.213195,0.859603,0.796793,0.807341,0.762871,0.653179,0.633675,0.804913,1.415576,1.249474,0.703996,0.653179,1.773864,0.897928,0.983092,1.538439,0.682096,0.974338,0.674323,0.847781,1.837726,0.764070,1.170172,0.772125,0.809292,0.897709,0.632474,1.611830,0.849765,0.638625,0.819105,0.868209,0.795789,0.684843,0.782931,1.738004,0.805321,0.880176,1.813246,0.874255,1.695964,1.829656,0.842183,0.846037,0.859534,0.813054,0.868940,1.296821,0.583385,1.768524,0.895378,0.798770,0.789250,0.795789,0.880722,0.815424,0.545131,0.845203,0.827343
1.130593,1.414094,1.707060,1.767906,1.720538,1.771023,1.773521,1.489691,1.615068,0.516476,1.798444,1.571956,1.636109,0.000000,1.775678,1.684058,1.612219,0.919257,1.745107,1.778874,1.778340,1.729680,1.777844,1.568607,1.753907,1.005512,1.758468,1.678155,1.008788,1.773428,1.131594,1.775678,1.746719,0.574104,1.779034,1.675275,1.631463,1.083661,1.766223,1.767079,1.751074,1.488557,1.734388,1.783492,1.796837,1.584773,1.744256,1.756171,1.787491,0.917238,1.485555,1.773428,1.744256,1.128972,1.782906,1.748323,0.979060,1.754839,1.767464,1.625221,1.813096,0.857769,1.716749,1.246858,1.776431,1.789583,1.755490,1.678899,0.909893,1.775995,1.758468,1.775100,1.782326,1.783580,1.611921,1.524399,1.154240,1.773409,1.781791,0.728708,1.770243,0.999679,0.867500,1.717371,1.749387,1.766202,1.774635,1.733377,0.954796,1.688345,0.864847,1.747795,1.795518,1.791426,1.783580,1.764006,1.768747,1.693976,1.776127,1.801449
1.851033,1.385720,0.637934,0.136655,0.264646,0.139546,0.148277,1.198105,0.883847,1.936504,0.279977,1.065053,0.767658,1.775678,0.000000,0.529866,1.155704,1.970839,0.300110,0.179333,0.190653,0.386548,0.202651,0.755410,0.187554,1.958260,0.398358,0.465108,1.936825,0.270422,1.410131,0.000000,0.197350,1.871383,0.184476,0.662750,0.962714,1.880874,0.230422,0.256147,0.505323,1.446088,0.298960,0.172837,0.196120,0.929651,0.450227,0.387252,0.221335,1.730197,1.535684,0.270422,0.450227,1.914724,0.342574,0.362606,1.852683,0.573856,0.344935,0.878343,0.236945,1.972108,0.603059,1.497889,0.221033,0.251489,0.252555,0.782665,1.860406,0.199129,0.398358,0.244040,0.318149,0.183105,0.942627,0.989398,1.864243,0.150081,0.263733,1.966394,0.347212,1.909347,1.987930,0.348359,0.204668,0.214527,0.177113,0.906713,1.625867,0.704155,1.954005,0.341878,0.208769,0.189760,0.183105,0.229252,0.264636,0.476355,0.199016,0.203553
1.653766,1.091004,0.348458,0.580780,0.723446,0.573179,0.552870,0.786597,0.516500,1.848518,0.603509,1.080592,0.711201,1.684058,0.529866,0.000000,1.129656,1.881673,0.703906,0.479759,0.487549,0.717994,0.559688,1.096180,0.579820,1.823492,0.289724,0.130135,1.824279,0.394563,1.590202,0.529866,0.566277,1.815519,0.467808,0.518374,0.573819,1.700654,0.694710,0.729474,0.315309,1.173699,0.747896,0.512803,0.521128,0.502383,0.222433,0.306198,0.558660,1.546265,1.391101,0.394563,0.222433,1.759798,0.686710,0.695691,1.690271,0.342460,0.723820,0.568003,0.556630,1.897923,0.378910,1.210095,0.586178,0.571728,0.670513,0.429729,1.660363,0.594348,0.289724,0.567480,0.642197,0.483655,0.548819,0.574402,1.726867,0.498647,0.670005,1.890072,0.705391,1.748135,1.912145,0.701111,0.578540,0.627301,0.507829,0.706476,1.489380,0.339774,1.853878,0.760987,0.464461,0.485004,0.483655,0.638502,0.617388,0.355136,0.583451,0.508745
1.455035,1.233071,1.137647,1.126614,1.226412,1.127325,1.135911,1.118497,1.023471,1.621144,1.104881,0.262512,1.324422,1.612219,1.155704,1.129656,0.000000,1.618108,1.150360,1.121879,1.121372,1.267339,1.129652,1.430211,1.173323,1.554001,1.113773,1.150361,1.456214,1.109558,1.704929,1.155704,1.187533,1.660246,1.117814,0.990623,1.107552,1.528016,1.173262,1.175663,1.112774,1.097635,1.272232,1.140038,1.112983,1.232771,1.108173,1.121771,1.151594,1.390169,1.389157,1.109558,1.108173,1.395125,1.094934,1.172630,1.554270,1.069711,1.089482,1.137822,1.111347,1.583649,1.065387,1.517893,1.221135,1.174432,1.154365,1.126382,1.484231,1.147262,1.113773,1.193335,1.066404,1.125972,1.136537,1.222950,1.367101,1.136465,1.110310,1.597452,1.238360,1.516731,1.619773,1.131658,1.161354,1.166361,1.136028,0.893365,1.636879,1.110233,1.560300,1.230243,1.114756,1.126147,1.125972,1.139864,1.240118,1.247036,1.141860,1.115334
0.717908,1.358289,1.848281,1.972535,1.962584,1.970565,1.972468,1.526144,1.734944,0.543502,1.961239,1.676795,1.821966,0.919257,1.970839,1.881673,1.618108,0.000000,1.966701,1.967367,1.969086,1.956678,1.973732,1.859847,1.974717,0.469038,1.926279,1.902247,0.460838,1.955490,1.472968,1.970839,1.974265,0.761168,1.966165,1.849410,1.685817,0.623839,1.968321,1.967770,1.897064,1.314744,1.968798,1.971880,1.972404,1.702749,1.911010,1.924922,1.959645,0.935321,1.255874,1.955490,1.911010,0.542821,1.961695,1.960129,0.669318,1.869575,1.964306,1.756208,1.966500,0.415060,1.859879,1.245730,1.973829,1.957957,1.973710,1.784225,0.705419,1.976174,1.926279,1.969298,1.962505,1.967556,1.698588,1.676652,0.722140,1.970170,1.968995,0.450704,1.958030,0.573585,0.337533,1.964007,1.972130,1.977010,1.970077,1.724401,1.141102,1.818140,0.421993,1.969930,1.963725,1.967101,1.967556,1.972301,1.971630,1.903309,1.974943,1.968066
1.895605,1.492805,0.839478,0.214546,0.264327,0.241584,0.241587,1.332296,1.019501,1.907480,0.338766,1.029865,0.948728,1.745107,0.300110,0.703906,1.150360,1.966701,0.000000,0.310497,0.292453,0.321994,0.237135,0.618510,0.226952,1.972773,0.598183,0.621136,1.929277,0.451560,1.339918,0.300110,0.270066,1.838555,0.321100,0.809957,1.140133,1.908895,0.252748,0.240353,0.707470,1.561695,0.302633,0.288610,0.312607,1.104788,0.648548,0.572952,0.378188,1.779537,1.611998,0.451560,0.648548,1.929638,0.281652,0.291254,1.903322,0.764843,0.160789,1.047692,0.316768,1.953548,0.770308,1.608572,0.318396,0.386189,0.191415,0.982767,1.889864,0.219599,0.598183,0.321883,0.283676,0.317863,1.127056,1.142948,1.877630,0.286943,0.221654,1.940866,0.376893,1.941921,1.973529,0.304496,0.218134,0.196316,0.274528,1.052825,1.674505,0.898412,1.957981,0.278085,0.348319,0.330610,0.317863,0.202092,0.322688,0.687520,0.232006,0.311640
1.832435,1.357803,0.603328,0.195192,0.372252,0.207775,0.173843,1.153644,0.824297,1.935227,0.273800,1.035648,0.791534,1.778874,0.179333,0.479759,1.121879,1.967367,0.310497,0.000000,0.125598,0.382685,0.159050,0.805109,0.151129,1.948483,0.351348,0.423664,1.924439,0.224055,1.463420,0.179333,0.200443,1.883984,0.020688,0.618766,0.923664,1.868653,0.323370,0.344639,0.462461,1.408035,0.391749,0.085489,0.152940,0.894242,0.398668,0.336400,0.267360,1.728646,1.528552,0.224055,0.398668,1.897212,0.318793,0.348684,1.853227,0.530207,0.335342,0.839728,0.194837,1.973835,0.562354,1.481435,0.238156,0.273736,0.255953,0.746750,1.848893,0.166089,0.351348,0.214718,0.293628,0.066940,0.907958,0.950409,1.839421,0.136351,0.283315,1.963021,0.376844,1.897204,1.989065,0.366656,0.168024,0.202932,0.057079,0.870083,1.638515,0.664179,1.956291,0.363163,0.099772,0.086151,0.066940,0.222470,0.259423,0.470589,0.160872,0.117321
1.836423,1.364360,0.625128,0.189837,0.372061,0.191798,0.166515,1.156818,0.827960,1.934885,0.254911,1.031368,0.827682,1.778340,0.190653,0.487549,1.121372,1.969086,0.292453,0.125598,0.000000,0.360200,0.087193,0.819419,0.176885,1.946929,0.368674,0.426350,1.923826,0.238116,1.468382,0.190653,0.177825,1.887831,0.127635,0.637849,0.933462,1.869848,0.307718,0.327255,0.483795,1.419894,0.396585,0.097349,0.137817,0.897820,0.412979,0.355044,0.243952,1.740890,1.542074,0.238116,0.412979,1.893486,0.321757,0.325138,1.865010,0.539290,0.312194,0.847727,0.179550,1.972134,0.570886,1.489032,0.233124,0.262891,0.245996,0.764714,1.851859,0.142922,0.368674,0.204033,0.290331,0.104132,0.922829,0.957622,1.838180,0.126387,0.265148,1.962685,0.371555,1.900681,1.989565,0.379045,0.176801,0.185956,0.111745,0.888994,1.648691,0.680937,1.959269,0.361452,0.103786,0.106748,0.104132,0.213472,0.253944,0.496787,0.129969,0.080771
1.901396,1.482920,0.849906,0.365907,0.378346,0.386139,0.364860,1.340924,1.040375,1.896232,0.413975,1.153553,0.949510,1.729680,0.386548,0.717994,1.267339,1.956678,0.321994,0.382685,0.360200,0.000000,0.321194,0.688864,0.311276,1.958093,0.613395,0.644790,1.935780,0.489588,1.323748,0.386548,0.327966,1.843102,0.391442,0.849991,1.146607,1.911995,0.399998,0.390839,0.718290,1.575480,0.383808,0.357413,0.380504,1.093965,0.659996,0.612397,0.446849,1.817840,1.650224,0.489588,0.659996,1.930836,0.389200,0.325365,1.920340,0.792507,0.359939,1.055628,0.406309,1.949119,0.800283,1.600337,0.285846,0.438080,0.297488,0.985023,1.879509,0.305988,0.613395,0.255594,0.425374,0.382125,1.129479,1.143615,1.870620,0.367292,0.384009,1.931594,0.406023,1.926035,1.968541,0.422535,0.306415,0.286754,0.349439,1.101603,1.654279,0.907741,1.956115,0.308353,0.404385,0.391235,0.382125,0.315277,0.220310,0.690044,0.318307,0.376705
1.858735,1.414337,0.693927,0.172851,0.330511,0.175823,0.165058,1.214847,0.888797,1.933888,0.263221,1.032351,0.861290,1.777844,0.202651,0.559688,1.129652,1.973732,0.237135,0.159050,0.087193,0.321194,0.000000,0.770223,0.147216,1.957032,0.440899,0.493156,1.929784,0.301886,1.435201,0.202651,0.166017,1.881749,0.167565,0.680674,1.000509,1.890303,0.271120,0.281683,0.554103,1.461027,0.350169,0.119229,0.164789,0.964256,0.487663,0.426391,0.261322,1.760724,1.567407,0.301886,0.487663,1.908730,0.298348,0.287508,1.883331,0.611159,0.257931,0.906087,0.190437,1.972257,0.627887,1.530660,0.223371,0.276006,0.188193,0.833898,1.873844,0.090188,0.440899,0.199666,0.276250,0.146629,0.988583,1.015590,1.852588,0.154704,0.230468,1.961523,0.349224,1.917714,1.989203,0.341930,0.145806,0.127549,0.124573,0.940247,1.663937,0.751537,1.963308,0.310912,0.162079,0.152616,0.146629,0.162579,0.235619,0.558402,0.076425,0.119428
1.914535,1.703215,1.190803,0.722979,0.541023,0.732784,0.754150,1.616709,1.372686,1.747328,0.812067,1.302633,1.079176,1.568607,0.755410,1.096180,1.430211,1.859847,0.618510,0.805109,0.819419,0.688864,0.770223,0.000000,0.692707,1.920202,1.028248,1.001887,1.903398,0.915157,0.941978,0.755410,0.714471,1.610614,0.816171,1.161903,1.481673,1.906785,0.648841,0.625645,1.108571,1.771164,0.558460,0.794097,0.826245,1.392853,1.077465,0.994962,0.818828,1.758982,1.706993,0.915157,1.077465,1.952165,0.759495,0.703798,1.845833,1.197136,0.713486,1.374171,0.839883,1.832324,1.167849,1.670128,0.748861,0.810461,0.653712,1.336119,1.848584,0.730611,1.028248,0.788033,0.778566,0.826773,1.440030,1.407151,1.932209,0.792738,0.702246,1.809309,0.691897,1.925608,1.833616,0.605391,0.694084,0.683577,0.774543,1.395937,1.513319,1.258478,1.854363,0.588983,0.864018,0.838512,0.826773,0.685730,0.747346,0.998179,0.746938,0.839947
1.872620,1.435681,0.704858,0.171703,0.266955,0.193559,0.177348,1.247964,0.932042,1.923792,0.286540,1.066840,0.823747,1.753907,0.187554,0.579820,1.173323,1.974717,0.226952,0.151129,0.176885,0.311276,0.147216,0.692707,0.000000,1.967241,0.456348,0.505230,1.944165,0.314334,1.380748,0.187554,0.133400,1.857765,0.167347,0.704909,1.031017,1.903979,0.254083,0.263942,0.568614,1.492921,0.293153,0.128851,0.201689,0.988219,0.509125,0.441327,0.293554,1.752136,1.582112,0.314334,0.509125,1.932190,0.293718,0.296383,1.877791,0.643513,0.284828,0.931509,0.247568,1.972431,0.667743,1.532126,0.217106,0.301181,0.161411,0.852761,1.873504,0.112585,0.456348,0.213209,0.288293,0.159356,1.010536,1.038702,1.877130,0.179644,0.236686,1.958539,0.333830,1.929497,1.987486,0.296629,0.078416,0.109478,0.110025,0.973764,1.628268,0.772082,1.962334,0.249384,0.208089,0.177493,0.159356,0.153926,0.223877,0.535064,0.122598,0.191574
0.517098,1.262884,1.769674,1.963487,1.976641,1.961860,1.957608,1.404037,1.648498,0.624406,1.952801,1.645504,1.747836,1.005512,1.958260,1.823492,1.554001,0.469038,1.972773,1.948483,1.946929,1.958093,1.957032,1.920202,1.967241,0.000000,1.872307,1.856302,0.442670,1.918389,1.566486,1.958260,1.962370,0.820690,1.946317,1.775814,1.578304,0.521863,1.972779,1.975804,1.831908,1.165046,1.973034,1.951745,1.947784,1.611182,1.850784,1.873312,1.946886,0.837097,1.097017,1.918389,1.850784,0.434481,1.960683,1.962580,0.587247,1.799681,1.964554,1.632730,1.942912,0.482690,1.790276,1.174125,1.958785,1.946485,1.977654,1.690759,0.562735,1.963747,1.872307,1.951315,1.956475,1.946241,1.592149,1.579512,0.564160,1.950184,1.968050,0.493770,1.956086,0.417270,0.428224,1.955587,1.968446,1.969645,1.954054,1.640742,1.148319,1.732760,0.459257,1.973277,1.937225,1.943286,1.946241,1.974447,1.957736,1.855528,1.960766,1.943970
1.716596,1.163596,0.296677,0.462643,0.626582,0.463637,0.422268,0.927081,0.631048,1.912587,0.444638,1.068516,0.638625,1.758468,0.398358,0.289724,1.113773,1.926279,0.598183,0.351348,0.368674,0.613395,0.440899,1.028248,0.456348,1.872307,0.000000,0.313944,1.875390,0.177009,1.569520,0.398358,0.432465,1.875284,0.340776,0.478077,0.654013,1.767428,0.567958,0.601884,0.131061,1.233169,0.635275,0.366909,0.348302,0.640156,0.099537,0.155716,0.412394,1.615235,1.391707,0.177009,0.099537,1.813975,0.527664,0.613788,1.747094,0.272758,0.600600,0.593148,0.401516,1.941260,0.419022,1.307604,0.433835,0.425514,0.555231,0.448419,1.742757,0.462958,0.000000,0.423368,0.489999,0.338019,0.634513,0.734824,1.766376,0.363413,0.537067,1.939670,0.574907,1.800963,1.958647,0.597484,0.470354,0.501681,0.386317,0.688877,1.561014,0.366434,1.902606,0.626654,0.319949,0.331213,0.338019,0.522754,0.466638,0.288382,0.451210,0.365001
1.700760,1.172267,0.428381,0.510821,0.633946,0.504076,0.487883,0.880298,0.600174,1.855011,0.557906,1.080417,0.728385,1.678155,0.465108,0.130135,1.150361,1.902247,0.621136,0.423664,0.426350,0.644790,0.493156,1.001887,0.505230,1.856302,0.313944,0.000000,1.853986,0.366956,1.528637,0.465108,0.492339,1.807422,0.413544,0.563109,0.688627,1.740140,0.622497,0.655213,0.372993,1.254800,0.668215,0.454559,0.469398,0.591056,0.278519,0.302889,0.515945,1.580855,1.440616,0.366956,0.278519,1.802022,0.634293,0.618939,1.727049,0.425387,0.656591,0.652973,0.509891,1.911922,0.417004,1.263418,0.528418,0.531866,0.592463,0.543042,1.692506,0.525086,0.313944,0.513659,0.589734,0.433677,0.657536,0.651198,1.774559,0.438650,0.601629,1.903265,0.648364,1.790941,1.926214,0.614236,0.499841,0.551323,0.444158,0.775463,1.490651,0.441659,1.875940,0.680874,0.420707,0.437884,0.433677,0.563167,0.560924,0.360022,0.516404,0.458991
0.639916,1.299437,1.795008,1.932500,1.949958,1.933152,1.930627,1.409005,1.639616,0.651171,1.927019,1.537936,1.807184,1.008788,1.936825,1.824279,1.456214,0.460838,1.929277,1.924439,1.923826,1.935780,1.929784,1.903398,1.944165,0.442670,1.875390,1.853986,0.000000,1.909961,1.584297,1.936825,1.946382,0.839286,1.922060,1.769212,1.594477,0.601556,1.946714,1.946786,1.843593,1.198995,1.955218,1.930748,1.925547,1.647498,1.852966,1.877948,1.929526,0.875259,1.184777,1.909961,1.852966,0.405146,1.924094,1.930227,0.698121,1.796623,1.915020,1.667402,1.915825,0.521294,1.776697,1.285216,1.947104,1.929705,1.945241,1.713389,0.661817,1.937485,1.875390,1.935920,1.921121,1.923366,1.615626,1.610096,0.558080,1.927867,1.936001,0.530887,1.942562,0.526512,0.491250,1.943373,1.941626,1.944141,1.930028,1.635778,1.289175,1.751078,0.526245,1.956444,1.915236,1.922343,1.923366,1.941228,1.944477,1.878687,1.934123,1.920470
1.784562,1.272329,0.447713,0.326434,0.494030,0.335076,0.286363,1.054128,0.738960,1.933249,0.319781,1.041136,0.703996,1.773428,0.270422,0.394563,1.109558,1.955490,0.451560,0.224055,0.238116,0.489588,0.301886,0.915157,0.314334,1.918389,0.177009,0.366956,1.909961,0.000000,1.509615,0.270422,0.292571,1.888987,0.217062,0.542191,0.799529,1.826453,0.433195,0.460987,0.286272,1.332136,0.509663,0.226430,0.188770,0.780713,0.254986,0.201871,0.309514,1.676746,1.459028,0.000000,0.254986,1.863590,0.392320,0.480286,1.808149,0.394242,0.456269,0.714566,0.271706,1.960597,0.483408,1.405177,0.313489,0.330645,0.406566,0.605811,1.802921,0.317544,0.177009,0.297221,0.358608,0.205894,0.783180,0.860721,1.813072,0.230823,0.394777,1.960937,0.463129,1.855927,1.982151,0.468243,0.327658,0.354537,0.252387,0.773899,1.602529,0.521553,1.933854,0.482612,0.198703,0.200368,0.205894,0.376331,0.344576,0.358747,0.308033,0.233279
1.689865,1.826454,1.635222,1.395876,1.246937,1.400651,1.417623,1.806308,1.745451,1.295722,1.469827,1.615810,1.443332,1.131594,1.410131,1.590202,1.704929,1.472968,1.339918,1.463420,1.468382,1.323748,1.435201,0.941978,1.380748,1.566486,1.569520,1.528637,1.584297,1.509615,0.000000,1.410131,1.385254,1.114081,1.470491,1.635868,1.786918,1.637155,1.328618,1.315889,1.609378,1.849476,1.238337,1.451298,1.466052,1.707060,1.595737,1.552558,1.454850,1.547209,1.673367,1.509615,1.595737,1.691549,1.424499,1.371828,1.544104,1.675460,1.378401,1.702153,1.478877,1.407513,1.606848,1.630803,1.395683,1.460421,1.351948,1.713185,1.542032,1.406240,1.569520,1.429335,1.440011,1.475377,1.746535,1.677664,1.732343,1.444286,1.383874,1.389707,1.372339,1.582473,1.380067,1.282939,1.382608,1.374249,1.445000,1.738713,1.254192,1.679058,1.465816,1.285036,1.501999,1.482713,1.475377,1.376579,1.388513,1.502824,1.414168,1.486753
1.851033,1.385720,0.637934,0.136655,0.264646,0.139546,0.148277,1.198105,0.883847,1.936504,0.279977,1.065053,0.767658,1.775678,0.000000,0.529866,1.155704,1.970839,0.300110,0.179333,0.190653,0.386548,0.202651,0.755410,0.187554,1.958260,0.398358,0.465108,1.936825,0.270422,1.410131,0.000000,0.197350,1.871383,0.184476,0.662750,0.962714,1.880874,0.230422,0.256147,0.505323,1.446088,0.298960,0.172837,0.196120,0.929651,0.450227,0.387252,0.221335,1.730197,1.535684,0.270422,0.450227,1.914724,0.342574,0.362606,1.852683,0.573856,0.344935,0.878343,0.236945,1.972108,0.603059,1.497889,0.221033,0.251489,0.252555,0.782665,1.860406,0.199129,0.398358,0.244040,0.318149,0.183105,0.942627,0.989398,1.864243,0.150081,0.263733,1.966394,0.347212,1.909347,1.987930,0.348359,0.204668,0.214527,0.177113,0.906713,1.625867,0.704155,1.954005,0.341878,0.208769,0.189760,0.183105,0.229252,0.264636,0.476355,0.199016,0.203553
1.861657,1.421020,0.669624,0.207156,0.290424,0.222206,0.199327,1.226077,0.901012,1.922123,0.286365,1.084888,0.780901,1.746719,0.197350,0.566277,1.187533,1.974265,0.270066,0.200443,0.177825,0.327966,0.166017,0.714471,0.133400,1.962370,0.432465,0.492339,1.946382,0.292571,1.385254,0.197350,0.000000,1.853783,0.210874,0.669920,1.004836,1.897773,0.274744,0.288436,0.539847,1.474292,0.311938,0.154043,0.203135,0.956926,0.490019,0.414461,0.274736,1.738406,1.566524,0.292571,0.490019,1.931697,0.321771,0.335484,1.866839,0.616897,0.320944,0.893754,0.264077,1.970569,0.648300,1.507940,0.198918,0.283086,0.197794,0.824431,1.864397,0.143607,0.432465,0.216858,0.310100,0.191334,0.980356,1.006160,1.877609,0.182845,0.264740,1.958777,0.326609,1.924003,1.988020,0.313647,0.135291,0.141178,0.172176,0.954610,1.600346,0.740770,1.958700,0.245106,0.226168,0.198355,0.191334,0.188782,0.219170,0.496889,0.152343,0.209739
1.006217,1.513627,1.810523,1.864753,1.803819,1.865776,1.874648,1.588149,1.738573,0.450478,1.898226,1.656489,1.670975,0.574104,1.871383,1.815519,1.660246,0.761168,1.838555,1.883984,1.887831,1.843102,1.881749,1.610614,1.857765,0.820690,1.875284,1.807422,0.839286,1.888987,1.114081,1.871383,1.853783,0.000000,1.885020,1.779611,1.740205,0.974485,1.852530,1.851998,1.863239,1.501227,1.813891,1.886096,1.899740,1.703230,1.866023,1.864960,1.890833,0.858251,1.393801,1.888987,1.866023,1.013466,1.873683,1.857058,0.813358,1.868748,1.863114,1.735285,1.907006,0.691367,1.829218,1.311214,1.873472,1.892858,1.854446,1.793458,0.800999,1.874503,1.875284,1.887296,1.875427,1.891158,1.709854,1.632502,1.123545,1.882211,1.870839,0.577595,1.863255,0.939569,0.612004,1.806541,1.855695,1.862706,1.879562,1.792246,0.924629,1.795890,0.720811,1.834423,1.900442,1.895842,1.891158,1.862277,1.875688,1.812055,1.875558,1.902822
1.827680,1.348519,0.592527,0.204427,0.383400,0.215428,0.181604,1.143022,0.812028,1.935001,0.276256,1.033223,0.788813,1.779034,0.184476,0.467808,1.117814,1.966165,0.321100,0.020688,0.127635,0.391442,0.167565,0.816171,0.167347,1.946317,0.340776,0.413544,1.922060,0.217062,1.470491,0.184476,0.210874,1.885020,0.000000,0.610155,0.912024,1.864170,0.333651,0.356043,0.451712,1.400013,0.403746,0.095660,0.156449,0.882641,0.386828,0.326233,0.267778,1.725663,1.523342,0.217062,0.386828,1.893463,0.324629,0.355024,1.850584,0.519298,0.343325,0.830028,0.198371,1.973314,0.550810,1.474463,0.244935,0.274739,0.268062,0.735352,1.844706,0.177486,0.340776,0.221842,0.297770,0.072444,0.896486,0.939640,1.835853,0.140461,0.292025,1.962703,0.384513,1.893387,1.988587,0.374899,0.181225,0.215509,0.074019,0.861326,1.638240,0.652338,1.955549,0.377696,0.096835,0.088877,0.072444,0.232555,0.267564,0.464249,0.171478,0.119624
1.594977,1.089733,0.424183,0.701209,0.829749,0.692203,0.683167,0.828243,0.504526,1.818668,0.704436,0.981191,0.618614,1.675275,0.662750,0.518374,0.990623,1.849410,0.809957,0.618766,0.637849,0.849991,0.680674,1.161903,0.704909,1.775814,0.478077,0.563109,1.769212,0.542191,1.635868,0.662750,0.669920,1.779611,0.610155,0.000000,0.621093,1.691707,0.781795,0.807591,0.445421,1.056791,0.848112,0.641856,0.641713,0.674072,0.468725,0.485198,0.663683,1.434315,1.309117,0.542191,0.468725,1.716269,0.751942,0.824189,1.615239,0.457947,0.800316,0.485173,0.673236,1.862655,0.511874,1.255773,0.699202,0.660210,0.765173,0.494946,1.629712,0.701489,0.478077,0.690118,0.707092,0.622495,0.574921,0.655408,1.661242,0.642245,0.756577,1.842626,0.779758,1.704299,1.877724,0.754945,0.705107,0.731213,0.647926,0.602234,1.507696,0.430024,1.804020,0.831876,0.611115,0.618970,0.622495,0.735839,0.733614,0.543974,0.691537,0.642270
1.342198,0.732721,0.454327,1.014823,1.161635,1.007542,0.984388,0.380889,0.412687,1.718564,0.979984,1.159638,0.786821,1.631463,0.962714,0.573819,1.107552,1.685817,1.140133,0.923664,0.933462,1.146607,1.000509,1.481673,1.031017,1.578304,0.654013,0.688627,1.594477,0.799529,1.786918,0.962714,1.004836,1.740205,0.912024,0.621093,0.000000,1.428658,1.106586,1.138933,0.565040,0.772231,1.171447,0.946940,0.936168,0.364248,0.589416,0.689225,0.943317,1.292134,1.117154,0.799529,0.589416,1.484441,1.063243,1.136835,1.411738,0.461771,1.127819,0.411602,0.951060,1.728325,0.608656,0.947358,1.000833,0.950132,1.111893,0.256058,1.418028,1.032002,0.654013,0.986464,1.022685,0.913781,0.165526,0.442810,1.444624,0.936540,1.077411,1.729683,1.090306,1.463627,1.743728,1.137668,1.037242,1.070216,0.957851,0.563080,1.404786,0.351557,1.646642,1.182567,0.887232,0.906931,0.913781,1.079445,1.029654,0.677339,1.018679,0.929515
0.402143,1.097101,1.648923,1.886548,1.924248,1.883909,1.877443,1.238743,1.502222,0.801655,1.873792,1.618933,1.682178,1.083661,1.880874,1.700654,1.528016,0.623839,1.908895,1.868653,1.869848,1.911995,1.890303,1.906785,1.903979,0.521863,1.767428,1.740140,0.601556,1.826453,1.637155,1.880874,1.897773,0.974485,1.864170,1.691707,1.428658,0.000000,1.908791,1.917678,1.721455,1.048009,1.924338,1.876257,1.869571,1.451945,1.740129,1.761075,1.863037,0.831759,0.851980,1.826453,1.740129,0.501208,1.889675,1.898847,0.585121,1.682362,1.901400,1.511410,1.861281,0.679532,1.672963,1.027589,1.891113,1.864578,1.925533,1.564325,0.657022,1.900280,1.767428,1.888309,1.880030,1.866497,1.448497,1.422226,0.646553,1.868195,1.902285,0.728323,1.896772,0.475752,0.676195,1.912198,1.905198,1.911361,1.878974,1.526351,1.173497,1.601669,0.646294,1.932440,1.852849,1.862871,1.866497,1.916117,1.901901,1.749392,1.895860,1.865170
1.888670,1.483471,0.798319,0.195699,0.198210,0.163729,0.250424,1.322079,1.021942,1.924308,0.293648,1.068979,0.867554,1.766223,0.230422,0.694710,1.173262,1.968321,0.252748,0.323370,0.307718,0.399998,0.271120,0.648841,0.254083,1.972779,0.567958,0.622497,1.946714,0.433195,1.328618,0.230422,0.274744,1.852530,0.333651,0.781795,1.106586,1.908791,0.000000,0.074917,0.670868,1.531064,0.250545,0.298138,0.324153,1.083634,0.619795,0.556213,0.253072,1.768796,1.576374,0.433195,0.619795,1.933521,0.330280,0.342184,1.882792,0.729535,0.300902,1.005168,0.341416,1.961130,0.761498,1.577380,0.298244,0.289219,0.237180,0.937244,1.897888,0.254330,0.567958,0.343859,0.314046,0.322758,1.091103,1.125204,1.884241,0.289218,0.197894,1.951838,0.299157,1.936258,1.975227,0.323776,0.263809,0.238631,0.296722,1.018717,1.648229,0.865623,1.954710,0.299261,0.353763,0.330726,0.322758,0.246193,0.338351,0.639792,0.265451,0.323395
1.898531,1.508408,0.832896,0.216720,0.186933,0.197662,0.270786,1.350674,1.050181,1.923233,0.307479,1.069506,0.893375,1.767079,0.256147,0.729474,1.175663,1.967770,0.240353,0.344639,0.327255,0.390839,0.281683,0.625645,0.263942,1.975804,0.601884,0.655213,1.946786,0.460987,1.315889,0.256147,0.288436,1.851998,0.356043,0.807591,1.138933,1.917678,0.074917,0.000000,0.703937,1.552170,0.248578,0.316324,0.338280,1.114836,0.655025,0.586574,0.297053,1.783795,1.595892,0.460987,0.655025,1.937219,0.326697,0.332452,1.895314,0.763206,0.289366,1.037194,0.354390,1.959143,0.787039,1.599590,0.319441,0.320996,0.225237,0.972025,1.906977,0.260358,0.601884,0.356222,0.317554,0.344521,1.123826,1.158163,1.888598,0.312565,0.188269,1.950409,0.304054,1.941742,1.973622,0.321786,0.270150,0.238153,0.314252,1.040609,1.658686,0.899544,1.954868,0.281204,0.374807,0.351828,0.344521,0.240524,0.348023,0.673471,0.272938,0.339898
1.661387,1.097070,0.188517,0.573655,0.729329,0.573373,0.534140,0.851439,0.579358,1.895298,0.543022,1.089905,0.592941,1.751074,0.505323,0.315309,1.112774,1.897064,0.707470,0.462461,0.483795,0.718290,0.554103,1.108571,0.568614,1.831908,0.131061,0.372993,1.843593,0.286272,1.609378,0.505323,0.539847,1.863239,0.451712,0.445421,0.565040,1.721455,0.670868,0.703937,0.000000,1.157475,0.735829,0.478848,0.457217,0.568261,0.146620,0.210108,0.512359,1.562155,1.328701,0.286272,0.146620,1.773385,0.622472,0.721033,1.693455,0.228740,0.704827,0.512780,0.504248,1.918354,0.411610,1.242108,0.536900,0.522678,0.664972,0.351562,1.698195,0.574009,0.131061,0.528873,0.585142,0.450516,0.540048,0.673633,1.726602,0.477428,0.640475,1.918835,0.670152,1.753622,1.935402,0.690331,0.583322,0.612533,0.499600,0.628976,1.529821,0.269509,1.869689,0.728908,0.429239,0.441097,0.450516,0.631420,0.569627,0.298420,0.561555,0.474578
0.908689,0.774241,1.059951,1.469114,1.584932,1.461222,1.450116,0.656690,0.845757,1.425891,1.454577,1.230296,1.213195,1.488557,1.446088,1.173699,1.097635,1.314744,1.561695,1.408035,1.419894,1.575480,1.461027,1.771164,1.492921,1.165046,1.233169,1.254800,1.198995,1.332136,1.849476,1.446088,1.474292,1.501227,1.400013,1.056791,0.772231,1.048009,1.531064,1.552170,1.157475,0.000000,1.582539,1.426706,1.418648,0.917541,1.191389,1.241261,1.422747,0.964056,0.914668,1.332136,1.191389,1.053083,1.505385,1.550531,1.024981,1.094613,1.540486,0.861684,1.417294,1.365072,1.110397,0.968297,1.480354,1.428239,1.536536,0.933051,1.103097,1.479661,1.233169,1.466503,1.476776,1.403955,0.802552,0.858537,1.041615,1.419690,1.518024,1.384995,1.524468,1.056311,1.373311,1.529411,1.494097,1.508611,1.433952,0.777967,1.267067,0.990538,1.259844,1.577738,1.380705,1.396714,1.403955,1.515876,1.502732,1.249553,1.470066,1.407838
1.906635,1.533626,0.853435,0.282729,0.191503,0.297546,0.305707,1.380909,1.080795,1.903859,0.447979,1.164242,0.859603,1.734388,0.298960,0.747896,1.272232,1.968798,0.302633,0.391749,0.396585,0.383808,0.350169,0.558460,0.293153,1.973034,0.635275,0.668215,1.955218,0.509663,1.238337,0.298960,0.311938,1.813891,0.403746,0.848112,1.171447,1.924338,0.250545,0.248578,0.735829,1.582539,0.000000,0.365945,0.404308,1.115071,0.686586,0.622095,0.405577,1.773374,1.605763,0.509663,0.686586,1.963194,0.434135,0.401853,1.881828,0.813838,0.374042,1.059174,0.415069,1.957106,0.807225,1.604853,0.328295,0.412340,0.285955,0.994609,1.903437,0.311403,0.635275,0.368683,0.443268,0.399139,1.143233,1.150577,1.907785,0.343927,0.354603,1.940053,0.380788,1.942390,1.964154,0.338987,0.311497,0.280945,0.364095,1.097172,1.620704,0.924678,1.953014,0.277172,0.435033,0.406994,0.399139,0.311449,0.338699,0.644152,0.323958,0.409277
1.840074,1.380728,0.622167,0.180567,0.354231,0.198956,0.153241,1.179009,0.855086,1.939466,0.257351,1.051909,0.796793,1.783492,0.172837,0.512803,1.140038,1.971880,0.288610,0.085489,0.097349,0.357413,0.119229,0.794097,0.128851,1.951745,0.366909,0.454559,1.930748,0.226430,1.451298,0.172837,0.154043,1.886096,0.095660,0.641856,0.946940,1.876257,0.298138,0.316324,0.478848,1.426706,0.365945,0.000000,0.122182,0.915353,0.420784,0.351967,0.256191,1.739213,1.531260,0.226430,0.420784,1.906268,0.301708,0.338587,1.861945,0.547755,0.309387,0.851665,0.173713,1.976076,0.587605,1.497494,0.210308,0.270592,0.234805,0.768095,1.859314,0.114947,0.366909,0.190612,0.282580,0.056847,0.932295,0.977498,1.847377,0.120203,0.260358,1.966301,0.365802,1.906034,1.992223,0.357194,0.152589,0.159524,0.073732,0.889950,1.640693,0.687738,1.961655,0.328403,0.089364,0.057675,0.056847,0.207531,0.229234,0.480739,0.107235,0.079547
