0.000000,1.155146,1.687841,1.907995,1.930134,1.896956,1.901827,1.239927,1.451409,0.821776,1.881824,1.652909,1.735155,1.077472,1.892401,1.736497,1.539690,0.584351,1.925352,1.876040,1.885601,1.935263,1.903663,1.906275,1.913516,0.491024,1.792620,1.767561,0.573017,1.851702,1.533702,1.892401,1.909912,0.960548,1.871264,1.657267,1.452612,0.263225,1.914197,1.925675,1.753760,0.926908,1.947231,1.888921,1.893681,1.470204,1.763641,1.798873,1.863487,0.596542,0.659772,1.851702,1.763641,0.468247,1.910832,1.925923,0.424627,1.699240,1.919202,1.476651,1.888201,0.638777,1.714595,0.996457,1.897296,1.862697,1.931964,1.588247,0.722444,1.912519,1.792620,1.902520,1.894426,1.877071,1.499809,1.392524,0.668197,1.888039,1.906812,0.717475,1.901724,0.498950,0.633545,1.891945,1.916968,1.922861,1.888268,1.480842,1.121287,1.646037,0.567170,1.940775,1.864767,1.874011,1.877071,1.925368,1.913081,1.783557,1.909635,1.880472
1.155146,0.000000,1.049788,1.378147,1.484179,1.367968,1.353415,0.578452,0.754903,1.487625,1.328252,1.329333,1.289471,1.447526,1.353305,1.072510,1.259308,1.400686,1.439331,1.305943,1.319375,1.475009,1.369675,1.696389,1.394187,1.322996,1.161300,1.137405,1.288562,1.256223,1.803374,1.353305,1.384774,1.548411,1.296465,1.044996,0.688380,1.153079,1.434856,1.461748,1.111901,0.806782,1.500018,1.330245,1.354829,0.801616,1.107548,1.198756,1.312323,1.135071,1.112575,1.256223,1.107548,1.142024,1.402987,1.452937,1.191870,0.977376,1.422203,0.869300,1.359716,1.439266,1.073083,0.715795,1.368854,1.303908,1.444062,0.869726,1.125214,1.391501,1.161300,1.367091,1.367205,1.301648,0.783214,0.796571,1.174484,1.310763,1.403280,1.483206,1.393435,1.231207,1.464145,1.493691,1.396596,1.420107,1.335212,0.874146,1.415707,0.966226,1.357196,1.496026,1.281150,1.297896,1.301648,1.430195,1.396372,1.113745,1.386146,1.314771
1.687841,1.049788,0.000000,0.667664,0.776333,0.650365,0.630829,0.812099,0.684927,1.837792,0.643244,1.222430,0.481010,1.669219,0.588669,0.333242,1.253404,1.879903,0.770784,0.569281,0.600141,0.832389,0.659214,1.180022,0.658376,1.827164,0.274004,0.390633,1.836317,0.416380,1.623640,0.588669,0.632462,1.807728,0.560835,0.515056,0.529287,1.706899,0.717957,0.760202,0.177925,1.251168,0.784189,0.587223,0.577703,0.487536,0.264036,0.289722,0.573933,1.605650,1.440705,0.416380,0.264036,1.751985,0.763264,0.863506,1.675933,0.390257,0.790407,0.529262,0.616417,1.887010,0.352622,1.113060,0.625019,0.574407,0.742183,0.291178,1.675559,0.663940,0.274004,0.657994,0.701102,0.568516,0.384627,0.607156,1.717155,0.582715,0.709980,1.880733,0.699456,1.728481,1.900704,0.814973,0.679886,0.694709,0.603333,0.761853,1.437520,0.132234,1.824221,0.789066,0.554978,0.561902,0.568516,0.715955,0.676960,0.327148,0.658242,0.598809
1.907995,1.378147,0.667664,0.000000,0.241067,0.086120,0.090207,1.218365,0.972680,1.904545,0.276389,0.968358,0.780643,1.729289,0.135385,0.541628,1.092604,1.974520,0.197821,0.218174,0.186918,0.296626,0.173062,0.751150,0.183164,1.975345,0.439244,0.477375,1.948262,0.301913,1.483145,0.135385,0.203800,1.856704,0.225373,0.685113,0.990470,1.909512,0.179185,0.193803,0.532936,1.563753,0.291770,0.193866,0.195793,0.953630,0.489768,0.420619,0.271894,1.837629,1.719337,0.301913,0.489768,1.914948,0.276172,0.304774,1.916069,0.606095,0.261044,0.968054,0.217629,1.981267,0.592573,1.499312,0.206581,0.286878,0.193614,0.821920,1.842174,0.164461,0.439244,0.228416,0.261232,0.222184,0.939173,1.065566,1.869806,0.137229,0.191923,1.959483,0.308017,1.919986,1.983410,0.387592,0.178589,0.166590,0.198332,1.019956,1.598274,0.715251,1.968902,0.329606,0.247889,0.234809,0.222184,0.182682,0.229273,0.504993,0.173199,0.220242
1.930134,1.484179,0.776333,0.241067,0.000000,0.264227,0.295376,1.334364,1.097906,1.856175,0.427216,1.007980,0.765996,1.666613,0.246768,0.673667,1.156623,1.963632,0.281290,0.410450,0.378484,0.293329,0.342721,0.585805,0.301287,1.977773,0.579138,0.591850,1.963104,0.449133,1.359232,0.246768,0.285158,1.786604,0.422102,0.806736,1.130746,1.932821,0.218594,0.193873,0.661231,1.637211,0.222299,0.377675,0.350801,1.059603,0.639611,0.542797,0.415201,1.838466,1.760784,0.449133,0.639611,1.954835,0.392709,0.357236,1.915080,0.778957,0.384758,1.091152,0.386000,1.966895,0.731075,1.549775,0.332873,0.430580,0.250514,0.957392,1.853080,0.309951,0.579138,0.355462,0.406417,0.417382,1.060476,1.156378,1.912115,0.347555,0.317730,1.925237,0.381611,1.937157,1.958253,0.323520,0.287737,0.268170,0.375386,1.127995,1.518763,0.839731,1.967088,0.284542,0.451642,0.430179,0.417382,0.264103,0.321946,0.612845,0.324706,0.419602
1.896956,1.367968,0.650365,0.086120,0.264227,0.000000,0.135869,1.195067,0.951581,1.910551,0.258147,0.959909,0.774672,1.738622,0.138445,0.526254,1.075981,1.973400,0.228182,0.208632,0.182493,0.333059,0.169012,0.783292,0.195772,1.970161,0.424608,0.466905,1.946358,0.291264,1.499689,0.138445,0.224350,1.866224,0.214512,0.654972,0.968391,1.902283,0.148948,0.179365,0.515947,1.542091,0.330721,0.189929,0.193087,0.935220,0.473314,0.407451,0.232770,1.835210,1.703675,0.291264,0.473314,1.905461,0.291602,0.329996,1.911653,0.584692,0.275825,0.941795,0.211741,1.979693,0.576216,1.476530,0.223657,0.261751,0.203792,0.802172,1.844548,0.170979,0.424608,0.246419,0.257507,0.213007,0.919239,1.046330,1.865714,0.157413,0.175941,1.963043,0.303342,1.915765,1.982530,0.388456,0.193762,0.181064,0.192723,1.001992,1.592821,0.696371,1.963015,0.355032,0.233817,0.225022,0.213007,0.190632,0.255632,0.508027,0.179042,0.211023
1.901827,1.353415,0.630829,0.090207,0.295376,0.135869,0.000000,1.195584,0.949170,1.907749,0.278287,0.982872,0.763304,1.734882,0.144408,0.511069,1.099547,1.975155,0.213438,0.186262,0.162265,0.313152,0.163005,0.778970,0.180314,1.970239,0.397887,0.454028,1.941803,0.260279,1.508041,0.144408,0.196618,1.863080,0.191969,0.666854,0.957724,1.901706,0.231915,0.253455,0.492492,1.541421,0.310757,0.162679,0.156406,0.924334,0.448917,0.383915,0.262640,1.833352,1.704409,0.260279,0.448917,1.907442,0.287343,0.332012,1.909150,0.570427,0.268436,0.937389,0.168621,1.982038,0.555494,1.483732,0.183129,0.265727,0.223959,0.783342,1.834661,0.160821,0.397887,0.200991,0.268542,0.186508,0.905939,1.040648,1.853774,0.083195,0.223803,1.960009,0.306874,1.911640,1.987109,0.412786,0.186916,0.178093,0.174950,0.995624,1.600943,0.678932,1.966363,0.343183,0.210457,0.197617,0.186508,0.208073,0.209786,0.464458,0.161398,0.188059
1.239927,0.578452,0.812099,1.218365,1.334364,1.195067,1.195584,0.000000,0.452314,1.583077,1.163615,1.222060,1.125577,1.499923,1.176869,0.821003,1.155629,1.545532,1.293295,1.126804,1.151771,1.347735,1.207360,1.617681,1.234940,1.466057,0.951759,0.894738,1.446860,1.069316,1.811688,1.176869,1.230985,1.633713,1.113863,0.792963,0.381422,1.275141,1.277587,1.311733,0.895926,0.823038,1.371316,1.164986,1.186807,0.537615,0.885304,0.986972,1.127862,1.203556,1.155470,1.069316,0.885304,1.282476,1.260848,1.314934,1.298476,0.752001,1.286218,0.585909,1.193101,1.570448,0.824146,0.736407,1.206266,1.118897,1.293105,0.625628,1.284936,1.234594,0.951759,1.219055,1.206146,1.131867,0.489961,0.417912,1.316368,1.144283,1.241383,1.597560,1.230808,1.360933,1.592004,1.333707,1.239978,1.267453,1.161707,0.765183,1.359252,0.706671,1.461915,1.362880,1.106776,1.129562,1.131867,1.273680,1.253623,0.952316,1.227337,1.150443
1.451409,0.754903,0.684927,0.972680,1.097906,0.951581,0.949170,0.452314,0.000000,1.705860,0.937328,1.063434,1.048939,1.584441,0.929343,0.629176,1.036447,1.704191,1.042567,0.878838,0.900871,1.096224,0.956407,1.435223,0.990667,1.649510,0.751860,0.690473,1.605309,0.846261,1.795856,0.929343,0.985200,1.732099,0.866199,0.499237,0.421997,1.461965,1.046244,1.074970,0.718753,0.974031,1.155102,0.919830,0.947974,0.475903,0.689609,0.784732,0.892834,1.409633,1.302892,0.846261,0.689609,1.479289,1.020014,1.065621,1.511760,0.577405,1.041011,0.495676,0.952865,1.723620,0.641496,0.949758,0.952785,0.864265,1.048013,0.553122,1.478324,0.989327,0.751860,0.958043,0.971692,0.884971,0.497995,0.402371,1.471557,0.896658,1.006241,1.736094,0.973491,1.551153,1.747448,1.095430,0.991510,1.022090,0.912217,0.701789,1.433019,0.587928,1.647855,1.119960,0.860674,0.885350,0.884971,1.030043,0.999512,0.765861,0.983401,0.903242
0.821776,1.487625,1.837792,1.904545,1.856175,1.910551,1.907749,1.583077,1.705860,0.000000,1.928254,1.658001,1.763674,0.487252,1.896814,1.846248,1.647533,0.628339,1.895424,1.921569,1.924717,1.863805,1.922985,1.672946,1.905043,0.657802,1.891853,1.843323,0.776035,1.911192,1.118729,1.896814,1.897189,0.465999,1.921904,1.832653,1.746199,0.823771,1.906430,1.902714,1.875767,1.359749,1.859048,1.926909,1.919671,1.709962,1.885615,1.886757,1.920831,0.752944,1.196295,1.911192,1.885615,0.910081,1.910859,1.890974,0.700791,1.879873,1.917236,1.740903,1.920642,0.662698,1.829239,1.342526,1.910076,1.915013,1.900838,1.811705,0.805026,1.918781,1.891853,1.906921,1.923273,1.927992,1.747415,1.634256,0.883053,1.912080,1.921323,0.291710,1.904352,0.695559,0.555393,1.834875,1.903726,1.909204,1.917326,1.716097,0.987152,1.824440,0.725587,1.864548,1.933534,1.932574,1.927992,1.907615,1.900900,1.853816,1.921036,1.936501
1.881824,1.328252,0.643244,0.276389,0.427216,0.258147,0.278287,1.163615,0.937328,1.928254,0.000000,0.935023,0.788561,1.770680,0.300120,0.545928,1.026782,1.965695,0.328509,0.258619,0.245253,0.429460,0.260218,0.862418,0.292833,1.952512,0.421646,0.516804,1.931190,0.305393,1.547527,0.300120,0.315027,1.894859,0.260402,0.646296,0.916961,1.885740,0.292367,0.319145,0.507125,1.499216,0.462341,0.238597,0.259484,0.928622,0.459793,0.432754,0.200155,1.839508,1.673222,0.305393,0.459793,1.874122,0.228400,0.424847,1.907000,0.525393,0.316494,0.926420,0.289437,1.966933,0.590313,1.458516,0.275119,0.242218,0.312828,0.754919,1.840125,0.252850,0.421646,0.299480,0.166258,0.247920,0.888259,1.049179,1.834728,0.251338,0.206206,1.967966,0.290700,1.897890,1.978209,0.460223,0.292215,0.274786,0.264351,0.954312,1.615760,0.682689,1.937942,0.419143,0.250280,0.245498,0.247920,0.305786,0.310536,0.524319,0.262548,0.238610
1.652909,1.329333,1.222430,0.968358,1.007980,0.959909,0.982872,1.222060,1.063434,1.658001,0.935023,0.000000,1.387319,1.540887,0.995102,1.101122,0.282889,1.701683,0.948176,0.992073,0.992303,0.999371,0.988568,1.158708,1.012210,1.717061,1.103579,1.087420,1.631112,1.056577,1.545911,0.995102,1.033805,1.669428,0.988537,0.985358,1.197113,1.647894,0.978285,0.980854,1.144195,1.393543,1.080151,1.010508,1.018982,1.252707,1.100554,1.125756,0.942747,1.609963,1.596924,1.056577,1.100554,1.567843,0.946057,0.911771,1.720693,1.026578,0.950963,1.266789,1.000126,1.695386,1.070912,1.482654,1.023205,0.953393,0.981073,1.211274,1.614117,1.000301,1.103579,1.008295,0.946417,1.002302,1.257329,1.279801,1.591209,0.982079,0.967915,1.704404,0.986306,1.682873,1.705614,0.926791,0.991861,1.003623,0.996216,1.070665,1.539439,1.203605,1.687738,1.053028,1.002405,1.010416,1.002302,0.983620,1.022582,1.157325,1.004359,1.000880
1.735155,1.289471,0.481010,0.780643,0.765996,0.774672,0.763304,1.125577,1.048939,1.763674,0.788561,1.387319,0.000000,1.576463,0.696834,0.664704,1.444066,1.867676,0.863452,0.758918,0.771450,0.870031,0.797558,1.036721,0.754450,1.815742,0.564944,0.657453,1.876062,0.609479,1.384690,0.696834,0.705979,1.684242,0.760934,0.826521,0.897384,1.758020,0.769975,0.799192,0.529428,1.421271,0.744363,0.743431,0.706439,0.815982,0.609024,0.532829,0.733550,1.611698,1.497318,0.609479,0.609024,1.836560,0.867685,0.959472,1.660770,0.768707,0.909546,0.853385,0.763510,1.859812,0.708397,1.232721,0.733142,0.747521,0.804920,0.683099,1.694157,0.768838,0.564944,0.774425,0.831342,0.756506,0.735700,0.893294,1.798575,0.750962,0.811789,1.822457,0.789745,1.742360,1.855056,0.821724,0.776451,0.769744,0.765885,1.013296,1.295079,0.578023,1.818357,0.775357,0.765435,0.751294,0.756506,0.790840,0.757131,0.532527,0.771489,0.780982
1.077472,1.447526,1.669219,1.729289,1.666613,1.738622,1.734882,1.499923,1.584441,0.487252,1.770680,1.540887,1.576463,0.000000,1.715166,1.666178,1.585491,1.004700,1.729448,1.758031,1.761769,1.684548,1.761585,1.503913,1.729791,1.010694,1.715078,1.655057,1.098243,1.734074,0.975799,1.715166,1.712808,0.605486,1.759449,1.668437,1.630845,1.100634,1.734763,1.733326,1.702636,1.385372,1.673762,1.763274,1.751195,1.568145,1.712769,1.712602,1.754824,0.830576,1.317745,1.734074,1.712769,1.203679,1.753873,1.742157,0.924202,1.731225,1.769277,1.608574,1.763949,1.019709,1.649349,1.324736,1.738269,1.752062,1.727507,1.662692,0.947416,1.750125,1.715078,1.734745,1.768632,1.767160,1.606169,1.497520,1.163515,1.738972,1.762332,0.742591,1.741713,0.944137,0.938306,1.646908,1.728148,1.736122,1.751737,1.590662,0.892217,1.661622,1.050610,1.677187,1.779407,1.775178,1.767160,1.736985,1.724360,1.665596,1.755775,1.784277
1.892401,1.353305,0.588669,0.135385,0.246768,0.138445,0.144408,1.176869,0.929343,1.896814,0.300120,0.995102,0.696834,1.715166,0.000000,0.488477,1.109829,1.973725,0.277703,0.234780,0.210105,0.353502,0.219408,0.779191,0.221120,1.966088,0.370263,0.426651,1.949464,0.241515,1.492624,0.000000,0.203282,1.850240,0.240151,0.633552,0.940652,1.897087,0.205699,0.231658,0.456214,1.521344,0.316780,0.211226,0.183771,0.895454,0.428720,0.348552,0.245341,1.814553,1.692126,0.241515,0.428720,1.910033,0.340045,0.383487,1.892432,0.563899,0.342747,0.915119,0.228172,1.979303,0.537421,1.456736,0.212867,0.255183,0.250791,0.760181,1.838049,0.208272,0.370263,0.244758,0.313158,0.235879,0.876669,1.003744,1.861980,0.162231,0.253302,1.954717,0.302562,1.905759,1.982407,0.388545,0.222977,0.213770,0.224902,0.966761,1.544620,0.645175,1.959805,0.346425,0.257060,0.243691,0.235879,0.234123,0.247853,0.436233,0.213163,0.243096
1.736497,1.072510,0.333242,0.541628,0.673667,0.526254,0.511069,0.821003,0.629176,1.846248,0.545928,1.101122,0.664704,1.666178,0.488477,0.000000,1.164781,1.905652,0.644999,0.446228,0.463448,0.699139,0.527098,1.094369,0.543111,1.869164,0.268786,0.118504,1.854710,0.366469,1.623668,0.488477,0.535045,1.815369,0.435610,0.497870,0.583879,1.754242,0.629103,0.667082,0.295390,1.318692,0.694334,0.481303,0.494848,0.534132,0.209556,0.300185,0.510312,1.653500,1.556088,0.366469,0.209556,1.777832,0.647652,0.707059,1.746191,0.356163,0.669066,0.592442,0.533825,1.913501,0.335865,1.192625,0.530870,0.506524,0.621450,0.422272,1.682067,0.551971,0.268786,0.551348,0.584295,0.454640,0.502983,0.628139,1.749610,0.457466,0.596932,1.898455,0.614666,1.782782,1.921849,0.739348,0.552595,0.583649,0.475770,0.834449,1.493696,0.310602,1.859417,0.699682,0.442047,0.458726,0.454640,0.598063,0.580776,0.337075,0.544299,0.485090
1.539690,1.259308,1.253404,1.092604,1.156623,1.075981,1.099547,1.155629,1.036447,1.647533,1.026782,0.282889,1.444066,1.585491,1.109829,1.164781,0.000000,1.632648,1.083921,1.088356,1.094419,1.150811,1.099044,1.321117,1.134598,1.623180,1.166917,1.170462,1.547719,1.141576,1.639760,1.109829,1.157879,1.687278,1.082153,1.003708,1.156171,1.536600,1.098560,1.107309,1.191561,1.259798,1.222284,1.109670,1.118365,1.239997,1.155102,1.191995,1.028617,1.560681,1.469382,1.141576,1.155102,1.438616,1.059582,1.047601,1.643666,1.044513,1.072108,1.244111,1.091541,1.625685,1.122627,1.403898,1.131298,1.037583,1.113983,1.209140,1.571222,1.114895,1.166917,1.121378,1.047294,1.096243,1.243384,1.261659,1.472625,1.091742,1.079012,1.663746,1.091557,1.589186,1.646510,1.055012,1.118850,1.126870,1.100979,1.016602,1.540518,1.224465,1.601084,1.195722,1.085565,1.098646,1.096243,1.110688,1.143124,1.229062,1.116078,1.089654
0.584351,1.400686,1.879903,1.974520,1.963632,1.973400,1.975155,1.545532,1.704191,0.628339,1.965695,1.701683,1.867676,1.004700,1.973725,1.905652,1.632648,0.000000,1.966742,1.970494,1.973839,1.958050,1.976589,1.840378,1.978294,0.421918,1.941064,1.919077,0.385110,1.966778,1.392443,1.973725,1.979409,0.789030,1.969259,1.854740,1.714597,0.555901,1.973208,1.971224,1.919879,1.244947,1.970024,1.975758,1.978885,1.733528,1.926519,1.942564,1.968727,0.784051,1.037349,1.966778,1.926519,0.560785,1.961976,1.956380,0.585531,1.882397,1.957856,1.752047,1.973532,0.391447,1.891401,1.296178,1.971977,1.964943,1.976853,1.814749,0.750797,1.979430,1.941064,1.969158,1.962706,1.971145,1.751840,1.667494,0.720198,1.972845,1.967519,0.444151,1.966204,0.615465,0.305233,1.946467,1.976642,1.980029,1.972637,1.692391,1.220572,1.855482,0.442412,1.969703,1.966884,1.970439,1.971145,1.978143,1.972480,1.922585,1.978982,1.971156
1.925352,1.439331,0.770784,0.197821,0.281290,0.228182,0.213438,1.293295,1.042567,1.895424,0.328509,0.948176,0.863452,1.729448,0.277703,0.644999,1.083921,1.966742,0.000000,0.286431,0.274418,0.244937,0.228066,0.683571,0.213916,1.978396,0.552464,0.581161,1.944302,0.412353,1.458490,0.277703,0.258868,1.841449,0.296674,0.762428,1.082404,1.921714,0.266048,0.258021,0.641915,1.606744,0.305168,0.270652,0.283300,1.038696,0.601295,0.525022,0.366336,1.858497,1.742143,0.412353,0.601295,1.925814,0.235746,0.264707,1.933117,0.710073,0.169991,1.045028,0.279125,1.969313,0.688645,1.548002,0.243354,0.367296,0.193893,0.920329,1.854510,0.213269,0.552464,0.254834,0.257592,0.300779,1.036042,1.143339,1.879942,0.248785,0.237356,1.948881,0.339147,1.937264,1.975605,0.355039,0.194893,0.192568,0.253241,1.090218,1.612044,0.818185,1.961422,0.309212,0.330168,0.315727,0.300779,0.206013,0.237173,0.619278,0.224300,0.298318
1.876040,1.305943,0.569281,0.218174,0.410450,0.208632,0.186262,1.126804,0.878838,1.921569,0.258619,0.992073,0.758918,1.758031,0.234780,0.446228,1.088356,1.970494,0.286431,0.000000,0.138689,0.412169,0.162737,0.868657,0.163433,1.957887,0.342340,0.409406,1.931169,0.232171,1.560209,0.234780,0.227546,1.881990,0.022119,0.588777,0.882535,1.880138,0.315129,0.344892,0.432682,1.495869,0.415895,0.098080,0.187593,0.859734,0.379331,0.337571,0.243845,1.815570,1.666972,0.232171,0.379331,1.881592,0.311523,0.397682,1.891566,0.498217,0.312599,0.856928,0.206033,1.977866,0.502760,1.427476,0.236690,0.233815,0.263206,0.707133,1.828410,0.175368,0.342340,0.249737,0.265659,0.076292,0.834432,0.974769,1.835301,0.142194,0.269986,1.966291,0.312471,1.897923,1.986984,0.482785,0.178564,0.215431,0.057393,0.948638,1.616394,0.609846,1.946474,0.393299,0.109648,0.102884,0.076292,0.239175,0.274865,0.441978,0.173242,0.134423
1.885601,1.319375,0.600141,0.186918,0.378484,0.182493,0.162265,1.151771,0.900871,1.924717,0.245253,0.992303,0.771450,1.761769,0.210105,0.463448,1.094419,1.973839,0.274418,0.138689,0.000000,0.371962,0.087495,0.856590,0.180545,1.960594,0.360490,0.418589,1.932683,0.234385,1.545444,0.210105,0.196720,1.884938,0.144801,0.624955,0.907692,1.889431,0.281002,0.305733,0.460311,1.510965,0.396196,0.093051,0.160658,0.887850,0.399359,0.360550,0.249366,1.829204,1.684807,0.234385,0.399359,1.887101,0.291390,0.375222,1.905122,0.519658,0.281704,0.874837,0.198728,1.974293,0.519074,1.456962,0.205016,0.262519,0.244204,0.735759,1.831322,0.133129,0.360490,0.209820,0.249363,0.103781,0.862202,1.001655,1.840072,0.134741,0.229915,1.969840,0.320152,1.901985,1.989022,0.477049,0.189140,0.180497,0.133312,0.965594,1.626481,0.639956,1.952300,0.365084,0.110619,0.106844,0.103781,0.219380,0.242092,0.457745,0.120963,0.077219
1.935263,1.475009,0.832389,0.296626,0.293329,0.333059,0.313152,1.347735,1.096224,1.863805,0.429460,0.999371,0.870031,1.684548,0.353502,0.699139,1.150811,1.958050,0.244937,0.412169,0.371962,0.000000,0.325505,0.628746,0.314562,1.971298,0.615902,0.628520,1.936934,0.485766,1.396413,0.353502,0.321479,1.804436,0.423177,0.840289,1.144553,1.928079,0.338056,0.315398,0.705246,1.632585,0.297943,0.385435,0.367075,1.096996,0.664948,0.590848,0.462543,1.857683,1.765424,0.485766,0.664948,1.938945,0.341431,0.343188,1.932732,0.790496,0.301840,1.095075,0.379104,1.961467,0.759158,1.586758,0.298949,0.459096,0.274824,0.981984,1.852508,0.313086,0.615902,0.263388,0.378423,0.416216,1.095183,1.182978,1.884419,0.355818,0.334303,1.924749,0.390426,1.935043,1.957982,0.400964,0.302489,0.279861,0.375453,1.151765,1.591559,0.883505,1.963516,0.281976,0.446390,0.430237,0.416216,0.299155,0.231002,0.674958,0.324326,0.408467
1.903663,1.369675,0.659214,0.173062,0.342721,0.169012,0.163005,1.207360,0.956407,1.922985,0.260218,0.988568,0.797558,1.761585,0.219408,0.527098,1.099044,1.976589,0.228066,0.162737,0.087495,0.325505,0.000000,0.811424,0.143988,1.969120,0.423374,0.476886,1.938609,0.285747,1.518464,0.219408,0.175144,1.880881,0.174123,0.670217,0.972389,1.907013,0.249823,0.265126,0.520698,1.548752,0.351551,0.115344,0.164376,0.947783,0.467608,0.413540,0.268138,1.847983,1.707069,0.285747,0.467608,1.902567,0.270070,0.338449,1.921244,0.589370,0.239199,0.930583,0.189480,1.975284,0.577595,1.495456,0.202673,0.280755,0.184502,0.801169,1.850660,0.083405,0.423374,0.197649,0.244616,0.144012,0.926321,1.055804,1.854646,0.165886,0.207208,1.968206,0.306462,1.916713,1.988495,0.446037,0.148307,0.124144,0.134051,1.016373,1.636768,0.704415,1.957675,0.316861,0.166280,0.153523,0.144012,0.163012,0.221120,0.519568,0.069118,0.120048
1.906275,1.696389,1.180022,0.751150,0.585805,0.783292,0.778970,1.617681,1.435223,1.672946,0.862418,1.158708,1.036721,1.503913,0.779191,1.094369,1.321117,1.840378,0.683571,0.868657,0.856590,0.628746,0.811424,0.000000,0.747043,1.891467,1.029423,1.014909,1.885641,0.924985,1.074282,0.779191,0.744869,1.558729,0.881060,1.211343,1.489000,1.903419,0.722011,0.692013,1.095943,1.791152,0.578272,0.846129,0.826107,1.388734,1.081531,0.987129,0.883670,1.808877,1.810660,0.924985,1.081531,1.950040,0.764976,0.704663,1.858569,1.204141,0.773056,1.447699,0.838420,1.846012,1.158840,1.691081,0.786672,0.880743,0.695752,1.344033,1.796571,0.774705,1.029423,0.793383,0.820329,0.881188,1.424071,1.459849,1.902143,0.825861,0.779925,1.759260,0.767868,1.896391,1.812151,0.628586,0.736437,0.725412,0.829743,1.437943,1.419710,1.243475,1.884455,0.614123,0.917543,0.894886,0.881188,0.724441,0.743043,1.014523,0.789138,0.886097
1.913516,1.394187,0.658376,0.183164,0.301287,0.195772,0.180314,1.234940,0.990667,1.905043,0.292833,1.012210,0.754450,1.729791,0.221120,0.543111,1.134598,1.978294,0.213916,0.163433,0.180545,0.314562,0.143988,0.747043,0.000000,1.975755,0.433779,0.484940,1.952342,0.299159,1.473959,0.221120,0.143045,1.848123,0.182579,0.686872,1.002067,1.917444,0.250713,0.265266,0.526571,1.576617,0.297193,0.137625,0.197195,0.956926,0.485726,0.416631,0.294477,1.836125,1.715710,0.299159,0.485726,1.925050,0.287623,0.352768,1.913144,0.627210,0.281551,0.958227,0.235216,1.981151,0.603392,1.492853,0.216320,0.298719,0.157142,0.817671,1.848004,0.107910,0.433779,0.223987,0.273975,0.171180,0.941111,1.068531,1.877438,0.189552,0.241468,1.958661,0.302157,1.925149,1.985274,0.413113,0.071559,0.105869,0.115401,1.045762,1.601904,0.714273,1.960911,0.266749,0.222109,0.193284,0.171180,0.145384,0.213916,0.503253,0.122489,0.204061
0.491024,1.322996,1.827164,1.975345,1.977773,1.970161,1.970239,1.466057,1.649510,0.657802,1.952512,1.717061,1.815742,1.010694,1.966088,1.869164,1.623180,0.421918,1.978396,1.957887,1.960594,1.971298,1.969120,1.891467,1.975755,0.000000,1.903234,1.892749,0.480382,1.941886,1.423272,1.966088,1.972396,0.836364,1.955734,1.816336,1.636213,0.491438,1.971846,1.975274,1.874346,1.085122,1.978272,1.962484,1.964931,1.670425,1.884776,1.913588,1.946638,0.719930,0.912708,1.941886,1.884776,0.451054,1.966463,1.968069,0.510089,1.832649,1.972270,1.660555,1.959675,0.421989,1.834836,1.205056,1.963482,1.943303,1.979623,1.745492,0.688250,1.972853,1.903234,1.961080,1.962255,1.956598,1.677652,1.604136,0.578224,1.963004,1.969196,0.505015,1.953151,0.406921,0.412417,1.942318,1.976803,1.977332,1.964049,1.604196,1.192688,1.799003,0.426230,1.971810,1.948397,1.953476,1.956598,1.979665,1.967184,1.882249,1.971140,1.955207
1.792620,1.161300,0.274004,0.439244,0.579138,0.424608,0.397887,0.951759,0.751860,1.891853,0.421646,1.103579,0.564944,1.715078,0.370263,0.268786,1.166917,1.941064,0.552464,0.342340,0.360490,0.615902,0.423374,1.029423,0.433779,1.903234,0.000000,0.290734,1.896840,0.172417,1.592627,0.370263,0.412968,1.860630,0.334939,0.504114,0.665045,1.804558,0.499005,0.541632,0.117164,1.358157,0.587908,0.352482,0.341842,0.647267,0.098384,0.156879,0.356341,1.722842,1.558823,0.172417,0.098384,1.826937,0.543015,0.654326,1.797076,0.334919,0.569159,0.658622,0.394475,1.943669,0.322489,1.275481,0.401895,0.362716,0.518424,0.438276,1.759476,0.430768,0.000000,0.427294,0.481013,0.333364,0.581279,0.774242,1.780526,0.347225,0.480901,1.939936,0.484975,1.815513,1.959296,0.631175,0.456027,0.465537,0.376429,0.808118,1.522656,0.329484,1.898615,0.579394,0.323239,0.327864,0.333364,0.492850,0.450382,0.252909,0.424465,0.362327
1.767561,1.137405,0.390633,0.477375,0.591850,0.466905,0.454028,0.894738,0.690473,1.843323,0.516804,1.087420,0.657453,1.655057,0.426651,0.118504,1.170462,1.919077,0.581161,0.409406,0.418589,0.628520,0.476886,1.014909,0.484940,1.892749,0.290734,0.000000,1.877819,0.345187,1.581305,0.426651,0.476550,1.801492,0.401228,0.536599,0.679339,1.782676,0.570150,0.604790,0.339574,1.381602,0.622680,0.440890,0.451054,0.599840,0.263027,0.287699,0.487047,1.674274,1.593574,0.345187,0.263027,1.813898,0.601920,0.642236,1.771032,0.426939,0.620828,0.673049,0.494530,1.929667,0.371462,1.239389,0.480880,0.485326,0.557233,0.521553,1.699576,0.499508,0.290734,0.504657,0.544100,0.421788,0.591600,0.688751,1.786524,0.409296,0.544607,1.902246,0.576941,1.814834,1.930630,0.677482,0.491580,0.524164,0.429587,0.891186,1.485581,0.389648,1.884397,0.637133,0.416748,0.430049,0.421788,0.535924,0.529278,0.343095,0.493936,0.452642
0.573017,1.288562,1.836317,1.948262,1.963104,1.946358,1.941803,1.446860,1.605309,0.776035,1.931190,1.631112,1.876062,1.098243,1.949464,1.854710,1.547719,0.385110,1.944302,1.931169,1.932683,1.936934,1.938609,1.885641,1.952342,0.480382,1.896840,1.877819,0.000000,1.926977,1.502812,1.949464,1.952471,0.913688,1.928365,1.791885,1.624449,0.548603,1.958322,1.958191,1.873964,1.153860,1.966717,1.938761,1.943492,1.682508,1.875763,1.905358,1.929149,0.781719,1.012233,1.926977,1.875763,0.421975,1.932032,1.925773,0.626433,1.813268,1.924357,1.669847,1.934338,0.463171,1.829094,1.275973,1.941633,1.921694,1.954045,1.746547,0.741221,1.948092,1.896840,1.935452,1.932019,1.929614,1.681338,1.601066,0.628151,1.935612,1.944481,0.597209,1.935954,0.606008,0.482071,1.951415,1.950983,1.954717,1.937417,1.628374,1.352280,1.801838,0.513696,1.956856,1.922306,1.928614,1.929614,1.951658,1.943852,1.887597,1.945518,1.928396
1.851702,1.256223,0.416380,0.301913,0.449133,0.291264,0.260279,1.069316,0.846261,1.911192,0.305393,1.056577,0.609479,1.734074,0.241515,0.366469,1.141576,1.966778,0.412353,0.232171,0.234385,0.485766,0.285747,0.924985,0.299159,1.941886,0.172417,0.345187,1.926977,0.000000,1.554979,0.241515,0.279862,1.873158,0.229528,0.557226,0.796066,1.858797,0.362901,0.400861,0.266548,1.445637,0.455242,0.223725,0.183653,0.773279,0.247190,0.193031,0.252286,1.781443,1.625501,0.000000,0.247190,1.871651,0.410886,0.521821,1.855169,0.426667,0.432531,0.780819,0.260126,1.964915,0.408550,1.372861,0.277191,0.272301,0.373192,0.586793,1.804268,0.288295,0.172417,0.299908,0.354724,0.218682,0.722349,0.896585,1.824025,0.218839,0.343294,1.959222,0.375879,1.866576,1.979041,0.528801,0.320779,0.320332,0.255793,0.884474,1.559349,0.477545,1.932866,0.449472,0.221206,0.215976,0.218682,0.348960,0.323827,0.319220,0.284572,0.242493
1.533702,1.803374,1.623640,1.483145,1.359232,1.499689,1.508041,1.811688,1.795856,1.118729,1.547527,1.545911,1.384690,0.975799,1.492624,1.623668,1.639760,1.392443,1.458490,1.560209,1.545444,1.396413,1.518464,1.074282,1.473959,1.423272,1.592627,1.581305,1.502812,1.554979,0.000000,1.492624,1.454830,0.961084,1.568387,1.682513,1.796444,1.547781,1.437829,1.423684,1.613563,1.755713,1.341042,1.536713,1.517975,1.693981,1.623730,1.568284,1.546971,1.378597,1.573140,1.554979,1.623730,1.640154,1.495026,1.485717,1.411289,1.716351,1.504601,1.712742,1.539627,1.344953,1.622697,1.683987,1.492608,1.566044,1.442783,1.715579,1.406567,1.485854,1.592627,1.501029,1.528664,1.562710,1.731441,1.717240,1.642508,1.537719,1.492519,1.246237,1.500678,1.402970,1.300718,1.346757,1.474386,1.455838,1.538085,1.719582,1.190960,1.669427,1.434136,1.361598,1.585254,1.567900,1.562710,1.456905,1.463687,1.564312,1.494173,1.566718
1.892401,1.353305,0.588669,0.135385,0.246768,0.138445,0.144408,1.176869,0.929343,1.896814,0.300120,0.995102,0.696834,1.715166,0.000000,0.488477,1.109829,1.973725,0.277703,0.234780,0.210105,0.353502,0.219408,0.779191,0.221120,1.966088,0.370263,0.426651,1.949464,0.241515,1.492624,0.000000,0.203282,1.850240,0.240151,0.633552,0.940652,1.897087,0.205699,0.231658,0.456214,1.521344,0.316780,0.211226,0.183771,0.895454,0.428720,0.348552,0.245341,1.814553,1.692126,0.241515,0.428720,1.910033,0.340045,0.383487,1.892432,0.563899,0.342747,0.915119,0.228172,1.979303,0.537421,1.456736,0.212867,0.255183,0.250791,0.760181,1.838049,0.208272,0.370263,0.244758,0.313158,0.235879,0.876669,1.003744,1.861980,0.162231,0.253302,1.954717,0.302562,1.905759,1.982407,0.388545,0.222977,0.213770,0.224902,0.966761,1.544620,0.645175,1.959805,0.346425,0.257060,0.243691,0.235879,0.234123,0.247853,0.436233,0.213163,0.243096
1.909912,1.384774,0.632462,0.203800,0.285158,0.224350,0.196618,1.230985,0.985200,1.897189,0.315027,1.033805,0.705979,1.712808,0.203282,0.535045,1.157879,1.979409,0.258868,0.227546,0.196720,0.321479,0.175144,0.744869,0.143045,1.972396,0.412968,0.476550,1.952471,0.279862,1.454830,0.203282,0.000000,1.839417,0.240905,0.677754,0.991472,1.914127,0.259169,0.271482,0.503380,1.565929,0.277332,0.179151,0.203668,0.943886,0.470510,0.398932,0.302610,1.824750,1.706490,0.279862,0.470510,1.930275,0.315558,0.379659,1.904865,0.622766,0.316900,0.935283,0.266318,1.972498,0.591683,1.484461,0.200752,0.307930,0.190156,0.797623,1.841162,0.136679,0.412968,0.220586,0.311611,0.219726,0.923142,1.054543,1.879828,0.202522,0.270995,1.956457,0.302128,1.917799,1.984990,0.405369,0.146621,0.124869,0.200375,1.030561,1.576539,0.693474,1.957192,0.217262,0.258691,0.230357,0.219726,0.183258,0.204732,0.471137,0.146966,0.235137
0.960548,1.548411,1.807728,1.856704,1.786604,1.866224,1.863080,1.633713,1.732099,0.465999,1.894859,1.669428,1.684242,0.605486,1.850240,1.815369,1.687278,0.789030,1.841449,1.881990,1.884938,1.804436,1.880881,1.558729,1.848123,0.836364,1.860630,1.801492,0.913688,1.873158,0.961084,1.850240,1.839417,0.000000,1.884667,1.811518,1.771031,0.971246,1.853118,1.849094,1.849921,1.469355,1.789069,1.882096,1.881137,1.706328,1.859964,1.848327,1.888128,0.762574,1.278167,1.873158,1.859964,1.092948,1.872068,1.836133,0.761072,1.876790,1.879784,1.752899,1.890508,0.771666,1.829108,1.388069,1.861188,1.887480,1.843733,1.808567,0.802652,1.868904,1.860630,1.865674,1.886152,1.888380,1.746769,1.639231,1.175752,1.871227,1.880194,0.572155,1.866394,0.939161,0.649269,1.778213,1.847493,1.854545,1.873276,1.761463,0.933745,1.805622,0.858666,1.800556,1.899553,1.894048,1.888380,1.850319,1.849332,1.803846,1.873313,1.901135
1.871264,1.296465,0.560835,0.225373,0.422102,0.214512,0.191969,1.113863,0.866199,1.921904,0.260402,0.988537,0.760934,1.759449,0.240151,0.435610,1.082153,1.969259,0.296674,0.022119,0.144801,0.423177,0.174123,0.881060,0.182579,1.955734,0.334939,0.401228,1.928365,0.229528,1.568387,0.240151,0.240905,1.884667,0.000000,0.579874,0.869289,1.875210,0.325164,0.355777,0.424511,1.487584,0.428164,0.111566,0.193230,0.848909,0.369328,0.331279,0.243423,1.812693,1.661878,0.229528,0.369328,1.876334,0.317479,0.402203,1.888887,0.484641,0.319083,0.846176,0.208328,1.976629,0.492675,1.420627,0.244977,0.231691,0.277701,0.695818,1.825496,0.190481,0.334939,0.259334,0.269707,0.084513,0.822803,0.963820,1.830060,0.143701,0.277557,1.965950,0.318107,1.894173,1.986429,0.491943,0.195600,0.231328,0.076836,0.939669,1.617024,0.598866,1.944406,0.408438,0.108649,0.108228,0.084513,0.252974,0.286644,0.438342,0.187151,0.138892
1.657267,1.044996,0.515056,0.685113,0.806736,0.654972,0.666854,0.792963,0.499237,1.832653,0.646296,0.985358,0.826521,1.668437,0.633552,0.497870,1.003708,1.854740,0.762428,0.588777,0.624955,0.840289,0.670217,1.211343,0.686872,1.816336,0.504114,0.536599,1.791885,0.557226,1.682513,0.633552,0.677754,1.811518,0.579874,0.000000,0.592737,1.673097,0.730458,0.764587,0.491155,1.186744,0.868817,0.622035,0.648775,0.576489,0.476616,0.534594,0.572677,1.585242,1.427195,0.557226,0.476616,1.695043,0.744959,0.817289,1.685615,0.428818,0.774018,0.561413,0.659132,1.857152,0.525151,1.131132,0.659628,0.555212,0.741958,0.509947,1.665105,0.688620,0.504114,0.676633,0.687737,0.595416,0.578870,0.648586,1.690087,0.618584,0.716357,1.874864,0.673856,1.734588,1.880023,0.783244,0.690796,0.718742,0.620983,0.697899,1.465121,0.487997,1.789231,0.825170,0.580985,0.595599,0.595416,0.722091,0.709315,0.544680,0.688442,0.623374
1.452612,0.688380,0.529287,0.990470,1.130746,0.968391,0.957724,0.381422,0.421997,1.746199,0.916961,1.197113,0.897384,1.630845,0.940652,0.583879,1.156171,1.714597,1.082404,0.882535,0.907692,1.144553,0.972389,1.489000,1.002067,1.636213,0.665045,0.679339,1.624449,0.796066,1.796444,0.940652,0.991472,1.771031,0.869289,0.592737,0.000000,1.474777,1.050516,1.088574,0.602311,0.943149,1.154631,0.913170,0.934523,0.411126,0.595444,0.723416,0.879505,1.414573,1.264360,0.796066,0.595444,1.480881,1.032836,1.126081,1.492351,0.456477,1.067883,0.417688,0.950587,1.728588,0.587827,0.891229,0.961072,0.872012,1.072748,0.286572,1.468831,0.994669,0.665045,0.975295,0.971124,0.879408,0.220630,0.434055,1.472067,0.899813,1.009669,1.762276,0.998630,1.526794,1.755796,1.143370,1.013433,1.034107,0.924075,0.629524,1.447461,0.419587,1.636666,1.140864,0.851074,0.871896,0.879408,1.048646,1.012474,0.679348,0.986445,0.897762
0.263225,1.153079,1.706899,1.909512,1.932821,1.902283,1.901706,1.275141,1.461965,0.823771,1.885740,1.647894,1.758020,1.100634,1.897087,1.754242,1.536600,0.555901,1.921714,1.880138,1.889431,1.928079,1.907013,1.903419,1.917444,0.491438,1.804558,1.782676,0.548603,1.858797,1.547781,1.897087,1.914127,0.971246,1.875210,1.673097,1.474777,0.000000,1.920027,1.929328,1.767750,0.950581,1.947146,1.892158,1.897035,1.489408,1.777364,1.810536,1.871952,0.677418,0.634259,1.858797,1.777364,0.443293,1.908458,1.919825,0.501182,1.711938,1.915492,1.510469,1.890517,0.636708,1.722122,1.036931,1.899214,1.866200,1.934831,1.608773,0.714302,1.915643,1.804558,1.901216,1.897128,1.880624,1.525080,1.424470,0.616559,1.889225,1.911104,0.706709,1.899009,0.509182,0.620173,1.896622,1.920469,1.925727,1.892410,1.494587,1.171268,1.664649,0.588395,1.941234,1.867780,1.877151,1.880624,1.928549,1.912197,1.790643,1.912773,1.882256
1.914197,1.434856,0.717957,0.179185,0.218594,0.148948,0.231915,1.277587,1.046244,1.906430,0.292367,0.978285,0.769975,1.734763,0.205699,0.629103,1.098560,1.973208,0.266048,0.315129,0.281002,0.338056,0.249823,0.722011,0.250713,1.971846,0.499005,0.570150,1.958322,0.362901,1.437829,0.205699,0.259169,1.853118,0.325164,0.730458,1.050516,1.920027,0.000000,0.073257,0.585238,1.575799,0.302490,0.272752,0.258813,1.015337,0.557882,0.486331,0.265788,1.854586,1.714562,0.362901,0.557882,1.926613,0.316374,0.367681,1.923324,0.672177,0.313794,1.013448,0.285464,1.974519,0.663428,1.521489,0.272308,0.314391,0.217891,0.876056,1.865133,0.220749,0.499005,0.295694,0.301108,0.307851,0.998545,1.131259,1.886833,0.269562,0.190924,1.960942,0.308407,1.923583,1.976473,0.340692,0.251368,0.205866,0.292504,1.048913,1.573855,0.777617,1.964574,0.319130,0.332741,0.313378,0.307851,0.219114,0.280749,0.573470,0.235490,0.299014
1.925675,1.461748,0.760202,0.193803,0.193873,0.179365,0.253455,1.311733,1.074970,1.902714,0.319145,0.980854,0.799192,1.733326,0.231658,0.667082,1.107309,1.971224,0.258021,0.344892,0.305733,0.315398,0.265126,0.692013,0.265266,1.975274,0.541632,0.604790,1.958191,0.400861,1.423684,0.231658,0.271482,1.849094,0.355777,0.764587,1.088574,1.929328,0.073257,0.000000,0.627802,1.598964,0.289287,0.301499,0.283861,1.053377,0.600390,0.525256,0.313026,1.865679,1.734475,0.400861,0.600390,1.933218,0.313351,0.337734,1.932939,0.714968,0.305379,1.051814,0.312076,1.972504,0.701719,1.547583,0.286067,0.349049,0.205564,0.918018,1.873212,0.235384,0.541632,0.305069,0.312587,0.338984,1.037749,1.164284,1.892350,0.296845,0.193733,1.956845,0.314360,1.931964,1.973037,0.342246,0.257868,0.210529,0.316841,1.078105,1.583504,0.819088,1.967875,0.301808,0.365539,0.345863,0.338984,0.214910,0.286081,0.612512,0.252040,0.326360
1.753760,1.111901,0.177925,0.532936,0.661231,0.515947,0.492492,0.895926,0.718753,1.875767,0.507125,1.144195,0.529428,1.702636,0.456214,0.295390,1.191561,1.919879,0.641915,0.432682,0.460311,0.705246,0.520698,1.095943,0.526571,1.874346,0.117164,0.339574,1.873964,0.266548,1.613563,0.456214,0.503380,1.849921,0.424511,0.491155,0.602311,1.767750,0.585238,0.627802,0.000000,1.302726,0.668202,0.447106,0.433902,0.590206,0.141414,0.194132,0.434702,1.682717,1.508120,0.266548,0.141414,1.795599,0.630037,0.741544,1.754029,0.330243,0.657185,0.603634,0.477368,1.924516,0.311079,1.215287,0.491185,0.437245,0.610985,0.363423,1.735045,0.526149,0.117164,0.517963,0.569053,0.426678,0.502697,0.716024,1.750116,0.442929,0.573771,1.921068,0.565624,1.780219,1.940200,0.701794,0.549239,0.559828,0.468456,0.757640,1.491695,0.245562,1.871759,0.664808,0.414026,0.419757,0.426678,0.586109,0.539724,0.264476,0.520537,0.456184
0.926908,0.806782,1.251168,1.563753,1.637211,1.542091,1.541421,0.823038,0.974031,1.359749,1.499216,1.393543,1.421271,1.385372,1.521344,1.318692,1.259798,1.244947,1.606744,1.495869,1.510965,1.632585,1.548752,1.791152,1.576617,1.085122,1.358157,1.381602,1.153860,1.445637,1.755713,1.521344,1.565929,1.469355,1.487584,1.186744,0.943149,0.950581,1.575799,1.598964,1.302726,0.000000,1.661452,1.515303,1.522220,1.048194,1.317391,1.393564,1.462480,1.039265,0.844630,1.445637,1.317391,0.941627,1.568830,1.628719,1.027979,1.204748,1.594115,1.000668,1.515715,1.258539,1.259377,0.862824,1.527759,1.451425,1.611421,1.093240,1.149699,1.563420,1.358157,1.526112,1.540353,1.494579,1.038776,0.994659,0.969651,1.507640,1.568832,1.342911,1.519757,0.989687,1.302043,1.566335,1.579271,1.587196,1.523482,0.830438,1.175539,1.194187,1.144991,1.636270,1.470336,1.485708,1.494579,1.603035,1.552879,1.355244,1.559049,1.496029
1.947231,1.500018,0.784189,0.291770,0.222299,0.330721,0.310757,1.371316,1.155102,1.859048,0.462341,1.080151,0.744363,1.673762,0.316780,0.694334,1.222284,1.970024,0.305168,0.415895,0.396196,0.297943,0.351551,0.578272,0.297193,1.978272,0.587908,0.622680,1.966717,0.455242,1.341042,0.316780,0.277332,1.789069,0.428164,0.868817,1.154631,1.947146,0.302490,0.289287,0.668202,1.661452,0.000000,0.382061,0.348380,1.090856,0.652033,0.554276,0.463993,1.853721,1.774634,0.455242,0.652033,1.965023,0.405628,0.391556,1.922484,0.808012,0.392445,1.110125,0.382225,1.965070,0.756085,1.583695,0.352466,0.474860,0.273921,0.966095,1.859897,0.311412,0.587908,0.358270,0.432664,0.421258,1.077564,1.190848,1.909763,0.359840,0.372215,1.925047,0.421338,1.933865,1.960716,0.401042,0.298282,0.269850,0.381264,1.165319,1.551132,0.853936,1.966625,0.249776,0.458342,0.432759,0.421258,0.288959,0.319063,0.611557,0.322419,0.425845
1.888921,1.330245,0.587223,0.193866,0.377675,0.189929,0.162679,1.164986,0.919830,1.926909,0.238597,1.010508,0.743431,1.763274,0.211226,0.481303,1.109670,1.975758,0.270652,0.098080,0.093051,0.385435,0.115344,0.846129,0.137625,1.962484,0.352482,0.440890,1.938761,0.223725,1.536713,0.211226,0.179151,1.882096,0.111566,0.622035,0.913170,1.892158,0.272752,0.301499,0.447106,1.515303,0.382061,0.000000,0.152235,0.890788,0.399139,0.352952,0.232345,1.829117,1.674455,0.223725,0.399139,1.894559,0.289035,0.395191,1.901651,0.523509,0.291606,0.880404,0.189710,1.978732,0.527462,1.451925,0.197281,0.241868,0.236884,0.730096,1.837385,0.111887,0.352482,0.215258,0.249255,0.056919,0.862250,1.012932,1.846318,0.135121,0.232183,1.971741,0.302861,1.903887,1.990899,0.463683,0.164996,0.162171,0.091592,0.967428,1.618754,0.635748,1.952698,0.350139,0.094778,0.063212,0.056919,0.211126,0.232674,0.443733,0.107793,0.083288
