0.000000,1.062986,1.653505,1.884629,1.906558,1.874238,1.876674,1.190497,1.421507,0.846419,1.860076,1.606602,1.717493,1.111530,1.862962,1.695731,1.482100,0.605072,1.903672,1.851657,1.859791,1.895992,1.878380,1.891543,1.892419,0.535349,1.757574,1.728234,0.619442,1.822263,1.579856,1.862962,1.874913,0.969225,1.847334,1.616488,1.408562,0.296996,1.901585,1.915049,1.721175,1.066197,1.924787,1.863987,1.869116,1.419647,1.723422,1.772295,1.838781,0.630771,0.796908,1.822263,1.723422,0.523851,1.895126,1.915480,0.458322,1.657744,1.898628,1.476737,1.861961,0.656320,1.678311,0.924511,1.856518,1.840121,1.913047,1.544291,0.753228,1.888279,1.757574,1.858714,1.875672,1.852765,1.458627,1.353497,0.695662,1.860529,1.896570,0.741117,1.887889,0.534328,0.658624,1.869620,1.892727,1.900308,1.863528,1.514252,1.190115,1.608334,0.581953,1.908065,1.837852,1.848154,1.852765,1.908511,1.870145,1.761607,1.883536,1.854522
1.062986,0.000000,1.121044,1.413206,1.519057,1.398061,1.390224,0.595615,0.839104,1.483950,1.360806,1.193675,1.386399,1.489232,1.394440,1.125398,1.102596,1.313700,1.448511,1.343779,1.349432,1.485523,1.390795,1.724813,1.427946,1.229966,1.205863,1.194464,1.191803,1.301647,1.861043,1.394440,1.404527,1.533011,1.336573,1.138381,0.742069,1.049999,1.465906,1.493361,1.169610,0.878593,1.554454,1.361327,1.390630,0.908669,1.147165,1.275020,1.328387,1.120797,1.113022,1.301647,1.147165,1.059974,1.442209,1.500088,1.190207,1.022891,1.429751,0.990493,1.388243,1.379153,1.096434,0.733752,1.373494,1.326583,1.471817,0.927216,1.047765,1.414850,1.205863,1.373901,1.396321,1.334365,0.856724,0.891956,1.126928,1.352080,1.431951,1.444782,1.429039,1.220340,1.404512,1.464956,1.428102,1.447416,1.367049,1.030255,1.455195,1.033705,1.272004,1.494247,1.310346,1.328480,1.334365,1.461968,1.407189,1.250890,1.404876,1.340137
1.653505,1.121044,0.000000,0.650064,0.772120,0.642957,0.612889,0.818642,0.663671,1.839657,0.674446,1.249589,0.486438,1.659057,0.574202,0.322161,1.304083,1.853815,0.768029,0.567003,0.580700,0.773349,0.632567,1.157666,0.647720,1.791153,0.263045,0.386262,1.821510,0.409871,1.634073,0.574202,0.586934,1.802510,0.561582,0.555482,0.530247,1.617342,0.729421,0.775910,0.178903,1.160011,0.782884,0.569539,0.566941,0.479978,0.246228,0.291560,0.584193,1.589021,1.326135,0.409871,0.246228,1.759684,0.789088,0.856601,1.679755,0.394696,0.776941,0.516899,0.601213,1.882904,0.332887,1.158366,0.582778,0.581669,0.750527,0.301289,1.637260,0.638367,0.263045,0.613921,0.723996,0.555732,0.383106,0.594216,1.708785,0.568528,0.734749,1.871890,0.730279,1.741887,1.890304,0.764176,0.670936,0.674964,0.593717,0.744774,1.365379,0.132557,1.820883,0.723808,0.539681,0.545653,0.555732,0.720926,0.635565,0.353689,0.623980,0.578986
1.884629,1.413206,0.650064,0.000000,0.262354,0.083226,0.089428,1.212392,0.954773,1.904942,0.328696,1.054280,0.757471,1.709362,0.146362,0.526293,1.194951,1.968408,0.218350,0.221442,0.183378,0.298231,0.170488,0.729957,0.172276,1.952538,0.431585,0.463562,1.948163,0.287616,1.481878,0.146362,0.212535,1.853120,0.229843,0.736605,0.981403,1.850527,0.175366,0.199877,0.514102,1.430771,0.302642,0.187414,0.184484,0.933386,0.489819,0.404961,0.303765,1.817916,1.616580,0.287616,0.489819,1.915179,0.330691,0.297416,1.913034,0.617987,0.269487,0.935968,0.222505,1.984345,0.575020,1.505308,0.231738,0.318914,0.217150,0.819394,1.812408,0.161047,0.431585,0.243740,0.305443,0.213673,0.925068,1.033761,1.862604,0.145046,0.223561,1.955001,0.339426,1.928853,1.982052,0.342592,0.185365,0.166415,0.194135,0.893627,1.491796,0.700144,1.965209,0.299534,0.240034,0.225974,0.213673,0.203588,0.255084,0.449504,0.167053,0.214347
1.906558,1.519057,0.772120,0.262354,0.000000,0.286058,0.315741,1.334437,1.092564,1.844086,0.500972,1.125115,0.749681,1.621621,0.254976,0.666794,1.290219,1.956560,0.320834,0.424196,0.393503,0.302659,0.363635,0.558374,0.307694,1.960946,0.592242,0.580066,1.959238,0.454727,1.337210,0.254976,0.325746,1.770931,0.435754,0.876935,1.133277,1.879867,0.239885,0.210005,0.661201,1.516204,0.237004,0.391931,0.362559,1.044678,0.659789,0.531793,0.487657,1.815754,1.663025,0.454727,0.659789,1.954245,0.456289,0.354906,1.910323,0.803267,0.410298,1.070639,0.408908,1.966187,0.722711,1.554943,0.373940,0.501414,0.284834,0.971170,1.823860,0.331914,0.592242,0.381950,0.463724,0.428255,1.055569,1.127845,1.904019,0.368233,0.360370,1.914990,0.448887,1.940582,1.954730,0.366413,0.305715,0.292279,0.387412,1.016089,1.423027,0.837358,1.965224,0.316941,0.463213,0.442121,0.428255,0.292435,0.359797,0.556552,0.346534,0.434709
1.874238,1.398061,0.642957,0.083226,0.286058,0.000000,0.132857,1.194153,0.938240,1.907658,0.313273,1.057006,0.766517,1.716598,0.165125,0.511924,1.193629,1.966055,0.226586,0.219183,0.179110,0.313735,0.166179,0.757841,0.190927,1.948692,0.424749,0.450709,1.943775,0.286193,1.498522,0.165125,0.232600,1.858604,0.225838,0.728355,0.965915,1.841603,0.155613,0.196260,0.506623,1.418143,0.336858,0.192601,0.192677,0.921168,0.479707,0.402047,0.278632,1.819777,1.608478,0.286193,0.479707,1.906576,0.335478,0.315054,1.911830,0.606128,0.265488,0.922964,0.226534,1.982203,0.567443,1.490083,0.241820,0.306041,0.229302,0.807842,1.812542,0.171618,0.424749,0.249062,0.296499,0.213161,0.911646,1.018052,1.857829,0.162875,0.207795,1.956757,0.342415,1.925115,1.979855,0.360183,0.202918,0.183590,0.194239,0.883332,1.491916,0.688422,1.962282,0.319830,0.231485,0.224043,0.213161,0.217868,0.268732,0.456708,0.174904,0.208165
1.876674,1.390224,0.612889,0.089428,0.315741,0.132857,0.000000,1.189248,0.933000,1.912279,0.326352,1.059572,0.735006,1.722036,0.154579,0.503496,1.191478,1.968093,0.244667,0.198015,0.160096,0.327746,0.158066,0.767882,0.178702,1.946067,0.391365,0.452238,1.942009,0.248616,1.508120,0.154579,0.201158,1.863901,0.205370,0.710728,0.946526,1.840424,0.225167,0.255042,0.473851,1.405392,0.321735,0.157037,0.147437,0.907722,0.449377,0.372904,0.281770,1.813346,1.595808,0.248616,0.449377,1.906950,0.348220,0.329154,1.906759,0.578521,0.282083,0.901960,0.179922,1.985135,0.541457,1.493270,0.222583,0.289926,0.246645,0.778060,1.807657,0.152410,0.391365,0.239481,0.315307,0.180818,0.890907,1.013060,1.848099,0.097243,0.250841,1.957696,0.337239,1.920582,1.985426,0.362765,0.197999,0.174438,0.179036,0.869724,1.495155,0.663589,1.961178,0.308117,0.204104,0.189312,0.180818,0.227474,0.253803,0.415222,0.151187,0.181370
1.190497,0.595615,0.818642,1.212392,1.334437,1.194153,1.189248,0.000000,0.458530,1.584298,1.175194,1.182558,1.138607,1.509870,1.175323,0.823438,1.124360,1.500901,1.275096,1.120055,1.144135,1.292310,1.191398,1.598983,1.225186,1.410008,0.945014,0.902381,1.429402,1.069300,1.843632,1.175323,1.194510,1.608706,1.109899,0.816986,0.380932,1.163573,1.292645,1.329562,0.897764,0.784777,1.374661,1.153483,1.187067,0.549748,0.872599,0.998970,1.129173,1.177229,1.074379,1.069300,0.872599,1.289369,1.264660,1.341878,1.290886,0.738218,1.264747,0.628492,1.189581,1.554986,0.803369,0.713212,1.154254,1.124888,1.288886,0.623328,1.236146,1.215363,0.945014,1.165798,1.208252,1.123413,0.503671,0.439136,1.309289,1.140283,1.256778,1.580294,1.249134,1.376964,1.570108,1.275799,1.226628,1.252107,1.149836,0.827184,1.315802,0.714735,1.436169,1.305230,1.096188,1.118333,1.123413,1.272518,1.199386,1.005960,1.202212,1.138394
1.421507,0.839104,0.663671,0.954773,1.092564,0.938240,0.933000,0.458530,0.000000,1.725990,0.928773,1.079241,1.017263,1.599552,0.919084,0.602641,1.068826,1.692775,1.016773,0.845374,0.875329,1.009111,0.921565,1.404783,0.954103,1.607096,0.726270,0.670646,1.624668,0.832600,1.793436,0.919084,0.926201,1.712018,0.836327,0.485612,0.416442,1.377801,1.047407,1.084677,0.696190,0.822967,1.146430,0.883514,0.939721,0.480653,0.657886,0.774030,0.881599,1.372191,1.178916,0.832600,0.657886,1.510277,1.000146,1.093183,1.497509,0.538437,1.002700,0.444563,0.934273,1.724393,0.604162,0.912118,0.870071,0.868176,1.023395,0.536132,1.454258,0.947348,0.726270,0.874910,0.950781,0.851713,0.504578,0.398210,1.503460,0.884791,1.010991,1.742476,0.992473,1.581670,1.748640,1.005824,0.953317,0.984652,0.874734,0.630022,1.310209,0.581039,1.628607,1.037123,0.826428,0.848225,0.851713,1.006919,0.910811,0.801480,0.934953,0.870467
0.846419,1.483950,1.839657,1.904942,1.844086,1.907658,1.912279,1.584298,1.725990,0.000000,1.932000,1.622135,1.768404,0.548237,1.891652,1.853867,1.588667,0.635947,1.898650,1.919853,1.924763,1.871464,1.922435,1.680639,1.905943,0.684092,1.894594,1.848922,0.773527,1.911884,1.130076,1.891652,1.898791,0.489141,1.920409,1.844041,1.752734,0.928518,1.901172,1.891889,1.878862,1.454579,1.868259,1.925460,1.919798,1.725680,1.889715,1.880342,1.925654,0.788800,1.294543,1.911884,1.889715,0.882311,1.912626,1.899955,0.705836,1.880115,1.919425,1.757120,1.921342,0.615416,1.830096,1.308821,1.907560,1.924898,1.892883,1.819383,0.863423,1.916973,1.894594,1.906160,1.924600,1.927730,1.755664,1.652455,0.859406,1.918758,1.915812,0.280132,1.912119,0.667607,0.533878,1.849572,1.898998,1.907316,1.915593,1.766951,1.158817,1.829017,0.681648,1.878042,1.931769,1.931428,1.927730,1.900135,1.900980,1.879411,1.920325,1.934582
1.860076,1.360806,0.674446,0.328696,0.500972,0.313273,0.326352,1.175194,0.928773,1.932000,0.000000,1.023839,0.842285,1.768920,0.380121,0.557346,1.133699,1.963378,0.331261,0.299269,0.281808,0.408602,0.292405,0.859886,0.335082,1.929962,0.454992,0.531834,1.927598,0.348970,1.577183,0.380121,0.365643,1.897315,0.298078,0.720900,0.933602,1.835456,0.340114,0.384026,0.530220,1.363092,0.511018,0.292256,0.298861,0.947231,0.492857,0.479072,0.224034,1.829889,1.607029,0.348970,0.492857,1.866162,0.225145,0.404047,1.909603,0.564406,0.301147,0.920810,0.320448,1.965089,0.615891,1.494382,0.305385,0.266532,0.359349,0.785685,1.816783,0.296597,0.454992,0.302223,0.172741,0.297819,0.913962,1.041296,1.823218,0.289678,0.267365,1.964081,0.295877,1.911485,1.972282,0.442211,0.338894,0.318916,0.304815,0.824320,1.511926,0.709618,1.934260,0.416980,0.292410,0.292958,0.297819,0.352330,0.325009,0.546523,0.296854,0.275901
1.606602,1.193675,1.249589,1.054280,1.125115,1.057006,1.059572,1.182558,1.079241,1.622135,1.023839,0.000000,1.436968,1.511935,1.104263,1.133908,0.287800,1.647673,1.001733,1.053461,1.067097,1.066786,1.068625,1.209419,1.078358,1.609714,1.147792,1.135504,1.575418,1.123066,1.582630,1.104263,1.111896,1.607645,1.050663,1.136103,1.176221,1.565621,1.083931,1.085435,1.178251,1.275871,1.174345,1.074027,1.104612,1.252514,1.137474,1.181737,1.038946,1.512438,1.563083,1.123066,1.137474,1.485683,1.002590,1.055014,1.653080,1.057928,1.018671,1.265794,1.085749,1.668369,1.079170,1.426670,1.070167,1.048004,1.073155,1.213859,1.461296,1.077570,1.147792,1.056886,1.009941,1.056882,1.254180,1.268906,1.507908,1.053366,1.046305,1.656395,1.071210,1.618019,1.662264,0.970536,1.064296,1.088813,1.056227,1.060029,1.547764,1.219891,1.620028,1.135849,1.056397,1.065010,1.056882,1.077453,1.063505,1.214917,1.077473,1.062560
1.717493,1.386399,0.486438,0.757471,0.749681,0.766517,0.735006,1.138607,1.017263,1.768404,0.842285,1.436968,0.000000,1.565074,0.665628,0.664836,1.514761,1.841038,0.869658,0.746928,0.748816,0.808251,0.765363,1.016459,0.737227,1.795881,0.563975,0.659321,1.857867,0.597667,1.387781,0.665628,0.671204,1.702558,0.750816,0.820858,0.904756,1.690197,0.783196,0.810651,0.532521,1.333963,0.733791,0.721070,0.677799,0.812587,0.608220,0.515008,0.763580,1.609379,1.386093,0.597667,0.608220,1.843269,0.906714,0.940577,1.668588,0.770648,0.905428,0.837041,0.723651,1.858161,0.679339,1.310572,0.713140,0.759757,0.808719,0.696674,1.680581,0.740737,0.563975,0.738459,0.876609,0.736461,0.741736,0.880946,1.778001,0.735209,0.850055,1.819633,0.823851,1.748306,1.852937,0.818041,0.761882,0.746265,0.749667,0.997946,1.278383,0.585222,1.826296,0.729634,0.747149,0.731301,0.736461,0.786077,0.728512,0.533914,0.735191,0.757830
1.111530,1.489232,1.659057,1.709362,1.621621,1.716598,1.722036,1.509870,1.599552,0.548237,1.768920,1.511935,1.565074,0.000000,1.684216,1.663590,1.548150,1.036264,1.720409,1.738180,1.749130,1.665674,1.746442,1.471199,1.710566,1.039572,1.705440,1.647860,1.139116,1.720407,0.987096,1.684216,1.697294,0.614648,1.740075,1.678301,1.638366,1.182261,1.709679,1.700330,1.691052,1.411644,1.662890,1.746803,1.733816,1.585427,1.707416,1.688337,1.750473,0.857556,1.376229,1.720407,1.707416,1.226052,1.748296,1.725416,0.952479,1.724698,1.763291,1.622918,1.744149,1.030858,1.639689,1.291173,1.714662,1.751099,1.694362,1.668402,1.025028,1.733462,1.705440,1.712707,1.765593,1.751935,1.615057,1.511713,1.201651,1.730675,1.748055,0.782373,1.736435,1.010342,0.951127,1.632766,1.702056,1.718239,1.731705,1.607588,0.988828,1.659397,1.066183,1.675780,1.765229,1.760322,1.751935,1.703194,1.702370,1.680570,1.739974,1.770377
1.862962,1.394440,0.574202,0.146362,0.254976,0.165125,0.154579,1.175323,0.919084,1.891652,0.380121,1.104263,0.665628,1.684216,0.000000,0.475223,1.238452,1.962925,0.308547,0.247612,0.221497,0.330242,0.230208,0.754441,0.214577,1.943755,0.371300,0.412719,1.946483,0.240410,1.481245,0.000000,0.200955,1.838055,0.255177,0.696463,0.936085,1.829061,0.231133,0.259082,0.445156,1.394422,0.315791,0.214351,0.198906,0.874153,0.436929,0.337953,0.317008,1.792430,1.576047,0.240410,0.436929,1.914663,0.407849,0.388168,1.887889,0.583328,0.360801,0.888169,0.258065,1.980183,0.522172,1.469196,0.227413,0.322118,0.286692,0.762474,1.807998,0.213329,0.371300,0.249423,0.376161,0.239888,0.863740,0.973094,1.858675,0.176530,0.307939,1.946483,0.359296,1.913556,1.978163,0.365014,0.232872,0.220368,0.230677,0.857965,1.432257,0.633628,1.956567,0.310113,0.263252,0.247039,0.239888,0.268191,0.257260,0.365844,0.214203,0.252442
1.695731,1.125398,0.322161,0.526293,0.666794,0.511924,0.503496,0.823438,0.602641,1.853867,0.557346,1.133908,0.664836,1.663590,0.475223,0.000000,1.216678,1.886187,0.631181,0.432292,0.445345,0.634743,0.501416,1.070433,0.525383,1.836708,0.260615,0.124554,1.847828,0.364344,1.641498,0.475223,0.487188,1.805337,0.424539,0.542215,0.586129,1.670269,0.627107,0.671664,0.281998,1.193472,0.705748,0.457777,0.497305,0.535770,0.210319,0.301194,0.499255,1.632339,1.438165,0.364344,0.210319,1.782704,0.657721,0.714116,1.743176,0.359964,0.640504,0.574313,0.531003,1.906896,0.322330,1.193264,0.464274,0.505209,0.617361,0.436461,1.652436,0.522377,0.260615,0.488442,0.591083,0.435607,0.507527,0.610039,1.750046,0.452618,0.609874,1.894707,0.634151,1.803127,1.914069,0.671081,0.535613,0.559895,0.456635,0.739647,1.388048,0.311852,1.848528,0.631273,0.418626,0.433986,0.435607,0.592840,0.520493,0.373531,0.507228,0.461430
1.482100,1.102596,1.304083,1.194951,1.290219,1.193629,1.191478,1.124360,1.068826,1.588667,1.133699,0.287800,1.514761,1.548150,1.238452,1.216678,0.000000,1.550292,1.150430,1.168495,1.186809,1.220269,1.194711,1.377951,1.215779,1.490211,1.231148,1.236945,1.463900,1.229883,1.669845,1.238452,1.246309,1.609755,1.163590,1.170683,1.153043,1.430770,1.228465,1.236268,1.249219,1.164802,1.325182,1.191120,1.224797,1.257527,1.209980,1.273320,1.142143,1.451767,1.451617,1.229883,1.209980,1.333416,1.132523,1.206308,1.557884,1.100398,1.151209,1.268038,1.198235,1.578516,1.151265,1.362042,1.194801,1.145106,1.222525,1.228331,1.394632,1.207754,1.231148,1.183945,1.130309,1.169858,1.258593,1.269105,1.360659,1.178951,1.179105,1.590104,1.185162,1.496258,1.582181,1.115962,1.205432,1.226423,1.178219,1.053647,1.558308,1.261944,1.506576,1.279789,1.159549,1.172652,1.169858,1.222151,1.195932,1.309940,1.204500,1.170381
0.605072,1.313700,1.853815,1.968408,1.956560,1.966055,1.968093,1.500901,1.692775,0.635947,1.963378,1.647673,1.841038,1.036264,1.962925,1.886187,1.550292,0.000000,1.966279,1.964438,1.964730,1.964699,1.970476,1.866480,1.975690,0.453150,1.921756,1.902725,0.378799,1.952966,1.413880,1.962925,1.971633,0.800619,1.963033,1.837659,1.677882,0.682318,1.970691,1.967099,1.900621,1.368943,1.965010,1.968768,1.969852,1.707747,1.903792,1.924484,1.962648,0.780884,1.155173,1.952966,1.903792,0.518799,1.961984,1.964160,0.566441,1.856098,1.962756,1.737798,1.966923,0.380786,1.867893,1.228073,1.966680,1.961476,1.971414,1.781563,0.750371,1.974697,1.921756,1.965370,1.959902,1.963342,1.711643,1.649167,0.715949,1.963794,1.962419,0.462493,1.969717,0.558273,0.304357,1.951087,1.972632,1.976557,1.967473,1.755031,1.341752,1.825267,0.428600,1.974818,1.957409,1.962117,1.963342,1.972570,1.969644,1.913549,1.974297,1.962713
1.903672,1.448511,0.768029,0.218350,0.320834,0.226586,0.244667,1.275096,1.016773,1.898650,0.331261,1.001733,0.869658,1.720409,0.308547,0.631181,1.150430,1.966279,0.000000,0.290989,0.281380,0.269948,0.245653,0.699586,0.233604,1.959937,0.555736,0.568934,1.942828,0.411282,1.477727,0.308547,0.308619,1.843721,0.298983,0.816836,1.066151,1.874505,0.253278,0.249248,0.633820,1.456180,0.355656,0.287588,0.297692,1.031271,0.608285,0.526065,0.378656,1.840172,1.666059,0.411282,0.608285,1.909302,0.258741,0.241109,1.930907,0.708897,0.151224,1.019796,0.314389,1.971078,0.684355,1.548082,0.292684,0.398165,0.213505,0.921653,1.824428,0.233275,0.555736,0.288958,0.252567,0.308827,1.024853,1.114792,1.864734,0.270585,0.219442,1.946886,0.374998,1.943793,1.972383,0.343655,0.215353,0.217121,0.259485,0.937536,1.512340,0.811073,1.954709,0.321150,0.332182,0.322922,0.308827,0.225594,0.288911,0.596776,0.247634,0.302236
1.851657,1.343779,0.567003,0.221442,0.424196,0.219183,0.198015,1.120055,0.845374,1.919853,0.299269,1.053461,0.746928,1.738180,0.247612,0.432292,1.168495,1.964438,0.290989,0.000000,0.155678,0.357835,0.173309,0.852160,0.157830,1.933336,0.345278,0.397103,1.933416,0.233528,1.563960,0.247612,0.220269,1.874044,0.019031,0.627187,0.874904,1.815733,0.329225,0.364694,0.426965,1.338974,0.431616,0.110721,0.209133,0.847694,0.388353,0.347083,0.275617,1.791712,1.562671,0.233528,0.388353,1.883467,0.337022,0.386219,1.884797,0.505562,0.296335,0.819721,0.243461,1.974607,0.491319,1.430052,0.203080,0.274498,0.267287,0.711904,1.796772,0.169878,0.345278,0.209433,0.294831,0.095135,0.829353,0.945246,1.830218,0.165946,0.298700,1.959552,0.340557,1.910456,1.983000,0.419743,0.171425,0.210883,0.053562,0.803216,1.484088,0.608777,1.937202,0.337246,0.127639,0.116973,0.095135,0.239408,0.241947,0.423677,0.164530,0.152384
1.859791,1.349432,0.580700,0.183378,0.393503,0.179110,0.160096,1.144135,0.875329,1.924763,0.281808,1.067097,0.748816,1.749130,0.221497,0.445345,1.186809,1.964730,0.281380,0.155678,0.000000,0.346689,0.080663,0.830939,0.186901,1.934789,0.350815,0.403582,1.931432,0.228739,1.555096,0.221497,0.179470,1.881888,0.161075,0.675870,0.894600,1.825209,0.279314,0.311990,0.439276,1.373739,0.407642,0.096523,0.177288,0.871903,0.395878,0.350220,0.261619,1.812918,1.582941,0.228739,0.395878,1.887069,0.320058,0.363438,1.902302,0.529356,0.272419,0.841500,0.227130,1.975241,0.518192,1.460911,0.199126,0.273549,0.269202,0.728910,1.799449,0.123937,0.350815,0.206784,0.274366,0.108744,0.845679,0.971644,1.830509,0.134070,0.250300,1.963263,0.342529,1.913145,1.984885,0.427951,0.205789,0.175090,0.143865,0.849310,1.516535,0.621693,1.947178,0.307603,0.108401,0.104603,0.108744,0.245928,0.243003,0.422231,0.105461,0.073077
1.895992,1.485523,0.773349,0.298231,0.302659,0.313735,0.327746,1.292310,1.009111,1.871464,0.408602,1.066786,0.808251,1.665674,0.330242,0.634743,1.220269,1.964699,0.269948,0.357835,0.346689,0.000000,0.309445,0.651767,0.266408,1.954685,0.574306,0.562647,1.951755,0.443157,1.410603,0.330242,0.304795,1.800157,0.368509,0.782528,1.091300,1.867452,0.321200,0.316013,0.647914,1.426181,0.357494,0.346100,0.351081,1.026200,0.628742,0.533092,0.445854,1.809070,1.639215,0.443157,0.628742,1.930825,0.338900,0.355727,1.906937,0.742008,0.325996,0.995887,0.379979,1.962165,0.721071,1.527685,0.269731,0.460177,0.251408,0.939943,1.823238,0.284173,0.574306,0.237315,0.361185,0.374940,1.041934,1.091677,1.886555,0.352300,0.343998,1.930390,0.396724,1.941805,1.961861,0.349971,0.251576,0.250826,0.324205,0.935502,1.431962,0.829633,1.948429,0.254958,0.407102,0.389410,0.374940,0.265619,0.200814,0.602222,0.301028,0.381332
1.878380,1.390795,0.632567,0.170488,0.363635,0.166179,0.158066,1.191398,0.921565,1.922435,0.292405,1.068625,0.765363,1.746442,0.230208,0.501416,1.194711,1.970476,0.245653,0.173309,0.080663,0.309445,0.000000,0.794160,0.156665,1.943897,0.406740,0.454724,1.939356,0.272864,1.526286,0.230208,0.164533,1.878625,0.182251,0.707389,0.949163,1.844429,0.249534,0.273354,0.492772,1.403080,0.364843,0.118532,0.179740,0.922774,0.456120,0.395071,0.281262,1.830059,1.603706,0.272864,0.456120,1.900567,0.301087,0.328670,1.916720,0.587334,0.240000,0.883848,0.223873,1.977378,0.568107,1.492800,0.210878,0.293855,0.218505,0.784677,1.817242,0.079990,0.406740,0.208671,0.270041,0.144547,0.900218,1.017326,1.842420,0.160021,0.227488,1.962412,0.330696,1.923573,1.986257,0.407362,0.172306,0.123780,0.145234,0.887104,1.526432,0.677806,1.953497,0.262832,0.160887,0.149379,0.144547,0.199190,0.234258,0.470701,0.062008,0.115786
1.891543,1.724813,1.157666,0.729957,0.558374,0.757841,0.767882,1.598983,1.404783,1.680639,0.859886,1.209419,1.016459,1.471199,0.754441,1.070433,1.377951,1.866480,0.699586,0.852160,0.830939,0.651767,0.794160,0.000000,0.738383,1.887314,1.017505,0.986769,1.911483,0.900396,1.050574,0.754441,0.756056,1.588128,0.862444,1.214014,1.465765,1.885772,0.680790,0.646865,1.074773,1.649857,0.607640,0.825844,0.797511,1.364313,1.074273,0.949280,0.886571,1.786057,1.740396,0.900396,1.074273,1.939021,0.771022,0.663334,1.858418,1.186071,0.772309,1.393477,0.816709,1.846148,1.124332,1.685999,0.799753,0.898103,0.681701,1.332872,1.787476,0.759618,1.017505,0.795512,0.821524,0.860626,1.403346,1.421293,1.884559,0.820579,0.761736,1.772720,0.795644,1.889106,1.835464,0.664371,0.726699,0.713035,0.818821,1.268589,1.354956,1.222759,1.884325,0.665896,0.892912,0.871599,0.860626,0.702276,0.763120,0.961543,0.775558,0.860788
1.892419,1.427946,0.647720,0.172276,0.307694,0.190927,0.178702,1.225186,0.954103,1.905943,0.335082,1.078358,0.737227,1.710566,0.214577,0.525383,1.215779,1.975690,0.233604,0.157830,0.186901,0.266408,0.156665,0.738383,0.000000,1.955610,0.431187,0.467893,1.954106,0.290171,1.477460,0.214577,0.167484,1.847145,0.174343,0.721063,0.989977,1.859908,0.249220,0.266976,0.513219,1.420403,0.321773,0.141003,0.200176,0.943609,0.490243,0.405374,0.324320,1.816873,1.614678,0.290171,0.490243,1.922995,0.320362,0.321548,1.909727,0.631181,0.274409,0.915597,0.246859,1.979685,0.586866,1.495056,0.211224,0.331737,0.164109,0.818349,1.819699,0.109611,0.431187,0.207387,0.309735,0.171098,0.929546,1.034752,1.868228,0.202507,0.266872,1.955210,0.335639,1.934509,1.984217,0.374750,0.066114,0.108241,0.113663,0.900000,1.485187,0.704990,1.955982,0.235203,0.224116,0.194697,0.171098,0.138011,0.207880,0.474031,0.126664,0.209839
0.535349,1.229966,1.791153,1.952538,1.960946,1.948692,1.946067,1.410008,1.607096,0.684092,1.929962,1.609714,1.795881,1.039572,1.943755,1.836708,1.490211,0.453150,1.959937,1.933336,1.934789,1.954685,1.943897,1.887314,1.955610,0.000000,1.870057,1.863889,0.486774,1.917349,1.447396,1.943755,1.942247,0.863576,1.931148,1.759351,1.588756,0.572161,1.958436,1.962263,1.842946,1.219025,1.966052,1.936801,1.945909,1.628261,1.845511,1.884081,1.916859,0.705288,1.028771,1.917349,1.845511,0.452621,1.945262,1.965719,0.502379,1.792740,1.954153,1.631964,1.939409,0.474411,1.800221,1.152361,1.934035,1.913216,1.963172,1.695626,0.662233,1.950236,1.870057,1.935859,1.939255,1.929533,1.633157,1.572414,0.573225,1.938203,1.951523,0.550136,1.936694,0.331070,0.487614,1.918839,1.955194,1.957449,1.940070,1.660897,1.332231,1.758003,0.442217,1.954273,1.920238,1.926020,1.929533,1.961602,1.940904,1.872082,1.946700,1.928522
1.757574,1.205863,0.263045,0.431585,0.592242,0.424749,0.391365,0.945014,0.726270,1.894594,0.454992,1.147792,0.563975,1.705440,0.371300,0.260615,1.231148,1.921756,0.555736,0.345278,0.350815,0.574306,0.406740,1.017505,0.431187,1.870057,0.000000,0.290692,1.885859,0.176988,1.612176,0.371300,0.378348,1.856665,0.340011,0.553284,0.654429,1.723847,0.516515,0.566843,0.102125,1.236155,0.601260,0.342464,0.341368,0.634293,0.100332,0.172530,0.362146,1.699840,1.447404,0.176988,0.100332,1.827724,0.572316,0.645980,1.793055,0.339820,0.560556,0.633530,0.389361,1.942987,0.313404,1.298018,0.368388,0.364939,0.535918,0.439031,1.722698,0.414196,0.000000,0.397983,0.508212,0.328208,0.568172,0.750596,1.771782,0.341684,0.515024,1.931680,0.512158,1.829952,1.950309,0.581619,0.456986,0.456140,0.372570,0.732887,1.426798,0.317453,1.893988,0.524031,0.313843,0.318069,0.328208,0.505805,0.425266,0.255189,0.399057,0.350259
1.728234,1.194464,0.386262,0.463562,0.580066,0.450709,0.452238,0.902381,0.670646,1.848922,0.531834,1.135504,0.659321,1.647860,0.412719,0.124554,1.236945,1.902725,0.568934,0.397103,0.403582,0.562647,0.454724,0.986769,0.467893,1.863889,0.290692,0.000000,1.874260,0.345279,1.592486,0.412719,0.433077,1.789911,0.391675,0.585591,0.687597,1.703988,0.563052,0.604309,0.331822,1.252367,0.636240,0.420276,0.456216,0.601555,0.276002,0.286817,0.483209,1.656553,1.477785,0.345279,0.276002,1.819646,0.614821,0.648497,1.769126,0.438830,0.592398,0.651587,0.495423,1.922122,0.373110,1.234226,0.413555,0.493125,0.551733,0.542021,1.674749,0.471181,0.290692,0.440779,0.553336,0.406658,0.603074,0.668919,1.786626,0.410692,0.556459,1.899020,0.599270,1.833677,1.923897,0.611247,0.474886,0.500358,0.412487,0.779987,1.373511,0.399465,1.874364,0.569858,0.397319,0.408972,0.406658,0.530221,0.467556,0.365089,0.459354,0.432631
0.619442,1.191803,1.821510,1.948163,1.959238,1.943775,1.942009,1.429402,1.624668,0.773527,1.927598,1.575418,1.857867,1.139116,1.946483,1.847828,1.463900,0.378799,1.942828,1.933416,1.931432,1.951755,1.939356,1.911483,1.954106,0.486774,1.885859,1.874260,0.000000,1.923086,1.511641,1.946483,1.949477,0.898125,1.931102,1.791170,1.608995,0.695778,1.954644,1.953213,1.864670,1.319971,1.960726,1.938057,1.945694,1.670308,1.862527,1.901788,1.923221,0.783663,1.167969,1.923086,1.862527,0.403647,1.933714,1.943598,0.612965,1.803595,1.928921,1.673852,1.940146,0.456384,1.824628,1.232843,1.936527,1.920557,1.955182,1.726530,0.731527,1.948409,1.885859,1.935982,1.928076,1.928522,1.659734,1.604277,0.637358,1.933179,1.935550,0.599813,1.940902,0.541621,0.463603,1.944714,1.953130,1.955568,1.939108,1.720630,1.450859,1.785444,0.486404,1.961169,1.920290,1.926862,1.928522,1.954136,1.942909,1.890407,1.946216,1.927000
1.822263,1.301647,0.409871,0.287616,0.454727,0.286193,0.248616,1.069300,0.832600,1.911884,0.348970,1.123066,0.597667,1.720407,0.240410,0.364344,1.229883,1.952966,0.411282,0.233528,0.228739,0.443157,0.272864,0.900396,0.290171,1.917349,0.176988,0.345279,1.923086,0.000000,1.564887,0.240410,0.246460,1.869135,0.233027,0.615015,0.792412,1.789251,0.369630,0.417396,0.257818,1.320574,0.463016,0.212503,0.177216,0.762457,0.258482,0.197253,0.275632,1.761765,1.519254,0.000000,0.258482,1.876445,0.443420,0.503665,1.852528,0.436139,0.422197,0.757780,0.252369,1.967697,0.411955,1.392242,0.247203,0.288346,0.390290,0.592300,1.774576,0.269669,0.176988,0.277624,0.384498,0.214888,0.716700,0.877112,1.818085,0.208494,0.375771,1.952648,0.403850,1.882934,1.973860,0.473897,0.317985,0.307378,0.249562,0.789958,1.457118,0.472355,1.932222,0.392437,0.216553,0.208228,0.214888,0.361886,0.302337,0.282423,0.258140,0.234996
1.579856,1.861043,1.634073,1.481878,1.337210,1.498522,1.508120,1.843632,1.793436,1.130076,1.577183,1.582630,1.387781,0.987096,1.481245,1.641498,1.669845,1.413880,1.477727,1.563960,1.555096,1.410603,1.526286,1.050574,1.477460,1.447396,1.612176,1.592486,1.511641,1.564887,0.000000,1.481245,1.479881,0.978273,1.571707,1.680847,1.828989,1.593339,1.435572,1.409616,1.624436,1.759714,1.329306,1.546066,1.516915,1.715143,1.650668,1.562886,1.572402,1.425598,1.596327,1.564887,1.650668,1.644418,1.520219,1.445941,1.428446,1.748686,1.526662,1.736384,1.525075,1.362749,1.655834,1.695548,1.514883,1.579366,1.438840,1.748999,1.486638,1.499673,1.612176,1.518191,1.556708,1.569098,1.759530,1.720342,1.635002,1.547316,1.505083,1.250160,1.511198,1.439589,1.307196,1.385591,1.477549,1.466697,1.541662,1.706538,1.257753,1.687930,1.464376,1.402163,1.594130,1.576966,1.569098,1.450317,1.482396,1.559635,1.510257,1.575624
1.862962,1.394440,0.574202,0.146362,0.254976,0.165125,0.154579,1.175323,0.919084,1.891652,0.380121,1.104263,0.665628,1.684216,0.000000,0.475223,1.238452,1.962925,0.308547,0.247612,0.221497,0.330242,0.230208,0.754441,0.214577,1.943755,0.371300,0.412719,1.946483,0.240410,1.481245,0.000000,0.200955,1.838055,0.255177,0.696463,0.936085,1.829061,0.231133,0.259082,0.445156,1.394422,0.315791,0.214351,0.198906,0.874153,0.436929,0.337953,0.317008,1.792430,1.576047,0.240410,0.436929,1.914663,0.407849,0.388168,1.887889,0.583328,0.360801,0.888169,0.258065,1.980183,0.522172,1.469196,0.227413,0.322118,0.286692,0.762474,1.807998,0.213329,0.371300,0.249423,0.376161,0.239888,0.863740,0.973094,1.858675,0.176530,0.307939,1.946483,0.359296,1.913556,1.978163,0.365014,0.232872,0.220368,0.230677,0.857965,1.432257,0.633628,1.956567,0.310113,0.263252,0.247039,0.239888,0.268191,0.257260,0.365844,0.214203,0.252442
1.874913,1.404527,0.586934,0.212535,0.325746,0.232600,0.201158,1.194510,0.926201,1.898791,0.365643,1.111896,0.671204,1.697294,0.200955,0.487188,1.246309,1.971633,0.308619,0.220269,0.179470,0.304795,0.164533,0.756056,0.167484,1.942247,0.378348,0.433077,1.949477,0.246460,1.479881,0.200955,0.000000,1.842740,0.231593,0.688774,0.948037,1.843803,0.289537,0.313114,0.454579,1.395416,0.330895,0.174490,0.196154,0.898574,0.441315,0.353206,0.336405,1.798759,1.588880,0.246460,0.441315,1.919158,0.372047,0.378399,1.893523,0.596703,0.341575,0.864739,0.264843,1.972425,0.550348,1.470250,0.208447,0.343291,0.238421,0.765184,1.807235,0.140772,0.378348,0.214918,0.358788,0.210884,0.879293,0.993547,1.858155,0.206078,0.330364,1.950569,0.370245,1.919369,1.981450,0.394683,0.178727,0.147700,0.197954,0.875777,1.467786,0.649251,1.950988,0.192951,0.241050,0.216366,0.210884,0.220813,0.219815,0.409326,0.136299,0.220105
0.969225,1.533011,1.802510,1.853120,1.770931,1.858604,1.863901,1.608706,1.712018,0.489141,1.897315,1.607645,1.702558,0.614648,1.838055,1.805337,1.609755,0.800619,1.843721,1.874044,1.881888,1.800157,1.878625,1.588128,1.847145,0.863576,1.856665,1.789911,0.898125,1.869135,0.978273,1.838055,1.842740,0.000000,1.876225,1.789336,1.760015,1.041455,1.847673,1.839193,1.844371,1.500618,1.799360,1.880112,1.878714,1.695631,1.855091,1.834575,1.891701,0.762044,1.345864,1.869135,1.855091,1.058737,1.875074,1.837362,0.753509,1.863433,1.878538,1.739429,1.882199,0.742023,1.812230,1.310528,1.850352,1.895691,1.833546,1.806332,0.869034,1.868357,1.856665,1.853683,1.886201,1.884380,1.744087,1.618656,1.164931,1.873254,1.876250,0.605302,1.878084,0.916070,0.656241,1.789497,1.840525,1.854954,1.867418,1.753288,1.101900,1.802630,0.841733,1.820259,1.894987,1.890624,1.884380,1.839393,1.838132,1.819009,1.872765,1.898118
1.847334,1.336573,0.561582,0.229843,0.435754,0.225838,0.205370,1.109899,0.836327,1.920409,0.298078,1.050663,0.750816,1.740075,0.255177,0.424539,1.163590,1.963033,0.298983,0.019031,0.161075,0.368509,0.182251,0.862444,0.174343,1.931148,0.340011,0.391675,1.931102,0.233027,1.571707,0.255177,0.231593,1.876225,0.000000,0.620837,0.864512,1.811213,0.338637,0.375228,0.421289,1.332388,0.441603,0.122173,0.215759,0.839077,0.380635,0.345336,0.274187,1.789445,1.558386,0.233027,0.380635,1.879313,0.341186,0.391990,1.882518,0.494262,0.301501,0.812121,0.248896,1.973681,0.484173,1.425046,0.209474,0.272177,0.280120,0.703044,1.794658,0.183220,0.340011,0.217170,0.296349,0.101940,0.821020,0.937309,1.826342,0.167758,0.304070,1.959245,0.342573,1.907944,1.982222,0.426334,0.187019,0.225024,0.070104,0.795498,1.483848,0.601291,1.935078,0.349856,0.127325,0.121385,0.101940,0.252516,0.251190,0.421599,0.176185,0.155828
1.616488,1.138381,0.555482,0.736605,0.876935,0.728355,0.710728,0.816986,0.485612,1.844041,0.720900,1.136103,0.820858,1.678301,0.696463,0.542215,1.170683,1.837659,0.816836,0.627187,0.675870,0.782528,0.707389,1.214014,0.721063,1.759351,0.553284,0.585591,1.791170,0.615015,1.680847,0.696463,0.688774,1.789336,0.620837,0.000000,0.613235,1.566295,0.822177,0.864951,0.535226,0.970715,0.893155,0.662406,0.702377,0.583115,0.522004,0.594915,0.664533,1.546585,1.251621,0.615015,0.522004,1.708915,0.798546,0.875989,1.653106,0.458209,0.811543,0.480696,0.692893,1.843498,0.544517,1.137818,0.647178,0.642272,0.790191,0.544578,1.650778,0.718065,0.553284,0.652882,0.757452,0.642024,0.624221,0.642394,1.695634,0.669395,0.817460,1.870217,0.743641,1.741236,1.867530,0.770573,0.725870,0.750046,0.658442,0.547181,1.296329,0.548768,1.777543,0.787779,0.630604,0.639111,0.642024,0.771749,0.672648,0.593997,0.708443,0.668264
1.408562,0.742069,0.530247,0.981403,1.133277,0.965915,0.946526,0.380932,0.416442,1.752734,0.933602,1.176221,0.904756,1.638366,0.936085,0.586129,1.153043,1.677882,1.066151,0.874904,0.894600,1.091300,0.949163,1.465765,0.989977,1.588756,0.654429,0.687597,1.608995,0.792412,1.828989,0.936085,0.948037,1.760015,0.864512,0.613235,0.000000,1.376326,1.065222,1.109062,0.600006,0.879646,1.155592,0.898285,0.927884,0.419850,0.578184,0.737151,0.871761,1.385298,1.168612,0.792412,0.578184,1.489748,1.046786,1.137973,1.487310,0.443464,1.048792,0.461864,0.939709,1.720961,0.559600,0.922694,0.914135,0.864072,1.071928,0.278737,1.423744,0.972502,0.654429,0.928547,0.983519,0.867601,0.223618,0.444045,1.474841,0.890434,1.033367,1.751088,1.010464,1.550686,1.739935,1.080790,1.000580,1.017079,0.910319,0.684425,1.390440,0.418847,1.620697,1.079208,0.837435,0.857533,0.867601,1.049052,0.966409,0.731950,0.955865,0.881618
0.296996,1.049999,1.617342,1.850527,1.879867,1.841603,1.840424,1.163573,1.377801,0.928518,1.835456,1.565621,1.690197,1.182261,1.829061,1.670269,1.430770,0.682318,1.874505,1.815733,1.825209,1.867452,1.844429,1.885772,1.859908,0.572161,1.723847,1.703988,0.695778,1.789251,1.593339,1.829061,1.843803,1.041455,1.811213,1.566295,1.376326,0.000000,1.873852,1.886666,1.685906,1.034537,1.894329,1.827301,1.836762,1.363163,1.689203,1.736654,1.810937,0.693693,0.638527,1.789251,1.689203,0.578872,1.872956,1.887007,0.554874,1.618224,1.871039,1.430347,1.827666,0.745553,1.638840,0.887195,1.823307,1.809584,1.886223,1.509098,0.788659,1.855198,1.723847,1.825971,1.849582,1.814619,1.429212,1.324626,0.708006,1.824268,1.866669,0.822902,1.858311,0.587685,0.749883,1.828867,1.861490,1.868978,1.828702,1.476199,1.224118,1.572875,0.651968,1.879801,1.798426,1.809364,1.814619,1.879407,1.836328,1.722914,1.849918,1.816230
1.901585,1.465906,0.729421,0.175366,0.239885,0.155613,0.225167,1.292645,1.047407,1.901172,0.340114,1.083931,0.783196,1.709679,0.231133,0.627107,1.228465,1.970691,0.253278,0.329225,0.279314,0.321200,0.249534,0.680790,0.249220,1.958436,0.516515,0.563052,1.954644,0.369630,1.435572,0.231133,0.289537,1.847673,0.338637,0.822177,1.065222,1.873852,0.000000,0.085143,0.594314,1.476753,0.295645,0.283165,0.250993,1.019956,0.581061,0.492665,0.314146,1.848896,1.645592,0.369630,0.581061,1.928093,0.345547,0.310734,1.931539,0.710115,0.298349,1.021911,0.287419,1.981061,0.671297,1.557838,0.313962,0.348159,0.243391,0.900127,1.838190,0.233651,0.516515,0.312859,0.333349,0.314530,1.007393,1.119577,1.877513,0.270781,0.216443,1.954151,0.330518,1.935359,1.976025,0.357606,0.264542,0.218299,0.299435,0.951172,1.494999,0.785848,1.972728,0.311733,0.338295,0.321290,0.314530,0.243167,0.313293,0.528779,0.244491,0.300899
1.915049,1.493361,0.775910,0.199877,0.210005,0.196260,0.255042,1.329562,1.084677,1.891889,0.384026,1.085435,0.810651,1.700330,0.259082,0.671664,1.236268,1.967099,0.249248,0.364694,0.311990,0.316013,0.273354,0.646865,0.266976,1.962263,0.566843,0.604309,1.953213,0.417396,1.409616,0.259082,0.313114,1.839193,0.375228,0.864951,1.109062,1.886666,0.085143,0.000000,0.644319,1.506615,0.276618,0.317823,0.291925,1.061303,0.631591,0.534829,0.378101,1.857249,1.666898,0.417396,0.631591,1.934018,0.352622,0.296543,1.939611,0.759212,0.296744,1.064590,0.332160,1.977375,0.711098,1.584715,0.340636,0.403243,0.239121,0.947973,1.844470,0.255875,0.566843,0.338113,0.353631,0.350279,1.050167,1.157505,1.882294,0.305973,0.216717,1.946388,0.360137,1.940169,1.971550,0.369357,0.278044,0.230263,0.329832,0.995271,1.511212,0.831923,1.973627,0.313754,0.377197,0.359484,0.350279,0.244522,0.334519,0.573562,0.269938,0.336104
1.721175,1.169610,0.178903,0.514102,0.661201,0.506623,0.473851,0.897764,0.696190,1.878862,0.530220,1.178251,0.532521,1.691052,0.445156,0.281998,1.249219,1.900621,0.633820,0.426965,0.439276,0.647914,0.492772,1.074773,0.513219,1.842946,0.102125,0.331822,1.864670,0.257818,1.624436,0.445156,0.454579,1.844371,0.421289,0.535226,0.600006,1.685906,0.594314,0.644319,0.000000,1.197158,0.668304,0.427758,0.420506,0.579855,0.124658,0.204855,0.435704,1.664035,1.397536,0.257818,0.124658,1.802761,0.648873,0.724959,1.755545,0.334114,0.640008,0.585124,0.460943,1.925139,0.299896,1.250632,0.445801,0.435280,0.617507,0.372104,1.698551,0.498312,0.102125,0.474588,0.584946,0.413394,0.499403,0.700223,1.747152,0.425197,0.596447,1.914391,0.586376,1.797469,1.932528,0.640520,0.538506,0.538315,0.455602,0.708691,1.400684,0.242959,1.871148,0.594624,0.397577,0.402531,0.413394,0.588446,0.499829,0.275762,0.483737,0.435316
1.066197,0.878593,1.160011,1.430771,1.516204,1.418143,1.405392,0.784777,0.822967,1.454579,1.363092,1.275871,1.333963,1.411644,1.394422,1.193472,1.164802,1.368943,1.456180,1.338974,1.373739,1.426181,1.403080,1.649857,1.420403,1.219025,1.236155,1.252367,1.319971,1.320574,1.759714,1.394422,1.395416,1.500618,1.332388,0.970715,0.879646,1.034537,1.476753,1.506615,1.197158,0.000000,1.541291,1.367818,1.392057,0.973480,1.189895,1.278334,1.327827,1.084577,0.885778,1.320574,1.189895,1.168394,1.421465,1.506998,1.134061,1.061642,1.444178,0.905841,1.378634,1.383992,1.154412,0.826381,1.340362,1.312964,1.456761,1.004965,1.248481,1.411367,1.236155,1.336279,1.397567,1.350270,0.985322,0.906284,1.191872,1.370731,1.462136,1.453378,1.381978,1.217812,1.429707,1.381377,1.414384,1.434998,1.364941,0.795619,1.083650,1.106974,1.269658,1.447125,1.330443,1.343106,1.350270,1.449558,1.355363,1.280460,1.405195,1.358958
1.924787,1.554454,0.782884,0.302642,0.237004,0.336858,0.321735,1.374661,1.146430,1.868259,0.511018,1.174345,0.733791,1.662890,0.315791,0.705748,1.325182,1.965010,0.355656,0.431616,0.407642,0.357494,0.364843,0.607640,0.321773,1.966052,0.601260,0.636240,1.960726,0.463016,1.329306,0.315791,0.330895,1.799360,0.441603,0.893155,1.155592,1.894329,0.295645,0.276618,0.668304,1.541291,0.000000,0.400353,0.357276,1.078602,0.670238,0.555681,0.492454,1.845867,1.659486,0.463016,0.670238,1.964148,0.475682,0.356583,1.927884,0.824500,0.417856,1.073848,0.405576,1.969564,0.754444,1.607732,0.409522,0.495429,0.304206,0.975362,1.852697,0.332470,0.601260,0.420742,0.488535,0.435189,1.076600,1.174794,1.906006,0.368446,0.392656,1.928327,0.428316,1.941543,1.962178,0.413005,0.331442,0.294136,0.401523,1.050327,1.466370,0.855327,1.969757,0.291579,0.471049,0.446820,0.435189,0.309645,0.390617,0.558744,0.343332,0.437783
1.863987,1.361327,0.569539,0.187414,0.391931,0.192601,0.157037,1.153483,0.883514,1.925460,0.292256,1.074027,0.721070,1.746803,0.214351,0.457777,1.191120,1.968768,0.287588,0.110721,0.096523,0.346100,0.118532,0.825844,0.141003,1.936801,0.342464,0.420276,1.938057,0.212503,1.546066,0.214351,0.174490,1.880112,0.122173,0.662406,0.898285,1.827301,0.283165,0.317823,0.427758,1.367818,0.400353,0.000000,0.158663,0.874353,0.395636,0.339436,0.258962,1.809222,1.572381,0.212503,0.395636,1.892608,0.332464,0.377691,1.897378,0.531082,0.290585,0.842364,0.206018,1.977216,0.513287,1.458186,0.194126,0.265550,0.260320,0.724850,1.802501,0.109505,0.342464,0.200904,0.293532,0.057481,0.844394,0.976614,1.834647,0.145879,0.271873,1.964433,0.336257,1.912760,1.987166,0.419230,0.172804,0.162992,0.096826,0.840118,1.506441,0.617938,1.946299,0.303735,0.095324,0.062682,0.057481,0.230692,0.230538,0.412914,0.101326,0.088283
