0.000000,1.046445,1.583671,1.844628,1.882569,1.841100,1.834372,1.142273,1.406810,0.870241,1.823587,1.541967,1.612648,1.119841,1.836010,1.649694,1.429433,0.735873,1.865401,1.810086,1.814501,1.877403,1.834377,1.888789,1.849567,0.585868,1.716318,1.692197,0.629671,1.774877,1.691811,1.836010,1.839858,1.014794,1.805572,1.600166,1.352331,0.557169,1.872869,1.880452,1.666953,0.978749,1.895266,1.817687,1.817734,1.405937,1.685844,1.698375,1.805126,0.758210,0.932904,1.774877,1.685844,0.574765,1.850334,1.874749,0.609149,1.598756,1.853307,1.408383,1.811700,0.793107,1.615897,0.989939,1.841400,1.805702,1.876083,1.490787,0.701187,1.846537,1.716318,1.832882,1.834070,1.806745,1.367448,1.343503,0.715089,1.822724,1.858058,0.804006,1.850146,0.576706,0.785162,1.857218,1.853841,1.859875,1.821806,1.486857,1.188163,1.533383,0.691477,1.885832,1.792081,1.802390,1.806745,1.864790,1.855554,1.710661,1.840652,1.807955
1.046445,0.000000,1.075610,1.475256,1.576923,1.469847,1.460923,0.723049,0.917403,1.399615,1.397464,1.280391,1.251346,1.410901,1.442797,1.168410,1.199370,1.314564,1.542197,1.403288,1.406285,1.536915,1.452419,1.774742,1.477790,1.206613,1.229602,1.252742,1.268684,1.322799,1.842330,1.442797,1.457732,1.525208,1.394370,1.116770,0.784796,1.009118,1.532924,1.557199,1.162322,0.748707,1.598964,1.420967,1.414592,0.914527,1.184529,1.257062,1.396272,1.087205,1.073982,1.322799,1.184529,1.093809,1.460887,1.520323,1.127007,1.080150,1.513520,0.962854,1.431295,1.355698,1.163827,0.826562,1.459701,1.408975,1.528470,0.932331,1.086176,1.478128,1.229602,1.448891,1.430008,1.394506,0.833104,0.922311,1.104733,1.427165,1.487785,1.389225,1.510587,1.136700,1.410691,1.559547,1.481252,1.504816,1.427421,1.055484,1.294570,1.005212,1.314776,1.566045,1.374443,1.390155,1.394506,1.502586,1.478631,1.249067,1.470467,1.402374
1.583671,1.075610,0.000000,0.690269,0.840799,0.693116,0.652817,0.744426,0.510944,1.845860,0.667840,1.093050,0.499624,1.702448,0.631361,0.343709,1.105392,1.851548,0.817343,0.582029,0.610463,0.840030,0.672453,1.203578,0.681509,1.781649,0.303228,0.424139,1.799103,0.436290,1.652085,0.631361,0.642304,1.813091,0.571863,0.408935,0.474007,1.599456,0.793689,0.828567,0.192602,1.061488,0.863904,0.600212,0.587246,0.444494,0.275421,0.308993,0.637746,1.442775,1.173291,0.436290,0.275421,1.726023,0.749747,0.828532,1.602148,0.291783,0.801861,0.432991,0.619829,1.878610,0.467564,1.167696,0.649311,0.658514,0.783666,0.257394,1.628644,0.690180,0.303228,0.660164,0.707196,0.578318,0.409623,0.531515,1.677537,0.605850,0.750336,1.869276,0.813435,1.710006,1.896367,0.828332,0.693529,0.727047,0.619533,0.559807,1.500895,0.140164,1.825650,0.821541,0.557175,0.567849,0.578318,0.743355,0.697309,0.368007,0.675940,0.601438
1.844628,1.475256,0.690269,0.000000,0.262856,0.086015,0.081801,1.224446,0.914795,1.925639,0.322796,0.990052,0.785456,1.764729,0.133296,0.554272,1.103975,1.980058,0.224270,0.217270,0.205003,0.365909,0.182502,0.730851,0.169898,1.964631,0.441494,0.479412,1.942015,0.321100,1.412785,0.133296,0.192984,1.855996,0.226941,0.684413,1.008006,1.848373,0.198755,0.211669,0.552751,1.442593,0.303702,0.199745,0.224725,0.954299,0.492708,0.437382,0.293625,1.725497,1.471005,0.321100,0.492708,1.918418,0.338147,0.296386,1.867748,0.636652,0.275895,0.920816,0.230006,1.968785,0.637776,1.562876,0.255852,0.308088,0.208746,0.840991,1.873200,0.177364,0.441494,0.273308,0.328546,0.222247,0.987001,1.011606,1.855284,0.141256,0.234829,1.952684,0.358135,1.927272,1.981784,0.371591,0.174359,0.177622,0.192374,0.857789,1.660013,0.750668,1.959152,0.275480,0.255004,0.234488,0.222247,0.195414,0.288094,0.511770,0.181908,0.228933
1.882569,1.576923,0.840799,0.262856,0.000000,0.268608,0.312715,1.356932,1.079999,1.890560,0.464006,1.075673,0.818893,1.710609,0.265425,0.708745,1.208660,1.967595,0.299880,0.411537,0.404180,0.378097,0.362424,0.536983,0.305656,1.975293,0.617818,0.613596,1.952682,0.504190,1.251131,0.265425,0.318198,1.784531,0.421232,0.835125,1.164182,1.895171,0.222316,0.198391,0.719581,1.569244,0.204811,0.394554,0.415870,1.084869,0.671088,0.614202,0.428945,1.744550,1.549423,0.504190,0.671088,1.956208,0.447699,0.345608,1.881718,0.821866,0.403275,1.077903,0.430811,1.950726,0.789432,1.604035,0.357081,0.438394,0.264967,0.996383,1.873334,0.331814,0.617818,0.398702,0.460236,0.426339,1.129926,1.134904,1.911397,0.358660,0.340404,1.930516,0.397486,1.954961,1.953656,0.337664,0.301219,0.292456,0.383667,1.028806,1.611944,0.909285,1.945684,0.291039,0.463767,0.438286,0.426339,0.284465,0.374041,0.619257,0.342690,0.436386
1.841100,1.469847,0.693116,0.086015,0.268608,0.000000,0.143245,1.216291,0.911068,1.923868,0.303799,0.991273,0.787548,1.765189,0.149100,0.551244,1.101536,1.977005,0.246854,0.230274,0.216183,0.380956,0.192742,0.739569,0.193975,1.964764,0.448306,0.477276,1.942088,0.335807,1.413330,0.149100,0.216317,1.855467,0.238523,0.675695,1.005064,1.847599,0.161605,0.192384,0.559254,1.438460,0.317629,0.221639,0.250568,0.955328,0.494912,0.449113,0.243781,1.724968,1.464799,0.335807,0.494912,1.916133,0.340403,0.306779,1.864463,0.638063,0.293310,0.911618,0.256855,1.968360,0.634043,1.551186,0.256580,0.265872,0.220957,0.840789,1.876934,0.199357,0.448306,0.286483,0.321699,0.239376,0.984305,1.001560,1.853082,0.176497,0.223052,1.949861,0.328918,1.924622,1.980094,0.368819,0.192942,0.198613,0.206173,0.862741,1.659558,0.751281,1.956665,0.294701,0.269335,0.252915,0.239376,0.204124,0.301416,0.527852,0.205828,0.246449
1.834372,1.460923,0.652817,0.081801,0.312715,0.143245,0.000000,1.201700,0.887657,1.931966,0.322495,1.009049,0.767707,1.772992,0.145768,0.528197,1.115879,1.979678,0.245506,0.191646,0.177110,0.368431,0.167359,0.764211,0.164677,1.958880,0.401311,0.458960,1.940508,0.278347,1.436083,0.145768,0.170849,1.867465,0.200551,0.667515,0.977447,1.838085,0.251325,0.265029,0.512364,1.423743,0.328794,0.163368,0.180574,0.919766,0.455502,0.392668,0.297558,1.719984,1.452637,0.278347,0.455502,1.914808,0.344071,0.317281,1.860924,0.599160,0.282961,0.888577,0.181151,1.972241,0.615013,1.548657,0.239080,0.305977,0.233321,0.805232,1.869267,0.167292,0.401311,0.248760,0.335498,0.187200,0.957632,0.985265,1.847889,0.085661,0.261857,1.957180,0.370746,1.920215,1.985230,0.400104,0.177197,0.181226,0.171420,0.835441,1.662776,0.716054,1.961051,0.285698,0.216646,0.195079,0.187200,0.214918,0.268871,0.473828,0.165205,0.192553
1.142273,0.723049,0.744426,1.224446,1.356932,1.216291,1.201700,0.000000,0.480257,1.537882,1.180782,1.155034,1.001174,1.475925,1.196298,0.793589,1.089089,1.527875,1.310081,1.130554,1.141292,1.337910,1.194912,1.622321,1.223219,1.419580,0.937529,0.886906,1.413777,1.051280,1.835007,1.196298,1.204163,1.597074,1.120934,0.822869,0.365958,1.186123,1.315385,1.343506,0.862422,0.690297,1.393368,1.154437,1.159416,0.527803,0.870011,0.940341,1.162616,1.090696,1.020745,1.051280,0.870011,1.300716,1.260018,1.310516,1.238005,0.734958,1.287190,0.592830,1.169464,1.559623,0.826896,0.842358,1.219356,1.179556,1.300341,0.586553,1.252209,1.227068,0.937529,1.207941,1.212893,1.126474,0.404675,0.425289,1.281585,1.163145,1.262718,1.552506,1.311166,1.312011,1.594108,1.340188,1.225016,1.261371,1.156673,0.743718,1.366319,0.634356,1.483409,1.355114,1.100238,1.121898,1.126474,1.266236,1.254473,0.980115,1.213957,1.139653
1.406810,0.917403,0.510944,0.914795,1.079999,0.911068,0.887657,0.480257,0.000000,1.715866,0.877714,0.991197,0.852001,1.604241,0.895150,0.524500,0.967358,1.730432,1.009444,0.811385,0.822047,1.054847,0.879444,1.402537,0.917372,1.648954,0.643285,0.613831,1.642260,0.745434,1.778509,0.895150,0.891808,1.751069,0.800016,0.523610,0.371832,1.448266,1.025530,1.053912,0.588524,0.829673,1.111433,0.838421,0.849883,0.476910,0.581878,0.636736,0.870073,1.330041,1.170589,0.745434,0.581878,1.536204,0.967196,1.023989,1.494378,0.487272,0.981669,0.441451,0.863509,1.749776,0.537859,1.107980,0.921776,0.887485,0.995378,0.435849,1.495199,0.913128,0.643285,0.903980,0.909066,0.811009,0.376366,0.370124,1.478304,0.843280,0.959487,1.735155,1.031373,1.547097,1.781433,1.044599,0.913413,0.950957,0.839987,0.521066,1.493661,0.408278,1.695930,1.058081,0.781579,0.805436,0.811009,0.955966,0.960714,0.720162,0.900889,0.820565
0.870241,1.399615,1.845860,1.925639,1.890560,1.923868,1.931966,1.537882,1.715866,0.000000,1.938518,1.653740,1.797693,0.524431,1.930162,1.848614,1.626718,0.533980,1.911800,1.932851,1.931838,1.901306,1.931560,1.746235,1.925837,0.604322,1.912459,1.854584,0.613746,1.934309,1.307585,1.930162,1.926607,0.473016,1.932582,1.828568,1.706755,0.844847,1.920584,1.917698,1.893757,1.445081,1.901348,1.937352,1.946876,1.713625,1.896180,1.907320,1.934173,0.890507,1.422389,1.934309,1.896180,0.729505,1.930090,1.903492,0.755311,1.870028,1.925138,1.754381,1.945482,0.407999,1.852425,1.259645,1.934123,1.935915,1.922012,1.794809,0.685389,1.933156,1.912459,1.931253,1.929704,1.935927,1.708793,1.654277,0.808628,1.934305,1.929843,0.238386,1.924006,0.648079,0.435879,1.888131,1.922999,1.929383,1.930951,1.804182,1.065765,1.816699,0.469329,1.926453,1.936946,1.938536,1.935927,1.925577,1.932637,1.881185,1.931395,1.940530
1.823587,1.397464,0.667840,0.322796,0.464006,0.303799,0.322495,1.180782,0.877714,1.938518,0.000000,0.984220,0.829368,1.806569,0.321125,0.581049,1.069539,1.960103,0.355453,0.284308,0.274709,0.440358,0.279925,0.868624,0.306737,1.948682,0.425453,0.541582,1.926515,0.322842,1.515411,0.321125,0.309556,1.903329,0.285032,0.675365,0.957006,1.823571,0.333897,0.353834,0.519095,1.406858,0.503070,0.278117,0.268214,0.942805,0.477046,0.457165,0.240089,1.738726,1.439834,0.322842,0.477046,1.881479,0.210475,0.400240,1.866722,0.579521,0.315692,0.883214,0.310357,1.962335,0.644937,1.538234,0.317495,0.258054,0.332115,0.798916,1.870027,0.293828,0.425453,0.321716,0.185169,0.275659,0.953695,1.008803,1.809452,0.294256,0.220621,1.949866,0.315057,1.902723,1.980293,0.493043,0.302810,0.310205,0.278201,0.831477,1.692799,0.722953,1.944297,0.387772,0.283961,0.280166,0.275659,0.305298,0.347369,0.573113,0.304349,0.273803
1.541967,1.280391,1.093050,0.990052,1.075673,0.991273,1.009049,1.155034,0.991197,1.653740,0.984220,0.000000,1.265361,1.588001,1.030224,1.019815,0.265015,1.706522,0.987187,0.989191,0.984737,1.124718,0.987587,1.273465,1.017773,1.657843,1.021665,1.021105,1.579396,1.005725,1.647228,1.030224,1.041813,1.663967,0.987109,0.931083,1.113474,1.602890,1.036246,1.032221,1.045130,1.173079,1.139868,1.005256,1.001436,1.196407,1.017359,1.038682,1.037409,1.452543,1.432711,1.005725,1.017359,1.527168,0.956630,1.009866,1.655605,1.019855,0.945385,1.124593,1.015007,1.663963,0.999689,1.570247,1.103168,1.056554,0.996947,1.104751,1.570063,1.002289,1.021665,1.070389,0.928899,0.992457,1.132859,1.191155,1.492137,1.010087,0.968905,1.652027,1.094581,1.647558,1.690978,0.988231,1.004909,1.014482,0.993403,0.891084,1.634129,1.069380,1.648614,1.067273,0.990429,0.998669,0.992457,0.991552,1.117045,1.151201,1.000820,0.989039
1.612648,1.251346,0.499624,0.785456,0.818893,0.787548,0.767707,1.001174,0.852001,1.797693,0.829368,1.265361,0.000000,1.649891,0.713857,0.675727,1.281973,1.834992,0.906311,0.750733,0.789573,0.904665,0.816427,1.068460,0.787001,1.772597,0.608594,0.688326,1.803184,0.662453,1.455377,0.713857,0.739861,1.680461,0.747646,0.594485,0.793676,1.660736,0.831263,0.860495,0.563443,1.220948,0.825130,0.760168,0.753423,0.740209,0.622810,0.597584,0.773973,1.409211,1.213282,0.662453,0.622810,1.783527,0.873554,0.925022,1.554689,0.662110,0.923810,0.723709,0.777637,1.852189,0.747221,1.213682,0.725388,0.782684,0.856674,0.626117,1.612146,0.808483,0.608594,0.779986,0.852561,0.760675,0.689861,0.767582,1.752477,0.750894,0.852756,1.830989,0.869966,1.729404,1.844887,0.835633,0.805147,0.820855,0.775824,0.828070,1.386327,0.570971,1.788462,0.863087,0.763486,0.753622,0.760675,0.832409,0.775651,0.503651,0.798285,0.788367
1.119841,1.410901,1.702448,1.764729,1.710609,1.765189,1.772992,1.475925,1.604241,0.524431,1.806569,1.588001,1.649891,0.000000,1.767502,1.684056,1.620420,0.909472,1.756378,1.780781,1.778603,1.742569,1.777980,1.569618,1.759741,0.986429,1.760023,1.677675,0.992257,1.778413,1.161977,1.767502,1.757618,0.578480,1.781000,1.692041,1.616603,1.097905,1.764730,1.760939,1.747883,1.506163,1.737548,1.784509,1.802374,1.587428,1.745541,1.756438,1.792422,0.914146,1.514344,1.778413,1.745541,1.077488,1.795110,1.744051,0.964516,1.746931,1.786443,1.645538,1.811885,0.831536,1.714100,1.205435,1.780621,1.796389,1.761088,1.674343,0.866007,1.778087,1.760023,1.778843,1.791273,1.784469,1.602975,1.519824,1.151295,1.776496,1.784578,0.727174,1.786497,0.987440,0.847057,1.726405,1.755441,1.771268,1.777178,1.740553,0.999005,1.683324,0.844493,1.773342,1.793110,1.790612,1.784469,1.766480,1.778808,1.706886,1.774399,1.798684
1.836010,1.442797,0.631361,0.133296,0.265425,0.149100,0.145768,1.196298,0.895150,1.930162,0.321125,1.030224,0.713857,1.767502,0.000000,0.509085,1.135254,1.977438,0.299215,0.204456,0.212145,0.381854,0.213473,0.755649,0.182044,1.960515,0.384399,0.438322,1.944569,0.273367,1.416021,0.000000,0.178545,1.857842,0.210068,0.655273,0.966228,1.843896,0.237890,0.256654,0.493181,1.430459,0.309576,0.195932,0.212809,0.904159,0.438521,0.393184,0.272984,1.714316,1.456326,0.273367,0.438521,1.921944,0.366551,0.339617,1.853622,0.594996,0.346481,0.885474,0.244108,1.972893,0.597831,1.523303,0.226327,0.292539,0.242546,0.785073,1.858289,0.203576,0.384399,0.262400,0.354948,0.214102,0.938555,0.972789,1.859785,0.153492,0.275416,1.958255,0.366375,1.921560,1.984494,0.387597,0.194296,0.208949,0.196585,0.845898,1.635748,0.698291,1.956748,0.304070,0.244093,0.222202,0.214102,0.216525,0.270407,0.435611,0.205969,0.233290
1.649694,1.168410,0.343709,0.554272,0.708745,0.551244,0.528197,0.793589,0.524500,1.848614,0.581049,1.019815,0.675727,1.684056,0.509085,0.000000,1.081259,1.888528,0.677790,0.454428,0.464845,0.707977,0.529957,1.102512,0.548193,1.836761,0.282350,0.134116,1.833640,0.378580,1.615977,0.509085,0.527009,1.821047,0.443472,0.491458,0.573015,1.658234,0.676837,0.707595,0.302422,1.167122,0.756465,0.480443,0.499897,0.511102,0.214050,0.307667,0.539715,1.537413,1.317143,0.378580,0.214050,1.769319,0.671799,0.661255,1.698805,0.335161,0.681667,0.584867,0.529369,1.895411,0.401161,1.247358,0.561118,0.561523,0.642991,0.425980,1.680544,0.559454,0.282350,0.555299,0.628556,0.456210,0.544975,0.574711,1.720768,0.481134,0.639138,1.885228,0.709287,1.774551,1.919665,0.722786,0.546640,0.593825,0.481004,0.629926,1.528719,0.332481,1.861238,0.717186,0.436240,0.455096,0.456210,0.603788,0.604050,0.378820,0.548130,0.478979
1.429433,1.199370,1.105392,1.103975,1.208660,1.101536,1.115879,1.089089,0.967358,1.626718,1.069539,0.265015,1.281973,1.620420,1.135254,1.081259,0.000000,1.639328,1.114674,1.083033,1.086025,1.245492,1.095895,1.408271,1.133219,1.567385,1.080984,1.104144,1.491480,1.085222,1.731150,1.135254,1.152901,1.663406,1.079283,0.943416,1.069778,1.511513,1.150736,1.151173,1.082683,1.037331,1.258378,1.102994,1.093402,1.191207,1.069570,1.092720,1.119953,1.389737,1.331319,1.085222,1.069570,1.418001,1.057909,1.144389,1.567447,1.036553,1.059254,1.089351,1.099699,1.611334,1.032987,1.520748,1.195379,1.136110,1.123369,1.090884,1.508310,1.113437,1.080984,1.165280,1.023737,1.086899,1.094692,1.173921,1.373588,1.110954,1.075749,1.600440,1.190859,1.541125,1.633840,1.110794,1.124550,1.131500,1.094367,0.841327,1.638100,1.070455,1.580597,1.187923,1.076843,1.088872,1.086899,1.110916,1.214768,1.216058,1.111274,1.080580
0.735873,1.314564,1.851548,1.980058,1.967595,1.977005,1.979678,1.527875,1.730432,0.533980,1.960103,1.706522,1.834992,0.909472,1.977438,1.888528,1.639328,0.000000,1.975258,1.970793,1.972600,1.960665,1.978327,1.866882,1.980326,0.411532,1.931320,1.909343,0.456327,1.957862,1.437434,1.977438,1.980595,0.763826,1.969320,1.861778,1.686285,0.727442,1.975190,1.975518,1.902830,1.334941,1.972368,1.974887,1.974420,1.723100,1.915830,1.925909,1.959650,0.955448,1.342566,1.957862,1.915830,0.518434,1.965294,1.966710,0.663420,1.868469,1.973157,1.743218,1.971410,0.380242,1.861147,1.207477,1.975619,1.961915,1.979707,1.785649,0.660252,1.980238,1.931320,1.968577,1.961092,1.970985,1.700613,1.681778,0.735935,1.976566,1.971414,0.452639,1.963237,0.501804,0.323253,1.954523,1.978014,1.981869,1.974282,1.765455,1.089559,1.821627,0.399928,1.979717,1.965958,1.969947,1.970985,1.979627,1.974494,1.919195,1.978997,1.970876
1.865401,1.542197,0.817343,0.224270,0.299880,0.246854,0.245506,1.310081,1.009444,1.911800,0.355453,0.987187,0.906311,1.756378,0.299215,0.677790,1.114674,1.975258,0.000000,0.314713,0.281855,0.337340,0.230819,0.648224,0.232329,1.968009,0.568526,0.594112,1.936471,0.434674,1.382505,0.299215,0.266837,1.844971,0.323967,0.796989,1.118778,1.866455,0.253866,0.234828,0.676994,1.517395,0.346661,0.287223,0.307362,1.057060,0.622737,0.556129,0.392097,1.765089,1.511243,0.434674,0.622737,1.927104,0.307338,0.280190,1.902960,0.752024,0.157008,1.023739,0.310796,1.955435,0.738486,1.628285,0.335081,0.396936,0.201770,0.967212,1.895387,0.217001,0.568526,0.330876,0.312252,0.317307,1.106362,1.118769,1.860117,0.280863,0.217927,1.937593,0.372138,1.943803,1.971695,0.357429,0.228116,0.194025,0.278860,0.953265,1.687023,0.875639,1.955847,0.264922,0.343581,0.326943,0.317307,0.212938,0.337275,0.649128,0.229073,0.302899
1.810086,1.403288,0.582029,0.217270,0.411537,0.230274,0.191646,1.130554,0.811385,1.932851,0.284308,0.989191,0.750733,1.780781,0.204456,0.454428,1.083033,1.970793,0.314713,0.000000,0.127671,0.403184,0.155338,0.844851,0.146411,1.946708,0.322847,0.403445,1.927420,0.210846,1.502472,0.204456,0.192122,1.889015,0.019539,0.592252,0.901827,1.814171,0.340715,0.360134,0.432162,1.367506,0.438539,0.078513,0.158150,0.851264,0.371592,0.329128,0.282161,1.707172,1.422287,0.210846,0.371592,1.895253,0.336765,0.343221,1.848108,0.520144,0.317138,0.817506,0.195299,1.970634,0.540432,1.500300,0.258826,0.292067,0.262170,0.728308,1.856292,0.159881,0.322847,0.246229,0.316668,0.064111,0.885768,0.921285,1.818225,0.149426,0.278406,1.953930,0.391959,1.901546,1.988023,0.440980,0.164583,0.199135,0.055506,0.769444,1.662545,0.640572,1.955355,0.337984,0.093663,0.078568,0.064111,0.222458,0.285249,0.447556,0.156660,0.109611
1.814501,1.406285,0.610463,0.205003,0.404180,0.216183,0.177110,1.141292,0.822047,1.931838,0.274709,0.984737,0.789573,1.778603,0.212145,0.464845,1.086025,1.972600,0.281855,0.127671,0.000000,0.378007,0.083805,0.841313,0.166831,1.945765,0.343781,0.406261,1.927086,0.230782,1.501404,0.212145,0.161803,1.888916,0.129064,0.618283,0.918216,1.817452,0.324635,0.341180,0.459501,1.384980,0.435170,0.094054,0.148560,0.855698,0.389760,0.351301,0.274071,1.723923,1.442072,0.230782,0.389760,1.893155,0.333616,0.319140,1.863273,0.534521,0.287018,0.835515,0.182498,1.970983,0.552298,1.512194,0.259030,0.286683,0.250113,0.752496,1.857678,0.136167,0.343781,0.239067,0.311083,0.104978,0.906857,0.935554,1.820274,0.132324,0.260783,1.954248,0.380518,1.907140,1.988169,0.446111,0.171473,0.179047,0.110189,0.796387,1.669429,0.663343,1.961026,0.332708,0.107134,0.105861,0.104978,0.213367,0.279671,0.466660,0.125247,0.076913
1.877403,1.536915,0.840030,0.365909,0.378097,0.380956,0.368431,1.337910,1.054847,1.901306,0.440358,1.124718,0.904665,1.742569,0.381854,0.707977,1.245492,1.960665,0.337340,0.403184,0.378007,0.000000,0.336171,0.691840,0.326151,1.962360,0.598094,0.632836,1.941190,0.488018,1.342201,0.381854,0.336816,1.839087,0.411238,0.847010,1.145314,1.884334,0.387591,0.371523,0.701871,1.550358,0.395258,0.376611,0.389517,1.066712,0.649589,0.610694,0.459928,1.808813,1.566493,0.488018,0.649589,1.934139,0.404435,0.332818,1.922866,0.799229,0.379152,1.060641,0.409760,1.955966,0.792403,1.623986,0.290692,0.436252,0.297277,0.984980,1.887018,0.319962,0.598094,0.259879,0.452412,0.402516,1.125492,1.138839,1.866508,0.370611,0.395117,1.930169,0.386253,1.934764,1.963831,0.454179,0.319425,0.295512,0.371228,1.039312,1.669322,0.901443,1.957520,0.286883,0.426306,0.411026,0.402516,0.316598,0.212852,0.654625,0.333353,0.396105
1.834377,1.452419,0.672453,0.182502,0.362424,0.192742,0.167359,1.194912,0.879444,1.931560,0.279925,0.987587,0.816427,1.777980,0.213473,0.529957,1.095895,1.978327,0.230819,0.155338,0.083805,0.336171,0.000000,0.792672,0.132275,1.956324,0.406859,0.465201,1.933363,0.284298,1.466960,0.213473,0.150394,1.882175,0.162721,0.659063,0.980412,1.840072,0.284088,0.292868,0.522115,1.423383,0.385623,0.113985,0.168307,0.917104,0.456211,0.414536,0.280401,1.742822,1.465368,0.284298,0.456211,1.908590,0.308393,0.283535,1.881120,0.600761,0.242580,0.889582,0.191943,1.972992,0.601213,1.550316,0.245089,0.285625,0.191701,0.815766,1.877548,0.082929,0.406859,0.227789,0.296977,0.141941,0.967319,0.989745,1.834895,0.145038,0.227654,1.954004,0.345752,1.921946,1.987622,0.411186,0.137093,0.118997,0.118929,0.847555,1.682958,0.728059,1.965658,0.279600,0.162097,0.149123,0.141941,0.164612,0.254660,0.516887,0.074925,0.117908
1.888789,1.774742,1.203578,0.730851,0.536983,0.739569,0.764211,1.622321,1.402537,1.746235,0.868624,1.273465,1.068460,1.569618,0.755649,1.102512,1.408271,1.866882,0.648224,0.844851,0.841313,0.691840,0.792672,0.000000,0.735330,1.908792,1.033714,1.002400,1.901129,0.931276,0.925349,0.755649,0.745690,1.595894,0.854983,1.191693,1.493799,1.895526,0.652960,0.622097,1.112846,1.766168,0.560162,0.829247,0.847860,1.387223,1.086612,1.011066,0.862387,1.760835,1.652042,0.931276,1.086612,1.945011,0.806600,0.698165,1.854386,1.217877,0.744378,1.399120,0.851437,1.824231,1.164551,1.694365,0.768316,0.855469,0.675967,1.356261,1.835897,0.757212,1.033714,0.803028,0.834042,0.863744,1.453917,1.417026,1.925628,0.807990,0.738591,1.805075,0.738089,1.921438,1.817713,0.601667,0.732034,0.711191,0.815510,1.347634,1.506481,1.273118,1.839215,0.637314,0.896552,0.872705,0.863744,0.707566,0.762845,0.988217,0.768963,0.866598
1.849567,1.477790,0.681509,0.169898,0.305656,0.193975,0.164677,1.223219,0.917372,1.925837,0.306737,1.017773,0.787001,1.759741,0.182044,0.548193,1.133219,1.980326,0.232329,0.146411,0.166831,0.326151,0.132275,0.735330,0.000000,1.965721,0.420949,0.476307,1.945360,0.291455,1.421564,0.182044,0.133323,1.865334,0.160742,0.680074,1.007055,1.853878,0.262847,0.269595,0.533515,1.451199,0.337263,0.123746,0.189967,0.943820,0.476812,0.427834,0.306373,1.733390,1.479310,0.291455,0.476812,1.927860,0.315575,0.275234,1.875449,0.629135,0.275643,0.913891,0.224710,1.971150,0.631670,1.551584,0.238013,0.310257,0.164431,0.833264,1.877200,0.101346,0.420949,0.236894,0.320754,0.153610,0.987817,1.009752,1.857081,0.162297,0.240222,1.953621,0.342950,1.932217,1.986491,0.377201,0.074541,0.104223,0.107485,0.873198,1.657353,0.747289,1.963806,0.233755,0.201649,0.171408,0.153610,0.146554,0.246086,0.499562,0.109163,0.180303
0.585868,1.206613,1.781649,1.964631,1.975293,1.964764,1.958880,1.419580,1.648954,0.604322,1.948682,1.657843,1.772597,0.986429,1.960515,1.836761,1.567385,0.411532,1.968009,1.946708,1.945765,1.962360,1.956324,1.908792,1.965721,0.000000,1.882917,1.868713,0.382982,1.922250,1.554038,1.960515,1.960068,0.822852,1.944648,1.778554,1.586683,0.604295,1.974959,1.977845,1.844156,1.199583,1.972579,1.949650,1.948218,1.634956,1.861407,1.878099,1.945764,0.854807,1.212935,1.922250,1.861407,0.432055,1.955188,1.964972,0.581610,1.799767,1.958249,1.642748,1.945113,0.445901,1.805238,1.160113,1.962307,1.946651,1.977597,1.697263,0.573325,1.962513,1.882917,1.955246,1.949889,1.943936,1.603509,1.596784,0.590396,1.951650,1.966365,0.492840,1.957180,0.405121,0.445134,1.950927,1.968141,1.968853,1.952107,1.680468,1.120285,1.743335,0.436628,1.974011,1.934919,1.940895,1.943936,1.974114,1.962455,1.872687,1.959240,1.942137
1.716318,1.229602,0.303228,0.441494,0.617818,0.448306,0.401311,0.937529,0.643285,1.912459,0.425453,1.021665,0.608594,1.760023,0.384399,0.282350,1.080984,1.931320,0.568526,0.322847,0.343781,0.598094,0.406859,1.033714,0.420949,1.882917,0.000000,0.304308,1.883367,0.163744,1.587737,0.384399,0.390143,1.874802,0.313354,0.457603,0.671112,1.722513,0.556783,0.588342,0.130239,1.225950,0.641350,0.334458,0.322039,0.629229,0.099450,0.168684,0.405164,1.601168,1.311083,0.163744,0.099450,1.823699,0.507136,0.574775,1.752787,0.303659,0.553827,0.616001,0.369648,1.942739,0.440225,1.346496,0.409522,0.424492,0.527933,0.464362,1.755926,0.426997,0.000000,0.412092,0.472483,0.311367,0.645350,0.729225,1.764462,0.346288,0.505484,1.935256,0.578436,1.825535,1.962570,0.624470,0.433791,0.467049,0.356350,0.634653,1.597418,0.373662,1.910670,0.575089,0.293872,0.302557,0.311367,0.488313,0.452549,0.293509,0.413803,0.335708
1.692197,1.252742,0.424139,0.479412,0.613596,0.477276,0.458960,0.886906,0.613831,1.854584,0.541582,1.021105,0.688326,1.677675,0.438322,0.134116,1.104144,1.909343,0.594112,0.403445,0.406261,0.632836,0.465201,1.002400,0.476307,1.868713,0.304308,0.000000,1.862407,0.352421,1.554528,0.438322,0.452668,1.809874,0.394398,0.546374,0.688369,1.701737,0.600382,0.627574,0.358675,1.250082,0.675062,0.425464,0.449845,0.593475,0.270859,0.305073,0.499402,1.572596,1.364175,0.352421,0.270859,1.810726,0.622523,0.581601,1.735430,0.420030,0.616926,0.671909,0.481478,1.910644,0.437739,1.298053,0.501226,0.522418,0.564502,0.542097,1.709583,0.491024,0.304308,0.498738,0.582085,0.410836,0.655387,0.654523,1.767235,0.418720,0.572912,1.897834,0.651846,1.814194,1.932024,0.634748,0.470391,0.518114,0.422098,0.697490,1.529385,0.437254,1.881336,0.638848,0.397230,0.412035,0.410836,0.527792,0.545024,0.372693,0.481423,0.432342
0.629671,1.268684,1.799103,1.942015,1.952682,1.942088,1.940508,1.413777,1.642260,0.613746,1.926515,1.579396,1.803184,0.992257,1.944569,1.833640,1.491480,0.456327,1.936471,1.927420,1.927086,1.941190,1.933363,1.901129,1.945360,0.382982,1.883367,1.862407,0.000000,1.914924,1.567475,1.944569,1.946708,0.813518,1.925461,1.783050,1.596201,0.675848,1.954226,1.953419,1.851880,1.222587,1.957219,1.931883,1.930445,1.660492,1.860637,1.881750,1.929834,0.868195,1.246173,1.914924,1.860637,0.423782,1.926259,1.935362,0.678287,1.796335,1.923080,1.661869,1.927120,0.489849,1.799789,1.253333,1.949853,1.932262,1.948276,1.714867,0.640564,1.940166,1.883367,1.937840,1.920050,1.924758,1.615735,1.614868,0.572416,1.935405,1.938705,0.489194,1.943158,0.494272,0.465228,1.941057,1.945522,1.946612,1.932095,1.686653,1.240853,1.755314,0.473246,1.954913,1.916502,1.923359,1.924758,1.946973,1.947549,1.890480,1.937157,1.922998
1.774877,1.322799,0.436290,0.321100,0.504190,0.335807,0.278347,1.051280,0.745434,1.934309,0.322842,1.005725,0.662453,1.778413,0.273367,0.378580,1.085222,1.957862,0.434674,0.210846,0.230782,0.488018,0.284298,0.931276,0.291455,1.922250,0.163744,0.352421,1.914924,0.000000,1.534545,0.273367,0.263114,1.887140,0.204877,0.524792,0.800553,1.781869,0.436140,0.462716,0.270675,1.309046,0.529114,0.209132,0.176192,0.753021,0.243600,0.203095,0.326213,1.656133,1.372969,0.000000,0.243600,1.869737,0.389251,0.464380,1.805649,0.407715,0.423101,0.716002,0.251078,1.963851,0.489876,1.433080,0.304449,0.346811,0.395062,0.604288,1.810389,0.297406,0.163744,0.301763,0.359681,0.195367,0.778439,0.844480,1.807459,0.224418,0.380490,1.956894,0.477156,1.872920,1.982638,0.512324,0.305681,0.335365,0.237620,0.706823,1.628258,0.512704,1.939308,0.442191,0.191223,0.187768,0.195367,0.357010,0.341663,0.336429,0.286880,0.221377
1.691811,1.842330,1.652085,1.412785,1.251131,1.413330,1.436083,1.835007,1.778509,1.307585,1.515411,1.647228,1.455377,1.161977,1.416021,1.615977,1.731150,1.437434,1.382505,1.502472,1.501404,1.342201,1.466960,0.925349,1.421564,1.554038,1.587737,1.554528,1.567475,1.534545,0.000000,1.416021,1.422950,1.085473,1.509386,1.647134,1.813101,1.682734,1.343904,1.325850,1.624311,1.855899,1.233180,1.489823,1.492670,1.730240,1.619586,1.579486,1.490563,1.545346,1.715409,1.534545,1.619586,1.668853,1.460750,1.394405,1.523555,1.709679,1.439358,1.744364,1.494010,1.404840,1.614535,1.618699,1.415672,1.485741,1.381495,1.739709,1.520036,1.441064,1.587737,1.447343,1.481440,1.514202,1.770044,1.707688,1.739961,1.466319,1.428733,1.394850,1.403192,1.579019,1.353006,1.284283,1.417937,1.409193,1.484130,1.747789,1.241373,1.701280,1.440837,1.337385,1.539679,1.520865,1.514202,1.403991,1.404299,1.504489,1.447029,1.521800
1.836010,1.442797,0.631361,0.133296,0.265425,0.149100,0.145768,1.196298,0.895150,1.930162,0.321125,1.030224,0.713857,1.767502,0.000000,0.509085,1.135254,1.977438,0.299215,0.204456,0.212145,0.381854,0.213473,0.755649,0.182044,1.960515,0.384399,0.438322,1.944569,0.273367,1.416021,0.000000,0.178545,1.857842,0.210068,0.655273,0.966228,1.843896,0.237890,0.256654,0.493181,1.430459,0.309576,0.195932,0.212809,0.904159,0.438521,0.393184,0.272984,1.714316,1.456326,0.273367,0.438521,1.921944,0.366551,0.339617,1.853622,0.594996,0.346481,0.885474,0.244108,1.972893,0.597831,1.523303,0.226327,0.292539,0.242546,0.785073,1.858289,0.203576,0.384399,0.262400,0.354948,0.214102,0.938555,0.972789,1.859785,0.153492,0.275416,1.958255,0.366375,1.921560,1.984494,0.387597,0.194296,0.208949,0.196585,0.845898,1.635748,0.698291,1.956748,0.304070,0.244093,0.222202,0.214102,0.216525,0.270407,0.435611,0.205969,0.233290
1.839858,1.457732,0.642304,0.192984,0.318198,0.216317,0.170849,1.204163,0.891808,1.926607,0.309556,1.041813,0.739861,1.757618,0.178545,0.527009,1.152901,1.980595,0.266837,0.192122,0.161803,0.336816,0.150394,0.745690,0.133323,1.960068,0.390143,0.452668,1.946708,0.263114,1.422950,0.178545,0.000000,1.858476,0.200505,0.655553,0.981938,1.849460,0.280720,0.294034,0.499437,1.434483,0.342600,0.148443,0.179636,0.905508,0.450946,0.391680,0.301150,1.722404,1.467177,0.263114,0.450946,1.928018,0.340503,0.319002,1.864880,0.600664,0.309086,0.882886,0.225937,1.974425,0.614540,1.526875,0.209849,0.304680,0.203239,0.803266,1.863504,0.137031,0.390143,0.229316,0.337154,0.185226,0.957962,0.976339,1.860795,0.150758,0.271808,1.956198,0.351335,1.928715,1.986844,0.381608,0.140246,0.141625,0.167431,0.860702,1.629024,0.713908,1.962409,0.241197,0.216573,0.189300,0.185226,0.181807,0.230755,0.440728,0.137840,0.194176
1.014794,1.525208,1.813091,1.855996,1.784531,1.855467,1.867465,1.597074,1.751069,0.473016,1.903329,1.663967,1.680461,0.578480,1.857842,1.821047,1.663406,0.763826,1.844971,1.889015,1.888916,1.839087,1.882175,1.595894,1.865334,0.822852,1.874802,1.809874,0.813518,1.887140,1.085473,1.857842,1.858476,0.000000,1.889890,1.801074,1.741249,1.057189,1.842393,1.838591,1.861639,1.536900,1.800148,1.889340,1.897056,1.719375,1.867058,1.865122,1.888366,0.890902,1.457619,1.887140,1.867058,0.988951,1.877681,1.845029,0.829761,1.864983,1.872469,1.761945,1.898975,0.680392,1.836954,1.285770,1.866844,1.893226,1.854842,1.795679,0.776932,1.875708,1.874802,1.879829,1.880135,1.894778,1.715639,1.648094,1.136420,1.878737,1.874786,0.595112,1.872177,0.923201,0.601995,1.792249,1.862801,1.865292,1.885630,1.808059,0.940977,1.800882,0.681393,1.850162,1.901995,1.898059,1.894778,1.862636,1.870867,1.817621,1.873930,1.902944
1.805572,1.394370,0.571863,0.226941,0.421232,0.238523,0.200551,1.120934,0.800016,1.932582,0.285032,0.987109,0.747646,1.781000,0.210068,0.443472,1.079283,1.969320,0.323967,0.019539,0.129064,0.411238,0.162721,0.854983,0.160742,1.944648,0.313354,0.394398,1.925461,0.204877,1.509386,0.210068,0.200505,1.889890,0.000000,0.584395,0.891205,1.810193,0.350918,0.371178,0.422360,1.359780,0.449661,0.086515,0.161952,0.840669,0.360785,0.319999,0.282671,1.703995,1.417999,0.204877,0.360785,1.892016,0.341307,0.350454,1.845398,0.510544,0.324069,0.808316,0.200847,1.970202,0.530241,1.493828,0.263566,0.294151,0.273160,0.717661,1.852635,0.169677,0.313354,0.251052,0.318388,0.067931,0.874908,0.911376,1.815228,0.155342,0.285252,1.953553,0.399987,1.898550,1.987552,0.446831,0.176038,0.210048,0.070459,0.761275,1.661562,0.629358,1.954299,0.351349,0.089096,0.079260,0.067931,0.231595,0.291698,0.442653,0.165641,0.110763
1.600166,1.116770,0.408935,0.684413,0.835125,0.675695,0.667515,0.822869,0.523610,1.828568,0.675365,0.931083,0.594485,1.692041,0.655273,0.491458,0.943416,1.861778,0.796989,0.592252,0.618283,0.847010,0.659063,1.191693,0.680074,1.778554,0.457603,0.546374,1.783050,0.524792,1.647134,0.655273,0.655553,1.801074,0.584395,0.000000,0.603026,1.651589,0.764661,0.796518,0.424824,1.022451,0.854304,0.615209,0.626490,0.661479,0.439728,0.473089,0.648820,1.443923,1.243555,0.524792,0.439728,1.721223,0.739455,0.810400,1.628769,0.430608,0.766711,0.470920,0.652903,1.868636,0.490713,1.290842,0.686920,0.658209,0.753408,0.471625,1.650640,0.677922,0.457603,0.688198,0.688636,0.596738,0.563148,0.641246,1.650304,0.628639,0.723606,1.844933,0.794792,1.719082,1.887092,0.770637,0.683525,0.710561,0.622153,0.519064,1.543309,0.413248,1.823741,0.806809,0.583963,0.591695,0.596738,0.718471,0.728751,0.541464,0.668140,0.615338
1.352331,0.784796,0.474007,1.008006,1.164182,1.005064,0.977447,0.365958,0.371832,1.706755,0.957006,1.113474,0.793676,1.616603,0.966228,0.573015,1.069778,1.686285,1.118778,0.901827,0.918216,1.145314,0.980412,1.493799,1.007055,1.586683,0.671112,0.688369,1.596201,0.800553,1.813101,0.966228,0.981938,1.741249,0.891205,0.603026,0.000000,1.371021,1.108423,1.141278,0.586009,0.780363,1.189163,0.924960,0.926718,0.393410,0.600504,0.695571,0.932471,1.268504,1.072685,0.800553,0.600504,1.492602,1.050079,1.113321,1.413723,0.450425,1.090476,0.411642,0.942145,1.720040,0.643123,0.985595,0.993187,0.949631,1.097579,0.262091,1.434435,1.010555,0.671112,0.985013,1.003998,0.893403,0.164280,0.401659,1.437813,0.932491,1.055301,1.715534,1.100690,1.494535,1.750836,1.157735,1.014464,1.050291,0.934584,0.562357,1.443358,0.360273,1.653844,1.150519,0.866394,0.886197,0.893403,1.060643,1.030421,0.726616,0.996715,0.909778
0.557169,1.009118,1.599456,1.848373,1.895171,1.847599,1.838085,1.186123,1.448266,0.844847,1.823571,1.602890,1.660736,1.097905,1.843896,1.658234,1.511513,0.727442,1.866455,1.814171,1.817452,1.884334,1.840072,1.895526,1.853878,0.604295,1.722513,1.701737,0.675848,1.781869,1.682734,1.843896,1.849460,1.057189,1.810193,1.651589,1.371021,0.000000,1.877655,1.888424,1.674483,1.092605,1.894694,1.822654,1.822896,1.390357,1.691064,1.711174,1.815174,0.839953,0.885501,1.781869,1.691064,0.546399,1.849401,1.858307,0.618850,1.616627,1.848796,1.462484,1.814033,0.741878,1.656805,0.948511,1.853041,1.820359,1.886550,1.505432,0.744646,1.853366,1.722513,1.850231,1.830564,1.810350,1.398398,1.378199,0.645799,1.826122,1.852281,0.784142,1.863260,0.556468,0.799588,1.897989,1.858726,1.867717,1.825168,1.531123,1.246891,1.550481,0.723254,1.890867,1.794690,1.805846,1.810350,1.875340,1.866445,1.716565,1.846665,1.809650
1.872869,1.532924,0.793689,0.198755,0.222316,0.161605,0.251325,1.315385,1.025530,1.920584,0.333897,1.036246,0.831263,1.764730,0.237890,0.676837,1.150736,1.975190,0.253866,0.340715,0.324635,0.387591,0.284088,0.652960,0.262847,1.974959,0.556783,0.600382,1.954226,0.436140,1.343904,0.237890,0.280720,1.842393,0.350918,0.764661,1.108423,1.877655,0.000000,0.078398,0.661223,1.510753,0.265879,0.321115,0.337353,1.060202,0.610865,0.560502,0.281354,1.755572,1.498019,0.436140,0.610865,1.938129,0.351776,0.320273,1.883885,0.743414,0.312079,1.000463,0.345998,1.963773,0.745467,1.601498,0.303465,0.297223,0.233811,0.942249,1.900101,0.270499,0.556783,0.346110,0.353380,0.345978,1.088551,1.106376,1.875269,0.290731,0.229989,1.944505,0.281776,1.943129,1.972072,0.350474,0.262417,0.246216,0.311899,0.956063,1.662022,0.861435,1.958153,0.268943,0.379802,0.356963,0.345978,0.243149,0.335516,0.609003,0.285169,0.348513
1.880452,1.557199,0.828567,0.211669,0.198391,0.192384,0.265029,1.343506,1.053912,1.917698,0.353834,1.032221,0.860495,1.760939,0.256654,0.707595,1.151173,1.975518,0.234828,0.360134,0.341180,0.371523,0.292868,0.622097,0.269595,1.977845,0.588342,0.627574,1.953419,0.462716,1.325850,0.256654,0.294034,1.838591,0.371178,0.796518,1.141278,1.888424,0.078398,0.000000,0.693336,1.534754,0.253825,0.337979,0.352113,1.090587,0.643611,0.590129,0.328944,1.770362,1.521087,0.462716,0.643611,1.941894,0.351703,0.307213,1.897666,0.777303,0.302096,1.036823,0.359223,1.961803,0.769765,1.625370,0.323574,0.334881,0.218147,0.977125,1.904860,0.275945,0.588342,0.355783,0.360090,0.365612,1.121490,1.140191,1.881003,0.309190,0.223830,1.942702,0.293966,1.948442,1.969242,0.345307,0.267090,0.245429,0.327555,0.981906,1.671677,0.895324,1.957597,0.254977,0.399776,0.376751,0.365612,0.235773,0.343188,0.639577,0.291095,0.364172
1.666953,1.162322,0.192602,0.552751,0.719581,0.559254,0.512364,0.862422,0.588524,1.893757,0.519095,1.045130,0.563443,1.747883,0.493181,0.302422,1.082683,1.902830,0.676994,0.432162,0.459501,0.701871,0.522115,1.112846,0.533515,1.844156,0.130239,0.358675,1.851880,0.270675,1.624311,0.493181,0.499437,1.861639,0.422360,0.424824,0.586009,1.674483,0.661223,0.693336,0.000000,1.158105,0.740654,0.447129,0.429822,0.554263,0.139540,0.205483,0.502659,1.546885,1.252517,0.270675,0.139540,1.784311,0.600187,0.683367,1.699528,0.258226,0.656686,0.540099,0.473394,1.920184,0.440994,1.281055,0.511441,0.521440,0.638667,0.367379,1.709702,0.540219,0.130239,0.515079,0.563215,0.423256,0.552521,0.662948,1.727617,0.459508,0.607654,1.914474,0.675449,1.780818,1.940520,0.714350,0.546993,0.579868,0.469000,0.590242,1.569353,0.275407,1.879525,0.678807,0.402385,0.412318,0.423256,0.598906,0.553973,0.305773,0.526133,0.446072
0.978749,0.748707,1.061488,1.442593,1.569244,1.438460,1.423743,0.690297,0.829673,1.445081,1.406858,1.173079,1.220948,1.506163,1.430459,1.167122,1.037331,1.334941,1.517395,1.367506,1.384980,1.550358,1.423383,1.766168,1.451199,1.199583,1.225950,1.250082,1.222587,1.309046,1.855899,1.430459,1.434483,1.536900,1.359780,1.022451,0.780363,1.092605,1.510753,1.534754,1.158105,0.000000,1.574159,1.385976,1.384680,0.967225,1.179593,1.223292,1.385926,1.017492,1.008648,1.309046,1.179593,1.100661,1.457956,1.524998,1.087725,1.065279,1.482677,0.844026,1.388611,1.394652,1.111488,1.025136,1.448373,1.398302,1.502784,0.925768,1.162964,1.440868,1.225950,1.434594,1.424277,1.363252,0.811272,0.877831,1.063252,1.394367,1.473880,1.403796,1.503573,1.114180,1.413446,1.495109,1.453939,1.470790,1.392768,0.823734,1.300326,0.989436,1.308259,1.528010,1.341019,1.356262,1.363252,1.479028,1.472876,1.268996,1.431756,1.369044
1.895266,1.598964,0.863904,0.303702,0.204811,0.317629,0.328794,1.393368,1.111433,1.901348,0.503070,1.139868,0.825130,1.737548,0.309576,0.756465,1.258378,1.972368,0.346661,0.438539,0.435170,0.395258,0.385623,0.560162,0.337263,1.972579,0.641350,0.675062,1.957219,0.529114,1.233180,0.309576,0.342600,1.800148,0.449661,0.854304,1.189163,1.894694,0.265879,0.253825,0.740654,1.574159,0.000000,0.413509,0.430737,1.107072,0.696572,0.645036,0.456482,1.766734,1.534774,0.529114,0.696572,1.965912,0.476492,0.396604,1.884298,0.849232,0.420815,1.086241,0.429377,1.955141,0.810265,1.629636,0.361676,0.451012,0.305559,1.013664,1.901672,0.349717,0.641350,0.409011,0.500628,0.448445,1.156080,1.156512,1.901599,0.368910,0.398920,1.933277,0.405648,1.949267,1.956638,0.383497,0.345368,0.314973,0.411620,1.052566,1.636571,0.937589,1.954785,0.285019,0.484114,0.456107,0.448445,0.328278,0.366902,0.621042,0.360966,0.453437
1.817687,1.420967,0.600212,0.199745,0.394554,0.221639,0.163368,1.154437,0.838421,1.937352,0.278117,1.005256,0.760168,1.784509,0.195932,0.480443,1.102994,1.974887,0.287223,0.078513,0.094054,0.376611,0.113985,0.829247,0.123746,1.949650,0.334458,0.425464,1.931883,0.209132,1.489823,0.195932,0.148443,1.889340,0.086515,0.615209,0.924960,1.822654,0.321115,0.337979,0.447129,1.385976,0.413509,0.000000,0.120869,0.867995,0.389824,0.339810,0.280561,1.716892,1.429076,0.209132,0.389824,1.903132,0.321647,0.330530,1.857044,0.536333,0.291509,0.830498,0.163243,1.974472,0.558207,1.516667,0.239075,0.291195,0.243378,0.749564,1.862794,0.114776,0.334458,0.223863,0.308402,0.054894,0.910069,0.944941,1.827945,0.121682,0.263007,1.958359,0.379023,1.910160,1.990719,0.431360,0.148058,0.161020,0.067078,0.792384,1.665037,0.663082,1.962374,0.307592,0.087621,0.056336,0.054894,0.209336,0.259002,0.449559,0.107183,0.074130
