0.000000,1.095244,1.628546,1.900284,1.932122,1.893134,1.891186,1.195889,1.489838,0.839316,1.871044,1.713166,1.634475,1.103537,1.882783,1.698656,1.624314,0.640299,1.929607,1.864327,1.876140,1.928914,1.896040,1.921346,1.903443,0.469532,1.761692,1.737725,0.604056,1.826101,1.581589,1.882783,1.901535,0.975587,1.859509,1.683312,1.394564,0.300925,1.915146,1.929139,1.710083,1.069100,1.930384,1.876352,1.878276,1.424474,1.734594,1.761732,1.856285,0.712703,0.830684,1.826101,1.734594,0.490581,1.906294,1.917558,0.468703,1.656145,1.921320,1.496784,1.872186,0.678683,1.673151,1.008537,1.894953,1.858939,1.931481,1.539763,0.644796,1.905113,1.761692,1.895970,1.889049,1.864229,1.409409,1.390583,0.746001,1.875758,1.909053,0.759459,1.894335,0.471632,0.680464,1.908984,1.908600,1.917129,1.877787,1.534264,1.243621,1.581937,0.582535,1.940392,1.851099,1.860137,1.864229,1.920511,1.907179,1.718884,1.900597,1.868321
1.095244,0.000000,1.048940,1.424218,1.528519,1.417332,1.401940,0.669298,0.879303,1.446832,1.354542,1.309489,1.253063,1.437898,1.393212,1.097081,1.231106,1.357864,1.482555,1.349013,1.359766,1.492553,1.410706,1.709221,1.430011,1.263875,1.181388,1.172646,1.267321,1.287114,1.832458,1.393212,1.424628,1.532035,1.339807,1.127157,0.734783,1.082197,1.482708,1.511158,1.122613,0.758138,1.541765,1.372575,1.390243,0.827732,1.129390,1.224462,1.348589,1.118853,1.076063,1.287114,1.129390,1.123355,1.428719,1.469456,1.163312,1.018783,1.470558,0.961878,1.398281,1.407976,1.100863,0.832153,1.411982,1.343667,1.483663,0.889360,1.113929,1.434548,1.181388,1.399070,1.398069,1.341059,0.791730,0.885790,1.132129,1.360687,1.447588,1.449688,1.424220,1.173264,1.449995,1.519722,1.432803,1.461581,1.374711,0.972699,1.398329,0.967364,1.308130,1.535570,1.322289,1.338671,1.341059,1.465018,1.423798,1.142436,1.428536,1.354977
1.628546,1.048940,0.000000,0.695601,0.826197,0.682270,0.661280,0.735057,0.531788,1.860268,0.643152,1.043743,0.486651,1.723775,0.622486,0.314322,1.015751,1.854765,0.816224,0.575420,0.612237,0.861975,0.681436,1.187977,0.681285,1.790059,0.280792,0.385878,1.808126,0.434401,1.643689,0.622486,0.664947,1.830438,0.565208,0.384064,0.482330,1.650195,0.772284,0.819099,0.178887,1.018949,0.846428,0.601067,0.606052,0.473587,0.255320,0.315715,0.607406,1.512980,1.254471,0.434401,0.255320,1.720646,0.758932,0.836609,1.621475,0.285055,0.826038,0.413255,0.639081,1.881799,0.378499,1.103026,0.654548,0.614816,0.783240,0.262871,1.650301,0.697083,0.280792,0.667668,0.691414,0.573391,0.412070,0.536343,1.666761,0.602735,0.740099,1.889301,0.740562,1.700308,1.897870,0.787205,0.695725,0.732086,0.613348,0.547106,1.410571,0.139739,1.798983,0.840774,0.553603,0.565635,0.573391,0.752214,0.695441,0.308797,0.687690,0.603093
1.900284,1.424218,0.695601,0.000000,0.241286,0.087675,0.078847,1.240083,0.915899,1.929005,0.281806,0.869124,0.806085,1.765935,0.137014,0.579460,0.954131,1.973186,0.215360,0.220569,0.195604,0.342507,0.176873,0.726146,0.185109,1.971613,0.457338,0.515236,1.939417,0.317764,1.425440,0.137014,0.190748,1.867219,0.228939,0.627695,1.020789,1.896235,0.199103,0.216524,0.565729,1.418596,0.269337,0.196975,0.199593,0.995044,0.508399,0.434860,0.270584,1.769008,1.577852,0.317764,0.508399,1.919028,0.284475,0.317671,1.877710,0.646888,0.267859,0.896522,0.218078,1.976063,0.622986,1.517714,0.205323,0.288963,0.215478,0.840712,1.866089,0.169724,0.457338,0.237996,0.256702,0.223914,0.998537,1.035317,1.842551,0.136336,0.202086,1.963191,0.330043,1.914417,1.985433,0.343885,0.189761,0.177514,0.199108,0.903464,1.581516,0.758866,1.960493,0.313703,0.252640,0.234979,0.223914,0.200593,0.234881,0.566098,0.170550,0.221189
1.932122,1.528519,0.826197,0.241286,0.000000,0.256884,0.290668,1.361651,1.063717,1.898585,0.401643,0.919257,0.829752,1.722265,0.258306,0.714643,1.033354,1.965471,0.257643,0.391993,0.372229,0.356332,0.332103,0.557028,0.284480,1.981251,0.603922,0.633337,1.959729,0.466578,1.302564,0.258306,0.280822,1.808696,0.403121,0.760600,1.162030,1.930950,0.212379,0.187266,0.707022,1.533168,0.185540,0.364162,0.354023,1.109421,0.660485,0.580436,0.397702,1.783148,1.638623,0.466578,0.660485,1.958590,0.357418,0.353587,1.890531,0.808929,0.350325,1.033801,0.390366,1.960942,0.778107,1.564051,0.313220,0.415729,0.248505,0.979944,1.878959,0.295948,0.603922,0.359374,0.362945,0.402293,1.130734,1.143433,1.899675,0.341265,0.276590,1.942191,0.374730,1.948512,1.961237,0.288619,0.283047,0.256810,0.360988,1.040816,1.515062,0.900084,1.959154,0.257753,0.438433,0.413696,0.402293,0.265400,0.329990,0.675894,0.308498,0.405506
1.893134,1.417332,0.682270,0.087675,0.256884,0.000000,0.129260,1.224281,0.904365,1.934300,0.267904,0.869438,0.796307,1.774998,0.138994,0.566881,0.947378,1.972799,0.246349,0.223252,0.185243,0.371568,0.166104,0.750623,0.202448,1.968107,0.446213,0.506403,1.938248,0.314298,1.438906,0.138994,0.202960,1.872627,0.229861,0.604252,1.005422,1.891049,0.162208,0.196537,0.554703,1.400128,0.297493,0.198847,0.208004,0.980157,0.494196,0.429851,0.219778,1.768014,1.562456,0.314298,0.494196,1.913108,0.303707,0.329530,1.874187,0.632509,0.290870,0.869022,0.227128,1.976525,0.614218,1.500880,0.212274,0.248898,0.228117,0.825088,1.868444,0.176352,0.446213,0.254443,0.260711,0.222123,0.984176,1.017386,1.841089,0.158062,0.189672,1.966038,0.306673,1.913013,1.985737,0.352795,0.209420,0.190169,0.204734,0.896978,1.581386,0.745401,1.957607,0.330989,0.245349,0.231030,0.222123,0.207707,0.255848,0.567530,0.172462,0.214362
1.891186,1.401940,0.661280,0.078847,0.290668,0.129260,0.000000,1.213289,0.882444,1.930423,0.284755,0.875495,0.792957,1.769788,0.144882,0.552521,0.953266,1.971423,0.229961,0.190840,0.175609,0.354052,0.170584,0.750276,0.183825,1.966103,0.421586,0.493144,1.933026,0.281220,1.450225,0.144882,0.185633,1.873940,0.198376,0.605684,0.990442,1.886395,0.246997,0.269197,0.528899,1.393090,0.297256,0.171213,0.165591,0.966435,0.474578,0.397181,0.270841,1.762854,1.561261,0.281220,0.474578,1.911247,0.293274,0.338931,1.869342,0.612227,0.274435,0.867236,0.173886,1.976595,0.583851,1.499200,0.193429,0.279435,0.238126,0.808259,1.859401,0.171775,0.421586,0.216154,0.261087,0.193177,0.968792,1.006836,1.827785,0.089294,0.233640,1.963496,0.337474,1.904769,1.987847,0.360801,0.190986,0.190864,0.175605,0.874561,1.583194,0.725410,1.956883,0.329875,0.219488,0.203156,0.193177,0.219826,0.222023,0.530207,0.165894,0.193243
1.195889,0.669298,0.735057,1.240083,1.361651,1.224281,1.213289,0.000000,0.505489,1.580775,1.185449,1.186548,0.989101,1.524867,1.195142,0.780502,1.084139,1.536370,1.329201,1.136059,1.154909,1.343739,1.212519,1.625838,1.237191,1.419250,0.925592,0.866822,1.415051,1.057219,1.798017,1.195142,1.229607,1.618196,1.124769,0.814416,0.349150,1.234041,1.316949,1.353462,0.852368,0.624783,1.384515,1.168471,1.182345,0.471691,0.857843,0.954334,1.159334,1.153958,1.060778,1.057219,0.857843,1.280824,1.286041,1.309132,1.246125,0.736949,1.322791,0.605795,1.187844,1.570762,0.797550,0.798812,1.222000,1.157907,1.313006,0.573370,1.260692,1.245369,0.925592,1.214799,1.228328,1.135788,0.377304,0.429484,1.291525,1.161758,1.275408,1.597168,1.265723,1.304123,1.595088,1.327819,1.240780,1.279172,1.166840,0.738127,1.356105,0.624066,1.439702,1.377791,1.110673,1.132332,1.135788,1.284803,1.248064,0.908363,1.233596,1.153178
1.489838,0.879303,0.531788,0.915899,1.063717,0.904365,0.882444,0.505489,0.000000,1.742188,0.876914,0.960914,0.892522,1.627337,0.879595,0.491081,0.901216,1.740800,1.005204,0.802927,0.820776,1.030816,0.880638,1.383861,0.914489,1.668391,0.637349,0.567245,1.642835,0.743494,1.753878,0.879595,0.901770,1.759157,0.789842,0.491989,0.419145,1.496662,1.017757,1.052688,0.596735,0.807730,1.085644,0.841268,0.854383,0.449757,0.574732,0.649933,0.857083,1.403783,1.267345,0.743494,0.574732,1.532516,0.977649,0.982114,1.523190,0.519261,1.003366,0.461417,0.864187,1.757521,0.509227,1.061033,0.909492,0.845344,0.984930,0.465333,1.505348,0.916823,0.637349,0.893749,0.916455,0.808205,0.414712,0.357069,1.488836,0.825073,0.969720,1.768992,0.955537,1.557494,1.784989,1.027169,0.907714,0.952344,0.833511,0.603155,1.463564,0.432297,1.674044,1.060586,0.782363,0.807428,0.808205,0.956024,0.934618,0.661903,0.906298,0.823964
0.839316,1.446832,1.860268,1.929005,1.898585,1.934300,1.930423,1.580775,1.742188,0.000000,1.933206,1.699854,1.806087,0.513979,1.935623,1.854659,1.701373,0.568778,1.905069,1.936707,1.936570,1.875377,1.935047,1.729210,1.922723,0.633290,1.912729,1.857683,0.715308,1.930632,1.232180,1.935623,1.922643,0.471076,1.936832,1.860948,1.736042,0.819516,1.931151,1.926801,1.899644,1.506778,1.897970,1.941017,1.938868,1.712435,1.899815,1.910823,1.943626,0.882364,1.397270,1.930632,1.899815,0.800254,1.910170,1.898265,0.784098,1.885695,1.911965,1.795159,1.940852,0.480391,1.879232,1.353480,1.925993,1.940498,1.919566,1.816761,0.732513,1.934608,1.912729,1.921278,1.920631,1.940635,1.735696,1.676689,0.904107,1.932083,1.930302,0.255106,1.922668,0.711600,0.448240,1.881338,1.921109,1.927331,1.932497,1.809104,1.135433,1.834033,0.583629,1.898965,1.944582,1.944750,1.940635,1.925939,1.918756,1.872162,1.935676,1.947331
1.871044,1.354542,0.643152,0.281806,0.401643,0.267904,0.284755,1.185449,0.876914,1.933206,0.000000,0.825560,0.791092,1.780549,0.275511,0.568744,0.890887,1.958746,0.337702,0.272885,0.248221,0.439120,0.268567,0.834280,0.289693,1.952360,0.412368,0.530941,1.921769,0.294547,1.508455,0.275511,0.274415,1.889403,0.274676,0.607813,0.951910,1.870018,0.301837,0.330697,0.507298,1.368937,0.463516,0.250669,0.256072,0.959754,0.463679,0.421144,0.215721,1.772595,1.538738,0.294547,0.463679,1.883718,0.236179,0.406043,1.873557,0.572585,0.340837,0.852346,0.313044,1.971104,0.602396,1.473991,0.278758,0.244606,0.316713,0.773115,1.849924,0.267315,0.412368,0.306740,0.176773,0.254077,0.939056,1.012255,1.803717,0.260107,0.205394,1.958558,0.307280,1.898670,1.981493,0.422709,0.290925,0.284889,0.271893,0.867288,1.574303,0.705188,1.943795,0.387218,0.266944,0.257519,0.254077,0.301791,0.302635,0.566839,0.272957,0.254360
1.713166,1.309489,1.043743,0.869124,0.919257,0.869438,0.875495,1.186548,0.960914,1.699854,0.825560,0.000000,1.243840,1.562069,0.881052,0.918121,0.261441,1.768498,0.871064,0.879470,0.852528,0.890331,0.855201,1.176955,0.896602,1.757686,0.921399,0.902155,1.677406,0.884530,1.546199,0.881052,0.894859,1.731348,0.875682,0.917761,1.106702,1.717598,0.906659,0.909661,0.969127,1.295380,0.976941,0.889872,0.866150,1.140368,0.918875,0.945373,0.871797,1.624297,1.617046,0.884530,0.918875,1.644524,0.850354,0.857894,1.764672,0.956859,0.836476,1.116535,0.887122,1.743657,0.889374,1.534636,0.923502,0.885992,0.856747,1.057691,1.648872,0.874926,0.921399,0.892928,0.839405,0.882880,1.124568,1.134226,1.579047,0.860974,0.858494,1.733771,0.921271,1.715710,1.770139,0.865607,0.874693,0.882193,0.880155,1.008962,1.571076,1.029309,1.735498,0.922941,0.881974,0.890695,0.882880,0.852960,0.915648,1.045710,0.873059,0.874922
1.634475,1.253063,0.486651,0.806085,0.829752,0.796307,0.792957,0.989101,0.892522,1.806087,0.791092,1.243840,0.000000,1.657750,0.728412,0.646139,1.244950,1.843742,0.910614,0.754961,0.792582,0.946774,0.829554,1.079380,0.783779,1.782759,0.573420,0.653664,1.847440,0.637562,1.447200,0.728412,0.756865,1.715921,0.753660,0.656816,0.791460,1.681998,0.823588,0.862332,0.537043,1.219272,0.830121,0.756944,0.754265,0.758114,0.595437,0.578984,0.748343,1.482312,1.257417,0.637562,0.595437,1.790654,0.863706,0.951988,1.577668,0.649452,0.942058,0.706648,0.797624,1.849426,0.733801,1.147964,0.751887,0.767012,0.865522,0.617360,1.665173,0.812798,0.573420,0.800376,0.815636,0.756581,0.699909,0.775194,1.757314,0.767792,0.832386,1.844982,0.827025,1.724979,1.843881,0.811541,0.806500,0.822424,0.773692,0.828145,1.226449,0.569260,1.778883,0.862273,0.760158,0.750735,0.756581,0.850787,0.795941,0.490350,0.811782,0.789816
1.103537,1.437898,1.723775,1.765935,1.722265,1.774998,1.769788,1.524867,1.627337,0.513979,1.780549,1.562069,1.657750,0.000000,1.776101,1.691839,1.613395,0.934790,1.743625,1.782031,1.783366,1.712362,1.782536,1.547812,1.753322,1.016898,1.761522,1.682325,1.057116,1.772335,1.057200,1.776101,1.750057,0.552155,1.783315,1.704155,1.651746,1.096845,1.773242,1.770204,1.760250,1.548927,1.728085,1.786979,1.787439,1.592767,1.750125,1.760358,1.795955,0.861054,1.505312,1.772335,1.750125,1.136131,1.750084,1.740450,0.954181,1.763961,1.764261,1.679992,1.802427,0.873646,1.752601,1.307972,1.768460,1.796941,1.753384,1.698400,0.894605,1.776328,1.761522,1.765462,1.760030,1.789007,1.633675,1.547866,1.222961,1.770761,1.775732,0.732315,1.777308,1.000723,0.846505,1.705961,1.751284,1.764400,1.775234,1.723182,1.034866,1.705205,0.902160,1.730671,1.801463,1.797537,1.789007,1.762975,1.761271,1.706197,1.779468,1.806689
1.882783,1.393212,0.622486,0.137014,0.258306,0.138994,0.144882,1.195142,0.879595,1.935623,0.275511,0.881052,0.728412,1.776101,0.000000,0.523062,0.951908,1.972002,0.289594,0.202265,0.200921,0.398275,0.210401,0.762365,0.201467,1.964078,0.385901,0.464195,1.940114,0.250713,1.455935,0.000000,0.197977,1.874634,0.207626,0.573401,0.965878,1.885487,0.230755,0.257887,0.490771,1.384567,0.303938,0.188554,0.174709,0.935664,0.442361,0.373199,0.238436,1.752571,1.548240,0.250713,0.442361,1.914068,0.321743,0.361588,1.859986,0.586060,0.337438,0.843384,0.223216,1.977027,0.569717,1.474805,0.206859,0.257581,0.257914,0.774488,1.858640,0.202284,0.385901,0.245745,0.282687,0.205907,0.939289,0.982182,1.839317,0.152397,0.241593,1.968050,0.325046,1.908839,1.986934,0.353739,0.214716,0.215904,0.197644,0.858338,1.544642,0.693721,1.951008,0.340291,0.231072,0.213266,0.205907,0.235820,0.249874,0.494224,0.201590,0.217874
1.698656,1.097081,0.314322,0.579460,0.714643,0.566881,0.552521,0.780502,0.491081,1.854659,0.568744,0.918121,0.646139,1.691839,0.523062,0.000000,0.929838,1.887027,0.689894,0.462300,0.487223,0.719169,0.556982,1.095747,0.565369,1.832415,0.279097,0.122180,1.825492,0.388002,1.610433,0.523062,0.563476,1.815517,0.451444,0.343345,0.572472,1.709569,0.685732,0.726030,0.299060,1.095043,0.751107,0.502806,0.524490,0.511280,0.212881,0.309364,0.546866,1.556203,1.400365,0.388002,0.212881,1.755387,0.667086,0.688720,1.689760,0.337961,0.714434,0.516078,0.560539,1.903847,0.335711,1.186477,0.559476,0.548176,0.661519,0.408686,1.663507,0.585850,0.279097,0.555675,0.600710,0.472576,0.526277,0.557538,1.707058,0.490734,0.643017,1.898017,0.661855,1.752918,1.915311,0.688001,0.569538,0.618411,0.492576,0.643510,1.447850,0.305420,1.834281,0.743202,0.456278,0.475305,0.472576,0.632196,0.591846,0.350245,0.577561,0.503859
1.624314,1.231106,1.015751,0.954131,1.033354,0.947378,0.953266,1.084139,0.901216,1.701373,0.890887,0.261441,1.244950,1.613395,0.951908,0.929838,0.000000,1.732051,0.978449,0.940856,0.918934,1.012492,0.932062,1.321510,0.988457,1.688376,0.936027,0.938337,1.615595,0.925639,1.643789,0.951908,0.987044,1.763896,0.934015,0.917683,1.017451,1.637824,0.993975,1.003246,0.959962,1.168651,1.082229,0.955223,0.928556,1.087902,0.924188,0.962248,0.924027,1.599825,1.516244,0.925639,0.924188,1.552325,0.943607,0.960569,1.713588,0.921292,0.931560,1.054974,0.939446,1.712460,0.860109,1.476007,0.998795,0.937975,0.962931,1.002761,1.610671,0.958971,0.936027,0.970760,0.916523,0.941775,1.047449,1.076222,1.474133,0.931383,0.941047,1.711649,1.000025,1.634720,1.740022,0.972057,0.971305,0.976767,0.951378,0.933094,1.592705,0.987644,1.689054,1.040677,0.929006,0.943897,0.941775,0.949797,1.000239,1.065382,0.953330,0.928135
0.640299,1.357864,1.854765,1.973186,1.965471,1.972799,1.971423,1.536370,1.740800,0.568778,1.958746,1.768498,1.843742,0.934790,1.972002,1.887027,1.732051,0.000000,1.965171,1.967299,1.967668,1.947419,1.972027,1.852122,1.974798,0.435819,1.926533,1.905409,0.444409,1.956028,1.430564,1.972002,1.973804,0.770717,1.966187,1.875902,1.691581,0.595785,1.970205,1.968494,1.900027,1.385323,1.966923,1.970756,1.971321,1.699360,1.911405,1.928491,1.959796,0.905936,1.225563,1.956028,1.911405,0.554429,1.960000,1.956503,0.659543,1.867022,1.959934,1.777289,1.965540,0.413828,1.872659,1.274358,1.969801,1.956208,1.972433,1.791688,0.703005,1.974752,1.926533,1.963706,1.962419,1.966488,1.708740,1.687396,0.786860,1.968202,1.969241,0.463292,1.956081,0.589171,0.363334,1.957214,1.972273,1.975719,1.969535,1.746902,1.273329,1.824909,0.462041,1.965157,1.961765,1.965432,1.966488,1.971686,1.967421,1.899345,1.973943,1.966129
1.929607,1.482555,0.816224,0.215360,0.257643,0.246349,0.229961,1.329201,1.005204,1.905069,0.337702,0.871064,0.910614,1.743625,0.289594,0.689894,0.978449,1.965171,0.000000,0.314253,0.281940,0.258667,0.230805,0.632832,0.232082,1.975524,0.579610,0.617036,1.937106,0.437565,1.383933,0.289594,0.244510,1.841800,0.323687,0.741687,1.134227,1.916473,0.277019,0.261336,0.685863,1.500217,0.298887,0.289746,0.292674,1.091981,0.630891,0.548205,0.387391,1.810277,1.632881,0.437565,0.630891,1.931363,0.235830,0.290709,1.911424,0.772611,0.157805,1.008025,0.295566,1.965464,0.719903,1.567475,0.246669,0.382474,0.190864,0.963951,1.875892,0.214312,0.579610,0.270385,0.252623,0.323881,1.112851,1.127955,1.851804,0.272334,0.218531,1.942452,0.356657,1.934959,1.974957,0.307666,0.216257,0.187748,0.279080,1.012808,1.596163,0.877460,1.965629,0.262696,0.352554,0.336868,0.323881,0.202133,0.239334,0.694115,0.222574,0.310933
1.864327,1.349013,0.575420,0.220569,0.391993,0.223252,0.190840,1.136059,0.802927,1.936707,0.272885,0.879470,0.754961,1.782031,0.202265,0.462300,0.940856,1.967299,0.314253,0.000000,0.126225,0.389019,0.161457,0.836551,0.155150,1.952198,0.332229,0.414384,1.921453,0.208827,1.510535,0.202265,0.199652,1.888344,0.021075,0.509888,0.911425,1.868322,0.341769,0.370680,0.437391,1.338999,0.413195,0.082957,0.161226,0.889042,0.379623,0.317929,0.272607,1.750830,1.536282,0.208827,0.379623,1.890867,0.317935,0.364853,1.859428,0.528462,0.335516,0.782227,0.195249,1.977928,0.507410,1.448611,0.215100,0.263230,0.268778,0.723011,1.842544,0.171753,0.332229,0.209078,0.271651,0.065288,0.888320,0.926437,1.809104,0.141808,0.287415,1.965397,0.349843,1.894190,1.989075,0.413275,0.172314,0.212914,0.056104,0.821286,1.575923,0.638039,1.946903,0.376301,0.096711,0.086583,0.065288,0.239752,0.231836,0.473307,0.164658,0.115712
1.876140,1.359766,0.612237,0.195604,0.372229,0.185243,0.175609,1.154909,0.820776,1.936570,0.248221,0.852528,0.792582,1.783366,0.200921,0.487223,0.918934,1.967668,0.281940,0.126225,0.000000,0.373298,0.088131,0.829932,0.175196,1.953126,0.368520,0.435080,1.920292,0.238617,1.507445,0.200921,0.177031,1.887904,0.131221,0.537373,0.935099,1.876767,0.305759,0.331822,0.477714,1.347697,0.411096,0.098360,0.150733,0.910688,0.412690,0.352483,0.255606,1.763114,1.558054,0.238617,0.412690,1.888030,0.303544,0.338256,1.870790,0.552831,0.302308,0.804569,0.190741,1.975616,0.522112,1.462312,0.207204,0.268186,0.244857,0.756209,1.843352,0.141926,0.368520,0.201114,0.249196,0.109363,0.915150,0.954700,1.809793,0.135355,0.242578,1.966405,0.352310,1.897674,1.989859,0.399701,0.173259,0.186865,0.114443,0.834359,1.587549,0.669340,1.950202,0.361197,0.113031,0.113859,0.109363,0.213875,0.228495,0.515582,0.127156,0.081447
1.928914,1.492553,0.861975,0.342507,0.356332,0.371568,0.354052,1.343739,1.030816,1.875377,0.439120,0.890331,0.946774,1.712362,0.398275,0.719169,1.012492,1.947419,0.258667,0.389019,0.373298,0.000000,0.327640,0.651162,0.314030,1.960299,0.634853,0.646854,1.919560,0.505682,1.389736,0.398275,0.333908,1.822955,0.398196,0.773420,1.159956,1.912586,0.404656,0.384865,0.736722,1.514388,0.393021,0.379020,0.383444,1.126092,0.679448,0.607096,0.490422,1.809526,1.663624,0.505682,0.679448,1.922766,0.340872,0.298987,1.913072,0.824112,0.303701,1.044236,0.398702,1.947622,0.782949,1.586039,0.316806,0.480052,0.272799,0.998843,1.860274,0.310447,0.634853,0.273257,0.382037,0.405161,1.140395,1.157911,1.832811,0.377815,0.352164,1.913222,0.442484,1.932037,1.956625,0.381743,0.295939,0.283789,0.354788,1.060611,1.581881,0.915415,1.955448,0.297056,0.432027,0.420350,0.405161,0.297315,0.248880,0.755185,0.320369,0.398704
1.896040,1.410706,0.681436,0.176873,0.332103,0.166104,0.170584,1.212519,0.880638,1.935047,0.268567,0.855201,0.829554,1.782536,0.210401,0.556982,0.932062,1.972027,0.230805,0.161457,0.088131,0.327640,0.000000,0.784080,0.146461,1.963134,0.438914,0.499028,1.926983,0.299158,1.477493,0.210401,0.160825,1.882732,0.171552,0.589437,1.000873,1.896027,0.269754,0.286484,0.547045,1.391365,0.364306,0.123525,0.163690,0.976063,0.485556,0.418345,0.273211,1.783601,1.582957,0.299158,0.485556,1.903809,0.282728,0.303137,1.888870,0.624097,0.251812,0.863298,0.186830,1.976338,0.586894,1.504213,0.199125,0.282961,0.186468,0.825085,1.864377,0.093284,0.438914,0.192505,0.244825,0.153507,0.981354,1.010525,1.824056,0.162928,0.214105,1.964097,0.337593,1.914582,1.988435,0.370940,0.141964,0.132143,0.127732,0.891885,1.598723,0.740383,1.957570,0.311628,0.171050,0.161580,0.153507,0.160677,0.208402,0.579533,0.072535,0.122637
1.921346,1.709221,1.187977,0.726146,0.557028,0.750623,0.750276,1.625838,1.383861,1.729210,0.834280,1.176955,1.079380,1.547812,0.762365,1.095747,1.321510,1.852122,0.632832,0.836551,0.829932,0.651162,0.784080,0.000000,0.719199,1.911276,1.019458,1.008576,1.909217,0.904859,1.008568,0.762365,0.719698,1.599314,0.848008,1.152912,1.492397,1.903509,0.683241,0.651138,1.101634,1.750819,0.554510,0.816499,0.805435,1.394493,1.071922,0.977852,0.850819,1.762892,1.714482,0.904859,1.071922,1.958648,0.735964,0.712719,1.840256,1.214688,0.718718,1.374926,0.823953,1.839233,1.166200,1.643510,0.741306,0.846387,0.674331,1.338281,1.824347,0.744830,1.019458,0.771768,0.775421,0.853155,1.452418,1.414317,1.917848,0.798513,0.728006,1.794715,0.737431,1.919614,1.820889,0.615701,0.716056,0.696012,0.801861,1.382490,1.411091,1.261493,1.880761,0.581527,0.889281,0.865266,0.853155,0.706863,0.730555,1.030809,0.760191,0.858923
1.903443,1.430011,0.681285,0.185109,0.284480,0.202448,0.183825,1.237191,0.914489,1.922723,0.289693,0.896602,0.783779,1.753322,0.201467,0.565369,0.988457,1.974798,0.232082,0.155150,0.175196,0.314030,0.146461,0.719199,0.000000,1.972036,0.439505,0.499174,1.943761,0.297579,1.428905,0.201467,0.120451,1.856779,0.172452,0.605575,1.023500,1.907155,0.275182,0.291189,0.547590,1.430501,0.309488,0.130845,0.190178,0.986615,0.493957,0.422257,0.307244,1.768664,1.593368,0.297579,0.493957,1.928530,0.273098,0.320693,1.881474,0.647262,0.285581,0.886527,0.236254,1.977570,0.624952,1.503377,0.191031,0.308430,0.168552,0.834011,1.862929,0.110115,0.439505,0.198698,0.255467,0.165347,0.995838,1.021017,1.851325,0.184534,0.240802,1.959211,0.328560,1.926052,1.985445,0.341635,0.078359,0.113416,0.112540,0.926273,1.557575,0.751543,1.956903,0.257538,0.213440,0.184356,0.165347,0.161268,0.189322,0.546947,0.116810,0.193871
0.469532,1.263875,1.790059,1.971613,1.981251,1.968107,1.966103,1.419250,1.668391,0.633290,1.952360,1.757686,1.782759,1.016898,1.964078,1.832415,1.688376,0.435819,1.975524,1.952198,1.953126,1.960299,1.963134,1.911276,1.972036,0.000000,1.884396,1.860778,0.443545,1.928845,1.501714,1.964078,1.970865,0.830685,1.949847,1.831763,1.592121,0.488505,1.975886,1.979472,1.847285,1.246554,1.978702,1.957155,1.957945,1.613526,1.862687,1.890230,1.949207,0.869437,1.107531,1.928845,1.862687,0.406447,1.967235,1.962196,0.613452,1.806268,1.967755,1.677832,1.953214,0.421507,1.807063,1.196542,1.964279,1.948386,1.980584,1.711989,0.593940,1.969994,1.884396,1.957465,1.961838,1.950586,1.610308,1.600420,0.651729,1.956579,1.969781,0.512853,1.956751,0.415431,0.427658,1.955387,1.972812,1.975588,1.957983,1.676199,1.261690,1.751567,0.419776,1.978182,1.940940,1.947528,1.950586,1.977881,1.964138,1.854289,1.967367,1.948826
1.761692,1.181388,0.280792,0.457338,0.603922,0.446213,0.421586,0.925592,0.637349,1.912729,0.412368,0.921399,0.573420,1.761522,0.385901,0.279097,0.936027,1.926533,0.579610,0.332229,0.368520,0.634853,0.438914,1.019458,0.439505,1.884396,0.000000,0.299277,1.878821,0.179404,1.592196,0.385901,0.430396,1.877264,0.322957,0.370496,0.667923,1.772720,0.541960,0.588223,0.127913,1.168389,0.632381,0.356813,0.359551,0.660727,0.099853,0.165987,0.382077,1.645846,1.401835,0.179404,0.099853,1.814441,0.532094,0.614984,1.756133,0.296345,0.592026,0.569471,0.408922,1.942512,0.352382,1.278784,0.422399,0.391236,0.542664,0.444895,1.754426,0.454956,0.000000,0.427908,0.464702,0.326905,0.632519,0.724262,1.741253,0.359712,0.503512,1.943733,0.519457,1.806956,1.960003,0.578427,0.455164,0.491490,0.370256,0.637911,1.490436,0.358233,1.883610,0.611866,0.314411,0.322597,0.326905,0.512802,0.457219,0.281310,0.445760,0.361658
1.737725,1.172646,0.385878,0.515236,0.633337,0.506403,0.493144,0.866822,0.567245,1.857683,0.530941,0.902155,0.653664,1.682325,0.464195,0.122180,0.938337,1.905409,0.617036,0.414384,0.435080,0.646854,0.499028,1.008576,0.499174,1.860778,0.299277,0.000000,1.853698,0.360878,1.555224,0.464195,0.496075,1.802639,0.405444,0.383817,0.678425,1.746396,0.625926,0.662707,0.349425,1.173119,0.677264,0.453796,0.475119,0.589340,0.265385,0.293487,0.515730,1.578818,1.445715,0.360878,0.265385,1.795599,0.612458,0.620742,1.718795,0.420869,0.655711,0.601136,0.516371,1.918665,0.381315,1.235176,0.502093,0.519120,0.591743,0.516209,1.688416,0.524020,0.299277,0.503402,0.548385,0.432739,0.627162,0.624809,1.753548,0.436926,0.585058,1.907146,0.617202,1.791461,1.925551,0.608396,0.499560,0.549843,0.437129,0.705271,1.438753,0.400938,1.858573,0.670028,0.422795,0.438486,0.432739,0.564803,0.536050,0.366218,0.517784,0.463739
0.604056,1.267321,1.808126,1.939417,1.959729,1.938248,1.933026,1.415051,1.642835,0.715308,1.921769,1.677406,1.847440,1.057116,1.940114,1.825492,1.615595,0.444409,1.937106,1.921453,1.920292,1.919560,1.926983,1.909217,1.943761,0.443545,1.878821,1.853698,0.000000,1.913202,1.550740,1.940114,1.945632,0.912820,1.918692,1.817923,1.588102,0.578219,1.952073,1.952834,1.850772,1.264632,1.956361,1.928444,1.927702,1.644340,1.853850,1.886736,1.922009,0.928978,1.186079,1.913202,1.853850,0.387886,1.927370,1.922922,0.735694,1.788419,1.915882,1.696017,1.916300,0.525195,1.781943,1.305212,1.942850,1.917563,1.945686,1.716523,0.694596,1.937860,1.878821,1.928990,1.928136,1.919499,1.621300,1.619015,0.627412,1.924775,1.940426,0.591515,1.929881,0.538426,0.529135,1.956762,1.941032,1.945476,1.926935,1.663849,1.420688,1.760426,0.552379,1.952788,1.910094,1.918113,1.919499,1.941567,1.936525,1.867456,1.934609,1.916148
1.826101,1.287114,0.434401,0.317764,0.466578,0.314298,0.281220,1.057219,0.743494,1.930632,0.294547,0.884530,0.637562,1.772335,0.250713,0.388002,0.925639,1.956028,0.437565,0.208827,0.238617,0.505682,0.299158,0.904859,0.297579,1.928845,0.179404,0.360878,1.913202,0.000000,1.536526,0.250713,0.284424,1.887949,0.203999,0.445509,0.811651,1.833794,0.407998,0.448189,0.283850,1.269424,0.496416,0.219219,0.195802,0.797234,0.257668,0.194483,0.281455,1.704164,1.472031,0.000000,0.257668,1.866627,0.393649,0.481310,1.815304,0.420598,0.452155,0.694664,0.273065,1.964785,0.430043,1.378240,0.293948,0.300547,0.392391,0.603182,1.809750,0.307642,0.179404,0.296312,0.333332,0.202844,0.780570,0.849198,1.787106,0.224726,0.365421,1.961937,0.412948,1.859367,1.981446,0.460460,0.311235,0.341704,0.238745,0.726188,1.521294,0.514240,1.922171,0.465983,0.203475,0.200633,0.202844,0.363780,0.326921,0.362833,0.299483,0.234621
1.581589,1.832458,1.643689,1.425440,1.302564,1.438906,1.450225,1.798017,1.753878,1.232180,1.508455,1.546199,1.447200,1.057200,1.455935,1.610433,1.643789,1.430564,1.383933,1.510535,1.507445,1.389736,1.477493,1.008568,1.428905,1.501714,1.592196,1.555224,1.550740,1.536526,0.000000,1.455935,1.429117,1.009019,1.518284,1.621519,1.788358,1.592879,1.378039,1.360293,1.628475,1.836300,1.290382,1.492434,1.491506,1.701888,1.619301,1.563217,1.513298,1.381830,1.612517,1.536526,1.619301,1.656344,1.438631,1.439168,1.440841,1.694755,1.424457,1.688837,1.503794,1.366661,1.645128,1.627578,1.449742,1.531253,1.398960,1.719714,1.437991,1.443402,1.592196,1.477485,1.461977,1.520563,1.746280,1.690133,1.732008,1.483795,1.425256,1.331234,1.465473,1.513706,1.314297,1.314279,1.430818,1.413451,1.491501,1.698232,1.226510,1.685870,1.453160,1.343799,1.543522,1.525821,1.520563,1.419200,1.450501,1.551160,1.452793,1.527230
1.882783,1.393212,0.622486,0.137014,0.258306,0.138994,0.144882,1.195142,0.879595,1.935623,0.275511,0.881052,0.728412,1.776101,0.000000,0.523062,0.951908,1.972002,0.289594,0.202265,0.200921,0.398275,0.210401,0.762365,0.201467,1.964078,0.385901,0.464195,1.940114,0.250713,1.455935,0.000000,0.197977,1.874634,0.207626,0.573401,0.965878,1.885487,0.230755,0.257887,0.490771,1.384567,0.303938,0.188554,0.174709,0.935664,0.442361,0.373199,0.238436,1.752571,1.548240,0.250713,0.442361,1.914068,0.321743,0.361588,1.859986,0.586060,0.337438,0.843384,0.223216,1.977027,0.569717,1.474805,0.206859,0.257581,0.257914,0.774488,1.858640,0.202284,0.385901,0.245745,0.282687,0.205907,0.939289,0.982182,1.839317,0.152397,0.241593,1.968050,0.325046,1.908839,1.986934,0.353739,0.214716,0.215904,0.197644,0.858338,1.544642,0.693721,1.951008,0.340291,0.231072,0.213266,0.205907,0.235820,0.249874,0.494224,0.201590,0.217874
1.901535,1.424628,0.664947,0.190748,0.280822,0.202960,0.185633,1.229607,0.901770,1.922643,0.274415,0.894859,0.756865,1.750057,0.197977,0.563476,0.987044,1.973804,0.244510,0.199652,0.177031,0.333908,0.160825,0.719698,0.120451,1.970865,0.430396,0.496075,1.945632,0.284424,1.429117,0.197977,0.000000,1.852882,0.212401,0.591996,1.013206,1.904616,0.267788,0.286590,0.536464,1.417108,0.316737,0.156162,0.185532,0.973330,0.489367,0.408141,0.288757,1.758959,1.586155,0.284424,0.489367,1.928624,0.277704,0.332617,1.873371,0.636536,0.297785,0.870317,0.247982,1.973457,0.620070,1.486397,0.175712,0.299899,0.180194,0.823227,1.856785,0.127680,0.430396,0.207553,0.251292,0.197491,0.982533,1.010834,1.855522,0.180584,0.231235,1.961666,0.321338,1.925560,1.985810,0.328687,0.115266,0.122837,0.168590,0.911381,1.533761,0.737505,1.954092,0.232504,0.235435,0.208632,0.197491,0.174805,0.193983,0.532999,0.137525,0.211977
0.975587,1.532035,1.830438,1.867219,1.808696,1.872627,1.873940,1.618196,1.759157,0.471076,1.889403,1.731348,1.715921,0.552155,1.874634,1.815517,1.763896,0.770717,1.841800,1.888344,1.887904,1.822955,1.882732,1.599314,1.856779,0.830685,1.877264,1.802639,0.912820,1.887949,1.009019,1.874634,1.852882,0.000000,1.890280,1.827558,1.756400,0.978942,1.860207,1.856797,1.873449,1.599608,1.808385,1.887778,1.893663,1.699542,1.868656,1.870281,1.895484,0.833822,1.421892,1.887949,1.868656,1.041981,1.858795,1.848990,0.811533,1.874250,1.866147,1.782898,1.901461,0.688965,1.858755,1.348323,1.869946,1.897799,1.852315,1.810244,0.782898,1.873435,1.877264,1.878681,1.869362,1.894644,1.736932,1.654934,1.229447,1.880550,1.874064,0.607507,1.869263,0.959004,0.591555,1.806525,1.855382,1.860304,1.880644,1.820006,1.021991,1.816888,0.770287,1.821353,1.903794,1.899418,1.894644,1.861565,1.868721,1.815571,1.876847,1.905182
1.859509,1.339807,0.565208,0.228939,0.403121,0.229861,0.198376,1.124769,0.789842,1.936832,0.274676,0.875682,0.753660,1.783315,0.207626,0.451444,0.934015,1.966187,0.323687,0.021075,0.131221,0.398196,0.171552,0.848008,0.172452,1.949847,0.322957,0.405444,1.918692,0.203999,1.518284,0.207626,0.212401,1.890280,0.000000,0.499079,0.899669,1.863346,0.350929,0.380648,0.427421,1.329960,0.425905,0.095792,0.167073,0.878213,0.368661,0.309044,0.272970,1.748242,1.530487,0.203999,0.368661,1.886380,0.323677,0.369227,1.856892,0.517195,0.341688,0.771240,0.199124,1.977189,0.496014,1.442060,0.223368,0.262044,0.281349,0.711971,1.839111,0.184999,0.322957,0.218082,0.275123,0.072975,0.876972,0.915492,1.804560,0.145917,0.294506,1.965071,0.355076,1.890514,1.988624,0.420693,0.186648,0.226735,0.073662,0.811658,1.576992,0.626297,1.945594,0.390716,0.095422,0.091541,0.072975,0.250626,0.242502,0.468411,0.177653,0.119951
1.683312,1.127157,0.384064,0.627695,0.760600,0.604252,0.605684,0.814416,0.491989,1.860948,0.607813,0.917761,0.656816,1.704155,0.573401,0.343345,0.917683,1.875902,0.741687,0.509888,0.537373,0.773420,0.589437,1.152912,0.605575,1.831763,0.370496,0.383817,1.817923,0.445509,1.621519,0.573401,0.591996,1.827558,0.499079,0.000000,0.609972,1.702163,0.704325,0.746423,0.372150,1.064869,0.787643,0.539283,0.560047,0.591182,0.339576,0.405896,0.552094,1.541539,1.363967,0.445509,0.339576,1.746314,0.710595,0.723563,1.677343,0.400648,0.748926,0.453538,0.595122,1.887606,0.410593,1.209766,0.605696,0.552578,0.681641,0.454686,1.678951,0.611268,0.370496,0.605431,0.644194,0.513549,0.563991,0.581881,1.698090,0.547311,0.682319,1.895646,0.672921,1.746887,1.906446,0.729680,0.606151,0.645650,0.539663,0.629191,1.480206,0.383714,1.818707,0.763700,0.499374,0.513288,0.513549,0.652462,0.640397,0.448365,0.603639,0.541591
1.394564,0.734783,0.482330,1.020789,1.162030,1.005422,0.990442,0.349150,0.419145,1.736042,0.951910,1.106702,0.791460,1.651746,0.965878,0.572472,1.017451,1.691581,1.134227,0.911425,0.935099,1.159956,1.000873,1.492397,1.023500,1.592121,0.667923,0.678425,1.588102,0.811651,1.788358,0.965878,1.013206,1.756400,0.899669,0.609972,0.000000,1.419523,1.099028,1.140259,0.588415,0.716773,1.180352,0.940271,0.954449,0.377721,0.599033,0.721961,0.923572,1.332845,1.117373,0.811651,0.599033,1.470078,1.070832,1.124176,1.425600,0.450367,1.124816,0.422672,0.967020,1.724120,0.587113,0.922668,0.998599,0.924814,1.108856,0.269286,1.446907,1.029163,0.667923,0.994295,1.009049,0.904180,0.155827,0.432555,1.427787,0.934281,1.058687,1.748858,1.048491,1.476132,1.749702,1.140548,1.032868,1.068032,0.948181,0.564772,1.420160,0.371452,1.609209,1.176719,0.878222,0.898073,0.904180,1.078447,1.027601,0.660611,1.017989,0.924929
0.300925,1.082197,1.650195,1.896235,1.930950,1.891049,1.886395,1.234041,1.496662,0.819516,1.870018,1.717598,1.681998,1.096845,1.885487,1.709569,1.637824,0.595785,1.916473,1.868322,1.876767,1.912586,1.896027,1.903509,1.907155,0.488505,1.772720,1.746396,0.578219,1.833794,1.592879,1.885487,1.904616,0.978942,1.863346,1.702163,1.419523,0.000000,1.914944,1.925633,1.725854,1.099637,1.931806,1.880502,1.881010,1.445375,1.745680,1.771584,1.858812,0.781281,0.827500,1.833794,1.745680,0.480018,1.896861,1.907761,0.529575,1.676090,1.909612,1.526157,1.873162,0.677879,1.687454,1.037137,1.890289,1.854660,1.931220,1.562870,0.659902,1.906798,1.772720,1.890318,1.883561,1.868502,1.439448,1.421420,0.700877,1.872621,1.905780,0.739210,1.883561,0.472855,0.685860,1.911528,1.911005,1.917977,1.880363,1.558713,1.301172,1.600575,0.602034,1.936748,1.855244,1.865205,1.868502,1.921242,1.900993,1.740791,1.902566,1.870423
1.915146,1.482708,0.772284,0.199103,0.212379,0.162208,0.246997,1.316949,1.017757,1.931151,0.301837,0.906659,0.823588,1.773242,0.230755,0.685732,0.993975,1.970205,0.277019,0.341769,0.305759,0.404656,0.269754,0.683241,0.275182,1.975886,0.541960,0.625926,1.952073,0.407998,1.378039,0.230755,0.267788,1.860207,0.350929,0.704325,1.099028,1.914944,0.000000,0.082037,0.644485,1.465007,0.266479,0.302141,0.300685,1.076435,0.598290,0.536389,0.257788,1.794762,1.584826,0.407998,0.598290,1.933961,0.325370,0.374230,1.891464,0.729757,0.323741,0.953344,0.329148,1.969611,0.724663,1.547545,0.280376,0.302534,0.253075,0.914418,1.890190,0.249535,0.541960,0.332500,0.305849,0.333133,1.078763,1.116633,1.865786,0.287914,0.194936,1.961505,0.301552,1.930372,1.976836,0.341000,0.285421,0.237397,0.319466,0.978363,1.567963,0.846483,1.959983,0.302589,0.361191,0.338330,0.333133,0.253439,0.314163,0.650253,0.256062,0.324236
1.929139,1.511158,0.819099,0.216524,0.187266,0.196537,0.269197,1.353462,1.052688,1.926801,0.330697,0.909661,0.862332,1.770204,0.257887,0.726030,1.003246,1.968494,0.261336,0.370680,0.331822,0.384865,0.286484,0.651138,0.291189,1.979472,0.588223,0.662707,1.952834,0.448189,1.360293,0.257887,0.286590,1.856797,0.380648,0.746423,1.140259,1.925633,0.082037,0.000000,0.690108,1.495970,0.251752,0.331431,0.323618,1.115110,0.643929,0.576548,0.313966,1.812556,1.612586,0.448189,0.643929,1.940168,0.322802,0.348801,1.905900,0.775761,0.309558,0.999468,0.349996,1.967453,0.759687,1.572966,0.302616,0.344401,0.242367,0.960362,1.899725,0.265188,0.588223,0.346566,0.317719,0.365233,1.120869,1.155435,1.870973,0.315884,0.194842,1.957247,0.316054,1.938092,1.973054,0.341656,0.294217,0.244077,0.343714,1.013008,1.577285,0.890882,1.962734,0.288092,0.393585,0.371506,0.365233,0.250032,0.323989,0.694066,0.273152,0.351527
1.710083,1.122613,0.178887,0.565729,0.707022,0.554703,0.528899,0.852368,0.596735,1.899644,0.507298,0.969127,0.537043,1.760250,0.490771,0.299060,0.959962,1.900027,0.685863,0.437391,0.477714,0.736722,0.547045,1.101634,0.547590,1.847285,0.127913,0.349425,1.850772,0.283850,1.628475,0.490771,0.536464,1.873449,0.427421,0.372150,0.588415,1.725854,0.644485,0.690108,0.000000,1.099847,0.729363,0.463018,0.462148,0.594434,0.142116,0.213876,0.476660,1.604705,1.338998,0.283850,0.142116,1.774719,0.626545,0.712732,1.709642,0.256229,0.690700,0.505213,0.502932,1.920722,0.344098,1.217006,0.525444,0.483188,0.650389,0.358343,1.721847,0.562912,0.127913,0.530696,0.561440,0.432055,0.546560,0.663209,1.702999,0.468015,0.606924,1.926176,0.611031,1.763979,1.939332,0.673063,0.563887,0.599668,0.477164,0.580315,1.465756,0.268987,1.850564,0.712710,0.414678,0.424861,0.432055,0.620509,0.560158,0.276692,0.553134,0.463608
1.069100,0.758138,1.018949,1.418596,1.533168,1.400128,1.393090,0.624783,0.807730,1.506778,1.368937,1.295380,1.219272,1.548927,1.384567,1.095043,1.168651,1.385323,1.500217,1.338999,1.347697,1.514388,1.391365,1.750819,1.430501,1.246554,1.168389,1.173119,1.264632,1.269424,1.836300,1.384567,1.417108,1.599608,1.329960,1.064869,0.716773,1.099637,1.465007,1.495970,1.099847,0.000000,1.529524,1.357995,1.365209,0.847860,1.121156,1.197227,1.333274,1.149468,0.974624,1.269424,1.121156,1.112440,1.459930,1.472491,1.162542,1.019923,1.478269,0.838814,1.364020,1.406906,1.032895,0.963456,1.407845,1.337571,1.477547,0.876365,1.224717,1.416617,1.168389,1.395372,1.416837,1.331190,0.762586,0.806113,1.086693,1.348979,1.451068,1.476835,1.422823,1.142774,1.458048,1.489924,1.430556,1.447987,1.365663,0.786611,1.358378,0.942655,1.286449,1.524299,1.304799,1.323355,1.331190,1.460444,1.428230,1.161731,1.407487,1.334233
1.930384,1.541765,0.846428,0.269337,0.185540,0.297493,0.297256,1.384515,1.085644,1.897970,0.463516,0.976941,0.830121,1.728085,0.303938,0.751107,1.082229,1.966923,0.298887,0.413195,0.411096,0.393021,0.364306,0.554510,0.309488,1.978702,0.632381,0.677264,1.956361,0.496416,1.290382,0.303938,0.316737,1.808385,0.425905,0.787643,1.180352,1.931806,0.266479,0.251752,0.729363,1.529524,0.000000,0.385682,0.377481,1.133637,0.689644,0.605748,0.443018,1.776487,1.621942,0.496416,0.689644,1.963112,0.397356,0.413521,1.879776,0.832787,0.368307,1.041399,0.393241,1.961139,0.795100,1.590758,0.342028,0.454771,0.290294,0.996092,1.890175,0.321488,0.632381,0.378347,0.413894,0.422556,1.147508,1.158647,1.888951,0.353783,0.348041,1.936461,0.421989,1.940691,1.958009,0.344632,0.321714,0.288520,0.383182,1.050016,1.536072,0.922330,1.959249,0.280357,0.459665,0.432371,0.422556,0.312995,0.348459,0.677975,0.332705,0.428380
1.876352,1.372575,0.601067,0.196975,0.364162,0.198847,0.171213,1.168471,0.841268,1.941017,0.250669,0.889872,0.756944,1.786979,0.188554,0.502806,0.955223,1.970756,0.289746,0.082957,0.098360,0.379020,0.123525,0.816499,0.130845,1.957155,0.356813,0.453796,1.928444,0.219219,1.492434,0.188554,0.156162,1.887778,0.095792,0.539283,0.940271,1.880502,0.302141,0.331431,0.463018,1.357995,0.385682,0.000000,0.139892,0.919199,0.410623,0.344688,0.257195,1.760758,1.543555,0.219219,0.410623,1.900786,0.294642,0.363142,1.866961,0.551648,0.310395,0.802645,0.185041,1.979268,0.534326,1.466481,0.189873,0.266122,0.241596,0.750270,1.850985,0.119366,0.356813,0.195821,0.250279,0.059481,0.917567,0.963570,1.818947,0.133586,0.249552,1.969618,0.344273,1.901547,1.992054,0.392438,0.153531,0.167824,0.076329,0.838315,1.577196,0.668664,1.951123,0.339984,0.093085,0.062760,0.059481,0.214043,0.208913,0.490075,0.109682,0.080725
