0.000000,1.044977,1.585699,1.846716,1.883819,1.843976,1.835679,1.144264,1.410374,0.866342,1.828202,1.549792,1.611553,1.118258,1.837965,1.651916,1.434430,0.735856,1.865987,1.811971,1.816475,1.877803,1.835905,1.885588,1.850678,0.583757,1.718418,1.693980,0.629353,1.776659,1.684614,1.837965,1.840820,1.010202,1.807477,1.605392,1.355590,0.558986,1.876176,1.883655,1.669172,0.975874,1.895410,1.819137,1.818947,1.408362,1.688173,1.700256,1.809471,0.759960,0.938194,1.776659,1.688173,0.571625,1.851664,1.876205,0.608610,1.602620,1.854200,1.411443,1.812846,0.787618,1.618934,0.988817,1.842163,1.809624,1.877737,1.493638,0.701082,1.847815,1.718418,1.834486,1.836860,1.808520,1.370101,1.346570,0.719172,1.824093,1.861245,0.800675,1.852847,0.576353,0.785190,1.857733,1.855284,1.861017,1.823482,1.491723,1.180989,1.535866,0.688727,1.886410,1.794053,1.804182,1.808520,1.866482,1.856260,1.711906,1.841746,1.809835
1.044977,0.000000,1.078954,1.484685,1.587562,1.482947,1.465815,0.727136,0.928130,1.392839,1.418602,1.311291,1.257858,1.415000,1.450908,1.170035,1.231509,1.320679,1.545439,1.410755,1.413088,1.544944,1.458192,1.777546,1.483593,1.201354,1.233698,1.254764,1.271985,1.327099,1.842844,1.450908,1.461753,1.519820,1.401528,1.141055,0.790052,1.010817,1.549867,1.573485,1.166526,0.762730,1.601487,1.426555,1.417821,0.912467,1.188214,1.262429,1.416452,1.075315,1.094120,1.327099,1.188214,1.107232,1.469785,1.528313,1.108340,1.089198,1.517420,0.968677,1.436041,1.336429,1.172441,0.835085,1.465683,1.429589,1.537623,0.935639,1.093043,1.483994,1.233698,1.457327,1.446057,1.400986,0.837166,0.920228,1.096934,1.431483,1.503734,1.383751,1.528212,1.135599,1.413574,1.562306,1.488803,1.511146,1.434484,1.078240,1.261886,1.008959,1.301571,1.572804,1.381368,1.396727,1.400986,1.510693,1.484249,1.247186,1.474658,1.409030
1.585699,1.078954,0.000000,0.691555,0.842885,0.694968,0.653074,0.745947,0.508899,1.845395,0.670511,1.096421,0.507896,1.703596,0.632395,0.346773,1.108911,1.853688,0.816269,0.582952,0.611569,0.841812,0.673098,1.203279,0.681748,1.781851,0.304508,0.425075,1.801190,0.437265,1.650601,0.632395,0.641860,1.811775,0.572755,0.398636,0.473783,1.601648,0.796742,0.831450,0.193441,1.067599,0.861917,0.600610,0.587347,0.445346,0.277833,0.309454,0.640038,1.441219,1.186849,0.437265,0.277833,1.732306,0.751551,0.829568,1.599359,0.291131,0.801460,0.433469,0.619812,1.876815,0.468181,1.173402,0.649926,0.661980,0.784949,0.257941,1.632343,0.690504,0.304508,0.661431,0.710769,0.579089,0.409666,0.533002,1.677003,0.606274,0.753135,1.869062,0.817766,1.711708,1.896253,0.826897,0.694391,0.727421,0.620336,0.549452,1.493997,0.140207,1.824164,0.822114,0.558091,0.568627,0.579089,0.744352,0.697663,0.368004,0.675777,0.602362
1.846716,1.484685,0.691555,0.000000,0.265265,0.084780,0.079823,1.228329,0.916972,1.925377,0.322310,0.990256,0.791116,1.765689,0.133549,0.556113,1.107437,1.981961,0.218419,0.217546,0.206229,0.368065,0.182709,0.730715,0.167892,1.964848,0.442552,0.480193,1.944036,0.322087,1.413369,0.133549,0.189762,1.854765,0.227278,0.683020,1.010735,1.849633,0.199875,0.212389,0.553762,1.450642,0.296249,0.199058,0.224312,0.955488,0.494273,0.438060,0.292712,1.724569,1.477072,0.322087,0.494273,1.924783,0.339841,0.296396,1.866029,0.637837,0.273464,0.923033,0.228415,1.967660,0.639033,1.568678,0.255714,0.309872,0.209035,0.842823,1.876407,0.175896,0.442552,0.274076,0.332011,0.222447,0.989575,1.012808,1.854897,0.141452,0.235973,1.952631,0.362650,1.929052,1.981389,0.367478,0.174022,0.175874,0.192299,0.857087,1.656481,0.752226,1.958237,0.274692,0.255493,0.234709,0.222447,0.195400,0.287336,0.511555,0.179604,0.229531
1.883819,1.587562,0.842885,0.265265,0.000000,0.267987,0.316848,1.361508,1.083658,1.889512,0.459953,1.076785,0.821390,1.709735,0.268664,0.713248,1.213466,1.967942,0.299483,0.413726,0.408286,0.378322,0.366431,0.532912,0.306833,1.974489,0.621073,0.617162,1.953566,0.508035,1.249572,0.268664,0.319522,1.781758,0.423696,0.833079,1.168180,1.894376,0.218024,0.194440,0.722112,1.576076,0.197476,0.396871,0.419865,1.087293,0.674946,0.616086,0.424634,1.744342,1.548939,0.508035,0.674946,1.960806,0.448509,0.347235,1.881003,0.825095,0.405177,1.081305,0.432110,1.950647,0.791851,1.608113,0.357067,0.435143,0.266592,0.999426,1.874784,0.334041,0.621073,0.399810,0.459890,0.428934,1.133298,1.137635,1.911807,0.363357,0.338590,1.929733,0.396865,1.955988,1.951506,0.336891,0.302736,0.293790,0.385765,1.030005,1.608637,0.911848,1.945378,0.290306,0.466366,0.440734,0.428934,0.287279,0.373883,0.622846,0.345543,0.439563
1.843976,1.482947,0.694968,0.084780,0.267987,0.000000,0.139394,1.222297,0.916102,1.923422,0.305180,0.996305,0.791288,1.765951,0.148601,0.554298,1.109704,1.979668,0.236699,0.229859,0.217928,0.379625,0.191906,0.734258,0.188135,1.965205,0.450093,0.478381,1.944925,0.337053,1.411117,0.148601,0.209525,1.853228,0.238419,0.677328,1.010191,1.849048,0.163421,0.193722,0.561015,1.448242,0.304794,0.219142,0.248924,0.957529,0.497723,0.449735,0.244473,1.724708,1.469645,0.337053,0.497723,1.923987,0.340096,0.305307,1.863224,0.642075,0.288582,0.915784,0.252682,1.967344,0.636998,1.558006,0.251981,0.268919,0.219356,0.844244,1.880945,0.195240,0.450093,0.285635,0.325120,0.238893,0.988681,1.004085,1.853977,0.175291,0.224770,1.949847,0.333295,1.927262,1.979821,0.361459,0.189752,0.193256,0.204554,0.866095,1.654126,0.754019,1.956179,0.289691,0.269772,0.252504,0.238893,0.202777,0.296880,0.527427,0.200910,0.246974
1.835679,1.465815,0.653074,0.079823,0.316848,0.139394,0.000000,1.202909,0.886012,1.932048,0.318757,1.004198,0.775535,1.774238,0.144829,0.528192,1.114133,1.980864,0.244512,0.191375,0.176014,0.373938,0.167152,0.769503,0.166340,1.959005,0.400835,0.458788,1.941736,0.278082,1.439613,0.144829,0.171191,1.867500,0.200053,0.661617,0.977058,1.839319,0.250660,0.264100,0.511977,1.429700,0.327315,0.163718,0.180561,0.919595,0.455023,0.392791,0.293320,1.718361,1.460792,0.278082,0.455023,1.919597,0.347198,0.318071,1.858731,0.596350,0.282473,0.888176,0.182103,1.971139,0.613770,1.553321,0.243147,0.305265,0.234418,0.804841,1.871694,0.167843,0.400835,0.250577,0.338158,0.186890,0.957828,0.984773,1.846127,0.085866,0.261274,1.957214,0.374692,1.921146,1.984839,0.398901,0.178850,0.182662,0.171771,0.829289,1.661537,0.715865,1.959764,0.289043,0.215929,0.194813,0.186890,0.214992,0.271925,0.473422,0.165014,0.191817
1.144264,0.727136,0.745947,1.228329,1.361508,1.222297,1.202909,0.000000,0.483180,1.535524,1.191700,1.168690,1.006094,1.478833,1.199547,0.794267,1.101911,1.532481,1.309959,1.133463,1.143867,1.341263,1.196707,1.621884,1.224927,1.419275,0.939200,0.886998,1.417186,1.052762,1.832615,1.199547,1.204839,1.594366,1.123692,0.832266,0.368375,1.190657,1.323751,1.351408,0.864302,0.699868,1.392676,1.156191,1.159878,0.526702,0.871701,0.942385,1.172871,1.085528,1.040939,1.052762,0.871701,1.310411,1.264053,1.313587,1.230050,0.739172,1.287667,0.595695,1.170679,1.552101,0.830734,0.850789,1.221431,1.190307,1.304007,0.588580,1.258629,1.228816,0.939200,1.211462,1.221196,1.128864,0.406569,0.423895,1.279820,1.164173,1.270571,1.550972,1.320341,1.313933,1.596175,1.339733,1.227777,1.263339,1.159265,0.749011,1.349918,0.636127,1.478203,1.357344,1.102935,1.124358,1.128864,1.269302,1.256295,0.978398,1.214683,1.142148
1.410374,0.928130,0.508899,0.916972,1.083658,0.916102,0.886012,0.483180,0.000000,1.714980,0.889273,1.005463,0.856789,1.608126,0.896479,0.520687,0.981907,1.736773,1.006132,0.811879,0.822227,1.056843,0.878647,1.400829,0.916435,1.650148,0.641594,0.609522,1.647450,0.743812,1.777101,0.896479,0.889219,1.749389,0.800262,0.534343,0.373851,1.453233,1.033828,1.061595,0.587061,0.842028,1.107587,0.837301,0.847090,0.472123,0.580055,0.635439,0.880848,1.326188,1.188142,0.743812,0.580055,1.548486,0.969821,1.025407,1.488393,0.489991,0.979252,0.442499,0.861677,1.744152,0.539521,1.117887,0.921438,0.899124,0.997429,0.435205,1.503011,0.912237,0.641594,0.905651,0.917460,0.810784,0.376976,0.363309,1.477625,0.841245,0.967046,1.735170,1.041066,1.550733,1.784677,1.040956,0.913966,0.950471,0.840097,0.526600,1.478419,0.406307,1.692578,1.058303,0.781716,0.805283,0.810784,0.957112,0.960123,0.713760,0.898521,0.820555
0.866342,1.392839,1.845395,1.925377,1.889512,1.923422,1.932048,1.535524,1.714980,0.000000,1.937813,1.652154,1.794092,0.521532,1.929988,1.848672,1.624052,0.526362,1.912202,1.932644,1.931791,1.900105,1.931572,1.744618,1.925681,0.602969,1.912410,1.854705,0.607801,1.934312,1.304938,1.929988,1.926692,0.474445,1.932420,1.828024,1.705928,0.840622,1.919682,1.916921,1.893593,1.437817,1.901970,1.937276,1.947034,1.713439,1.896138,1.907036,1.933492,0.893770,1.411910,1.934312,1.896138,0.713746,1.929269,1.903194,0.761542,1.870158,1.925406,1.753806,1.945422,0.416870,1.852129,1.252416,1.933573,1.934737,1.921635,1.794415,0.676406,1.933104,1.912410,1.930757,1.928361,1.935806,1.707759,1.654354,0.812178,1.934399,1.929036,0.238136,1.922327,0.643807,0.434738,1.888706,1.922683,1.929228,1.930747,1.805017,1.069500,1.816241,0.476038,1.925969,1.936818,1.938401,1.935806,1.925397,1.932215,1.881670,1.931548,1.940460
1.828202,1.418602,0.670511,0.322310,0.459953,0.305180,0.318757,1.191700,0.889273,1.937813,0.000000,0.999853,0.827725,1.806668,0.320612,0.587232,1.087484,1.964319,0.340727,0.282112,0.277247,0.431077,0.277935,0.853254,0.296722,1.949494,0.428796,0.543871,1.931145,0.324577,1.506186,0.320612,0.298263,1.898947,0.283605,0.683009,0.967679,1.825047,0.335339,0.355385,0.522173,1.420071,0.487386,0.272144,0.263882,0.947448,0.482944,0.457090,0.242413,1.740516,1.440341,0.324577,0.482944,1.892457,0.197190,0.396427,1.867134,0.590360,0.305644,0.891958,0.300943,1.962032,0.651677,1.547036,0.303996,0.260458,0.327897,0.806045,1.875698,0.286410,0.428796,0.316478,0.183176,0.273297,0.962117,1.014769,1.813547,0.292241,0.220425,1.949994,0.315582,1.907297,1.980044,0.482545,0.296075,0.300845,0.273806,0.842732,1.684240,0.728156,1.945125,0.375636,0.283588,0.277780,0.273297,0.302258,0.334454,0.572977,0.296706,0.273777
1.549792,1.311291,1.096421,0.990256,1.076785,0.996305,1.004198,1.168690,1.005463,1.652154,0.999853,0.000000,1.270256,1.593651,1.030712,1.018761,0.273397,1.718983,0.975391,0.988060,0.983523,1.123853,0.983660,1.262063,1.012821,1.661103,1.021618,1.017956,1.588175,1.003524,1.643544,1.030712,1.035797,1.659499,0.985843,0.954259,1.126630,1.611006,1.045900,1.040635,1.046921,1.192849,1.130285,1.001551,0.995321,1.200623,1.018107,1.039174,1.053250,1.450062,1.444218,1.003524,1.018107,1.547030,0.953765,1.007193,1.653401,1.029944,0.934704,1.134971,1.009650,1.655368,1.005967,1.589921,1.100886,1.073004,0.995319,1.112168,1.583040,0.997456,1.021618,1.071438,0.935922,0.990443,1.143623,1.195326,1.494305,1.005622,0.976229,1.651996,1.106605,1.656785,1.697201,0.975206,1.002125,1.009654,0.991160,0.914050,1.616281,1.074456,1.645355,1.062434,0.989535,0.997022,0.990443,0.989343,1.114350,1.147426,0.994018,0.987402
1.611553,1.257858,0.507896,0.791116,0.821390,0.791288,0.775535,1.006094,0.856789,1.794092,0.827725,1.270256,0.000000,1.644775,0.720750,0.689252,1.286443,1.831562,0.910605,0.756926,0.797637,0.905986,0.823900,1.063470,0.791946,1.768816,0.619499,0.699120,1.801035,0.672864,1.446394,0.720750,0.745878,1.673873,0.754291,0.580460,0.800443,1.656179,0.832700,0.862654,0.573239,1.222125,0.827645,0.766671,0.762416,0.748552,0.635141,0.604909,0.772384,1.409973,1.209299,0.672864,0.635141,1.783699,0.876273,0.929402,1.554520,0.671429,0.929351,0.731220,0.783097,1.852532,0.753558,1.213776,0.728613,0.780659,0.861126,0.635043,1.609865,0.814338,0.619499,0.784170,0.853194,0.767457,0.695923,0.777697,1.753539,0.759835,0.854478,1.827678,0.870174,1.728055,1.838520,0.840401,0.809915,0.825668,0.781672,0.822398,1.380399,0.579224,1.787902,0.865581,0.770347,0.760304,0.767457,0.838133,0.778830,0.521055,0.805185,0.795659
1.118258,1.415000,1.703596,1.765689,1.709735,1.765951,1.774238,1.478833,1.608126,0.521532,1.806668,1.593651,1.644775,0.000000,1.768615,1.687297,1.626941,0.905580,1.756783,1.781652,1.780281,1.740614,1.779336,1.563334,1.759971,0.983217,1.761901,1.680211,0.989819,1.780116,1.152265,1.768615,1.758144,0.570286,1.782027,1.693615,1.620277,1.092243,1.764647,1.761107,1.749508,1.503644,1.737202,1.785260,1.803669,1.590126,1.747985,1.757305,1.792593,0.921143,1.497735,1.780116,1.747985,1.072014,1.794249,1.744547,0.970749,1.750580,1.787231,1.648586,1.812045,0.835990,1.716371,1.201457,1.779640,1.795753,1.761448,1.676955,0.861776,1.778726,1.761901,1.778811,1.790313,1.785484,1.605504,1.523945,1.157172,1.778008,1.784559,0.725190,1.785059,0.986621,0.842270,1.727067,1.755760,1.771489,1.777884,1.745900,0.993739,1.685230,0.849351,1.772275,1.794237,1.791552,1.785484,1.767365,1.777945,1.709442,1.775380,1.799940
1.837965,1.450908,0.632395,0.133549,0.268664,0.148601,0.144829,1.199547,0.896479,1.929988,0.320612,1.030712,0.720750,1.768615,0.000000,0.510549,1.138856,1.979264,0.295620,0.204750,0.212885,0.384885,0.213560,0.756850,0.181046,1.960742,0.385121,0.438847,1.946464,0.274088,1.417419,0.000000,0.175860,1.856929,0.210325,0.652733,0.968161,1.845246,0.239284,0.257632,0.493856,1.438164,0.303498,0.195488,0.212277,0.905002,0.439665,0.393766,0.271746,1.713170,1.463361,0.274088,0.439665,1.928070,0.368708,0.339967,1.851678,0.595216,0.344847,0.887069,0.243157,1.971694,0.598493,1.528966,0.227313,0.294463,0.243237,0.786342,1.861450,0.202750,0.385121,0.263591,0.358648,0.214266,0.940514,0.973582,1.859052,0.153477,0.276799,1.958235,0.371241,1.923183,1.984168,0.384186,0.194621,0.208212,0.196743,0.844126,1.632112,0.699420,1.955676,0.304404,0.244415,0.222395,0.214266,0.216681,0.270565,0.435213,0.204270,0.233660
1.651916,1.170035,0.346773,0.556113,0.713248,0.554298,0.528192,0.794267,0.520687,1.848672,0.587232,1.018761,0.689252,1.687297,0.510549,0.000000,1.082075,1.891018,0.677254,0.456409,0.465224,0.713325,0.530150,1.107213,0.550012,1.837543,0.283013,0.134464,1.835743,0.378770,1.619171,0.510549,0.527736,1.821718,0.445133,0.489162,0.571465,1.662115,0.681800,0.711795,0.303933,1.174995,0.755880,0.481719,0.499253,0.511503,0.214033,0.310976,0.545518,1.534895,1.333928,0.378770,0.214033,1.775798,0.676011,0.662982,1.694943,0.331258,0.681050,0.584530,0.530771,1.892076,0.401344,1.254861,0.565141,0.569470,0.645236,0.426017,1.685195,0.560458,0.283013,0.558658,0.635710,0.457596,0.545386,0.574219,1.718076,0.480851,0.644024,1.885258,0.717005,1.776055,1.920682,0.721713,0.549062,0.595436,0.482959,0.622561,1.523381,0.334010,1.858491,0.720038,0.437643,0.456622,0.457596,0.605089,0.607233,0.376741,0.548032,0.479776
1.434430,1.231509,1.108911,1.107437,1.213466,1.109704,1.114133,1.101911,0.981907,1.624052,1.087484,0.273397,1.286443,1.626941,1.138856,1.082075,0.000000,1.651361,1.106630,1.084412,1.087775,1.247804,1.095101,1.399882,1.131476,1.567999,1.082582,1.103403,1.498379,1.085254,1.728649,1.138856,1.150065,1.658140,1.080500,0.967595,1.082882,1.517486,1.163667,1.163039,1.085427,1.053776,1.252360,1.101942,1.089844,1.195696,1.071866,1.094459,1.138318,1.385095,1.340499,1.085254,1.071866,1.436559,1.057220,1.145650,1.562684,1.047924,1.051733,1.099540,1.096376,1.600442,1.040299,1.540891,1.195435,1.154857,1.125317,1.098345,1.520528,1.111721,1.082582,1.168955,1.032611,1.087459,1.105042,1.178184,1.372664,1.109437,1.085815,1.598651,1.205496,1.548338,1.638933,1.101350,1.125104,1.129942,1.094852,0.864147,1.619175,1.075526,1.575128,1.186336,1.078281,1.089657,1.087459,1.112142,1.214690,1.214461,1.107635,1.081487
0.735856,1.320679,1.853688,1.981961,1.967942,1.979668,1.980864,1.532481,1.736773,0.526362,1.964319,1.718983,1.831562,0.905580,1.979264,1.891018,1.651361,0.000000,1.975407,1.972495,1.974655,1.959823,1.979803,1.860795,1.980946,0.407115,1.933556,1.911214,0.455987,1.959706,1.426884,1.979264,1.981141,0.754172,1.971096,1.869645,1.691630,0.724720,1.977897,1.978195,1.905203,1.334836,1.971763,1.976079,1.975580,1.725900,1.918443,1.927663,1.963759,0.959335,1.332726,1.959706,1.918443,0.514021,1.965839,1.967803,0.667649,1.873643,1.973833,1.747619,1.972130,0.374120,1.864910,1.205976,1.975504,1.965316,1.980945,1.789344,0.658295,1.981208,1.933556,1.969679,1.963085,1.972617,1.704685,1.685293,0.744883,1.977909,1.974070,0.446174,1.964922,0.502687,0.320825,1.954682,1.979016,1.982541,1.975693,1.775163,1.080157,1.824620,0.401307,1.979369,1.967861,1.971584,1.972617,1.981104,1.974360,1.920441,1.979881,1.972726
1.865987,1.545439,0.816269,0.218419,0.299483,0.236699,0.244512,1.309959,1.006132,1.912202,0.340727,0.975391,0.910605,1.756783,0.295620,0.677254,1.106630,1.975407,0.000000,0.311518,0.278705,0.340035,0.228908,0.654768,0.231234,1.967898,0.567005,0.593517,1.936919,0.433436,1.386242,0.295620,0.266297,1.845307,0.320898,0.787258,1.117171,1.866457,0.242171,0.222695,0.675381,1.520934,0.346448,0.285482,0.307284,1.056261,0.621327,0.554505,0.379722,1.763979,1.514973,0.433436,0.621327,1.929994,0.306409,0.278128,1.901881,0.747844,0.156856,1.022086,0.309949,1.955924,0.735423,1.630929,0.335678,0.386970,0.197790,0.965718,1.896354,0.215287,0.567005,0.328761,0.305491,0.314719,1.105293,1.117797,1.858632,0.280242,0.204432,1.937824,0.367675,1.944154,1.970607,0.357176,0.225637,0.192552,0.276068,0.944644,1.688902,0.874174,1.955535,0.266135,0.340571,0.324341,0.314719,0.209124,0.337826,0.649263,0.228485,0.300033
1.811971,1.410755,0.582952,0.217546,0.413726,0.229859,0.191375,1.133463,0.811879,1.932644,0.282112,0.988060,0.756926,1.781652,0.204750,0.456409,1.084412,1.972495,0.311518,0.000000,0.129139,0.405788,0.155816,0.845598,0.145114,1.946867,0.323800,0.404282,1.929234,0.212101,1.502763,0.204750,0.189864,1.887991,0.019898,0.587369,0.903438,1.815468,0.341710,0.360934,0.432824,1.374666,0.434481,0.077410,0.158124,0.852148,0.373098,0.329597,0.279972,1.706098,1.429620,0.212101,0.373098,1.901197,0.338721,0.343542,1.846270,0.519982,0.315601,0.818876,0.194122,1.969578,0.540803,1.505759,0.259514,0.292826,0.262734,0.729468,1.859289,0.158939,0.323800,0.247215,0.319755,0.064281,0.887490,0.922212,1.817555,0.150061,0.279105,1.953868,0.395975,1.903110,1.987524,0.438201,0.164760,0.198360,0.055296,0.765168,1.659595,0.641561,1.954377,0.338183,0.094011,0.078690,0.064281,0.222659,0.285265,0.447569,0.154861,0.110369
1.816475,1.413088,0.611569,0.206229,0.408286,0.217928,0.176014,1.143867,0.822227,1.931791,0.277247,0.983523,0.797637,1.780281,0.212885,0.465224,1.087775,1.974655,0.278705,0.129139,0.000000,0.383339,0.082903,0.844448,0.167533,1.946161,0.343935,0.406034,1.929066,0.230728,1.503577,0.212885,0.160018,1.888560,0.130039,0.616280,0.919322,1.819447,0.328339,0.344137,0.459942,1.392827,0.431942,0.094205,0.146584,0.856060,0.390028,0.352270,0.276269,1.722302,1.451562,0.230728,0.390028,1.899450,0.337690,0.320250,1.860777,0.533546,0.285034,0.836445,0.182395,1.969167,0.552581,1.518251,0.262286,0.292416,0.252051,0.753249,1.861148,0.135933,0.343935,0.242036,0.317906,0.105739,0.908389,0.935623,1.818834,0.131068,0.264752,1.954290,0.387964,1.908701,1.988268,0.443447,0.173638,0.179745,0.111925,0.793568,1.666378,0.664227,1.959474,0.334890,0.107886,0.106825,0.105739,0.214169,0.281850,0.465199,0.122457,0.077193
1.877803,1.544944,0.841812,0.368065,0.378322,0.379625,0.373938,1.341263,1.056843,1.900105,0.431077,1.123853,0.905986,1.740614,0.384885,0.713325,1.247804,1.959823,0.340035,0.405788,0.383339,0.000000,0.342208,0.689521,0.328806,1.960954,0.601927,0.637313,1.941090,0.493045,1.339610,0.384885,0.340265,1.836177,0.414225,0.841274,1.148220,1.882418,0.383261,0.367866,0.704446,1.555003,0.394606,0.380234,0.396010,1.069091,0.654026,0.612625,0.452071,1.808747,1.563475,0.493045,0.654026,1.936955,0.404859,0.335334,1.922622,0.801599,0.383553,1.063235,0.412393,1.956703,0.794068,1.626521,0.291551,0.428327,0.299288,0.987488,1.887089,0.323955,0.601927,0.261167,0.449151,0.405961,1.127929,1.141601,1.866756,0.377218,0.391284,1.929095,0.381912,1.934976,1.960636,0.456108,0.321717,0.298491,0.374057,1.037516,1.668857,0.903521,1.957542,0.287569,0.429513,0.414227,0.405961,0.320149,0.214087,0.659767,0.338689,0.400367
1.835905,1.458192,0.673098,0.182709,0.366431,0.191906,0.167152,1.196707,0.878647,1.931572,0.277935,0.983660,0.823900,1.779336,0.213560,0.530150,1.095101,1.979803,0.228908,0.155816,0.082903,0.342208,0.000000,0.797085,0.134155,1.956522,0.406740,0.465108,1.934854,0.284285,1.469838,0.213560,0.150196,1.882013,0.162865,0.654802,0.980729,1.841504,0.285366,0.293669,0.522138,1.430076,0.383535,0.114703,0.167949,0.917179,0.456111,0.415054,0.278353,1.741210,1.473525,0.284285,0.456111,1.913909,0.312245,0.284643,1.878854,0.598868,0.241565,0.889778,0.192667,1.971630,0.600615,1.555464,0.248964,0.287209,0.193572,0.815910,1.880288,0.083953,0.406740,0.230299,0.301406,0.142182,0.968134,0.989496,1.833258,0.144983,0.228825,1.954020,0.351318,1.923085,1.987371,0.409467,0.139642,0.121025,0.120141,0.843366,1.681339,0.728371,1.964278,0.282783,0.161930,0.149430,0.142182,0.165242,0.257672,0.516147,0.073611,0.117586
1.885588,1.777546,1.203279,0.730715,0.532912,0.734258,0.769503,1.621884,1.400829,1.744618,0.853254,1.262063,1.063470,1.563334,0.756850,1.107213,1.399882,1.860795,0.654768,0.845598,0.844448,0.689521,0.797085,0.000000,0.737649,1.904992,1.036219,1.006897,1.896809,0.935159,0.922756,0.756850,0.749851,1.592318,0.856178,1.178171,1.493543,1.888132,0.640832,0.611220,1.113793,1.762940,0.566661,0.831857,0.853904,1.388414,1.089598,1.011334,0.848078,1.761897,1.635929,0.935159,1.089598,1.939866,0.804250,0.699423,1.856865,1.217561,0.750484,1.398886,0.853880,1.829546,1.163367,1.689611,0.768235,0.840356,0.675910,1.356390,1.829714,0.760431,1.036219,0.801992,0.824007,0.865568,1.453129,1.418976,1.925991,0.813731,0.728788,1.803141,0.725359,1.918374,1.810354,0.609684,0.732830,0.713612,0.816722,1.339594,1.512963,1.272843,1.841588,0.638021,0.897891,0.874269,0.865568,0.709414,0.763460,0.995614,0.774310,0.869002
1.850678,1.483593,0.681748,0.167892,0.306833,0.188135,0.166340,1.224927,0.916435,1.925681,0.296722,1.012821,0.791946,1.759971,0.181046,0.550012,1.131476,1.980946,0.231234,0.145114,0.167533,0.328806,0.134155,0.737649,0.000000,1.965487,0.421518,0.477505,1.946277,0.292769,1.422784,0.181046,0.133325,1.864498,0.159824,0.671780,1.007473,1.854083,0.257753,0.264979,0.533586,1.456429,0.334837,0.124078,0.192512,0.944342,0.477770,0.427711,0.296896,1.732465,1.483489,0.292769,0.477770,1.932057,0.316340,0.275194,1.874161,0.627554,0.275977,0.914166,0.224831,1.971014,0.630717,1.555420,0.239047,0.303406,0.163626,0.833517,1.878894,0.101797,0.421518,0.236584,0.318812,0.153311,0.988436,1.010311,1.856228,0.165044,0.234741,1.953480,0.342177,1.933058,1.985244,0.376175,0.073718,0.104268,0.106540,0.867114,1.656464,0.747421,1.963249,0.234696,0.201031,0.170995,0.153311,0.145988,0.246774,0.501088,0.110801,0.180433
0.583757,1.201354,1.781851,1.964848,1.974489,1.965205,1.959005,1.419275,1.650148,0.602969,1.949494,1.661103,1.768816,0.983217,1.960742,1.837543,1.567999,0.407115,1.967898,1.946867,1.946161,1.960954,1.956522,1.904992,1.965487,0.000000,1.883437,1.869221,0.379347,1.922627,1.546891,1.960742,1.959951,0.820273,1.944863,1.779935,1.587602,0.601789,1.975227,1.978179,1.844643,1.192477,1.972311,1.949693,1.948404,1.635831,1.862116,1.878248,1.946556,0.859319,1.205469,1.922627,1.862116,0.414696,1.954529,1.964847,0.589556,1.801347,1.958278,1.643628,1.944985,0.450903,1.806079,1.154732,1.961551,1.946857,1.977483,1.698087,0.567395,1.962474,1.883437,1.954998,1.949490,1.944122,1.603933,1.598211,0.599161,1.951853,1.966600,0.492020,1.956509,0.403460,0.445142,1.950923,1.967965,1.968635,1.952156,1.682247,1.120012,1.743854,0.443272,1.973201,1.935205,1.941074,1.944122,1.974193,1.961767,1.873238,1.959289,1.942438
1.718418,1.233698,0.304508,0.442552,0.621073,0.450093,0.400835,0.939200,0.641594,1.912410,0.428796,1.021618,0.619499,1.761901,0.385121,0.283013,1.082582,1.933556,0.567005,0.323800,0.343935,0.601927,0.406740,1.036219,0.421518,1.883437,0.000000,0.303973,1.885445,0.163590,1.589185,0.385121,0.389556,1.874540,0.314073,0.451602,0.670830,1.725137,0.560301,0.591339,0.130632,1.233349,0.639298,0.334728,0.321007,0.629462,0.099884,0.170442,0.408137,1.599332,1.324609,0.163590,0.099884,1.830104,0.510345,0.575756,1.749874,0.300281,0.552754,0.616118,0.369822,1.940630,0.440069,1.352876,0.411985,0.429898,0.529351,0.464398,1.759825,0.427134,0.000000,0.414297,0.478128,0.311893,0.645957,0.729238,1.762905,0.345730,0.508880,1.935296,0.584629,1.827170,1.962875,0.622564,0.435065,0.467612,0.357253,0.627048,1.592998,0.374099,1.908870,0.576708,0.294438,0.303185,0.311893,0.489011,0.454249,0.291488,0.412978,0.335990
1.693980,1.254764,0.425075,0.480193,0.617162,0.478381,0.458788,0.886998,0.609522,1.854705,0.543871,1.017956,0.699120,1.680211,0.438847,0.134464,1.103403,1.911214,0.593517,0.404282,0.406034,0.637313,0.465108,1.006897,0.477505,1.869221,0.303973,0.000000,1.864080,0.352190,1.557556,0.438847,0.453026,1.810357,0.394984,0.540163,0.686503,1.704470,0.603144,0.629866,0.358626,1.256432,0.674339,0.426074,0.449301,0.593335,0.270115,0.306376,0.501237,1.570551,1.376852,0.352190,0.270115,1.816239,0.625579,0.582701,1.732412,0.415725,0.616341,0.670925,0.482278,1.908439,0.436240,1.304017,0.504304,0.526464,0.565921,0.541257,1.713269,0.491551,0.303973,0.500916,0.586696,0.411333,0.654834,0.653950,1.765044,0.418388,0.575549,1.897911,0.657223,1.815418,1.932425,0.633722,0.471963,0.519170,0.423096,0.688890,1.525181,0.437022,1.879339,0.641114,0.397580,0.412612,0.411333,0.528436,0.547419,0.371536,0.481188,0.432430
0.629353,1.271985,1.801190,1.944036,1.953566,1.944925,1.941736,1.417186,1.647450,0.607801,1.931145,1.588175,1.801035,0.989819,1.946464,1.835743,1.498379,0.455987,1.936919,1.929234,1.929066,1.941090,1.934854,1.896809,1.946277,0.379347,1.885445,1.864080,0.000000,1.916656,1.559160,1.946464,1.947494,0.806783,1.927311,1.790256,1.600539,0.675085,1.957339,1.956435,1.854128,1.221606,1.957107,1.933220,1.931590,1.662887,1.862967,1.883576,1.934338,0.870915,1.241533,1.916656,1.862967,0.417940,1.927283,1.936677,0.679844,1.800834,1.923922,1.665590,1.928095,0.482055,1.803214,1.252237,1.950271,1.936215,1.949766,1.718081,0.639372,1.941321,1.885445,1.939252,1.922553,1.926468,1.619154,1.617759,0.580410,1.936715,1.941714,0.483636,1.945511,0.494120,0.465449,1.941424,1.946792,1.947572,1.933665,1.694802,1.235042,1.758042,0.471279,1.955135,1.918443,1.925085,1.926468,1.948576,1.947928,1.891446,1.938158,1.924852
1.776659,1.327099,0.437265,0.322087,0.508035,0.337053,0.278082,1.052762,0.743812,1.934312,0.324577,1.003524,0.672864,1.780116,0.274088,0.378770,1.085254,1.959706,0.433436,0.212101,0.230728,0.493045,0.284285,0.935159,0.292769,1.922627,0.163590,0.352190,1.916656,0.000000,1.537076,0.274088,0.263089,1.887076,0.205777,0.519011,0.800217,1.784014,0.439174,0.465181,0.270785,1.316032,0.527482,0.209954,0.175277,0.753090,0.243412,0.204683,0.327689,1.654270,1.384789,0.000000,0.243412,1.875547,0.393347,0.465542,1.802886,0.404448,0.422236,0.715845,0.251986,1.961985,0.489266,1.438912,0.308417,0.351447,0.396746,0.604158,1.813765,0.297955,0.163590,0.304685,0.365717,0.196184,0.778928,0.844185,1.805629,0.224047,0.383503,1.956912,0.483493,1.874247,1.982701,0.510683,0.307574,0.336502,0.238981,0.699876,1.625145,0.512959,1.937570,0.444754,0.191836,0.188741,0.196184,0.357815,0.344554,0.335108,0.286333,0.221639
1.684614,1.842844,1.650601,1.413369,1.249572,1.411117,1.439613,1.832615,1.777101,1.304938,1.506186,1.643544,1.446394,1.152265,1.417419,1.619171,1.728649,1.426884,1.386242,1.502763,1.503577,1.339610,1.469838,0.922756,1.422784,1.546891,1.589185,1.557556,1.559160,1.537076,0.000000,1.417419,1.425427,1.080057,1.509991,1.637842,1.811914,1.669095,1.338379,1.321493,1.624330,1.846677,1.237924,1.491186,1.496487,1.729972,1.621428,1.578866,1.481994,1.547943,1.685998,1.537076,1.621428,1.656278,1.458255,1.395401,1.528903,1.709698,1.442991,1.743321,1.494994,1.414133,1.613554,1.608174,1.414763,1.475954,1.381878,1.738769,1.508251,1.442985,1.589185,1.446364,1.474325,1.515130,1.767947,1.708803,1.740591,1.470103,1.423516,1.391413,1.395037,1.572963,1.341772,1.289934,1.418409,1.410570,1.484677,1.743637,1.250149,1.699908,1.445850,1.337426,1.540250,1.521564,1.515130,1.405591,1.404007,1.510258,1.450326,1.523204
1.837965,1.450908,0.632395,0.133549,0.268664,0.148601,0.144829,1.199547,0.896479,1.929988,0.320612,1.030712,0.720750,1.768615,0.000000,0.510549,1.138856,1.979264,0.295620,0.204750,0.212885,0.384885,0.213560,0.756850,0.181046,1.960742,0.385121,0.438847,1.946464,0.274088,1.417419,0.000000,0.175860,1.856929,0.210325,0.652733,0.968161,1.845246,0.239284,0.257632,0.493856,1.438164,0.303498,0.195488,0.212277,0.905002,0.439665,0.393766,0.271746,1.713170,1.463361,0.274088,0.439665,1.928070,0.368708,0.339967,1.851678,0.595216,0.344847,0.887069,0.243157,1.971694,0.598493,1.528966,0.227313,0.294463,0.243237,0.786342,1.861450,0.202750,0.385121,0.263591,0.358648,0.214266,0.940514,0.973582,1.859052,0.153477,0.276799,1.958235,0.371241,1.923183,1.984168,0.384186,0.194621,0.208212,0.196743,0.844126,1.632112,0.699420,1.955676,0.304404,0.244415,0.222395,0.214266,0.216681,0.270565,0.435213,0.204270,0.233660
1.840820,1.461753,0.641860,0.189762,0.319522,0.209525,0.171191,1.204839,0.889219,1.926692,0.298263,1.035797,0.745878,1.758144,0.175860,0.527736,1.150065,1.981141,0.266297,0.189864,0.160018,0.340265,0.150196,0.749851,0.133325,1.959951,0.389556,0.453026,1.947494,0.263089,1.425427,0.175860,0.000000,1.858241,0.198401,0.645017,0.981052,1.849828,0.274992,0.288860,0.498549,1.439034,0.341306,0.147627,0.180985,0.905372,0.450647,0.390779,0.290000,1.721252,1.472464,0.263089,0.450647,1.931845,0.341293,0.318615,1.863439,0.597188,0.309118,0.881990,0.225866,1.974338,0.612353,1.530438,0.211800,0.296571,0.201966,0.802478,1.865132,0.136563,0.389556,0.228553,0.334842,0.183582,0.957542,0.976144,1.859500,0.151877,0.266054,1.956212,0.350232,1.929387,1.985789,0.380896,0.139257,0.141525,0.165730,0.852558,1.628444,0.713124,1.961773,0.243045,0.214533,0.187571,0.183582,0.180175,0.232242,0.441873,0.138251,0.192580
1.010202,1.519820,1.811775,1.854765,1.781758,1.853228,1.867500,1.594366,1.749389,0.474445,1.898947,1.659499,1.673873,0.570286,1.856929,1.821718,1.658140,0.754172,1.845307,1.887991,1.888560,1.836177,1.882013,1.592318,1.864498,0.820273,1.874540,1.810357,0.806783,1.887076,1.080057,1.856929,1.858241,0.000000,1.889012,1.795931,1.739993,1.049083,1.838729,1.835346,1.860937,1.527293,1.800598,1.888746,1.897389,1.719277,1.867042,1.863999,1.884135,0.897734,1.439104,1.887076,1.867042,0.973415,1.875268,1.843927,0.840861,1.864525,1.872746,1.760848,1.898320,0.695405,1.835708,1.275498,1.865074,1.888263,1.853425,1.794807,0.764515,1.875181,1.874540,1.878083,1.875830,1.894051,1.713831,1.648859,1.141219,1.878928,1.871439,0.595703,1.867285,0.919233,0.595137,1.793033,1.861573,1.864456,1.884657,1.805697,0.948649,1.799704,0.692396,1.848548,1.901204,1.897267,1.894051,1.861770,1.869361,1.819168,1.874014,1.902399
1.807477,1.401528,0.572755,0.227278,0.423696,0.238419,0.200053,1.123692,0.800262,1.932420,0.283605,0.985843,0.754291,1.782027,0.210325,0.445133,1.080500,1.971096,0.320898,0.019898,0.130039,0.414225,0.162865,0.856178,0.159824,1.944863,0.314073,0.394984,1.927311,0.205777,1.509991,0.210325,0.198401,1.889012,0.000000,0.579625,0.892604,1.811649,0.352344,0.372322,0.422898,1.366997,0.445859,0.085482,0.161454,0.841416,0.361999,0.320478,0.281183,1.702811,1.425954,0.205777,0.361999,1.898018,0.343580,0.350859,1.843427,0.510064,0.322465,0.809513,0.199815,1.969014,0.530474,1.499390,0.264669,0.295724,0.273882,0.718662,1.855731,0.168814,0.314073,0.252296,0.322061,0.067902,0.876498,0.912113,1.814407,0.155487,0.286442,1.953522,0.404509,1.900116,1.987177,0.444081,0.176470,0.209494,0.070507,0.756813,1.658583,0.630246,1.953215,0.351880,0.089242,0.079272,0.067902,0.231807,0.292068,0.442344,0.163750,0.111174
1.605392,1.141055,0.398636,0.683020,0.833079,0.677328,0.661617,0.832266,0.534343,1.828024,0.683009,0.954259,0.580460,1.693615,0.652733,0.489162,0.967595,1.869645,0.787258,0.587369,0.616280,0.841274,0.654802,1.178171,0.671780,1.779935,0.451602,0.540163,1.790256,0.519011,1.637842,0.652733,0.645017,1.795931,0.579625,0.000000,0.611834,1.654460,0.769349,0.801271,0.417495,1.035027,0.841284,0.607878,0.619228,0.659308,0.436430,0.463892,0.655440,1.442642,1.246027,0.519011,0.436430,1.736509,0.735296,0.808167,1.626433,0.438909,0.759663,0.474539,0.643805,1.867392,0.492256,1.300336,0.676787,0.664641,0.750950,0.472056,1.658556,0.671195,0.451602,0.683850,0.691305,0.591508,0.566677,0.640783,1.655540,0.622832,0.727251,1.845858,0.799640,1.725209,1.889598,0.758966,0.677931,0.703523,0.616589,0.530838,1.524592,0.408396,1.824492,0.799033,0.579833,0.586344,0.591508,0.715782,0.719256,0.530228,0.660037,0.611897
1.355590,0.790052,0.473783,1.010735,1.168180,1.010191,0.977058,0.368375,0.373851,1.705928,0.967679,1.126630,0.800443,1.620277,0.968161,0.571465,1.082882,1.691630,1.117171,0.903438,0.919322,1.148220,0.980729,1.493543,1.007473,1.587602,0.670830,0.686503,1.600539,0.800217,1.811914,0.968161,0.981052,1.739993,0.892604,0.611834,0.000000,1.376331,1.116229,1.148502,0.585967,0.791850,1.186906,0.925237,0.925364,0.390177,0.600104,0.696152,0.942399,1.264616,1.094513,0.800217,0.600104,1.503381,1.053421,1.115320,1.407357,0.452723,1.089456,0.413235,0.941884,1.714284,0.645900,0.995289,0.994256,0.960422,1.100230,0.261517,1.441685,1.010920,0.670830,0.987542,1.012225,0.894355,0.165042,0.398679,1.436453,0.931813,1.062615,1.715324,1.109828,1.497530,1.753570,1.155789,1.016110,1.051018,0.935895,0.565089,1.429075,0.360118,1.650049,1.151816,0.867672,0.887226,0.894355,1.062516,1.031148,0.722140,0.995838,0.910808
0.558986,1.010817,1.601648,1.849633,1.894376,1.849048,1.839319,1.190657,1.453233,0.840622,1.825047,1.611006,1.656179,1.092243,1.845246,1.662115,1.517486,0.724720,1.866457,1.815468,1.819447,1.882418,1.841504,1.888132,1.854083,0.601789,1.725137,1.704470,0.675085,1.784014,1.669095,1.845246,1.849828,1.049083,1.811649,1.654460,1.376331,0.000000,1.878598,1.889492,1.677060,1.089160,1.893701,1.823668,1.824390,1.394919,1.694404,1.712807,1.816685,0.847213,0.880357,1.784014,1.694404,0.540424,1.848982,1.858812,0.628328,1.621610,1.849492,1.467055,1.814589,0.744242,1.660060,0.945513,1.852230,1.821079,1.886996,1.509546,0.741525,1.854044,1.725137,1.850540,1.830638,1.811764,1.402381,1.384016,0.659855,1.827690,1.853233,0.780969,1.862929,0.558438,0.794994,1.897824,1.859125,1.867916,1.826189,1.535359,1.242971,1.553631,0.727535,1.889741,1.796375,1.807247,1.811764,1.876258,1.865641,1.719213,1.847549,1.811380
1.876176,1.549867,0.796742,0.199875,0.218024,0.163421,0.250660,1.323751,1.033828,1.919682,0.335339,1.045900,0.832700,1.764647,0.239284,0.681800,1.163667,1.977897,0.242171,0.341710,0.328339,0.383261,0.285366,0.640832,0.257753,1.975227,0.560301,0.603144,1.957339,0.439174,1.338379,0.239284,0.274992,1.838729,0.352344,0.769349,1.116229,1.878598,0.000000,0.078989,0.664520,1.521847,0.245787,0.320186,0.337740,1.063980,0.615631,0.562219,0.282283,1.756200,1.499572,0.439174,0.615631,1.946635,0.350013,0.318703,1.883439,0.750442,0.307714,1.006873,0.342810,1.963107,0.750529,1.608748,0.297150,0.299264,0.231945,0.947714,1.904195,0.267747,0.560301,0.345179,0.355652,0.347054,1.095029,1.110726,1.877490,0.292016,0.231282,1.944211,0.284252,1.946232,1.971234,0.341394,0.259783,0.241057,0.311699,0.963895,1.655435,0.865857,1.958187,0.259814,0.381807,0.358013,0.347054,0.242885,0.329291,0.610180,0.282298,0.350787
1.883655,1.573485,0.831450,0.212389,0.194440,0.193722,0.264100,1.351408,1.061595,1.916921,0.355385,1.040635,0.862654,1.761107,0.257632,0.711795,1.163039,1.978195,0.222695,0.360934,0.344137,0.367866,0.293669,0.611220,0.264979,1.978179,0.591339,0.629866,1.956435,0.465181,1.321493,0.257632,0.288860,1.835346,0.372322,0.801271,1.148502,1.889492,0.078989,0.000000,0.696273,1.545695,0.234126,0.337046,0.352134,1.094005,0.647675,0.591729,0.330249,1.770825,1.523040,0.465181,0.647675,1.950190,0.350368,0.305533,1.897111,0.783481,0.297544,1.042717,0.356344,1.961016,0.774324,1.632566,0.318524,0.337317,0.216115,0.982116,1.908910,0.273259,0.591339,0.355063,0.362622,0.366432,1.127556,1.144041,1.882848,0.309972,0.225064,1.942482,0.296959,1.951420,1.968575,0.336488,0.264677,0.240555,0.327302,0.989401,1.665752,0.899402,1.957480,0.246381,0.401416,0.377570,0.366432,0.235187,0.337835,0.640361,0.288184,0.365966
1.669172,1.166526,0.193441,0.553762,0.722112,0.561015,0.511977,0.864302,0.587061,1.893593,0.522173,1.046921,0.573239,1.749508,0.493856,0.303933,1.085427,1.905203,0.675381,0.432824,0.459942,0.704446,0.522138,1.113793,0.533586,1.844643,0.130632,0.358626,1.854128,0.270785,1.624330,0.493856,0.498549,1.860937,0.422898,0.417495,0.585967,1.677060,0.664520,0.696273,0.000000,1.165329,0.738302,0.447127,0.429025,0.554669,0.141072,0.206106,0.505401,1.545234,1.266245,0.270785,0.141072,1.790949,0.602486,0.684187,1.696719,0.255674,0.655666,0.540503,0.473093,1.918204,0.441218,1.287391,0.512576,0.525947,0.639831,0.367585,1.713706,0.540159,0.130632,0.516548,0.567796,0.423614,0.553133,0.663480,1.726589,0.459158,0.610723,1.914482,0.680728,1.782635,1.940761,0.712377,0.547788,0.580047,0.469564,0.581765,1.563907,0.275695,1.877903,0.679627,0.402863,0.412718,0.423614,0.599558,0.554631,0.304058,0.525324,0.446440
0.975874,0.762730,1.067599,1.450642,1.576076,1.448242,1.429700,0.699868,0.842028,1.437817,1.420071,1.192849,1.222125,1.503644,1.438164,1.174995,1.053776,1.334836,1.520934,1.374666,1.392827,1.555003,1.430076,1.762940,1.456429,1.192477,1.233349,1.256432,1.221606,1.316032,1.846677,1.438164,1.439034,1.527293,1.366997,1.035027,0.791850,1.089160,1.521847,1.545695,1.165329,0.000000,1.576091,1.391960,1.390280,0.973185,1.187763,1.229663,1.398625,1.012235,1.012230,1.316032,1.187763,1.106024,1.464252,1.531750,1.077996,1.077461,1.487386,0.853906,1.393507,1.384540,1.121063,1.029758,1.452752,1.410648,1.509968,0.934526,1.163982,1.446626,1.233349,1.441317,1.434286,1.370139,0.820091,0.885047,1.062364,1.400550,1.484554,1.397223,1.514097,1.111868,1.409261,1.498084,1.460256,1.476253,1.399446,0.834726,1.278047,0.996955,1.300605,1.532293,1.348371,1.363143,1.370139,1.486251,1.477118,1.273590,1.436936,1.376383
1.895410,1.601487,0.861917,0.296249,0.197476,0.304794,0.327315,1.392676,1.107587,1.901970,0.487386,1.130285,0.827645,1.737202,0.303498,0.755880,1.252360,1.971763,0.346448,0.434481,0.431942,0.394606,0.383535,0.566661,0.334837,1.972311,0.639298,0.674339,1.957107,0.527482,1.237924,0.303498,0.341306,1.800598,0.445859,0.841284,1.186906,1.893701,0.245787,0.234126,0.738302,1.576091,0.000000,0.411061,0.430519,1.106011,0.694783,0.642444,0.439531,1.766182,1.535308,0.527482,0.694783,1.967513,0.473474,0.393298,1.884178,0.844515,0.420456,1.083887,0.427673,1.957053,0.806175,1.630845,0.359897,0.435363,0.299938,1.011458,1.901623,0.347308,0.639298,0.404804,0.492261,0.445223,1.154155,1.155473,1.900558,0.367983,0.386857,1.933657,0.395130,1.949310,1.954977,0.383539,0.341460,0.312244,0.407996,1.043190,1.639725,0.935326,1.955374,0.283497,0.480574,0.452810,0.445223,0.323671,0.365423,0.622104,0.360061,0.450276
1.819137,1.426555,0.600610,0.199058,0.396871,0.219142,0.163718,1.156191,0.837301,1.937276,0.272144,1.001551,0.766671,1.785260,0.195488,0.481719,1.101942,1.976079,0.285482,0.077410,0.094205,0.380234,0.114703,0.831857,0.124078,1.949693,0.334728,0.426074,1.933220,0.209954,1.491186,0.195488,0.147627,1.888746,0.085482,0.607878,0.925237,1.823668,0.320186,0.337046,0.447127,1.391960,0.411061,0.000000,0.122085,0.868364,0.390425,0.339886,0.274898,1.715656,1.436311,0.209954,0.390425,1.908120,0.323767,0.330921,1.855233,0.534315,0.290869,0.830689,0.163195,1.973695,0.557327,1.521348,0.241145,0.288866,0.243823,0.749746,1.865201,0.114736,0.334728,0.224823,0.309815,0.054123,0.910735,0.945237,1.826813,0.123048,0.261532,1.958313,0.381657,1.911278,1.990016,0.429732,0.148734,0.161307,0.066808,0.785794,1.663423,0.663258,1.961415,0.309051,0.086447,0.055429,0.054123,0.209312,0.260385,0.449967,0.106720,0.073712
