0.000000,1.092627,1.633222,1.884189,1.915897,1.873873,1.877000,1.167588,1.447340,0.868960,1.860752,1.634411,1.659516,1.126214,1.868508,1.696149,1.526561,0.656934,1.912813,1.850389,1.863817,1.923153,1.883147,1.903050,1.890326,0.525887,1.757746,1.732186,0.616585,1.820016,1.589999,1.868508,1.891322,0.987158,1.845775,1.636479,1.384699,0.285770,1.896286,1.911021,1.708101,1.009195,1.924548,1.862694,1.867934,1.414960,1.728671,1.759415,1.839222,0.707046,0.736744,1.820016,1.728671,0.497590,1.894703,1.898802,0.494980,1.642199,1.906391,1.483510,1.857983,0.697849,1.676957,0.994864,1.886926,1.843255,1.918073,1.536387,0.680710,1.891687,1.757746,1.889621,1.877251,1.849603,1.411962,1.378375,0.764569,1.862446,1.894689,0.789015,1.886607,0.538265,0.686577,1.881793,1.896325,1.904201,1.863456,1.494622,1.192726,1.582170,0.616636,1.932273,1.836452,1.846037,1.849603,1.908084,1.900531,1.718619,1.887778,1.854447
1.092627,0.000000,1.065918,1.416512,1.523465,1.407223,1.395768,0.661740,0.865235,1.447222,1.358369,1.288473,1.268438,1.433488,1.388521,1.107585,1.207256,1.362309,1.483957,1.351490,1.363716,1.500057,1.413480,1.702775,1.432586,1.270177,1.188314,1.181916,1.268376,1.291402,1.827784,1.388521,1.427395,1.529465,1.342593,1.096195,0.730856,1.074679,1.471121,1.502795,1.132296,0.736526,1.533468,1.374597,1.393321,0.836572,1.134562,1.237837,1.337872,1.094684,1.042598,1.291402,1.134562,1.120955,1.431907,1.464894,1.148490,1.008419,1.471763,0.943338,1.398128,1.399097,1.132177,0.836776,1.410255,1.333382,1.487204,0.889650,1.122617,1.437279,1.188314,1.401629,1.403111,1.342605,0.804332,0.879692,1.129762,1.356575,1.449799,1.450169,1.417861,1.169085,1.440820,1.507887,1.437744,1.464412,1.377985,0.950997,1.392987,0.982797,1.304034,1.538449,1.325020,1.340511,1.342605,1.471167,1.426788,1.134816,1.431446,1.357803
1.633222,1.065918,0.000000,0.694662,0.824604,0.679765,0.659212,0.771724,0.585937,1.858236,0.645551,1.086830,0.482882,1.721106,0.621151,0.313372,1.079375,1.857214,0.810417,0.570745,0.611184,0.858946,0.679001,1.189585,0.674156,1.795047,0.280180,0.383823,1.810841,0.432491,1.644822,0.621151,0.664943,1.828139,0.560960,0.444877,0.503901,1.655926,0.769395,0.817597,0.178499,1.089166,0.838939,0.597095,0.601908,0.480225,0.256946,0.312525,0.601989,1.525745,1.304755,0.432491,0.256946,1.724672,0.755147,0.845275,1.627328,0.321074,0.820925,0.431608,0.635665,1.884663,0.364501,1.118915,0.653113,0.611308,0.779988,0.276820,1.653519,0.692621,0.280180,0.667739,0.689458,0.569236,0.415633,0.551095,1.666286,0.602578,0.737483,1.887248,0.743182,1.698858,1.898064,0.792820,0.691027,0.727780,0.607591,0.608391,1.429331,0.141994,1.804077,0.838372,0.551385,0.562298,0.569236,0.747111,0.694019,0.322015,0.683280,0.601293
1.884189,1.416512,0.694662,0.000000,0.245136,0.088541,0.079506,1.252031,0.934749,1.929059,0.269336,0.903779,0.820938,1.767174,0.137936,0.572498,1.004721,1.971628,0.207499,0.218654,0.185849,0.340236,0.172904,0.734960,0.191823,1.971360,0.455114,0.508323,1.936422,0.316670,1.445545,0.137936,0.189695,1.871326,0.225496,0.663197,1.023866,1.885791,0.199658,0.219188,0.563274,1.452648,0.270494,0.194799,0.195115,0.989969,0.506276,0.433465,0.275144,1.779618,1.606560,0.316670,0.506276,1.914207,0.273326,0.322765,1.883269,0.650854,0.255220,0.910918,0.210409,1.973805,0.604113,1.522639,0.213004,0.293839,0.209042,0.842241,1.861364,0.167835,0.455114,0.243776,0.242691,0.222663,0.997047,1.044897,1.838658,0.134937,0.198629,1.963525,0.338279,1.914367,1.984472,0.352718,0.185977,0.176153,0.200597,0.925140,1.602794,0.755704,1.959298,0.320480,0.246815,0.232284,0.222663,0.189487,0.240495,0.572483,0.171192,0.213643
1.915897,1.523465,0.824604,0.245136,0.000000,0.262627,0.293938,1.374853,1.082781,1.898193,0.392186,0.953843,0.842427,1.722900,0.260345,0.709520,1.080720,1.963883,0.249393,0.391224,0.367295,0.350210,0.329968,0.562804,0.287587,1.981253,0.602083,0.627975,1.957525,0.465394,1.319769,0.260345,0.278486,1.812532,0.401476,0.795562,1.167478,1.920627,0.215871,0.190656,0.704849,1.565870,0.183531,0.363268,0.350698,1.106941,0.659566,0.577815,0.405258,1.794838,1.665502,0.465394,0.659566,1.954768,0.346941,0.358663,1.896966,0.815687,0.339862,1.050155,0.387029,1.959213,0.760338,1.569957,0.318275,0.423058,0.239917,0.983195,1.874517,0.293904,0.602083,0.361925,0.351698,0.402398,1.130790,1.154687,1.897480,0.343121,0.272871,1.942350,0.382559,1.949421,1.960922,0.299319,0.278220,0.253866,0.361693,1.062587,1.537402,0.897655,1.958371,0.261661,0.436002,0.412981,0.402398,0.253698,0.331930,0.683192,0.308183,0.402094
1.873873,1.407223,0.679765,0.088541,0.262627,0.000000,0.128761,1.234193,0.918643,1.934731,0.250380,0.893862,0.816972,1.777087,0.138481,0.558854,0.988040,1.970211,0.233247,0.214579,0.171142,0.370318,0.160078,0.760471,0.205254,1.968020,0.441318,0.498385,1.933675,0.310628,1.462689,0.138481,0.203710,1.877757,0.219374,0.635842,1.006750,1.877702,0.163550,0.200345,0.549647,1.434719,0.307240,0.190946,0.198243,0.972828,0.489447,0.425516,0.224832,1.777743,1.587513,0.310628,0.489447,1.906181,0.288870,0.335515,1.879447,0.634838,0.273076,0.882859,0.211814,1.974128,0.590381,1.505031,0.223670,0.254125,0.219116,0.825160,1.862672,0.170126,0.441318,0.262301,0.241583,0.214399,0.981310,1.026413,1.835537,0.154601,0.183205,1.966540,0.322227,1.912673,1.984501,0.356539,0.202413,0.185984,0.200230,0.914580,1.603217,0.739953,1.956531,0.340058,0.232626,0.222309,0.214399,0.191561,0.262492,0.577339,0.170624,0.200719
1.877000,1.395768,0.659212,0.079506,0.293938,0.128761,0.000000,1.226045,0.904046,1.930316,0.275015,0.915931,0.803200,1.770704,0.145622,0.544358,1.009971,1.970498,0.224917,0.189362,0.165175,0.352078,0.165707,0.759242,0.189202,1.965930,0.418822,0.485067,1.930895,0.279637,1.468585,0.145622,0.183570,1.877290,0.195458,0.644228,0.993552,1.877761,0.247296,0.271653,0.525858,1.428685,0.294669,0.169101,0.161245,0.961062,0.471961,0.394988,0.273070,1.773748,1.592721,0.279637,0.471961,1.907583,0.284769,0.345415,1.874732,0.616923,0.265210,0.880822,0.167147,1.974876,0.564407,1.503997,0.198908,0.282520,0.233541,0.809231,1.855517,0.170058,0.418822,0.221058,0.249782,0.192271,0.966430,1.015458,1.824421,0.087703,0.231074,1.963662,0.342965,1.904496,1.987120,0.372405,0.187436,0.189709,0.176959,0.899499,1.603580,0.721480,1.955998,0.335284,0.214036,0.200661,0.192271,0.211190,0.226981,0.534737,0.165433,0.185791
1.167588,0.661740,0.771724,1.252031,1.374853,1.234193,1.226045,0.000000,0.501032,1.569097,1.204312,1.167050,1.034619,1.516023,1.209266,0.812209,1.064001,1.521097,1.341799,1.152360,1.175126,1.365499,1.231800,1.633747,1.254044,1.410336,0.950003,0.895261,1.394669,1.078757,1.805353,1.209266,1.250572,1.608755,1.141257,0.800818,0.364516,1.203117,1.326039,1.364588,0.878691,0.642752,1.399423,1.185161,1.199947,0.489905,0.881266,0.983598,1.169756,1.128809,1.029948,1.078757,0.881266,1.255616,1.301253,1.324191,1.224502,0.750126,1.334832,0.607402,1.200817,1.551774,0.838521,0.797954,1.241154,1.168874,1.330187,0.594598,1.246039,1.262529,0.950003,1.236889,1.246102,1.151605,0.414398,0.441222,1.269765,1.176485,1.292708,1.584010,1.285281,1.285353,1.574051,1.330415,1.259647,1.296497,1.183947,0.732163,1.353464,0.658451,1.425226,1.397264,1.127355,1.148677,1.151605,1.303103,1.269032,0.930915,1.251965,1.170717
1.447340,0.865235,0.585937,0.934749,1.082781,0.918643,0.904046,0.501032,0.000000,1.730654,0.906388,0.949059,0.947547,1.620228,0.902296,0.540208,0.893929,1.724792,1.027183,0.831764,0.852247,1.065863,0.910361,1.396271,0.943429,1.656974,0.678960,0.610232,1.622503,0.780919,1.768450,0.902296,0.933926,1.749350,0.819061,0.481273,0.430031,1.458279,1.030214,1.068253,0.639798,0.819689,1.107327,0.869537,0.885299,0.458950,0.614585,0.698860,0.872745,1.384463,1.239952,0.780919,0.614585,1.506418,1.003380,1.003030,1.503311,0.540883,1.024951,0.472599,0.887901,1.736733,0.571328,1.054382,0.940111,0.862821,1.012615,0.494534,1.491334,0.945068,0.678960,0.929760,0.944680,0.835720,0.445269,0.370822,1.468437,0.850092,0.995686,1.755875,0.983011,1.540971,1.762476,1.034152,0.938891,0.980652,0.862957,0.603926,1.459110,0.482076,1.656927,1.092031,0.810336,0.835270,0.835720,0.985951,0.969321,0.697026,0.935701,0.852348
0.868960,1.447222,1.858236,1.929059,1.898193,1.934731,1.930316,1.569097,1.730654,0.000000,1.932756,1.682939,1.800398,0.513147,1.935249,1.853595,1.674734,0.569711,1.904536,1.935467,1.935499,1.874043,1.933867,1.726854,1.921125,0.630621,1.911469,1.856373,0.719779,1.929435,1.217916,1.935249,1.921300,0.464529,1.935653,1.850535,1.731982,0.841800,1.932752,1.927665,1.898302,1.475699,1.899760,1.939889,1.937946,1.710419,1.898520,1.908644,1.944101,0.873395,1.366418,1.929435,1.898520,0.807917,1.910051,1.896531,0.780721,1.883283,1.912186,1.789540,1.940535,0.494986,1.879564,1.343744,1.925028,1.940789,1.918606,1.814652,0.728748,1.933421,1.911469,1.919680,1.920121,1.939446,1.733703,1.669331,0.910250,1.931566,1.929220,0.257129,1.922244,0.715404,0.460651,1.880204,1.919736,1.926146,1.930898,1.798409,1.108857,1.832432,0.589422,1.897156,1.943514,1.943648,1.939446,1.924877,1.917214,1.870240,1.934319,1.946390
1.860752,1.358369,0.645551,0.269336,0.392186,0.250380,0.275015,1.204312,0.906388,1.932756,0.000000,0.881429,0.791419,1.778944,0.267559,0.566851,0.965300,1.961500,0.337011,0.276547,0.247014,0.439472,0.266034,0.833436,0.291327,1.954865,0.414230,0.529372,1.924013,0.295630,1.513286,0.267559,0.270985,1.890145,0.278442,0.644954,0.960468,1.864444,0.277166,0.313824,0.509553,1.406287,0.440345,0.252270,0.256552,0.963061,0.465704,0.426422,0.192640,1.780322,1.569072,0.295630,0.465704,1.884819,0.234112,0.406943,1.876504,0.580955,0.337956,0.863515,0.312698,1.969639,0.599562,1.484204,0.270137,0.227698,0.315779,0.777114,1.853091,0.267364,0.414230,0.305203,0.177167,0.257516,0.941554,1.022615,1.803968,0.254082,0.202959,1.958626,0.289894,1.898573,1.980575,0.425214,0.292197,0.284153,0.276191,0.897411,1.593663,0.707580,1.943732,0.386605,0.270672,0.260337,0.257516,0.302675,0.301992,0.564583,0.272254,0.255602
1.634411,1.288473,1.086830,0.903779,0.953843,0.893862,0.915931,1.167050,0.949059,1.682939,0.881429,0.000000,1.294809,1.555737,0.920721,0.959045,0.265454,1.742292,0.923439,0.929606,0.903158,0.962465,0.906245,1.198678,0.951802,1.732866,0.972623,0.944135,1.647548,0.941688,1.566592,0.920721,0.946790,1.712477,0.925908,0.906593,1.108470,1.649666,0.927486,0.936771,1.015411,1.256435,1.016028,0.939025,0.924370,1.141315,0.962885,1.001573,0.898017,1.592987,1.548872,0.941688,0.962885,1.606070,0.910115,0.890314,1.729860,0.973423,0.893022,1.124709,0.934499,1.707853,0.949785,1.511869,0.973551,0.915693,0.914791,1.078408,1.631924,0.928692,0.972623,0.953294,0.896906,0.930440,1.139031,1.135992,1.556259,0.904427,0.908706,1.713852,0.960566,1.694687,1.732466,0.884857,0.933011,0.937394,0.931808,1.000099,1.541317,1.062049,1.702436,0.985256,0.927362,0.937377,0.930440,0.915514,0.977052,1.078096,0.926387,0.922258
1.659516,1.268438,0.482882,0.820938,0.842427,0.816972,0.803200,1.034619,0.947547,1.800398,0.791419,1.294809,0.000000,1.652429,0.740590,0.647928,1.313663,1.842097,0.905959,0.754337,0.794041,0.932209,0.830855,1.090813,0.779393,1.784128,0.572227,0.656202,1.846996,0.635175,1.448973,0.740590,0.759569,1.716344,0.752964,0.739798,0.819298,1.701634,0.844942,0.879441,0.535585,1.302373,0.836454,0.757471,0.749707,0.774921,0.599935,0.569925,0.767726,1.509312,1.349456,0.635175,0.599935,1.794545,0.856573,0.970186,1.594854,0.685112,0.935518,0.742935,0.798033,1.854446,0.707151,1.174332,0.756226,0.784323,0.861205,0.635767,1.659268,0.810557,0.572227,0.798003,0.811317,0.758033,0.710378,0.806209,1.753342,0.777259,0.834036,1.839747,0.841713,1.721838,1.848715,0.838857,0.800726,0.819283,0.771834,0.893515,1.274282,0.572187,1.785537,0.856391,0.762601,0.752678,0.758033,0.841696,0.790741,0.517284,0.810446,0.791567
1.126214,1.433488,1.721106,1.767174,1.722900,1.777087,1.770704,1.516023,1.620228,0.513147,1.778944,1.555737,1.652429,0.000000,1.776435,1.688747,1.600964,0.933460,1.743321,1.781001,1.781479,1.709305,1.780895,1.548306,1.752102,1.012195,1.759831,1.679125,1.059060,1.770866,1.048563,1.776435,1.747938,0.553120,1.782248,1.699775,1.647673,1.114907,1.777156,1.773007,1.758404,1.528580,1.731364,1.785938,1.786363,1.588059,1.748433,1.757353,1.798106,0.869568,1.493846,1.770866,1.748433,1.140446,1.749378,1.739115,0.961249,1.761856,1.764393,1.677222,1.802529,0.882027,1.749357,1.296370,1.767709,1.798879,1.751810,1.696290,0.879996,1.775025,1.759831,1.763371,1.758496,1.788114,1.630643,1.541291,1.227808,1.770746,1.774364,0.733853,1.777429,1.004816,0.855920,1.707748,1.749401,1.763003,1.773828,1.717589,1.018101,1.702704,0.905301,1.728354,1.800275,1.796560,1.788114,1.760949,1.759302,1.703773,1.777936,1.805412
1.868508,1.388521,0.621151,0.137936,0.260345,0.138481,0.145622,1.209266,0.902296,1.935249,0.267559,0.920721,0.740590,1.776435,0.000000,0.516548,1.008141,1.971205,0.285958,0.201875,0.195746,0.397766,0.209617,0.769804,0.206729,1.964395,0.383599,0.457959,1.938186,0.249620,1.472224,0.000000,0.199156,1.877662,0.205966,0.613270,0.970104,1.876277,0.228292,0.258629,0.488140,1.421879,0.298738,0.188099,0.171301,0.931754,0.440428,0.372292,0.240079,1.762567,1.578749,0.249620,0.440428,1.910454,0.314537,0.369571,1.864774,0.592161,0.330129,0.857220,0.218297,1.975126,0.552009,1.480858,0.212752,0.260212,0.255210,0.775997,1.855526,0.202373,0.383599,0.251505,0.274170,0.206175,0.937794,0.991826,1.835996,0.153207,0.241084,1.967948,0.331267,1.908218,1.985908,0.363326,0.213427,0.216238,0.200194,0.884081,1.566049,0.690660,1.950207,0.346265,0.227899,0.212321,0.206175,0.229775,0.255126,0.499631,0.203302,0.213857
1.696149,1.107585,0.313372,0.572498,0.709520,0.558854,0.544358,0.812209,0.540208,1.853595,0.566851,0.959045,0.647928,1.688747,0.516548,0.000000,0.990863,1.890096,0.682809,0.455468,0.485179,0.717042,0.554248,1.094041,0.558197,1.838096,0.271587,0.121794,1.827703,0.380686,1.611851,0.516548,0.561995,1.816185,0.444766,0.392388,0.586961,1.709040,0.677352,0.720239,0.292860,1.154707,0.737839,0.496896,0.517140,0.518961,0.206627,0.307197,0.538130,1.564351,1.430236,0.380686,0.206627,1.757372,0.660278,0.693821,1.693418,0.354486,0.706460,0.526259,0.552655,1.904823,0.329278,1.202988,0.554053,0.540002,0.657519,0.412178,1.665667,0.580686,0.271587,0.553163,0.596556,0.466227,0.530114,0.572879,1.705484,0.484460,0.640151,1.897398,0.660469,1.751263,1.915393,0.685249,0.564877,0.613451,0.486647,0.682318,1.470999,0.306615,1.837843,0.740351,0.451959,0.469684,0.466227,0.627395,0.587982,0.350661,0.573152,0.500290
1.526561,1.207256,1.079375,1.004721,1.080720,0.988040,1.009971,1.064001,0.893929,1.674734,0.965300,0.265454,1.313663,1.600964,1.008141,0.990863,0.000000,1.692147,1.043024,1.007590,0.987307,1.095749,1.000049,1.347222,1.057526,1.651909,1.008078,0.998628,1.572540,1.002771,1.663749,1.008141,1.053839,1.734023,1.001193,0.912704,1.029399,1.551377,1.029950,1.044909,1.027281,1.119738,1.136103,1.020640,1.004709,1.096869,0.988787,1.038923,0.968190,1.555811,1.430063,1.002771,0.988787,1.499778,1.017967,1.007135,1.665344,0.954765,1.002466,1.073841,1.004002,1.662807,0.948386,1.445431,1.065284,0.985323,1.034440,1.039722,1.583928,1.028010,1.008078,1.048076,0.990653,1.005992,1.076066,1.086091,1.442605,0.991953,1.007275,1.681039,1.056408,1.604278,1.687462,1.003124,1.043542,1.046172,1.018820,0.929588,1.550557,1.039629,1.643296,1.114752,0.991955,1.007626,1.005992,1.026625,1.077105,1.113915,1.022657,0.993217
0.656934,1.362309,1.857214,1.971628,1.963883,1.970211,1.970498,1.521097,1.724792,0.569711,1.961500,1.742292,1.842097,0.933460,1.971205,1.890096,1.692147,0.000000,1.966650,1.968066,1.969261,1.951158,1.973005,1.847211,1.975287,0.437130,1.928449,1.908055,0.448881,1.957652,1.412585,1.971205,1.974962,0.759374,1.967148,1.856902,1.687374,0.603368,1.967355,1.966139,1.902220,1.338384,1.966327,1.971524,1.973029,1.700522,1.912664,1.931084,1.957066,0.874241,1.166533,1.957652,1.912664,0.559121,1.962994,1.954407,0.631778,1.863596,1.962457,1.767515,1.966595,0.411321,1.882149,1.264250,1.969742,1.953734,1.974440,1.790428,0.717103,1.975835,1.928449,1.964743,1.965438,1.966937,1.709446,1.678972,0.793159,1.967786,1.970110,0.462241,1.954429,0.587027,0.351007,1.952608,1.974104,1.976982,1.970096,1.729523,1.239162,1.827172,0.457942,1.966373,1.962732,1.966084,1.966937,1.974575,1.968787,1.897518,1.974779,1.967360
1.912813,1.483957,0.810417,0.207499,0.249393,0.233247,0.224917,1.341799,1.027183,1.904536,0.337011,0.923439,0.905959,1.743321,0.285958,0.682809,1.043024,1.966650,0.000000,0.313330,0.277277,0.266599,0.225482,0.636079,0.231520,1.976930,0.576508,0.609948,1.938145,0.435899,1.391968,0.285958,0.242062,1.842512,0.322651,0.774612,1.138131,1.907077,0.260592,0.249022,0.681798,1.531620,0.274865,0.288077,0.291945,1.089145,0.628104,0.544469,0.379745,1.818256,1.654431,0.435899,0.628104,1.930681,0.235420,0.298126,1.913493,0.779394,0.156958,1.017388,0.295239,1.965085,0.705084,1.573247,0.244102,0.377075,0.190962,0.963831,1.877688,0.212437,0.576508,0.273306,0.250248,0.322832,1.109073,1.133731,1.851186,0.270596,0.214718,1.942152,0.351883,1.934328,1.974284,0.318747,0.215048,0.186638,0.277949,1.038452,1.611667,0.871964,1.965511,0.269256,0.350817,0.335450,0.322832,0.200712,0.244217,0.695355,0.219185,0.308356
1.850389,1.351490,0.570745,0.218654,0.391224,0.214579,0.189362,1.152360,0.831764,1.935467,0.276547,0.929606,0.754337,1.781001,0.201875,0.455468,1.007590,1.968066,0.313330,0.000000,0.125865,0.395704,0.161409,0.841818,0.155474,1.953793,0.330159,0.407653,1.921576,0.209699,1.519688,0.201875,0.204569,1.888249,0.020665,0.555212,0.916919,1.859983,0.333804,0.367263,0.433914,1.380327,0.401573,0.083095,0.162493,0.886068,0.377657,0.315741,0.263986,1.758847,1.563324,0.209699,0.377657,1.889623,0.317941,0.377660,1.861411,0.540057,0.334175,0.793093,0.195147,1.977224,0.490471,1.455611,0.218657,0.257884,0.271359,0.723778,1.843475,0.172720,0.330159,0.219463,0.271727,0.065130,0.884817,0.933459,1.807028,0.144948,0.288026,1.964243,0.352687,1.892442,1.987593,0.423557,0.174214,0.214757,0.055979,0.854403,1.592471,0.632913,1.947153,0.383395,0.096312,0.086557,0.065130,0.240234,0.241191,0.478369,0.164915,0.115898
1.863817,1.363716,0.611184,0.185849,0.367295,0.171142,0.165175,1.175126,0.852247,1.935499,0.247014,0.903158,0.794041,1.781479,0.195746,0.485179,0.987307,1.969261,0.277277,0.125865,0.000000,0.374862,0.086902,0.830934,0.173872,1.955866,0.367104,0.433584,1.921062,0.236549,1.513658,0.195746,0.178169,1.888898,0.130744,0.581736,0.944165,1.869443,0.291385,0.322704,0.476203,1.391322,0.391853,0.096503,0.145530,0.913705,0.412735,0.353559,0.246681,1.770798,1.584689,0.236549,0.412735,1.887675,0.297745,0.347083,1.873570,0.564651,0.294782,0.817692,0.184801,1.974579,0.511981,1.473690,0.202966,0.261270,0.243272,0.759726,1.845066,0.139881,0.367104,0.203631,0.245737,0.109574,0.916469,0.966554,1.808081,0.129648,0.242046,1.965718,0.349923,1.896496,1.988867,0.404209,0.172652,0.184977,0.116787,0.866730,1.608663,0.668925,1.950711,0.363031,0.115024,0.114000,0.109574,0.211511,0.229689,0.519052,0.126146,0.081501
1.923153,1.500057,0.858946,0.340236,0.350210,0.370318,0.352078,1.365499,1.065863,1.874043,0.439472,0.962465,0.932209,1.709305,0.397766,0.717042,1.095749,1.951158,0.266599,0.395704,0.374862,0.000000,0.327900,0.650900,0.317267,1.962255,0.633922,0.645810,1.923881,0.504120,1.387242,0.397766,0.330108,1.823389,0.404895,0.818235,1.170316,1.912217,0.397368,0.378700,0.735692,1.552025,0.360093,0.383483,0.384154,1.132554,0.680656,0.606792,0.489446,1.819364,1.695163,0.504120,0.680656,1.926880,0.341252,0.309073,1.916791,0.835140,0.307445,1.057169,0.403768,1.947871,0.776351,1.598251,0.307137,0.478958,0.274200,1.002752,1.863792,0.313219,0.633922,0.267104,0.383540,0.411662,1.142306,1.169990,1.834867,0.378550,0.353420,1.912776,0.429426,1.931448,1.957870,0.400918,0.298482,0.285013,0.361925,1.093752,1.604947,0.915732,1.955776,0.290385,0.438960,0.425949,0.411662,0.299312,0.243240,0.751892,0.321501,0.403426
1.883147,1.413480,0.679001,0.172904,0.329968,0.160078,0.165707,1.231800,0.910361,1.933867,0.266034,0.906245,0.830855,1.780895,0.209617,0.554248,1.000049,1.973005,0.225482,0.161409,0.086902,0.327900,0.000000,0.786749,0.146373,1.965306,0.436793,0.496889,1.927143,0.296943,1.485304,0.209617,0.162690,1.884132,0.171049,0.633786,1.009478,1.888352,0.260335,0.280997,0.544590,1.434050,0.347347,0.122922,0.158431,0.978453,0.485113,0.417066,0.271000,1.791997,1.610069,0.296943,0.485113,1.902915,0.275596,0.314914,1.892160,0.635636,0.242487,0.877471,0.181556,1.975371,0.573532,1.515074,0.197936,0.281685,0.183865,0.828468,1.865213,0.091047,0.436793,0.195593,0.239604,0.154523,0.982095,1.022578,1.821931,0.162369,0.214237,1.963294,0.338694,1.913432,1.987721,0.379484,0.140108,0.130045,0.130326,0.922973,1.620549,0.738827,1.957944,0.314201,0.172053,0.162210,0.154523,0.155172,0.209857,0.584553,0.072674,0.122271
1.903050,1.702775,1.189585,0.734960,0.562804,0.760471,0.759242,1.633747,1.396271,1.726854,0.833436,1.198678,1.090813,1.548306,0.769804,1.094041,1.347222,1.847211,0.636079,0.841818,0.830934,0.650900,0.786749,0.000000,0.726563,1.907175,1.023086,1.006404,1.905817,0.909788,1.026940,0.769804,0.721596,1.600686,0.852724,1.179148,1.498120,1.892378,0.693916,0.660233,1.104453,1.767026,0.565079,0.821517,0.810202,1.391961,1.075676,0.979346,0.862422,1.775570,1.735167,0.909788,1.075676,1.954046,0.736997,0.715978,1.847058,1.222653,0.720947,1.392109,0.829439,1.835901,1.154878,1.642549,0.749236,0.857742,0.675512,1.344322,1.816026,0.749090,1.023086,0.777412,0.774211,0.858855,1.454234,1.423657,1.917887,0.805683,0.730372,1.793377,0.745010,1.922010,1.819373,0.627607,0.718497,0.699896,0.807292,1.398441,1.423719,1.262050,1.877356,0.587519,0.892754,0.870268,0.858855,0.706733,0.736630,1.039326,0.764586,0.861667
1.890326,1.432586,0.674156,0.191823,0.287587,0.205254,0.189202,1.254044,0.943429,1.921125,0.291327,0.951802,0.779393,1.752102,0.206729,0.558197,1.057526,1.975287,0.231520,0.155474,0.173872,0.317267,0.146373,0.726563,0.000000,1.973144,0.435715,0.492249,1.943951,0.295782,1.437686,0.206729,0.126504,1.857137,0.172346,0.653476,1.029718,1.899746,0.274654,0.293487,0.542460,1.471561,0.297030,0.131734,0.188994,0.984604,0.491503,0.416064,0.307819,1.778644,1.622062,0.295782,0.491503,1.927637,0.271259,0.338987,1.884688,0.659664,0.283773,0.899525,0.237496,1.977573,0.604514,1.510929,0.195996,0.311127,0.170589,0.835149,1.862936,0.110844,0.435715,0.206361,0.253182,0.166823,0.992223,1.029411,1.849436,0.191845,0.241907,1.957828,0.334483,1.924359,1.984972,0.361890,0.076131,0.115285,0.112442,0.959533,1.576849,0.745351,1.957449,0.265355,0.213918,0.185402,0.166823,0.157103,0.196713,0.552767,0.116502,0.194185
0.525887,1.270177,1.795047,1.971360,1.981253,1.968020,1.965930,1.410336,1.656974,0.630621,1.954865,1.732866,1.784128,1.012195,1.964395,1.838096,1.651909,0.437130,1.976930,1.953793,1.955866,1.962255,1.965306,1.907175,1.973144,0.000000,1.887094,1.866072,0.444828,1.930608,1.483486,1.964395,1.972693,0.823152,1.951598,1.816090,1.591670,0.517064,1.975471,1.979146,1.850765,1.208571,1.978753,1.958740,1.959491,1.620049,1.865347,1.894182,1.949220,0.839117,1.061899,1.930608,1.865347,0.414035,1.969235,1.961433,0.591038,1.804425,1.969355,1.670193,1.954253,0.414816,1.819456,1.195007,1.964496,1.948044,1.982489,1.713230,0.601288,1.971641,1.887094,1.958154,1.964705,1.952041,1.615577,1.597260,0.653400,1.956845,1.971677,0.508769,1.956406,0.407783,0.419280,1.951412,1.974965,1.977147,1.959653,1.660705,1.241024,1.757162,0.416223,1.978491,1.943074,1.949177,1.952041,1.980595,1.964723,1.853343,1.969134,1.951061
1.757746,1.188314,0.280180,0.455114,0.602083,0.441318,0.418822,0.950003,0.678960,1.911469,0.414230,0.972623,0.572227,1.759831,0.383599,0.271587,1.008078,1.928449,0.576508,0.330159,0.367104,0.633922,0.436793,1.023086,0.435715,1.887094,0.000000,0.292364,1.880541,0.178595,1.598312,0.383599,0.430111,1.876615,0.321163,0.431580,0.678493,1.771954,0.536546,0.585551,0.127537,1.221415,0.622399,0.354626,0.357310,0.660413,0.100674,0.166576,0.373358,1.656515,1.443010,0.178595,0.100674,1.816026,0.529631,0.622958,1.760452,0.318690,0.588855,0.582735,0.407237,1.943121,0.337873,1.288799,0.420459,0.385284,0.541027,0.449293,1.755710,0.452449,0.000000,0.429090,0.463274,0.325049,0.631816,0.733905,1.740409,0.358981,0.501852,1.942673,0.518858,1.805740,1.959489,0.586014,0.452646,0.489125,0.367558,0.684832,1.509100,0.356726,1.885645,0.611623,0.313712,0.321049,0.325049,0.509789,0.457663,0.285037,0.442942,0.360622
1.732186,1.181916,0.383823,0.508323,0.627975,0.498385,0.485067,0.895261,0.610232,1.856373,0.529372,0.944135,0.656202,1.679125,0.457959,0.121794,0.998628,1.908055,0.609948,0.407653,0.433584,0.645810,0.496889,1.006404,0.492249,1.866072,0.292364,0.000000,1.855440,0.353794,1.556374,0.457959,0.495397,1.803418,0.398834,0.431024,0.690945,1.743633,0.617345,0.656883,0.343571,1.228468,0.663001,0.448168,0.467875,0.595761,0.260569,0.291122,0.508084,1.586726,1.472274,0.353794,0.260569,1.796700,0.605723,0.626887,1.722031,0.435630,0.647684,0.611753,0.508542,1.919256,0.372576,1.250968,0.497312,0.512050,0.588176,0.519158,1.690163,0.519208,0.292364,0.501784,0.544400,0.426698,0.629810,0.639344,1.751752,0.431018,0.582728,1.906308,0.616894,1.789605,1.925389,0.605471,0.495274,0.545273,0.431454,0.741139,1.462581,0.400609,1.861606,0.668181,0.418820,0.433231,0.426698,0.560334,0.532948,0.368678,0.513869,0.460583
0.616585,1.268376,1.810841,1.936422,1.957525,1.933675,1.930895,1.394669,1.622503,0.719779,1.924013,1.647548,1.846996,1.059060,1.938186,1.827703,1.572540,0.448881,1.938145,1.921576,1.921062,1.923881,1.927143,1.905817,1.943951,0.444828,1.880541,1.855440,0.000000,1.914645,1.540549,1.938186,1.946288,0.904936,1.919004,1.794575,1.580687,0.580496,1.947771,1.949342,1.852854,1.209524,1.955552,1.928533,1.929155,1.643086,1.854456,1.889559,1.917306,0.896982,1.122975,1.914645,1.854456,0.390205,1.930202,1.919269,0.709697,1.782177,1.918034,1.683058,1.916605,0.521810,1.792943,1.293543,1.942366,1.913332,1.947382,1.713740,0.708265,1.938450,1.880541,1.929973,1.930783,1.919151,1.620645,1.607679,0.632378,1.923199,1.940615,0.594202,1.927306,0.537291,0.518760,1.951105,1.942621,1.946373,1.926921,1.642602,1.387992,1.762279,0.548029,1.954186,1.910133,1.917947,1.919151,1.944330,1.938009,1.864703,1.934883,1.916499
1.820016,1.291402,0.432491,0.316670,0.465394,0.310628,0.279637,1.078757,0.780919,1.929435,0.295630,0.941688,0.635175,1.770866,0.249620,0.380686,1.002771,1.957652,0.435899,0.209699,0.236549,0.504120,0.296943,0.909788,0.295782,1.930608,0.178595,0.353794,1.914645,0.000000,1.544042,0.249620,0.283530,1.887959,0.205024,0.503819,0.820486,1.831574,0.403079,0.446177,0.282811,1.317105,0.484263,0.219000,0.194593,0.796771,0.257796,0.194334,0.274313,1.715342,1.512411,0.000000,0.257796,1.867673,0.391258,0.490588,1.819936,0.436584,0.449731,0.708571,0.273577,1.964912,0.414621,1.387270,0.291723,0.296601,0.391085,0.606635,1.810345,0.306174,0.178595,0.297523,0.331459,0.204192,0.779639,0.859037,1.786321,0.225661,0.364262,1.961064,0.411287,1.858407,1.981122,0.472934,0.309257,0.340108,0.238720,0.768761,1.541220,0.512270,1.923306,0.466178,0.205247,0.201766,0.204192,0.360792,0.327606,0.364971,0.297364,0.234649
1.589999,1.827784,1.644822,1.445545,1.319769,1.462689,1.468585,1.805353,1.768450,1.217916,1.513286,1.566592,1.448973,1.048563,1.472224,1.611851,1.663749,1.412585,1.391968,1.519688,1.513658,1.387242,1.485304,1.026940,1.437686,1.483486,1.598312,1.556374,1.540549,1.544042,0.000000,1.472224,1.435478,0.998057,1.527022,1.653391,1.797006,1.601583,1.405636,1.383773,1.633294,1.848059,1.315421,1.501694,1.499400,1.701158,1.626710,1.563596,1.537681,1.404391,1.652502,1.544042,1.626710,1.651971,1.444062,1.453805,1.454207,1.709611,1.432481,1.709975,1.515356,1.364064,1.632571,1.619134,1.463049,1.555118,1.403692,1.729556,1.404807,1.451089,1.598312,1.485281,1.465307,1.530821,1.749438,1.700373,1.733287,1.499029,1.432740,1.320616,1.484616,1.512460,1.313958,1.339033,1.435249,1.420371,1.499877,1.717263,1.228157,1.687751,1.446717,1.348631,1.552093,1.535570,1.530821,1.420971,1.457466,1.565412,1.460636,1.535316
1.868508,1.388521,0.621151,0.137936,0.260345,0.138481,0.145622,1.209266,0.902296,1.935249,0.267559,0.920721,0.740590,1.776435,0.000000,0.516548,1.008141,1.971205,0.285958,0.201875,0.195746,0.397766,0.209617,0.769804,0.206729,1.964395,0.383599,0.457959,1.938186,0.249620,1.472224,0.000000,0.199156,1.877662,0.205966,0.613270,0.970104,1.876277,0.228292,0.258629,0.488140,1.421879,0.298738,0.188099,0.171301,0.931754,0.440428,0.372292,0.240079,1.762567,1.578749,0.249620,0.440428,1.910454,0.314537,0.369571,1.864774,0.592161,0.330129,0.857220,0.218297,1.975126,0.552009,1.480858,0.212752,0.260212,0.255210,0.775997,1.855526,0.202373,0.383599,0.251505,0.274170,0.206175,0.937794,0.991826,1.835996,0.153207,0.241084,1.967948,0.331267,1.908218,1.985908,0.363326,0.213427,0.216238,0.200194,0.884081,1.566049,0.690660,1.950207,0.346265,0.227899,0.212321,0.206175,0.229775,0.255126,0.499631,0.203302,0.213857
1.891322,1.427395,0.664943,0.189695,0.278486,0.203710,0.183570,1.250572,0.933926,1.921300,0.270985,0.946790,0.759569,1.747938,0.199156,0.561995,1.053839,1.974962,0.242062,0.204569,0.178169,0.330108,0.162690,0.721596,0.126504,1.972693,0.430111,0.495397,1.946288,0.283530,1.435478,0.199156,0.000000,1.854661,0.216584,0.640260,1.023303,1.898826,0.261709,0.283334,0.536186,1.459446,0.294540,0.160591,0.182993,0.977625,0.490937,0.409489,0.290688,1.769118,1.617899,0.283530,0.490937,1.928358,0.270353,0.342704,1.878120,0.648636,0.290855,0.886349,0.247121,1.972305,0.609513,1.498143,0.172144,0.301656,0.177244,0.828282,1.856857,0.129661,0.430111,0.207239,0.246520,0.203425,0.985284,1.024871,1.854200,0.181962,0.232674,1.960952,0.319355,1.924846,1.985512,0.341036,0.115821,0.122597,0.176440,0.943685,1.558772,0.738477,1.954269,0.232506,0.240270,0.213528,0.203425,0.170352,0.192405,0.536625,0.140738,0.214819
0.987158,1.529465,1.828139,1.871326,1.812532,1.877757,1.877290,1.608755,1.749350,0.464529,1.890145,1.712477,1.716344,0.553120,1.877662,1.816185,1.734023,0.759374,1.842512,1.888249,1.888898,1.823389,1.884132,1.600686,1.857137,0.823152,1.876615,1.803418,0.904936,1.887959,0.998057,1.877662,1.854661,0.000000,1.890107,1.822059,1.753791,0.984548,1.866758,1.862243,1.872016,1.578099,1.815747,1.888228,1.893808,1.698062,1.868310,1.868119,1.900724,0.828318,1.391833,1.887959,1.868310,1.036479,1.859451,1.851822,0.809090,1.874855,1.866935,1.781381,1.902062,0.693648,1.855481,1.339840,1.872788,1.902597,1.853199,1.809331,0.764431,1.874121,1.876615,1.879915,1.869762,1.894812,1.735137,1.651270,1.226619,1.883081,1.875411,0.601293,1.874888,0.955817,0.595845,1.808511,1.855683,1.861178,1.880494,1.811178,1.004456,1.814882,0.770681,1.822779,1.903834,1.899673,1.894812,1.861576,1.869623,1.818745,1.877754,1.905703
1.845775,1.342593,0.560960,0.225496,0.401476,0.219374,0.195458,1.141257,0.819061,1.935653,0.278442,0.925908,0.752964,1.782248,0.205966,0.444766,1.001193,1.967148,0.322651,0.020665,0.130744,0.404895,0.171049,0.852724,0.172346,1.951598,0.321163,0.398834,1.919004,0.205024,1.527022,0.205966,0.216584,1.890107,0.000000,0.544177,0.905267,1.855162,0.341605,0.376113,0.424286,1.371315,0.413389,0.095452,0.168294,0.875429,0.366842,0.307583,0.262642,1.756068,1.557455,0.205024,0.366842,1.885321,0.323775,0.381093,1.858760,0.528696,0.340346,0.781786,0.198764,1.976466,0.480121,1.449195,0.225791,0.255019,0.283718,0.712787,1.840352,0.185613,0.321163,0.227650,0.275442,0.072301,0.873665,0.922442,1.802646,0.147518,0.294794,1.963983,0.356672,1.888825,1.987099,0.429808,0.188448,0.228203,0.073320,0.844893,1.593293,0.621525,1.945869,0.397240,0.095063,0.091168,0.072301,0.251346,0.251176,0.472895,0.177493,0.120006
1.636479,1.096195,0.444877,0.663197,0.795562,0.635842,0.644228,0.800818,0.481273,1.850535,0.644954,0.906593,0.739798,1.699775,0.613270,0.392388,0.912704,1.856902,0.774612,0.555212,0.581736,0.818235,0.633786,1.179148,0.653476,1.816090,0.431580,0.431024,1.794575,0.503819,1.653391,0.613270,0.640260,1.822059,0.544177,0.000000,0.603992,1.660743,0.733981,0.778381,0.428779,1.070714,0.830577,0.583927,0.607011,0.576858,0.394513,0.472484,0.586560,1.528919,1.353785,0.503819,0.394513,1.716483,0.745509,0.754598,1.662363,0.418013,0.779277,0.469687,0.630937,1.866278,0.455292,1.193905,0.656253,0.588656,0.721905,0.474065,1.655872,0.655178,0.431580,0.659273,0.680804,0.557377,0.571821,0.585370,1.676236,0.588571,0.720976,1.883969,0.718499,1.731448,1.885621,0.749015,0.652432,0.689311,0.586316,0.626507,1.482302,0.421983,1.799422,0.810856,0.540354,0.556632,0.557377,0.694632,0.692587,0.499231,0.649504,0.582468
1.384699,0.730856,0.503901,1.023866,1.167478,1.006750,0.993552,0.364516,0.430031,1.731982,0.960468,1.108470,0.819298,1.647673,0.970104,0.586961,1.029399,1.687374,1.138131,0.916919,0.944165,1.170316,1.009478,1.498120,1.029718,1.591670,0.678493,0.690945,1.580687,0.820486,1.797006,0.970104,1.023303,1.753791,0.905267,0.603992,0.000000,1.408314,1.100329,1.143895,0.600520,0.761242,1.184888,0.946342,0.960944,0.378401,0.608358,0.736992,0.923645,1.325774,1.126487,0.820486,0.608358,1.460399,1.076249,1.133011,1.418521,0.453209,1.128053,0.413910,0.970230,1.717121,0.609398,0.927010,1.006590,0.925561,1.116291,0.274625,1.441342,1.036062,0.678493,1.004877,1.016507,0.909399,0.175147,0.433948,1.416530,0.938794,1.066344,1.744249,1.057699,1.467104,1.741290,1.140191,1.040883,1.075227,0.954525,0.571932,1.428843,0.390469,1.605440,1.186094,0.884275,0.903762,0.909399,1.086208,1.037317,0.669044,1.025764,0.931931
0.285770,1.074679,1.655926,1.885791,1.920627,1.877702,1.877761,1.203117,1.458279,0.841800,1.864444,1.649666,1.701634,1.114907,1.876277,1.709040,1.551377,0.603368,1.907077,1.859983,1.869443,1.912217,1.888352,1.892378,1.899746,0.517064,1.771954,1.743633,0.580496,1.831574,1.601583,1.876277,1.898826,0.984548,1.855162,1.660743,1.408314,0.000000,1.902235,1.913770,1.726436,1.032973,1.930509,1.872276,1.875817,1.435687,1.742845,1.772660,1.846905,0.763786,0.745668,1.831574,1.742845,0.474318,1.891444,1.894533,0.533948,1.663342,1.901702,1.512510,1.864764,0.683844,1.694230,1.016259,1.886764,1.844199,1.923527,1.559639,0.678024,1.898995,1.771954,1.888385,1.877448,1.859467,1.440437,1.407676,0.714585,1.864487,1.897173,0.760512,1.879650,0.519459,0.681658,1.891572,1.904200,1.910653,1.871836,1.521747,1.250416,1.602212,0.616067,1.933421,1.846003,1.856467,1.859467,1.914515,1.899108,1.740182,1.895127,1.861881
1.896286,1.471121,0.769395,0.199658,0.215871,0.163550,0.247296,1.326039,1.030214,1.932752,0.277166,0.927486,0.844942,1.777156,0.228292,0.677352,1.029950,1.967355,0.260592,0.333804,0.291385,0.397368,0.260335,0.693916,0.274654,1.975471,0.536546,0.617345,1.947771,0.403079,1.405636,0.228292,0.261709,1.866758,0.341605,0.733981,1.100329,1.902235,0.000000,0.083101,0.639137,1.496555,0.281822,0.293584,0.290347,1.068763,0.593413,0.530424,0.262069,1.807184,1.612654,0.403079,0.593413,1.927314,0.305732,0.375708,1.899075,0.731033,0.303402,0.968527,0.316647,1.967807,0.699975,1.550453,0.287457,0.307541,0.236804,0.914952,1.883790,0.239668,0.536546,0.335252,0.281580,0.325594,1.076364,1.126427,1.861411,0.284935,0.177616,1.963141,0.314466,1.931893,1.976641,0.344756,0.274540,0.227696,0.313837,0.994153,1.589654,0.841033,1.959228,0.306979,0.349181,0.329518,0.325594,0.231031,0.315945,0.659517,0.249714,0.310687
1.911021,1.502795,0.817597,0.219188,0.190656,0.200345,0.271653,1.364588,1.068253,1.927665,0.313824,0.936771,0.879441,1.773007,0.258629,0.720239,1.044909,1.966139,0.249022,0.367263,0.322704,0.378700,0.280997,0.660233,0.293487,1.979146,0.585551,0.656883,1.949342,0.446177,1.383773,0.258629,0.283334,1.862243,0.376113,0.778381,1.143895,1.913770,0.083101,0.000000,0.687187,1.527708,0.261189,0.327637,0.317757,1.110650,0.641854,0.573180,0.320118,1.824518,1.639746,0.446177,0.641854,1.934676,0.307445,0.351306,1.912900,0.780051,0.293065,1.015535,0.342665,1.965508,0.739267,1.577543,0.309389,0.350762,0.229920,0.962791,1.894916,0.260032,0.585551,0.349923,0.299885,0.362384,1.120221,1.166436,1.867356,0.316009,0.183198,1.958242,0.326431,1.939348,1.972640,0.348849,0.287420,0.238556,0.342162,1.031612,1.598915,0.887616,1.961830,0.292955,0.387045,0.367556,0.362384,0.233102,0.326692,0.703133,0.270537,0.343504
1.708101,1.132296,0.178499,0.563274,0.704849,0.549647,0.525858,0.878691,0.639798,1.898302,0.509553,1.015411,0.535585,1.758404,0.488140,0.292860,1.027281,1.902220,0.681798,0.433914,0.476203,0.735692,0.544590,1.104453,0.542460,1.850765,0.127537,0.343571,1.852854,0.282811,1.633294,0.488140,0.536186,1.872016,0.424286,0.428779,0.600520,1.726436,0.639137,0.687187,0.000000,1.157147,0.720479,0.459819,0.459389,0.594204,0.141824,0.213297,0.467803,1.615109,1.382041,0.282811,0.141824,1.776956,0.624040,0.720181,1.713792,0.283344,0.687107,0.517545,0.500396,1.921965,0.330504,1.227710,0.523607,0.476911,0.648312,0.363621,1.724143,0.559593,0.127537,0.531674,0.560079,0.428763,0.545625,0.672093,1.702334,0.466867,0.604714,1.924921,0.611176,1.762669,1.938777,0.678580,0.560663,0.596608,0.472931,0.631612,1.482963,0.266926,1.853501,0.712028,0.412777,0.422096,0.428763,0.617044,0.560260,0.282232,0.549584,0.461914
1.009195,0.736526,1.089166,1.452648,1.565870,1.434719,1.428685,0.642752,0.819689,1.475699,1.406287,1.256435,1.302373,1.528580,1.421879,1.154707,1.119738,1.338384,1.531620,1.380327,1.391322,1.552025,1.434050,1.767026,1.471561,1.208571,1.221415,1.228468,1.209524,1.317105,1.848059,1.421879,1.459446,1.578099,1.371315,1.070714,0.761242,1.032973,1.496555,1.527708,1.157147,0.000000,1.567636,1.399160,1.406200,0.894691,1.173901,1.255832,1.371980,1.103941,0.921889,1.317105,1.173901,1.048407,1.492825,1.502094,1.122840,1.055867,1.507719,0.880085,1.399136,1.353464,1.107027,0.965591,1.449905,1.375184,1.513801,0.931117,1.182100,1.456689,1.221415,1.439217,1.453545,1.372398,0.830743,0.854192,1.036339,1.386845,1.489466,1.442417,1.464217,1.103982,1.407737,1.506682,1.471364,1.486982,1.408200,0.786670,1.354747,1.009896,1.240644,1.562253,1.346457,1.364932,1.372398,1.498780,1.470009,1.210685,1.449783,1.375680
1.924548,1.533468,0.838939,0.270494,0.183531,0.307240,0.294669,1.399423,1.107327,1.899760,0.440345,1.016028,0.836454,1.731364,0.298738,0.737839,1.136103,1.966327,0.274865,0.401573,0.391853,0.360093,0.347347,0.565079,0.297030,1.978753,0.622399,0.663001,1.955552,0.484263,1.315421,0.298738,0.294540,1.815747,0.413389,0.830577,1.184888,1.930509,0.281822,0.261189,0.720479,1.567636,0.000000,0.372767,0.359257,1.127704,0.682456,0.591739,0.453477,1.796588,1.668401,0.484263,0.682456,1.962275,0.370970,0.412223,1.893413,0.837041,0.343134,1.060597,0.379384,1.963015,0.764379,1.596436,0.335111,0.463480,0.258657,0.997544,1.883036,0.302613,0.622399,0.363707,0.386473,0.412987,1.145469,1.170512,1.888401,0.347183,0.330615,1.939065,0.425136,1.944824,1.962347,0.362668,0.296264,0.265362,0.371580,1.075076,1.563457,0.915340,1.961203,0.257211,0.447018,0.421571,0.412987,0.276814,0.330769,0.680422,0.316326,0.412867
1.862694,1.374597,0.597095,0.194799,0.363268,0.190946,0.169101,1.185161,0.869537,1.939889,0.252270,0.939025,0.757471,1.785938,0.188099,0.496896,1.020640,1.971524,0.288077,0.083095,0.096503,0.383483,0.122922,0.821517,0.131734,1.958740,0.354626,0.448168,1.928533,0.219000,1.501694,0.188099,0.160591,1.888228,0.095452,0.583927,0.946342,1.872276,0.293584,0.327637,0.459819,1.399160,0.372767,0.000000,0.139462,0.917381,0.408975,0.342678,0.250143,1.769131,1.571823,0.219000,0.408975,1.899536,0.292745,0.375080,1.869533,0.562774,0.307405,0.814507,0.183756,1.978458,0.518125,1.474206,0.192458,0.262321,0.242923,0.751662,1.851635,0.120013,0.354626,0.204391,0.248580,0.060450,0.915123,0.971854,1.816886,0.135835,0.249946,1.968657,0.346587,1.900053,1.990807,0.402953,0.154386,0.169133,0.077755,0.870753,1.595320,0.664484,1.951323,0.346345,0.092842,0.063183,0.060450,0.213000,0.216756,0.494794,0.109963,0.079971
