0.000000,1.092968,1.688673,1.902993,1.924610,1.892414,1.896505,1.216985,1.432822,0.819456,1.878985,1.623785,1.734901,1.077680,1.885054,1.725050,1.505251,0.594704,1.915368,1.862549,1.878602,1.910121,1.895207,1.897218,1.901264,0.507867,1.792855,1.754673,0.602060,1.850795,1.543440,1.885054,1.893251,0.916066,1.858422,1.625280,1.438476,0.264011,1.914812,1.927453,1.755782,1.038338,1.943574,1.877609,1.891902,1.458321,1.762498,1.801038,1.859806,0.601331,0.743076,1.850795,1.762498,0.501670,1.903981,1.927850,0.399432,1.686244,1.912400,1.498876,1.878129,0.642427,1.707268,0.930043,1.876739,1.855481,1.921997,1.587496,0.733035,1.902790,1.792855,1.878430,1.888727,1.865824,1.490522,1.381668,0.690561,1.883613,1.910791,0.718974,1.894701,0.498713,0.647108,1.879477,1.902127,1.913412,1.874221,1.490621,1.152151,1.646231,0.547068,1.923047,1.853610,1.862559,1.865824,1.917571,1.887830,1.789368,1.899905,1.871732
1.092968,0.000000,1.120523,1.414731,1.532651,1.405876,1.388972,0.556013,0.768896,1.463171,1.355321,1.266638,1.385357,1.451194,1.398969,1.124354,1.184628,1.352024,1.452079,1.322651,1.350524,1.488371,1.392165,1.715359,1.410728,1.265873,1.222262,1.190797,1.202111,1.312101,1.846350,1.398969,1.403850,1.511782,1.314817,1.069648,0.719048,1.084661,1.481251,1.508202,1.178047,0.812217,1.565185,1.349056,1.396417,0.886254,1.164177,1.264830,1.328593,1.109298,1.115690,1.312101,1.164177,1.065295,1.422994,1.495303,1.163195,1.007507,1.437862,0.958571,1.380550,1.393984,1.090898,0.712180,1.388380,1.308492,1.467102,0.929767,1.098800,1.411733,1.222262,1.385240,1.396712,1.320062,0.836602,0.850489,1.111183,1.351785,1.449369,1.438073,1.396506,1.192607,1.430033,1.504445,1.411386,1.443139,1.348288,0.959751,1.466875,1.031747,1.277120,1.504911,1.300296,1.316661,1.320062,1.455873,1.412440,1.229232,1.405300,1.336799
1.688673,1.120523,0.000000,0.641186,0.765037,0.633821,0.603575,0.849497,0.687886,1.846031,0.627596,1.254734,0.492890,1.666885,0.568576,0.323885,1.301616,1.886217,0.746750,0.540711,0.571247,0.784206,0.624171,1.163951,0.620737,1.823459,0.271981,0.381966,1.838227,0.412852,1.601846,0.568576,0.583852,1.802552,0.534559,0.500419,0.549750,1.676501,0.712410,0.758880,0.181327,1.165263,0.780396,0.550282,0.563890,0.495621,0.256285,0.291700,0.545140,1.619834,1.400615,0.412852,0.256285,1.771251,0.751164,0.835272,1.695373,0.403135,0.770785,0.508035,0.588460,1.895795,0.336947,1.178436,0.581296,0.539956,0.722504,0.291449,1.684447,0.624976,0.271981,0.619072,0.696365,0.537536,0.399811,0.613992,1.736967,0.561467,0.715421,1.886800,0.665271,1.741633,1.909755,0.776693,0.645993,0.658897,0.571098,0.743848,1.393271,0.136529,1.832103,0.728180,0.524166,0.528079,0.537536,0.695369,0.632703,0.338509,0.616151,0.565538
1.902993,1.414731,0.641186,0.000000,0.258374,0.082390,0.089926,1.218612,0.966426,1.904803,0.279822,1.043091,0.767153,1.722817,0.139378,0.521292,1.173831,1.974219,0.207314,0.223465,0.185207,0.311790,0.168369,0.752637,0.166969,1.965718,0.412258,0.462571,1.946417,0.283022,1.478427,0.139378,0.207574,1.862026,0.232536,0.717338,0.984162,1.889010,0.184280,0.205947,0.501231,1.444142,0.316323,0.188917,0.191919,0.936090,0.465060,0.395679,0.269299,1.831593,1.678394,0.283022,0.465060,1.915570,0.296764,0.302660,1.916221,0.609150,0.271987,0.925371,0.226561,1.980034,0.577607,1.514817,0.229875,0.301488,0.201859,0.799400,1.841043,0.155478,0.412258,0.247736,0.281393,0.220182,0.926344,1.036065,1.871106,0.141271,0.208927,1.957830,0.319799,1.926266,1.982829,0.389665,0.174136,0.157211,0.197536,0.957473,1.533361,0.690127,1.963753,0.305387,0.247350,0.232451,0.220182,0.186053,0.249858,0.474412,0.163868,0.217212
1.924610,1.532651,0.765037,0.258374,0.000000,0.273565,0.312522,1.345834,1.103070,1.850507,0.445511,1.105237,0.750635,1.649771,0.257634,0.666330,1.259985,1.963068,0.304791,0.431883,0.390453,0.316789,0.355846,0.579462,0.314558,1.972885,0.569586,0.586085,1.962944,0.441533,1.336112,0.257634,0.308419,1.788322,0.443520,0.850184,1.137076,1.916339,0.216905,0.192729,0.647367,1.532847,0.236343,0.397315,0.350544,1.045637,0.632481,0.531893,0.441895,1.836005,1.719463,0.441533,0.632481,1.958154,0.422302,0.344498,1.917101,0.793070,0.407324,1.058231,0.403928,1.963285,0.729864,1.568133,0.365095,0.470945,0.264978,0.950342,1.853792,0.322506,0.569586,0.378329,0.429829,0.437990,1.061154,1.135670,1.912602,0.361189,0.328100,1.921113,0.413697,1.941739,1.954292,0.357233,0.307566,0.276527,0.396420,1.078608,1.449017,0.830882,1.967094,0.269472,0.471196,0.450131,0.437990,0.277980,0.351825,0.581495,0.337127,0.435886
1.892414,1.405876,0.633821,0.082390,0.273565,0.000000,0.134647,1.202605,0.952609,1.905627,0.272947,1.045562,0.766361,1.726814,0.151832,0.510664,1.171275,1.972479,0.222459,0.219834,0.185523,0.333527,0.165776,0.771805,0.178207,1.961227,0.408521,0.454112,1.945047,0.285575,1.488106,0.151832,0.221827,1.865429,0.228232,0.704379,0.970512,1.881406,0.157950,0.194507,0.496636,1.430131,0.346980,0.189222,0.201071,0.921399,0.458356,0.393588,0.247427,1.830436,1.666821,0.285575,0.458356,1.909479,0.309100,0.328115,1.912206,0.598207,0.281851,0.909260,0.229694,1.977635,0.570935,1.495782,0.238369,0.291350,0.209853,0.788467,1.841718,0.160001,0.408521,0.255076,0.280411,0.218276,0.913991,1.021134,1.866844,0.166879,0.198540,1.958150,0.324243,1.921756,1.981092,0.391227,0.186728,0.166636,0.195090,0.953316,1.528595,0.680089,1.959368,0.320492,0.240167,0.229219,0.218276,0.194721,0.264892,0.481669,0.168012,0.213808
1.896505,1.388972,0.603575,0.089926,0.312522,0.134647,0.000000,1.194722,0.942346,1.910743,0.275633,1.048418,0.749314,1.731020,0.145092,0.495752,1.171145,1.974295,0.229291,0.192810,0.163599,0.332675,0.159611,0.789500,0.166980,1.960782,0.371893,0.447012,1.938786,0.242419,1.505939,0.145092,0.201829,1.870692,0.200410,0.689097,0.949029,1.879997,0.237490,0.263890,0.459922,1.417087,0.335348,0.157479,0.156168,0.911424,0.424812,0.359428,0.247654,1.826643,1.660883,0.242419,0.424812,1.907097,0.308666,0.325949,1.910026,0.570561,0.276263,0.893410,0.182969,1.981386,0.544144,1.501073,0.216958,0.270276,0.228769,0.758640,1.835725,0.151617,0.371893,0.235920,0.288061,0.184243,0.891207,1.014033,1.857535,0.088388,0.239600,1.959890,0.312543,1.919025,1.986697,0.414579,0.182852,0.170354,0.176027,0.927885,1.535363,0.652501,1.960807,0.322876,0.210414,0.194922,0.184243,0.207808,0.242289,0.437889,0.153469,0.185193
1.216985,0.556013,0.849497,1.218612,1.345834,1.202605,1.194722,0.000000,0.444558,1.570283,1.161026,1.189616,1.169833,1.483041,1.186283,0.834528,1.130149,1.530271,1.272170,1.109989,1.150582,1.306617,1.198332,1.601421,1.214563,1.444813,0.979221,0.908028,1.429731,1.093411,1.814549,1.186283,1.206673,1.593502,1.099262,0.783398,0.382534,1.221556,1.296725,1.333114,0.930788,0.769906,1.392042,1.148836,1.202048,0.564664,0.908207,1.018728,1.121328,1.182835,1.138249,1.093411,0.908207,1.284370,1.245587,1.334022,1.284071,0.746001,1.270455,0.650126,1.191264,1.565760,0.820751,0.727932,1.173542,1.105289,1.284774,0.650737,1.265767,1.218507,0.979221,1.185293,1.202515,1.117666,0.516170,0.452015,1.314953,1.148245,1.261228,1.580249,1.214534,1.355759,1.588666,1.305238,1.217778,1.253655,1.140985,0.789122,1.350834,0.741163,1.432255,1.326824,1.093724,1.114515,1.117666,1.268321,1.214092,1.012856,1.209793,1.140731
1.432822,0.768896,0.687886,0.966426,1.103070,0.952609,0.942346,0.444558,0.000000,1.709089,0.924901,1.052406,1.053469,1.576887,0.930131,0.616368,1.036611,1.704896,1.017933,0.852166,0.893325,1.041404,0.940580,1.408934,0.958991,1.629043,0.758331,0.680750,1.606542,0.857409,1.778620,0.930131,0.949144,1.697591,0.842156,0.466388,0.402383,1.415691,1.058449,1.091925,0.726756,0.840803,1.167202,0.893507,0.957145,0.466596,0.689349,0.794404,0.874341,1.376540,1.251615,0.857409,0.689349,1.494490,0.998912,1.086244,1.492111,0.557851,1.019790,0.499508,0.944368,1.724216,0.622257,0.922339,0.904534,0.846826,1.030413,0.543534,1.458320,0.964278,0.758331,0.913290,0.961108,0.861078,0.493229,0.379075,1.501738,0.895726,1.023981,1.736010,0.955268,1.558239,1.750209,1.049471,0.957937,0.999494,0.881829,0.637275,1.373016,0.591632,1.624769,1.073507,0.839352,0.860413,0.861078,1.013990,0.943006,0.805458,0.956332,0.886627
0.819456,1.463171,1.846031,1.904803,1.850507,1.905627,1.910743,1.570283,1.709089,0.000000,1.916307,1.595095,1.773577,0.509222,1.896103,1.848974,1.571483,0.635906,1.892609,1.918029,1.923603,1.866978,1.921983,1.666469,1.905027,0.674541,1.895225,1.844112,0.767943,1.908945,1.147223,1.896103,1.897805,0.469412,1.918169,1.831344,1.740757,0.878870,1.896734,1.891907,1.881234,1.445979,1.866277,1.925166,1.916357,1.716911,1.889522,1.888752,1.912393,0.755867,1.257064,1.908945,1.889522,0.880486,1.901197,1.890149,0.691095,1.871363,1.912908,1.762362,1.919195,0.651461,1.832418,1.289391,1.906283,1.909127,1.892413,1.818232,0.780601,1.917151,1.895225,1.903413,1.911274,1.926096,1.751205,1.652973,0.843166,1.914848,1.909771,0.282214,1.897528,0.680139,0.539033,1.834365,1.900346,1.907387,1.914160,1.732582,1.075934,1.832573,0.703254,1.871150,1.930838,1.930472,1.926096,1.901119,1.899279,1.869067,1.920331,1.934741
1.878985,1.355321,0.627596,0.279822,0.445511,0.272947,0.275633,1.161026,0.924901,1.916307,0.000000,0.996276,0.792228,1.751389,0.319994,0.519150,1.104856,1.966022,0.303477,0.256198,0.241570,0.401614,0.253496,0.842163,0.273468,1.940189,0.402443,0.493769,1.930680,0.299634,1.546402,0.319994,0.307954,1.887710,0.259470,0.691001,0.913862,1.865334,0.322399,0.354355,0.486994,1.374226,0.481554,0.234905,0.267711,0.909623,0.439845,0.416915,0.224930,1.825077,1.648927,0.299634,0.439845,1.874904,0.210345,0.426942,1.902146,0.530884,0.310083,0.891403,0.306120,1.962428,0.571841,1.476993,0.265660,0.279712,0.316806,0.738754,1.825879,0.243972,0.402443,0.276498,0.165541,0.247430,0.880813,1.016384,1.831350,0.242952,0.232493,1.959026,0.304548,1.902611,1.976298,0.443046,0.278572,0.265658,0.255504,0.903281,1.546544,0.663444,1.929438,0.392314,0.252991,0.247051,0.247430,0.306823,0.290368,0.507303,0.249758,0.239232
1.623785,1.266638,1.254734,1.043091,1.105237,1.045562,1.048418,1.189616,1.052406,1.595095,0.996276,0.000000,1.446796,1.483301,1.086051,1.122128,0.286026,1.649213,0.987168,1.036716,1.058523,1.037555,1.056199,1.162993,1.054440,1.642683,1.142009,1.120994,1.589741,1.114108,1.576591,1.086051,1.090355,1.611775,1.035137,1.079001,1.189532,1.611713,1.074482,1.080671,1.179976,1.290273,1.166820,1.057362,1.088949,1.244161,1.130529,1.173117,1.014261,1.527869,1.610158,1.114108,1.130529,1.509832,0.970161,1.045631,1.646714,1.048619,1.001621,1.262497,1.065137,1.653515,1.085017,1.414383,1.053770,1.018469,1.048638,1.217923,1.502491,1.057999,1.142009,1.029234,0.994699,1.044946,1.268530,1.257020,1.504135,1.043036,1.045457,1.642004,1.038366,1.624469,1.664297,0.959801,1.037985,1.064999,1.036782,1.084204,1.515007,1.228427,1.605895,1.103629,1.048365,1.054531,1.044946,1.053530,1.041238,1.219441,1.060159,1.056393
1.734901,1.385357,0.492890,0.767153,0.750635,0.766361,0.749314,1.169833,1.053469,1.773577,0.792228,1.446796,0.000000,1.573094,0.679668,0.668311,1.516067,1.875691,0.861299,0.755320,0.756797,0.838739,0.777752,1.038096,0.743537,1.817775,0.571519,0.656853,1.876464,0.606627,1.335998,0.679668,0.685875,1.687052,0.757849,0.818342,0.925624,1.728233,0.762669,0.793691,0.539535,1.353915,0.730692,0.733943,0.691949,0.815688,0.615798,0.538315,0.729558,1.641367,1.443056,0.606627,0.615798,1.855202,0.881757,0.922520,1.689865,0.794396,0.909800,0.832201,0.745619,1.867249,0.697753,1.323144,0.718074,0.739983,0.800175,0.698753,1.712400,0.749618,0.571519,0.759307,0.846873,0.752435,0.759028,0.899657,1.814942,0.741494,0.821102,1.831241,0.772307,1.747931,1.860875,0.809657,0.769597,0.750680,0.761397,1.004129,1.255562,0.593431,1.839487,0.735173,0.760299,0.745253,0.752435,0.784432,0.741172,0.516120,0.749087,0.768374
1.077680,1.451194,1.666885,1.722817,1.649771,1.726814,1.731020,1.483041,1.576887,0.509222,1.751389,1.483301,1.573094,0.000000,1.704471,1.660350,1.521873,1.026684,1.721858,1.746633,1.753510,1.677385,1.752967,1.488256,1.720263,1.026275,1.710971,1.646050,1.111173,1.722170,0.997736,1.704471,1.704550,0.596037,1.748125,1.657852,1.618450,1.130119,1.719637,1.716653,1.698680,1.413456,1.673967,1.753617,1.737843,1.561071,1.710077,1.702729,1.739829,0.822119,1.343800,1.722170,1.710077,1.197413,1.739424,1.731254,0.924472,1.714741,1.763076,1.617162,1.752553,1.023194,1.645751,1.266326,1.725560,1.741566,1.706137,1.662309,0.932144,1.740097,1.710971,1.722053,1.751208,1.757920,1.602424,1.502928,1.155303,1.734676,1.746007,0.754516,1.729446,0.963241,0.937145,1.635450,1.714522,1.725045,1.740127,1.582449,0.913799,1.660637,1.047519,1.672938,1.769782,1.765781,1.757920,1.718128,1.713379,1.670994,1.746960,1.775817
1.885054,1.398969,0.568576,0.139378,0.257634,0.151832,0.145092,1.186283,0.930131,1.896103,0.319994,1.086051,0.679668,1.704471,0.000000,0.475371,1.209573,1.973286,0.286138,0.245404,0.213397,0.349387,0.215940,0.780785,0.208117,1.958736,0.352949,0.418615,1.948062,0.234454,1.475138,0.000000,0.191566,1.850242,0.252850,0.664841,0.941290,1.872099,0.222483,0.252608,0.433721,1.408194,0.327201,0.212530,0.190373,0.879340,0.412550,0.336167,0.262074,1.811982,1.642053,0.234454,0.412550,1.915891,0.366402,0.376116,1.895002,0.574735,0.354397,0.875405,0.243739,1.978892,0.527390,1.482499,0.225859,0.282839,0.261273,0.743432,1.840594,0.198062,0.352949,0.256071,0.342816,0.243358,0.869221,0.979202,1.868730,0.166838,0.283876,1.953150,0.314650,1.911416,1.981846,0.393278,0.220741,0.201661,0.230350,0.914400,1.475424,0.626964,1.958559,0.303196,0.265576,0.249524,0.243358,0.242703,0.254717,0.401008,0.200728,0.246508
1.725050,1.124354,0.323885,0.521292,0.666330,0.510664,0.495752,0.834528,0.616368,1.848974,0.519150,1.122128,0.668311,1.660350,0.475371,0.000000,1.199215,1.904684,0.616404,0.409807,0.439065,0.652700,0.494009,1.071966,0.498620,1.862612,0.274425,0.119288,1.852527,0.373069,1.614278,0.475371,0.482169,1.805063,0.402224,0.478041,0.585830,1.721323,0.625162,0.667480,0.295249,1.207521,0.709622,0.439792,0.496598,0.527129,0.213085,0.300769,0.472227,1.644687,1.507049,0.373069,0.213085,1.788149,0.624919,0.703315,1.745401,0.348148,0.643754,0.571182,0.520972,1.915016,0.322118,1.209797,0.479198,0.471386,0.597239,0.412919,1.687048,0.510922,0.274425,0.507175,0.567934,0.418033,0.503106,0.611827,1.763192,0.448794,0.600510,1.898108,0.586089,1.795638,1.925964,0.697931,0.511143,0.546048,0.434687,0.780558,1.435552,0.302607,1.852533,0.636445,0.406612,0.419282,0.418033,0.573254,0.529402,0.369157,0.500346,0.452469
1.505251,1.184628,1.301616,1.173831,1.259985,1.171275,1.171145,1.130149,1.036611,1.571483,1.104856,0.286026,1.516067,1.521873,1.209573,1.199215,0.000000,1.563988,1.128072,1.141951,1.170100,1.188318,1.173967,1.330576,1.183726,1.530067,1.219843,1.216780,1.492987,1.215120,1.664212,1.209573,1.218953,1.615300,1.138005,1.107969,1.162074,1.487548,1.205780,1.217610,1.243541,1.168743,1.310933,1.165010,1.202175,1.246848,1.198965,1.257218,1.112262,1.471116,1.495458,1.215120,1.198965,1.369754,1.096298,1.187584,1.557193,1.085803,1.128956,1.256079,1.167410,1.573410,1.148048,1.341901,1.168732,1.109868,1.190617,1.229141,1.444320,1.180333,1.219843,1.149930,1.111246,1.147873,1.267618,1.251126,1.369665,1.160941,1.171015,1.586331,1.147733,1.513748,1.594904,1.092376,1.171966,1.195843,1.149852,1.061114,1.523648,1.264418,1.501025,1.248028,1.141382,1.152031,1.147873,1.189480,1.166737,1.306787,1.179145,1.154641
0.594704,1.352024,1.886217,1.974219,1.963068,1.972479,1.974295,1.530271,1.704896,0.635906,1.966022,1.649213,1.875691,1.026684,1.973286,1.904684,1.563988,0.000000,1.965504,1.967076,1.971793,1.958516,1.975195,1.844709,1.977471,0.452412,1.943541,1.917892,0.386379,1.968038,1.419029,1.973286,1.979635,0.782729,1.965719,1.850351,1.710348,0.635710,1.973879,1.970594,1.925330,1.375750,1.968661,1.974652,1.977462,1.740374,1.927697,1.945756,1.967745,0.797260,1.117115,1.968038,1.927697,0.523367,1.960361,1.957647,0.591398,1.876700,1.958399,1.774434,1.970117,0.395151,1.887989,1.259161,1.971735,1.960850,1.972440,1.820300,0.748853,1.979981,1.943541,1.967226,1.960057,1.968752,1.750928,1.679561,0.704893,1.971435,1.965397,0.448874,1.963054,0.605436,0.302844,1.947034,1.974186,1.980808,1.969325,1.729434,1.307544,1.860007,0.431567,1.974767,1.964300,1.968664,1.968752,1.974396,1.972099,1.933911,1.979735,1.969609
1.915368,1.452079,0.746750,0.207314,0.304791,0.222459,0.229291,1.272170,1.017933,1.892609,0.303477,0.987168,0.861299,1.721858,0.286138,0.616404,1.128072,1.965504,0.000000,0.287757,0.276387,0.267754,0.237544,0.700123,0.223554,1.969023,0.525743,0.558229,1.940788,0.391635,1.476226,0.286138,0.283854,1.852786,0.296614,0.786933,1.058171,1.903313,0.268952,0.264532,0.610498,1.467672,0.360920,0.281017,0.280961,1.018402,0.572789,0.499475,0.357451,1.844859,1.711183,0.391635,0.572789,1.911883,0.234791,0.260545,1.927644,0.688199,0.162165,1.004782,0.301951,1.965036,0.669317,1.543278,0.273455,0.382621,0.197095,0.890484,1.845211,0.225024,0.525743,0.268061,0.243783,0.306540,1.013831,1.105095,1.868717,0.255677,0.227820,1.943955,0.361641,1.940831,1.971943,0.373904,0.199191,0.206214,0.256230,0.999632,1.548981,0.788758,1.951988,0.315548,0.332657,0.321693,0.306540,0.205897,0.267024,0.599054,0.237152,0.301678
1.862549,1.322651,0.540711,0.223465,0.431883,0.219834,0.192810,1.109989,0.852166,1.918029,0.256198,1.036716,0.755320,1.746633,0.245404,0.409807,1.141951,1.967076,0.287757,0.000000,0.148689,0.401283,0.169900,0.880515,0.156860,1.945190,0.314537,0.380074,1.925469,0.225604,1.561564,0.245404,0.229433,1.880832,0.019215,0.605564,0.858415,1.847170,0.340778,0.376276,0.400634,1.354094,0.451971,0.101535,0.213542,0.828921,0.345868,0.317959,0.231252,1.798113,1.619118,0.225604,0.345868,1.876322,0.322121,0.407397,1.883979,0.482768,0.315804,0.808341,0.237523,1.974376,0.474448,1.433945,0.232345,0.244447,0.278324,0.671972,1.814963,0.177010,0.314537,0.248155,0.282913,0.082406,0.808053,0.931177,1.834255,0.153573,0.303439,1.961080,0.325907,1.899620,1.984103,0.477396,0.173129,0.220709,0.052763,0.866207,1.548561,0.575439,1.936041,0.377349,0.113213,0.106581,0.082406,0.250080,0.270664,0.422673,0.171018,0.141173
1.878602,1.350524,0.571247,0.185207,0.390453,0.185523,0.163599,1.150582,0.893325,1.923603,0.241570,1.058523,0.756797,1.753510,0.213397,0.439065,1.170100,1.971793,0.276387,0.148689,0.000000,0.372796,0.079929,0.857224,0.167491,1.951147,0.331772,0.400518,1.929821,0.222707,1.540579,0.213397,0.178730,1.886933,0.156371,0.655027,0.897165,1.864966,0.291747,0.320973,0.427328,1.388025,0.417366,0.084591,0.182524,0.871639,0.369941,0.339086,0.238579,1.821761,1.644730,0.222707,0.369941,1.888689,0.300034,0.374496,1.904672,0.521836,0.282499,0.833873,0.233402,1.971946,0.509639,1.473246,0.212439,0.270420,0.250564,0.707060,1.829242,0.117203,0.331772,0.224915,0.262292,0.106951,0.843774,0.972730,1.844318,0.139035,0.247870,1.967030,0.327877,1.908872,1.988027,0.476400,0.182965,0.168481,0.137375,0.902666,1.558905,0.609840,1.945527,0.327365,0.115266,0.106038,0.106951,0.223518,0.251652,0.434168,0.102753,0.075777
1.910121,1.488371,0.784206,0.311790,0.316789,0.333527,0.332675,1.306617,1.041404,1.866978,0.401614,1.037555,0.838739,1.677385,0.349387,0.652700,1.188318,1.958516,0.267754,0.401283,0.372796,0.000000,0.334378,0.658848,0.316067,1.960594,0.575597,0.584609,1.938160,0.452809,1.410724,0.349387,0.331333,1.809035,0.410379,0.808209,1.103634,1.891172,0.351790,0.340757,0.654747,1.462378,0.363030,0.387709,0.362230,1.043300,0.624332,0.544888,0.450427,1.825063,1.691034,0.452809,0.624332,1.927517,0.341776,0.353229,1.913212,0.752098,0.317453,1.022732,0.392050,1.954244,0.729016,1.550905,0.290477,0.476595,0.273644,0.936094,1.837705,0.322429,0.575597,0.251619,0.365039,0.414817,1.055870,1.112661,1.887551,0.360281,0.343400,1.925278,0.413938,1.941736,1.953606,0.402291,0.298051,0.291502,0.370095,1.015621,1.492510,0.835208,1.948538,0.286785,0.443021,0.428737,0.414817,0.292473,0.219390,0.635887,0.333240,0.410784
1.895207,1.392165,0.624171,0.168369,0.355846,0.165776,0.159611,1.198332,0.940580,1.921983,0.253496,1.056199,0.777752,1.752967,0.215940,0.494009,1.173967,1.975195,0.237544,0.169900,0.079929,0.334378,0.000000,0.820160,0.139714,1.959426,0.387182,0.450055,1.936079,0.263921,1.515821,0.215940,0.167437,1.885564,0.180497,0.695046,0.953243,1.881938,0.258601,0.279871,0.480994,1.420365,0.372565,0.114769,0.179346,0.922557,0.430464,0.383938,0.256702,1.838988,1.664754,0.263921,0.430464,1.901613,0.282336,0.337710,1.919560,0.581731,0.244682,0.881843,0.228846,1.973219,0.561860,1.505673,0.216585,0.290576,0.196715,0.765030,1.845641,0.075327,0.387182,0.217077,0.255705,0.146647,0.900377,1.019573,1.855873,0.159709,0.220410,1.965715,0.321121,1.921220,1.987449,0.452836,0.150423,0.119248,0.142258,0.944388,1.568483,0.667258,1.951739,0.287206,0.167045,0.153531,0.146647,0.171303,0.239284,0.484888,0.060008,0.118309
1.897218,1.715359,1.163951,0.752637,0.579462,0.771805,0.789500,1.601421,1.408934,1.666469,0.842163,1.162993,1.038096,1.488256,0.780785,1.071966,1.330576,1.844709,0.700123,0.880515,0.857224,0.658848,0.820160,0.000000,0.770482,1.884934,1.011519,0.990769,1.884310,0.905952,1.082576,0.780785,0.773883,1.579719,0.890475,1.224902,1.474563,1.896158,0.699243,0.669539,1.075264,1.676214,0.618030,0.861740,0.815415,1.367606,1.064498,0.960746,0.877375,1.798009,1.795037,0.905952,1.064498,1.929618,0.766540,0.675280,1.854457,1.197063,0.780432,1.406384,0.843280,1.836239,1.151627,1.681251,0.809274,0.893995,0.699384,1.328518,1.775071,0.788579,1.011519,0.807322,0.807765,0.894734,1.413050,1.425031,1.878844,0.833359,0.758271,1.757145,0.794468,1.892133,1.804689,0.657400,0.755644,0.738895,0.846342,1.354435,1.357562,1.226173,1.885115,0.655421,0.927233,0.908041,0.894734,0.725914,0.772938,0.991692,0.804435,0.893737
1.901264,1.410728,0.620737,0.166969,0.314558,0.178207,0.166980,1.214563,0.958991,1.905027,0.273468,1.054440,0.743537,1.720263,0.208117,0.498620,1.183726,1.977471,0.223554,0.156860,0.167491,0.316067,0.139714,0.770482,0.000000,1.966263,0.392440,0.444941,1.947188,0.264298,1.476203,0.208117,0.160886,1.854584,0.173483,0.698459,0.973318,1.887805,0.254164,0.278233,0.482934,1.436932,0.335167,0.134803,0.187479,0.919725,0.442995,0.377958,0.270322,1.822561,1.667529,0.264298,0.442995,1.917522,0.296833,0.342919,1.909605,0.606306,0.286459,0.902000,0.243366,1.979112,0.568306,1.498301,0.223013,0.301986,0.170459,0.777674,1.835558,0.106115,0.392440,0.228841,0.278217,0.165579,0.909752,1.021452,1.873787,0.176972,0.251401,1.956983,0.319212,1.926109,1.983818,0.416384,0.071602,0.111949,0.113191,0.957033,1.535864,0.673171,1.955199,0.261984,0.214599,0.188137,0.165579,0.148116,0.227392,0.464983,0.118470,0.196708
0.507867,1.265873,1.823459,1.965718,1.972885,1.961227,1.960782,1.444813,1.629043,0.674541,1.940189,1.642683,1.817775,1.026275,1.958736,1.862612,1.530067,0.452412,1.969023,1.945190,1.951147,1.960594,1.959426,1.884934,1.966263,0.000000,1.898911,1.885955,0.487779,1.938435,1.435762,1.958736,1.959637,0.828547,1.942906,1.780774,1.621845,0.530768,1.964731,1.969520,1.871907,1.210277,1.974882,1.949931,1.961456,1.666559,1.879344,1.909867,1.928856,0.721134,0.981568,1.938435,1.879344,0.456880,1.953587,1.967377,0.502387,1.820785,1.961203,1.663359,1.950235,0.456196,1.829399,1.169781,1.948024,1.922108,1.971790,1.739106,0.669695,1.962933,1.898911,1.948393,1.950844,1.943593,1.668328,1.606837,0.564518,1.954429,1.962687,0.528066,1.937228,0.354643,0.461100,1.924925,1.966620,1.968798,1.952093,1.629544,1.265630,1.794466,0.428462,1.965377,1.935123,1.940161,1.943593,1.971810,1.952990,1.889412,1.961195,1.943684
1.792855,1.222262,0.271981,0.412258,0.569586,0.408521,0.371893,0.979221,0.758331,1.895225,0.402443,1.142009,0.571519,1.710971,0.352949,0.274425,1.219843,1.943541,0.525743,0.314537,0.331772,0.575597,0.387182,1.011519,0.392440,1.898911,0.000000,0.296436,1.899449,0.172977,1.579433,0.352949,0.361371,1.859093,0.309987,0.518783,0.682650,1.779682,0.494386,0.541051,0.110975,1.258422,0.591621,0.312039,0.330521,0.657489,0.098635,0.160509,0.317879,1.729317,1.522626,0.172977,0.098635,1.839779,0.528657,0.626060,1.809115,0.356814,0.547013,0.641599,0.374084,1.948476,0.328312,1.325041,0.360251,0.325317,0.499115,0.438493,1.765691,0.389153,0.000000,0.395239,0.476443,0.301574,0.592563,0.774052,1.794012,0.328021,0.486044,1.940655,0.449300,1.830322,1.964471,0.593433,0.419946,0.427790,0.343196,0.775971,1.467931,0.327696,1.900025,0.516514,0.292452,0.292373,0.301574,0.470961,0.412446,0.267474,0.379309,0.327951
1.754673,1.190797,0.381966,0.462571,0.586085,0.454112,0.447012,0.908028,0.680750,1.844112,0.493769,1.120994,0.656853,1.646050,0.418615,0.119288,1.216780,1.917892,0.558229,0.380074,0.400518,0.584609,0.450055,0.990769,0.444941,1.885955,0.296436,0.000000,1.876284,0.352295,1.568391,0.418615,0.428223,1.791468,0.375079,0.526044,0.681219,1.751099,0.566778,0.605979,0.338152,1.265277,0.643171,0.406573,0.455550,0.588750,0.266698,0.286827,0.457652,1.663864,1.543251,0.352295,0.266698,1.823321,0.583875,0.640695,1.767872,0.422622,0.600357,0.645675,0.486752,1.928951,0.369020,1.248550,0.432926,0.462160,0.534851,0.512935,1.703718,0.462969,0.296436,0.462985,0.530470,0.393381,0.592757,0.668106,1.797554,0.409358,0.550081,1.901141,0.557176,1.825802,1.932906,0.643087,0.454372,0.489658,0.395286,0.828854,1.421691,0.384519,1.877637,0.574814,0.390175,0.398879,0.393381,0.513765,0.480110,0.364086,0.455225,0.427710
0.602060,1.202111,1.838227,1.946417,1.962944,1.945047,1.938786,1.429731,1.606542,0.767943,1.930680,1.589741,1.876464,1.111173,1.948062,1.852527,1.492987,0.386379,1.940788,1.925469,1.929821,1.938160,1.936079,1.884310,1.947188,0.487779,1.899449,1.876284,0.000000,1.929535,1.530837,1.948062,1.948400,0.890095,1.923100,1.784108,1.616026,0.637442,1.959039,1.957964,1.878571,1.302468,1.960764,1.933446,1.944921,1.684464,1.877147,1.907103,1.927253,0.765185,1.106349,1.929535,1.877147,0.405160,1.926624,1.935273,0.599850,1.804903,1.922028,1.693238,1.932900,0.477999,1.827629,1.232013,1.937999,1.915453,1.950442,1.748078,0.727043,1.945490,1.899449,1.930302,1.927845,1.923016,1.674589,1.609680,0.605660,1.932031,1.942172,0.590699,1.932331,0.580676,0.494656,1.948408,1.945763,1.952471,1.930886,1.678922,1.427327,1.802609,0.495771,1.958984,1.916300,1.922531,1.923016,1.948869,1.939726,1.894019,1.943366,1.924467
1.850795,1.312101,0.412852,0.283022,0.441533,0.285575,0.242419,1.093411,0.857409,1.908945,0.299634,1.114108,0.606627,1.722170,0.234454,0.373069,1.215120,1.968038,0.391635,0.225604,0.222707,0.452809,0.263921,0.905952,0.264298,1.938435,0.172977,0.352295,1.929535,0.000000,1.537888,0.234454,0.236318,1.868727,0.226880,0.590695,0.812390,1.837253,0.364965,0.407223,0.259695,1.341371,0.461266,0.200243,0.172823,0.779555,0.251282,0.193071,0.243034,1.781788,1.590196,0.000000,0.251282,1.883338,0.404926,0.493917,1.862585,0.450494,0.418360,0.761019,0.250990,1.966269,0.422829,1.412878,0.251886,0.273479,0.358529,0.586390,1.807014,0.254600,0.172977,0.283446,0.358815,0.210379,0.731590,0.891216,1.836172,0.209469,0.356472,1.957097,0.363105,1.880593,1.980606,0.505191,0.291232,0.287460,0.240001,0.843138,1.493927,0.475287,1.933603,0.389790,0.218179,0.205347,0.210379,0.332604,0.299003,0.309241,0.248897,0.230037
1.543440,1.846350,1.601846,1.478427,1.336112,1.488106,1.505939,1.814549,1.778620,1.147223,1.546402,1.576591,1.335998,0.997736,1.475138,1.614278,1.664212,1.419029,1.476226,1.561564,1.540579,1.410724,1.515821,1.082576,1.476203,1.435762,1.579433,1.568391,1.530837,1.537888,0.000000,1.475138,1.457686,1.000858,1.569439,1.652617,1.795505,1.568555,1.419789,1.403022,1.594542,1.745441,1.320653,1.537111,1.502778,1.670168,1.615679,1.546575,1.543395,1.396732,1.559301,1.537888,1.615679,1.651099,1.514910,1.457751,1.422144,1.717424,1.523631,1.684088,1.527719,1.354601,1.629297,1.665370,1.498121,1.565667,1.437357,1.708175,1.449293,1.487623,1.579433,1.505054,1.536158,1.562689,1.723368,1.693119,1.650607,1.535116,1.485440,1.266596,1.505970,1.432086,1.308417,1.354290,1.476476,1.455351,1.540314,1.686577,1.156454,1.655674,1.459698,1.370843,1.584704,1.567700,1.562689,1.450989,1.471078,1.525648,1.497356,1.565577
1.885054,1.398969,0.568576,0.139378,0.257634,0.151832,0.145092,1.186283,0.930131,1.896103,0.319994,1.086051,0.679668,1.704471,0.000000,0.475371,1.209573,1.973286,0.286138,0.245404,0.213397,0.349387,0.215940,0.780785,0.208117,1.958736,0.352949,0.418615,1.948062,0.234454,1.475138,0.000000,0.191566,1.850242,0.252850,0.664841,0.941290,1.872099,0.222483,0.252608,0.433721,1.408194,0.327201,0.212530,0.190373,0.879340,0.412550,0.336167,0.262074,1.811982,1.642053,0.234454,0.412550,1.915891,0.366402,0.376116,1.895002,0.574735,0.354397,0.875405,0.243739,1.978892,0.527390,1.482499,0.225859,0.282839,0.261273,0.743432,1.840594,0.198062,0.352949,0.256071,0.342816,0.243358,0.869221,0.979202,1.868730,0.166838,0.283876,1.953150,0.314650,1.911416,1.981846,0.393278,0.220741,0.201661,0.230350,0.914400,1.475424,0.626964,1.958559,0.303196,0.265576,0.249524,0.243358,0.242703,0.254717,0.401008,0.200728,0.246508
1.893251,1.403850,0.583852,0.207574,0.308419,0.221827,0.201829,1.206673,0.949144,1.897805,0.307954,1.090355,0.685875,1.704550,0.191566,0.482169,1.218953,1.979635,0.283854,0.229433,0.178730,0.331333,0.167437,0.773883,0.160886,1.959637,0.361371,0.428223,1.948400,0.236318,1.457686,0.191566,0.000000,1.846811,0.240539,0.683523,0.956136,1.881207,0.273930,0.295776,0.447905,1.422079,0.329268,0.182761,0.198622,0.898245,0.419167,0.351583,0.291022,1.813723,1.654198,0.236318,0.419167,1.921507,0.343301,0.369003,1.901460,0.598784,0.336919,0.870052,0.283705,1.968649,0.552339,1.487816,0.217674,0.321998,0.211326,0.749200,1.830639,0.140048,0.361371,0.231397,0.327528,0.223258,0.883617,1.002347,1.875158,0.198905,0.292754,1.955072,0.330067,1.916341,1.982746,0.419485,0.165133,0.136940,0.207943,0.936361,1.504918,0.642151,1.951186,0.200130,0.253387,0.229535,0.223258,0.198323,0.231385,0.423253,0.142967,0.226497
0.916066,1.511782,1.802552,1.862026,1.788322,1.865429,1.870692,1.593502,1.697591,0.469412,1.887710,1.611775,1.687052,0.596037,1.850242,1.805063,1.615300,0.782729,1.852786,1.880832,1.886933,1.809035,1.885564,1.579719,1.854584,0.828547,1.859093,1.791468,0.890095,1.868727,1.000858,1.850242,1.846811,0.000000,1.882933,1.779688,1.741994,0.970304,1.851070,1.847285,1.846796,1.483466,1.804033,1.884655,1.879585,1.678205,1.856746,1.842420,1.883947,0.709269,1.281160,1.868727,1.856746,1.043719,1.874519,1.842646,0.706423,1.856346,1.888193,1.739241,1.887010,0.748276,1.818405,1.289035,1.859629,1.886962,1.843530,1.798445,0.766230,1.873636,1.859093,1.860225,1.882057,1.888834,1.730129,1.616348,1.129501,1.877001,1.879554,0.572097,1.872850,0.892973,0.624539,1.785805,1.851194,1.860080,1.874308,1.730568,0.991390,1.800305,0.835685,1.816037,1.898837,1.894345,1.888834,1.851780,1.847308,1.807059,1.878863,1.902927
1.858422,1.314817,0.534559,0.232536,0.443520,0.228232,0.200410,1.099262,0.842156,1.918169,0.259470,1.035137,0.757849,1.748125,0.252850,0.402224,1.138005,1.965719,0.296614,0.019215,0.156371,0.410379,0.180497,0.890475,0.173483,1.942906,0.309987,0.375079,1.923100,0.226880,1.569439,0.252850,0.240539,1.882933,0.000000,0.598203,0.847439,1.842750,0.351652,0.387390,0.394939,1.346631,0.462721,0.113262,0.221245,0.820231,0.338517,0.315253,0.233370,1.795517,1.614682,0.226880,0.338517,1.872064,0.327624,0.412978,1.881253,0.471206,0.321732,0.799477,0.242276,1.973293,0.466715,1.427956,0.238504,0.242969,0.291378,0.662671,1.812743,0.190484,0.309987,0.255748,0.287607,0.089846,0.798693,0.922165,1.829728,0.157268,0.311407,1.960488,0.328391,1.896640,1.983477,0.485348,0.188065,0.234666,0.069325,0.859337,1.549430,0.566915,1.933709,0.389960,0.113411,0.111577,0.089846,0.263025,0.279208,0.421089,0.183394,0.146162
1.625280,1.069648,0.500419,0.717338,0.850184,0.704379,0.689097,0.783398,0.466388,1.831344,0.691001,1.079001,0.818342,1.657852,0.664841,0.478041,1.107969,1.850351,0.786933,0.605564,0.655027,0.808209,0.695046,1.224902,0.698459,1.780774,0.518783,0.526044,1.784108,0.590695,1.652617,0.664841,0.683523,1.779688,0.598203,0.000000,0.562578,1.596473,0.795852,0.835633,0.496471,1.010169,0.892847,0.637731,0.687692,0.496711,0.478895,0.553619,0.620635,1.552806,1.318190,0.590695,0.478895,1.701217,0.777882,0.862925,1.660429,0.434903,0.804184,0.477653,0.680692,1.848658,0.504700,1.131451,0.642270,0.604036,0.776892,0.475483,1.634190,0.706193,0.518783,0.662188,0.734683,0.614085,0.551646,0.576294,1.704233,0.644774,0.789928,1.869682,0.710048,1.718894,1.872100,0.780418,0.706027,0.738914,0.636776,0.605874,1.374842,0.471882,1.776431,0.814000,0.601207,0.612122,0.614085,0.756513,0.679467,0.544866,0.700649,0.645723
1.438476,0.719048,0.549750,0.984162,1.137076,0.970512,0.949029,0.382534,0.402383,1.740757,0.913862,1.189532,0.925624,1.618450,0.941290,0.585830,1.162074,1.710348,1.058171,0.858415,0.897165,1.103634,0.953243,1.474563,0.973318,1.621845,0.682650,0.681219,1.616026,0.812390,1.795505,0.941290,0.956136,1.741994,0.847439,0.562578,0.000000,1.430335,1.066153,1.108001,0.625378,0.868486,1.167979,0.888854,0.943030,0.421225,0.609763,0.746559,0.863168,1.401675,1.233432,0.812390,0.609763,1.492161,1.021672,1.130626,1.489074,0.451585,1.050909,0.447693,0.943341,1.728696,0.565503,0.924478,0.925354,0.846619,1.060651,0.302172,1.462396,0.970853,0.682650,0.943933,0.971346,0.857887,0.225276,0.431196,1.487943,0.895021,1.030032,1.753415,0.970889,1.534263,1.758003,1.107581,0.984925,1.013191,0.895834,0.654946,1.416632,0.435154,1.618447,1.096369,0.830872,0.849611,0.857887,1.038092,0.974201,0.729730,0.959919,0.880265
0.264011,1.084661,1.676501,1.889010,1.916339,1.881406,1.879997,1.221556,1.415691,0.878870,1.865334,1.611713,1.728233,1.130119,1.872099,1.721323,1.487548,0.635710,1.903313,1.847170,1.864966,1.891172,1.881938,1.896158,1.887805,0.530768,1.779682,1.751099,0.637442,1.837253,1.568555,1.872099,1.881207,0.970304,1.842750,1.596473,1.430335,0.000000,1.906532,1.918467,1.741232,1.014830,1.929530,1.861952,1.877166,1.445437,1.749912,1.787834,1.846839,0.675121,0.629442,1.837253,1.749912,0.532325,1.891953,1.906999,0.491710,1.671651,1.899770,1.482301,1.860643,0.702026,1.696679,0.917417,1.861656,1.837070,1.910739,1.575626,0.765301,1.890412,1.779682,1.862593,1.878160,1.849593,1.485974,1.383442,0.696118,1.866782,1.901904,0.769002,1.871141,0.559795,0.693757,1.865498,1.889236,1.901786,1.859780,1.462499,1.181315,1.635035,0.606882,1.911922,1.836736,1.845818,1.849593,1.905199,1.869397,1.770769,1.887451,1.855160
1.914812,1.481251,0.712410,0.184280,0.216905,0.157950,0.237490,1.296725,1.058449,1.896734,0.322399,1.074482,0.762669,1.719637,0.222483,0.625162,1.205780,1.973879,0.268952,0.340778,0.291747,0.351790,0.258601,0.699243,0.254164,1.964731,0.494386,0.566778,1.959039,0.364965,1.419789,0.222483,0.273930,1.851070,0.351652,0.795852,1.066153,1.906532,0.000000,0.079470,0.578258,1.483632,0.304238,0.290535,0.266329,1.009707,0.556136,0.481765,0.301662,1.855358,1.689575,0.364965,0.556136,1.932759,0.343841,0.354254,1.927596,0.699984,0.333057,0.993163,0.308282,1.972050,0.670510,1.552198,0.304033,0.358052,0.237126,0.875900,1.863475,0.229812,0.494386,0.317083,0.332890,0.329087,1.005163,1.116713,1.885092,0.280947,0.208891,1.953076,0.341894,1.929753,1.974297,0.355369,0.265343,0.207731,0.312724,1.025491,1.513083,0.773226,1.965335,0.295197,0.353889,0.334331,0.329087,0.235781,0.309207,0.546939,0.243390,0.315123
1.927453,1.508202,0.758880,0.205947,0.192729,0.194507,0.263890,1.333114,1.091925,1.891907,0.354355,1.080671,0.793691,1.716653,0.252608,0.667480,1.217610,1.970594,0.264532,0.376276,0.320973,0.340757,0.279871,0.669539,0.278233,1.969520,0.541051,0.605979,1.957964,0.407223,1.403022,0.252608,0.295776,1.847285,0.387390,0.835633,1.108001,1.918467,0.079470,0.000000,0.625278,1.512829,0.283982,0.327503,0.297063,1.052213,0.602450,0.525037,0.354159,1.867020,1.711799,0.407223,0.602450,1.938871,0.344620,0.325024,1.938033,0.746661,0.326850,1.035875,0.345436,1.969134,0.710407,1.581862,0.330194,0.398241,0.231266,0.921913,1.872478,0.253303,0.541051,0.338771,0.347124,0.366682,1.047649,1.154234,1.891111,0.309577,0.206996,1.948356,0.353682,1.938117,1.969667,0.367350,0.281806,0.221322,0.344390,1.061580,1.524881,0.818253,1.968893,0.285979,0.392916,0.373829,0.366682,0.237183,0.328881,0.589471,0.268550,0.348763
1.755782,1.178047,0.181327,0.501231,0.647367,0.496636,0.459922,0.930788,0.726756,1.881234,0.486994,1.179976,0.539535,1.698680,0.433721,0.295249,1.243541,1.925330,0.610498,0.400634,0.427328,0.654747,0.480994,1.075264,0.482934,1.871907,0.110975,0.338152,1.878571,0.259695,1.594542,0.433721,0.447905,1.846796,0.394939,0.496471,0.625378,1.741232,0.578258,0.625278,0.000000,1.211891,0.664113,0.404414,0.415023,0.602573,0.133894,0.194225,0.399598,1.694433,1.470181,0.259695,0.133894,1.813246,0.611835,0.707685,1.771240,0.349909,0.631553,0.587932,0.446504,1.932556,0.310664,1.274990,0.442477,0.399479,0.588554,0.368153,1.742484,0.481516,0.110975,0.476886,0.560716,0.392002,0.520209,0.722396,1.768162,0.416719,0.576698,1.924480,0.527766,1.795859,1.948196,0.658659,0.510194,0.518838,0.431921,0.735329,1.441946,0.248766,1.878185,0.597874,0.379565,0.381545,0.392002,0.561724,0.492616,0.275710,0.472263,0.418108
1.038338,0.812217,1.165263,1.444142,1.532847,1.430131,1.417087,0.769906,0.840803,1.445979,1.374226,1.290273,1.353915,1.413456,1.408194,1.207521,1.168743,1.375750,1.467672,1.354094,1.388025,1.462378,1.420365,1.676214,1.436932,1.210277,1.258422,1.265277,1.302468,1.341371,1.745441,1.408194,1.422079,1.483466,1.346631,1.010169,0.868486,1.014830,1.483632,1.512829,1.211891,0.000000,1.562349,1.380275,1.410534,0.961699,1.214231,1.289958,1.333925,1.094853,0.865227,1.341371,1.214231,1.128794,1.437853,1.517705,1.131320,1.082153,1.462617,0.921449,1.388809,1.383238,1.160807,0.830038,1.366629,1.319781,1.479050,1.013891,1.217873,1.429260,1.258422,1.368823,1.416357,1.361593,0.971132,0.899737,1.159720,1.383267,1.474164,1.443745,1.387070,1.163546,1.423947,1.414702,1.434542,1.454210,1.380876,0.750696,1.156965,1.106935,1.257281,1.488154,1.338588,1.352940,1.361593,1.472813,1.385585,1.278311,1.424963,1.368753
1.943574,1.565185,0.780396,0.316323,0.236343,0.346980,0.335348,1.392042,1.167202,1.866277,0.481554,1.166820,0.730692,1.673967,0.327201,0.709622,1.310933,1.968661,0.360920,0.451971,0.417366,0.363030,0.372565,0.618030,0.335167,1.974882,0.591621,0.643171,1.960764,0.461266,1.320653,0.327201,0.329268,1.804033,0.462721,0.892847,1.167979,1.929530,0.304238,0.283982,0.664113,1.562349,0.000000,0.415408,0.361251,1.092653,0.657136,0.556434,0.481146,1.857221,1.719808,0.461266,0.657136,1.967855,0.455884,0.360634,1.931753,0.830818,0.426899,1.076201,0.418307,1.963481,0.768563,1.621719,0.412227,0.501822,0.302771,0.964975,1.872025,0.339291,0.591621,0.424002,0.471393,0.453220,1.085157,1.187157,1.918236,0.378728,0.381861,1.927774,0.438039,1.943272,1.956679,0.446658,0.343394,0.297175,0.420999,1.124161,1.494999,0.853481,1.969806,0.275035,0.488398,0.463886,0.453220,0.311586,0.390283,0.587545,0.350173,0.450470
1.877609,1.349056,0.550282,0.188917,0.397315,0.189222,0.157479,1.148836,0.893507,1.925166,0.234905,1.057362,0.733943,1.753617,0.212530,0.439792,1.165010,1.974652,0.281017,0.101535,0.084591,0.387709,0.114769,0.861740,0.134803,1.949931,0.312039,0.406573,1.933446,0.200243,1.537111,0.212530,0.182761,1.884655,0.113262,0.637731,0.888854,1.861952,0.290535,0.327503,0.404414,1.380275,0.415408,0.000000,0.166823,0.860051,0.356550,0.321297,0.210232,1.816985,1.630285,0.200243,0.356550,1.889398,0.309837,0.392332,1.898596,0.511256,0.302832,0.826402,0.211333,1.976154,0.497646,1.463401,0.211649,0.244267,0.254504,0.691188,1.826459,0.114799,0.312039,0.230126,0.271186,0.056820,0.832235,0.969390,1.844871,0.133696,0.263256,1.968233,0.317327,1.905204,1.989467,0.462845,0.166175,0.169327,0.094634,0.889838,1.553260,0.594727,1.945440,0.335827,0.090808,0.061641,0.056820,0.223645,0.249749,0.413028,0.106780,0.079069
