0.000000,1.120062,1.686139,1.905276,1.927406,1.894447,1.900064,1.226995,1.444106,0.834311,1.884553,1.646174,1.720548,1.130186,1.888532,1.737989,1.530767,0.581393,1.923415,1.877552,1.885487,1.937885,1.903444,1.911958,1.914533,0.503497,1.798285,1.767032,0.581055,1.852189,1.597871,1.888532,1.911868,0.969313,1.872893,1.630655,1.442441,0.245068,1.912615,1.924001,1.756577,0.976683,1.945696,1.889490,1.895981,1.441493,1.769987,1.799356,1.869566,0.648812,0.706733,1.852189,1.769987,0.465745,1.910487,1.924033,0.454114,1.690597,1.916672,1.493835,1.889725,0.649602,1.711595,0.929067,1.902963,1.869190,1.931917,1.592030,0.681081,1.913440,1.798285,1.905468,1.892782,1.878450,1.484177,1.399382,0.711309,1.886670,1.908629,0.729780,1.906054,0.530107,0.614435,1.900823,1.917029,1.924092,1.889613,1.507979,1.144663,1.641547,0.561019,1.947639,1.865618,1.874967,1.878450,1.923599,1.917581,1.768842,1.910139,1.880690
1.120062,0.000000,1.088813,1.403570,1.500339,1.396464,1.382625,0.625305,0.809227,1.442821,1.367173,1.297369,1.298890,1.399105,1.374305,1.116994,1.216135,1.379651,1.464954,1.344525,1.357714,1.495290,1.406102,1.698531,1.427564,1.270591,1.200104,1.180909,1.285985,1.293125,1.794767,1.374305,1.421114,1.509647,1.335629,1.056123,0.730342,1.102705,1.458621,1.484967,1.149437,0.712503,1.516282,1.367363,1.391599,0.848801,1.147499,1.240339,1.347424,1.098554,1.051300,1.293125,1.147499,1.118263,1.430838,1.491429,1.165572,1.012126,1.452915,0.938270,1.393075,1.412931,1.112711,0.775734,1.405031,1.339335,1.477055,0.910444,1.113714,1.426939,1.200104,1.396515,1.397245,1.339882,0.825451,0.854950,1.134565,1.344713,1.438205,1.456671,1.425334,1.156644,1.432669,1.493775,1.429772,1.453711,1.372562,0.859846,1.343375,1.007360,1.320343,1.528418,1.320214,1.335673,1.339882,1.463208,1.424437,1.135060,1.420821,1.351911
1.686139,1.088813,0.000000,0.662181,0.770090,0.648222,0.623206,0.812068,0.679236,1.840800,0.654621,1.212849,0.488039,1.650746,0.579466,0.329260,1.234924,1.873428,0.777738,0.577816,0.602189,0.838199,0.662589,1.169666,0.667210,1.814940,0.279540,0.386533,1.842178,0.415680,1.591619,0.579466,0.642956,1.804456,0.569303,0.495311,0.533069,1.688355,0.717588,0.757961,0.180000,1.185297,0.781922,0.590861,0.575410,0.518737,0.269664,0.294049,0.587502,1.582170,1.378175,0.415680,0.269664,1.748176,0.769044,0.879227,1.664377,0.383186,0.803783,0.515699,0.606506,1.896750,0.343400,1.141726,0.636848,0.588612,0.754145,0.290737,1.658907,0.673178,0.279540,0.655772,0.699466,0.573978,0.399814,0.604230,1.698516,0.579257,0.711816,1.886958,0.722087,1.700021,1.898621,0.779693,0.686293,0.705046,0.610902,0.673536,1.395254,0.137046,1.824209,0.812304,0.557200,0.565261,0.573978,0.722490,0.682277,0.308183,0.664759,0.599033
1.905276,1.403570,0.662181,0.000000,0.232160,0.086316,0.088104,1.221496,0.976081,1.914714,0.284282,0.984314,0.798259,1.720156,0.132917,0.530669,1.104185,1.970573,0.212658,0.217604,0.193946,0.310616,0.186153,0.739366,0.196665,1.971232,0.426657,0.471966,1.942265,0.301607,1.431269,0.132917,0.212713,1.850603,0.223776,0.717242,0.991282,1.902525,0.180184,0.195081,0.528399,1.520212,0.280546,0.196082,0.197823,0.986048,0.474703,0.418145,0.262085,1.806686,1.677915,0.301607,0.474703,1.915623,0.292174,0.327191,1.898981,0.616995,0.278768,0.940787,0.219559,1.979538,0.598799,1.541326,0.199046,0.279996,0.210062,0.806082,1.838758,0.174728,0.426657,0.231001,0.271811,0.221796,0.946352,1.050453,1.859444,0.135948,0.196247,1.963366,0.324274,1.913026,1.983910,0.354947,0.191530,0.180485,0.201760,0.967175,1.588312,0.712552,1.968388,0.339479,0.245840,0.233568,0.221796,0.194155,0.230729,0.528146,0.184448,0.221611
1.927406,1.500339,0.770090,0.232160,0.000000,0.252490,0.283611,1.339030,1.101351,1.872756,0.406484,1.024154,0.787994,1.661963,0.248133,0.660661,1.169246,1.962028,0.284096,0.394156,0.371320,0.304364,0.339031,0.578668,0.290592,1.975934,0.559215,0.583713,1.957035,0.437294,1.305312,0.248133,0.280693,1.786073,0.405489,0.833782,1.127362,1.927319,0.203082,0.182159,0.651857,1.598775,0.219723,0.363165,0.334671,1.090358,0.619047,0.535819,0.387418,1.808164,1.720022,0.437294,0.619047,1.954200,0.386970,0.364858,1.898108,0.781376,0.385523,1.064262,0.375069,1.963687,0.742278,1.590554,0.303592,0.406860,0.244672,0.938298,1.850659,0.299589,0.559215,0.344861,0.394552,0.400282,1.066094,1.145787,1.907295,0.336748,0.290297,1.933440,0.371816,1.938455,1.961217,0.287365,0.282481,0.258970,0.360939,1.083734,1.515715,0.836060,1.967067,0.278863,0.436714,0.414356,0.400282,0.261164,0.309990,0.631528,0.318900,0.407807
1.894447,1.396464,0.648222,0.086316,0.252490,0.000000,0.135612,1.200838,0.955590,1.919509,0.268733,0.972521,0.795725,1.727643,0.139566,0.517290,1.085926,1.969137,0.238495,0.212209,0.186466,0.341622,0.178602,0.768651,0.207842,1.966848,0.414768,0.462093,1.940256,0.294392,1.446731,0.139566,0.228434,1.857391,0.217161,0.690693,0.973246,1.895268,0.147030,0.177989,0.515222,1.498468,0.318722,0.192913,0.196492,0.969598,0.460505,0.408807,0.223920,1.803791,1.661716,0.294392,0.460505,1.906848,0.307757,0.346886,1.894964,0.600468,0.291698,0.916318,0.216714,1.978427,0.585911,1.521115,0.219990,0.256766,0.216645,0.790161,1.841097,0.178295,0.414768,0.250892,0.269969,0.214796,0.930069,1.031600,1.856332,0.157480,0.181088,1.966095,0.319568,1.909719,1.982518,0.352429,0.203677,0.190543,0.198721,0.951617,1.583050,0.697052,1.963773,0.360182,0.233378,0.225434,0.214796,0.198040,0.257484,0.533482,0.186832,0.212554
1.900064,1.382625,0.623206,0.088104,0.283611,0.135612,0.000000,1.196971,0.950870,1.916216,0.289973,0.999918,0.778954,1.723995,0.135899,0.497523,1.112055,1.971113,0.227174,0.190099,0.169490,0.326643,0.175593,0.764034,0.197237,1.966591,0.384594,0.445545,1.936642,0.259562,1.456360,0.135899,0.203225,1.856015,0.194492,0.697655,0.959254,1.895212,0.233181,0.253512,0.486563,1.498747,0.297270,0.169547,0.160740,0.955602,0.433538,0.378057,0.257445,1.803953,1.665364,0.259562,0.433538,1.908582,0.303754,0.353300,1.892789,0.581452,0.287653,0.909621,0.173439,1.981065,0.559277,1.524839,0.182351,0.261722,0.239120,0.768252,1.831690,0.174726,0.384594,0.207393,0.279848,0.191422,0.912811,1.023110,1.842601,0.081680,0.231652,1.963056,0.325038,1.903049,1.987288,0.379704,0.199259,0.193635,0.182354,0.943520,1.589636,0.674639,1.965770,0.352986,0.211500,0.200667,0.191422,0.216123,0.215603,0.486575,0.174518,0.191819
1.226995,0.625305,0.812068,1.221496,1.339030,1.200838,1.196971,0.000000,0.444552,1.586659,1.181436,1.193878,1.115974,1.497806,1.178774,0.833386,1.110369,1.534736,1.299576,1.141747,1.157491,1.356028,1.214563,1.620832,1.248553,1.444978,0.960546,0.904873,1.451549,1.073413,1.815736,1.178774,1.243511,1.622735,1.129011,0.751633,0.379198,1.235479,1.282688,1.315745,0.900690,0.721069,1.373940,1.173736,1.190949,0.511332,0.895149,0.994058,1.149041,1.179525,1.083369,1.073413,0.895149,1.270272,1.269445,1.331788,1.281994,0.748269,1.293272,0.613316,1.194114,1.579992,0.819196,0.738381,1.221320,1.141867,1.308192,0.631960,1.258505,1.246293,0.960546,1.223808,1.209057,1.143124,0.476121,0.432131,1.301741,1.148208,1.249627,1.609987,1.256231,1.316407,1.580310,1.317534,1.252424,1.280323,1.175929,0.712631,1.333331,0.703256,1.459852,1.385457,1.114390,1.137846,1.143124,1.283214,1.262001,0.933518,1.236132,1.155199
1.444106,0.809227,0.679236,0.976081,1.101351,0.955590,0.950870,0.444552,0.000000,1.712009,0.952449,1.053406,1.048077,1.576732,0.933481,0.631088,1.016358,1.693489,1.048622,0.891805,0.902894,1.106187,0.958950,1.434090,1.002384,1.640945,0.756524,0.693073,1.599695,0.848458,1.784795,0.933481,0.991818,1.720463,0.879210,0.476326,0.420205,1.441158,1.050327,1.077868,0.721775,0.896022,1.153930,0.926973,0.949690,0.479244,0.693628,0.787529,0.910876,1.378371,1.251401,0.848458,0.693628,1.476699,1.028038,1.078155,1.492215,0.581509,1.046470,0.495482,0.953306,1.729628,0.639845,0.974826,0.965891,0.885461,1.057766,0.549252,1.462779,0.997246,0.756524,0.963950,0.973212,0.895245,0.486807,0.378735,1.463594,0.898887,1.012773,1.744636,0.999520,1.524535,1.738628,1.082509,1.000320,1.031322,0.924136,0.662855,1.428787,0.578760,1.647160,1.136205,0.867098,0.892901,0.895245,1.033943,1.008658,0.758781,0.988046,0.906516
0.834311,1.442821,1.840800,1.914714,1.872756,1.919509,1.916216,1.586659,1.712009,0.000000,1.930482,1.652139,1.757734,0.543837,1.912052,1.854814,1.645156,0.613000,1.898903,1.928253,1.930265,1.873522,1.928938,1.698720,1.910479,0.659943,1.897657,1.851075,0.758681,1.914528,1.210834,1.912052,1.906593,0.460839,1.928951,1.827193,1.743200,0.834011,1.915164,1.911282,1.881264,1.422472,1.876819,1.932739,1.924920,1.694291,1.892559,1.892442,1.931637,0.807052,1.281389,1.914528,1.892559,0.875553,1.912214,1.892421,0.718860,1.883649,1.914951,1.772179,1.928383,0.610453,1.853307,1.282837,1.914957,1.926721,1.904477,1.816229,0.764130,1.925792,1.897657,1.913981,1.922423,1.932946,1.738877,1.649063,0.928587,1.920240,1.920893,0.279901,1.913171,0.768184,0.491580,1.859552,1.911641,1.916394,1.923702,1.771595,1.042395,1.825228,0.706615,1.877552,1.938998,1.937738,1.932946,1.912654,1.909446,1.851423,1.927917,1.941898
1.884553,1.367173,0.654621,0.284282,0.406484,0.268733,0.289973,1.181436,0.952449,1.930482,0.000000,0.946361,0.809654,1.750384,0.302482,0.556222,1.041255,1.965335,0.325327,0.265131,0.256868,0.418271,0.269153,0.830486,0.289353,1.954441,0.425093,0.526994,1.932832,0.315853,1.490407,0.302482,0.306861,1.880539,0.267071,0.692871,0.940668,1.885691,0.288724,0.314052,0.515997,1.470345,0.451903,0.244086,0.269650,0.982082,0.464695,0.443947,0.195073,1.816901,1.640694,0.315853,0.464695,1.882408,0.230518,0.418324,1.899823,0.551629,0.326507,0.915674,0.303107,1.967746,0.623281,1.510688,0.273633,0.232361,0.315199,0.762725,1.845058,0.258117,0.425093,0.300821,0.171324,0.253172,0.918539,1.046673,1.829536,0.265483,0.206629,1.966314,0.286248,1.897389,1.978265,0.418949,0.287065,0.275466,0.268763,0.920650,1.592301,0.701172,1.940982,0.405747,0.261093,0.252847,0.253172,0.307214,0.304204,0.554464,0.268284,0.251287
1.646174,1.297369,1.212849,0.984314,1.024154,0.972521,0.999918,1.193878,1.053406,1.652139,0.946361,0.000000,1.395703,1.528922,1.013634,1.080722,0.291095,1.688481,0.962468,1.007088,0.999455,1.017416,0.998059,1.181179,1.029674,1.708447,1.098694,1.070962,1.607885,1.063464,1.567921,1.013634,1.048756,1.655787,1.003347,1.012374,1.175633,1.649656,0.998212,0.999337,1.141797,1.387026,1.100698,1.025744,1.033555,1.254600,1.089078,1.127876,0.961910,1.599443,1.633578,1.063464,1.089078,1.548607,0.960670,0.927969,1.712488,1.038596,0.959218,1.266660,1.018314,1.671651,1.098032,1.478591,1.036031,0.972182,0.993297,1.190120,1.597517,1.016659,1.098694,1.029363,0.953342,1.015167,1.235354,1.246714,1.573666,0.997053,0.972950,1.687864,1.011818,1.689845,1.688894,0.962716,1.010635,1.021189,1.010310,1.102887,1.553639,1.186823,1.674931,1.076925,1.013961,1.023908,1.015167,0.997164,1.044514,1.171864,1.017729,1.012547
1.720548,1.298890,0.488039,0.798259,0.787994,0.795725,0.778954,1.115974,1.048077,1.757734,0.809654,1.395703,0.000000,1.547620,0.714454,0.667853,1.443322,1.857940,0.892453,0.780042,0.795414,0.898919,0.822384,1.045893,0.779254,1.795321,0.575494,0.665300,1.875010,0.624518,1.344162,0.714454,0.739031,1.677224,0.780966,0.821541,0.889057,1.732080,0.796413,0.824475,0.536761,1.369367,0.771341,0.764242,0.723227,0.831559,0.616400,0.552875,0.763496,1.582005,1.432217,0.624518,0.616400,1.822334,0.886238,0.992574,1.638593,0.765569,0.938640,0.843094,0.775843,1.858942,0.711140,1.234856,0.760834,0.777288,0.837546,0.677000,1.666351,0.796862,0.575494,0.793995,0.843912,0.776482,0.735858,0.891561,1.777040,0.769661,0.828205,1.820270,0.826556,1.710542,1.844925,0.812807,0.802475,0.799735,0.788324,0.960601,1.246944,0.582338,1.808741,0.822447,0.784713,0.771110,0.776482,0.820255,0.783587,0.534953,0.797941,0.801348
1.130186,1.399105,1.650746,1.720156,1.661963,1.727643,1.723995,1.497806,1.576732,0.543837,1.750384,1.528922,1.547620,0.000000,1.713156,1.651706,1.588259,1.020128,1.714030,1.746429,1.745538,1.677918,1.746424,1.514264,1.712990,1.055731,1.698841,1.637401,1.114583,1.714259,1.062573,1.713156,1.699576,0.594368,1.748569,1.642297,1.613936,1.144265,1.723075,1.721489,1.688394,1.462584,1.676221,1.748013,1.735857,1.542395,1.698554,1.698238,1.748103,0.870373,1.426554,1.714259,1.698554,1.206399,1.734195,1.722009,0.953415,1.720095,1.747733,1.627961,1.755261,1.017759,1.674040,1.255301,1.722846,1.747120,1.708197,1.648827,0.904300,1.736861,1.698841,1.723676,1.742699,1.751137,1.578777,1.492888,1.248661,1.727520,1.736322,0.784629,1.735983,1.059594,0.927463,1.659133,1.715001,1.722782,1.738625,1.650567,0.945926,1.641652,1.074426,1.674651,1.765331,1.759949,1.751137,1.719649,1.716221,1.638360,1.742067,1.770207
1.888532,1.374305,0.579466,0.132917,0.248133,0.139566,0.135899,1.178774,0.933481,1.912052,0.302482,1.013634,0.714454,1.713156,0.000000,0.475161,1.121351,1.969530,0.295368,0.228726,0.216824,0.371862,0.231435,0.774523,0.231634,1.961000,0.351261,0.421137,1.942963,0.231924,1.448734,0.000000,0.220486,1.849404,0.232989,0.661675,0.935975,1.887760,0.211479,0.236414,0.446468,1.474165,0.313274,0.207518,0.175656,0.929182,0.408738,0.343041,0.239060,1.783821,1.643646,0.231924,0.408738,1.909026,0.352357,0.403389,1.874131,0.566882,0.358831,0.887060,0.221520,1.977962,0.544005,1.496709,0.204560,0.253375,0.267027,0.738369,1.831587,0.218625,0.351261,0.244134,0.316731,0.228592,0.880233,0.992048,1.851365,0.155172,0.250163,1.961913,0.325400,1.897902,1.982951,0.364307,0.235815,0.229331,0.223977,0.911548,1.539148,0.638718,1.958867,0.365922,0.248693,0.235748,0.228592,0.245372,0.250590,0.455953,0.224394,0.239362
1.737989,1.116994,0.329260,0.530669,0.660661,0.517290,0.497523,0.833386,0.631088,1.854814,0.556222,1.080722,0.667853,1.651706,0.475161,0.000000,1.140265,1.901466,0.640162,0.455429,0.460957,0.699251,0.527654,1.078652,0.550462,1.859893,0.264137,0.115761,1.859570,0.362654,1.580677,0.475161,0.540393,1.804118,0.445229,0.488540,0.593935,1.738545,0.618337,0.656333,0.296110,1.252458,0.682526,0.483148,0.490360,0.562187,0.202068,0.302229,0.514672,1.621938,1.503453,0.362654,0.202068,1.777511,0.649437,0.721832,1.731601,0.366126,0.671052,0.581324,0.524113,1.919231,0.340224,1.236751,0.533420,0.513831,0.630138,0.413794,1.668305,0.556986,0.264137,0.543882,0.578422,0.459563,0.516619,0.622770,1.742613,0.448328,0.594482,1.909711,0.631161,1.764721,1.919205,0.689571,0.557696,0.589190,0.483996,0.749853,1.461479,0.310173,1.859752,0.715457,0.442617,0.459945,0.459563,0.601138,0.578216,0.320963,0.546986,0.482191
1.530767,1.216135,1.234924,1.104185,1.169246,1.085926,1.112055,1.110369,1.016358,1.645156,1.041255,0.291095,1.443322,1.588259,1.121351,1.140265,0.000000,1.619354,1.096363,1.099882,1.099369,1.166086,1.106225,1.345450,1.150287,1.614046,1.159391,1.150920,1.523534,1.144054,1.677026,1.121351,1.170565,1.682152,1.093393,1.019517,1.122349,1.537261,1.117857,1.124193,1.182395,1.251312,1.237564,1.122104,1.130106,1.228015,1.141128,1.187730,1.050334,1.556554,1.506656,1.144054,1.141128,1.418098,1.075653,1.059956,1.637323,1.045255,1.079856,1.239065,1.105074,1.606505,1.132036,1.383951,1.144354,1.058378,1.125742,1.180393,1.550445,1.129355,1.159391,1.138105,1.056444,1.106832,1.207949,1.221257,1.446930,1.101761,1.087769,1.648371,1.119792,1.589017,1.630559,1.091010,1.134674,1.143325,1.112277,1.046474,1.559880,1.197772,1.589183,1.219715,1.094181,1.109464,1.106832,1.121533,1.161483,1.233893,1.126989,1.098460
0.581393,1.379651,1.873428,1.970573,1.962028,1.969137,1.971113,1.534736,1.693489,0.613000,1.965335,1.688481,1.857940,1.020128,1.969530,1.901466,1.619354,0.000000,1.965172,1.968803,1.969130,1.957356,1.972291,1.846468,1.976335,0.435016,1.938541,1.913918,0.387788,1.963352,1.435256,1.969530,1.974536,0.802234,1.967703,1.836256,1.705540,0.556123,1.969237,1.967762,1.915876,1.272291,1.966220,1.972983,1.975843,1.700912,1.923948,1.937442,1.965272,0.808263,1.074105,1.963352,1.923948,0.560390,1.962282,1.954378,0.593640,1.874881,1.956219,1.749748,1.970997,0.412275,1.876787,1.241745,1.970550,1.962245,1.973515,1.812167,0.749965,1.975541,1.938541,1.966785,1.963007,1.969181,1.738100,1.664058,0.754693,1.968114,1.967826,0.462034,1.963000,0.612048,0.327707,1.949088,1.973878,1.976397,1.970748,1.707231,1.241698,1.847605,0.449761,1.964813,1.964073,1.967885,1.969181,1.974385,1.970661,1.910893,1.974817,1.967781
1.923415,1.464954,0.777738,0.212658,0.284096,0.238495,0.227174,1.299576,1.048622,1.898903,0.325327,0.962468,0.892453,1.714030,0.295368,0.640162,1.096363,1.965172,0.000000,0.283023,0.277601,0.245180,0.231322,0.665624,0.216118,1.977970,0.548486,0.579723,1.938356,0.419603,1.408367,0.295368,0.264121,1.832608,0.292156,0.805524,1.092425,1.919543,0.275870,0.267565,0.646466,1.576234,0.309372,0.272024,0.286519,1.079036,0.594226,0.530900,0.361310,1.838140,1.714305,0.419603,0.594226,1.926111,0.233884,0.267953,1.924534,0.727629,0.170161,1.030403,0.283691,1.966882,0.706630,1.592799,0.238405,0.361442,0.197106,0.917954,1.858505,0.215854,0.548486,0.262756,0.257144,0.298843,1.053488,1.132164,1.866573,0.260420,0.227694,1.945528,0.343038,1.936684,1.975481,0.323980,0.196954,0.195220,0.250094,1.059230,1.605352,0.826746,1.963532,0.308173,0.329044,0.315657,0.298843,0.208845,0.239923,0.654712,0.228636,0.299322
1.877552,1.344525,0.577816,0.217604,0.394156,0.212209,0.190099,1.141747,0.891805,1.928253,0.265131,1.007088,0.780042,1.746429,0.228726,0.455429,1.099882,1.968803,0.283023,0.000000,0.148585,0.403757,0.169139,0.846025,0.164047,1.957115,0.344826,0.422725,1.930936,0.241484,1.512482,0.228726,0.228626,1.874730,0.022220,0.630329,0.900677,1.877736,0.310737,0.338173,0.440064,1.458384,0.401842,0.096119,0.192213,0.914211,0.382030,0.346877,0.241685,1.794917,1.629234,0.241484,0.382030,1.887181,0.311910,0.399786,1.883500,0.521439,0.318642,0.844201,0.206065,1.979969,0.528006,1.482401,0.234123,0.229237,0.265211,0.709598,1.833900,0.178870,0.344826,0.244748,0.266108,0.072564,0.859814,0.971056,1.823861,0.151620,0.270480,1.967312,0.323458,1.893054,1.988273,0.448887,0.175148,0.217801,0.057096,0.901272,1.597984,0.624095,1.949632,0.394497,0.108060,0.098811,0.072564,0.235733,0.265729,0.475999,0.176247,0.133763
1.885487,1.357714,0.602189,0.193946,0.371320,0.186466,0.169490,1.157491,0.902894,1.930265,0.256868,0.999455,0.795414,1.745538,0.216824,0.460957,1.099369,1.969130,0.277601,0.148585,0.000000,0.374472,0.087314,0.839857,0.193117,1.958639,0.357683,0.420277,1.928346,0.242405,1.493831,0.216824,0.194653,1.875058,0.153369,0.657480,0.918590,1.884603,0.280254,0.303511,0.464215,1.466112,0.388208,0.103904,0.164852,0.925690,0.393832,0.364068,0.244883,1.801944,1.648592,0.242405,0.393832,1.889532,0.299398,0.384336,1.892541,0.540033,0.292378,0.849870,0.198860,1.975489,0.532374,1.501407,0.206424,0.258213,0.249550,0.731504,1.831333,0.140726,0.357683,0.209555,0.253461,0.115930,0.878657,0.985147,1.828860,0.140608,0.235461,1.971082,0.337423,1.894020,1.988229,0.440927,0.192230,0.187687,0.143526,0.914338,1.611209,0.645756,1.953513,0.369679,0.115218,0.115170,0.115930,0.217799,0.241631,0.489806,0.124647,0.080505
1.937885,1.495290,0.838199,0.310616,0.304364,0.341622,0.326643,1.356028,1.106187,1.873522,0.418271,1.017416,0.898919,1.677918,0.371862,0.699251,1.166086,1.957356,0.245180,0.403757,0.374472,0.000000,0.326140,0.620872,0.310356,1.972995,0.611892,0.634897,1.929369,0.488176,1.354487,0.371862,0.327712,1.802771,0.414861,0.882168,1.152600,1.930828,0.345565,0.320618,0.708417,1.610769,0.312033,0.382759,0.366017,1.142777,0.659716,0.595401,0.453274,1.843451,1.748054,0.488176,0.659716,1.938487,0.336185,0.332490,1.927468,0.805916,0.296680,1.083785,0.380722,1.955821,0.785821,1.632787,0.286936,0.449137,0.263626,0.977687,1.862074,0.313550,0.611892,0.265592,0.372557,0.408845,1.111322,1.178132,1.872306,0.365254,0.319703,1.923356,0.389331,1.941038,1.958402,0.401253,0.299589,0.281390,0.366779,1.134946,1.596859,0.891142,1.963847,0.281866,0.441152,0.425332,0.408845,0.291518,0.227624,0.711710,0.325857,0.405667
1.903444,1.406102,0.662589,0.186153,0.339031,0.178602,0.175593,1.214563,0.958950,1.928938,0.269153,0.998059,0.822384,1.746424,0.231435,0.527654,1.106225,1.972291,0.231322,0.169139,0.087314,0.326140,0.000000,0.796592,0.156778,1.967764,0.420871,0.481642,1.933672,0.293281,1.466591,0.231435,0.173506,1.871049,0.179383,0.704283,0.983969,1.902960,0.251501,0.265365,0.524866,1.507010,0.346835,0.120222,0.168465,0.986153,0.462792,0.418550,0.262638,1.822083,1.671975,0.293281,0.462792,1.904778,0.277445,0.345663,1.909475,0.610057,0.248040,0.906598,0.191317,1.975954,0.592562,1.539939,0.200559,0.275552,0.190345,0.797801,1.852244,0.090907,0.420871,0.197191,0.248626,0.148346,0.943175,1.040316,1.843454,0.175196,0.210980,1.968983,0.323818,1.911125,1.988076,0.412933,0.152512,0.132139,0.141917,0.969584,1.623644,0.711304,1.959747,0.321459,0.165869,0.155064,0.148346,0.161233,0.217705,0.552313,0.071470,0.118685
1.911958,1.698531,1.169666,0.739366,0.578668,0.768651,0.764034,1.620832,1.434090,1.698720,0.830486,1.181179,1.045893,1.514264,0.774523,1.078652,1.345450,1.846468,0.665624,0.846025,0.839857,0.620872,0.796592,0.000000,0.724613,1.900084,1.007881,0.999324,1.883697,0.907050,1.030108,0.774523,0.727682,1.567824,0.858502,1.230591,1.483183,1.910398,0.704520,0.676358,1.081736,1.787633,0.578586,0.825208,0.805720,1.405141,1.060951,0.971279,0.855064,1.794848,1.800347,0.907050,1.060951,1.950208,0.744376,0.683791,1.851744,1.199457,0.753355,1.427240,0.822769,1.842784,1.168008,1.717714,0.754495,0.852778,0.676780,1.326870,1.796995,0.755577,1.007881,0.776556,0.798064,0.857831,1.423607,1.450143,1.910767,0.811031,0.746584,1.772283,0.738234,1.921847,1.821122,0.619803,0.719142,0.705156,0.807562,1.421839,1.434181,1.235553,1.889077,0.589367,0.896965,0.873287,0.857831,0.710711,0.724686,1.017837,0.773948,0.867824
1.914533,1.427564,0.667210,0.196665,0.290592,0.207842,0.197237,1.248553,1.002384,1.910479,0.289353,1.029674,0.779254,1.712990,0.231634,0.550462,1.150287,1.976335,0.216118,0.164047,0.193117,0.310356,0.156778,0.724613,0.000000,1.975637,0.434024,0.496930,1.950741,0.308423,1.419073,0.231634,0.145491,1.839391,0.182675,0.726997,1.017513,1.916720,0.250608,0.264133,0.533348,1.544022,0.292112,0.140429,0.205630,1.008225,0.485748,0.426668,0.285457,1.813669,1.683716,0.308423,0.485748,1.929494,0.283852,0.356529,1.903904,0.648228,0.289122,0.943690,0.242978,1.980441,0.633334,1.544233,0.207464,0.287914,0.159519,0.818439,1.853514,0.115742,0.434024,0.223999,0.269663,0.170180,0.964534,1.063161,1.868972,0.206282,0.236162,1.958495,0.306704,1.924564,1.985840,0.380935,0.071394,0.111146,0.116959,1.006607,1.582877,0.727953,1.962469,0.265887,0.224584,0.193908,0.170180,0.148041,0.207024,0.540402,0.131607,0.209432
0.503497,1.270591,1.814940,1.971232,1.975934,1.966848,1.966591,1.444978,1.640945,0.659943,1.954441,1.708447,1.795321,1.055731,1.961000,1.859893,1.614046,0.435016,1.977970,1.957115,1.958639,1.972995,1.967764,1.900084,1.975637,0.000000,1.898930,1.883600,0.493405,1.936985,1.489637,1.961000,1.972165,0.862292,1.955067,1.796717,1.616213,0.500092,1.971299,1.974226,1.866569,1.134142,1.975898,1.961824,1.963763,1.631125,1.880102,1.906612,1.949994,0.778476,0.983065,1.936985,1.880102,0.433631,1.968245,1.967772,0.542805,1.819417,1.971353,1.670787,1.959041,0.419620,1.822251,1.124469,1.965185,1.947051,1.978931,1.735889,0.653615,1.972871,1.898930,1.961103,1.963257,1.956107,1.652334,1.603901,0.610819,1.959176,1.970536,0.519481,1.954974,0.413814,0.400660,1.951501,1.976740,1.977858,1.963392,1.632230,1.224435,1.783823,0.413921,1.975020,1.947491,1.952809,1.956107,1.978127,1.968708,1.863788,1.970423,1.954061
1.798285,1.200104,0.279540,0.426657,0.559215,0.414768,0.384594,0.960546,0.756524,1.897657,0.425093,1.098694,0.575494,1.698841,0.351261,0.264137,1.159391,1.938541,0.548486,0.344826,0.357683,0.611892,0.420871,1.007881,0.434024,1.898930,0.000000,0.285378,1.902445,0.164177,1.551348,0.351261,0.414865,1.853970,0.337615,0.512430,0.677935,1.798115,0.489484,0.530087,0.125627,1.312443,0.575688,0.350579,0.335686,0.692883,0.100973,0.162866,0.362387,1.703127,1.519805,0.164177,0.100973,1.829919,0.540226,0.659541,1.790832,0.344517,0.573494,0.648360,0.381945,1.950049,0.344833,1.316692,0.405361,0.368090,0.521065,0.439616,1.750846,0.434113,0.000000,0.418690,0.470296,0.333086,0.602714,0.771316,1.770134,0.338315,0.473973,1.944887,0.499792,1.803798,1.958190,0.587779,0.453295,0.468798,0.377132,0.743496,1.491095,0.340381,1.900070,0.593451,0.321726,0.326482,0.333086,0.490527,0.447845,0.255367,0.425033,0.358622
1.767032,1.180909,0.386533,0.471966,0.583713,0.462093,0.445545,0.904873,0.693073,1.851075,0.526994,1.070962,0.665300,1.637401,0.421137,0.115761,1.150920,1.913918,0.579723,0.422725,0.420277,0.634897,0.481642,0.999324,0.496930,1.883600,0.285378,0.000000,1.880172,0.344872,1.530953,0.421137,0.483935,1.788358,0.414789,0.537183,0.687733,1.767246,0.561964,0.597206,0.340701,1.318515,0.614749,0.447768,0.449901,0.625583,0.255452,0.289341,0.489486,1.638640,1.543082,0.344872,0.255452,1.812303,0.605796,0.662122,1.752810,0.439198,0.625774,0.658547,0.489743,1.932089,0.383169,1.283990,0.484052,0.490550,0.569390,0.512495,1.686488,0.508290,0.285378,0.501530,0.540350,0.431626,0.604146,0.679452,1.781116,0.404803,0.543895,1.912574,0.591673,1.798107,1.927076,0.625833,0.501102,0.532951,0.442369,0.814974,1.454824,0.389503,1.882154,0.652232,0.422223,0.436229,0.431626,0.543087,0.530758,0.338361,0.500938,0.454704
0.581055,1.285985,1.842178,1.942265,1.957035,1.940256,1.936642,1.451549,1.599695,0.758681,1.932832,1.607885,1.875010,1.114583,1.942963,1.859570,1.523534,0.387788,1.938356,1.930936,1.928346,1.929369,1.933672,1.883697,1.950741,0.493405,1.902445,1.880172,0.000000,1.928431,1.535938,1.942963,1.948682,0.915181,1.928347,1.773917,1.629637,0.547992,1.951455,1.951624,1.879813,1.174215,1.957714,1.936796,1.941623,1.661374,1.881528,1.908322,1.927375,0.817243,1.041007,1.928431,1.881528,0.446190,1.929771,1.921605,0.654916,1.814518,1.918927,1.675919,1.930994,0.496740,1.815841,1.252365,1.941758,1.920988,1.949176,1.757157,0.758520,1.943317,1.902445,1.932691,1.931517,1.929314,1.681458,1.608685,0.652895,1.930817,1.945368,0.601769,1.933335,0.599026,0.491951,1.948485,1.947465,1.949829,1.936445,1.638264,1.375418,1.805819,0.533255,1.951417,1.920697,1.927407,1.929314,1.946018,1.940239,1.882677,1.940505,1.925082
1.852189,1.293125,0.415680,0.301607,0.437294,0.294392,0.259562,1.073413,0.848458,1.914528,0.315853,1.063464,0.624518,1.714259,0.231924,0.362654,1.144054,1.963352,0.419603,0.241484,0.242405,0.488176,0.293281,0.907050,0.308423,1.936985,0.164177,0.344872,1.928431,0.000000,1.506859,0.231924,0.287217,1.866363,0.238406,0.579012,0.804965,1.851589,0.364442,0.399425,0.263471,1.400113,0.449831,0.230907,0.183750,0.815732,0.241392,0.194196,0.260545,1.758002,1.583437,0.000000,0.241392,1.873249,0.417600,0.534245,1.844744,0.437561,0.448572,0.758651,0.253957,1.968618,0.421349,1.413909,0.285043,0.277268,0.385843,0.581743,1.800880,0.301665,0.164177,0.297524,0.354471,0.226367,0.738887,0.885713,1.809610,0.221834,0.345400,1.961126,0.395844,1.852174,1.978793,0.489352,0.326188,0.333259,0.263956,0.824698,1.531239,0.482332,1.932815,0.464821,0.226859,0.222570,0.226367,0.356171,0.325628,0.339816,0.294685,0.247644
1.597871,1.794767,1.591619,1.431269,1.305312,1.446731,1.456360,1.815736,1.784795,1.210834,1.490407,1.567921,1.344162,1.062573,1.448734,1.580677,1.677026,1.435256,1.408367,1.512482,1.493831,1.354487,1.466591,1.030108,1.419073,1.489637,1.551348,1.530953,1.535938,1.506859,0.000000,1.448734,1.402394,1.021722,1.521465,1.661867,1.780627,1.609501,1.383192,1.368312,1.580261,1.836963,1.294251,1.484613,1.465549,1.673956,1.585799,1.525289,1.501810,1.426351,1.651441,1.506859,1.585799,1.677629,1.443191,1.430345,1.452854,1.691797,1.451979,1.698669,1.493689,1.384398,1.609387,1.665803,1.438308,1.524299,1.384504,1.691633,1.403484,1.432114,1.551348,1.457800,1.472430,1.512022,1.708141,1.707244,1.719789,1.488547,1.425814,1.312525,1.453890,1.510590,1.346977,1.325695,1.422726,1.400496,1.487896,1.746923,1.279747,1.639268,1.486743,1.311818,1.537308,1.518469,1.512022,1.401358,1.421045,1.523409,1.442610,1.517675
1.888532,1.374305,0.579466,0.132917,0.248133,0.139566,0.135899,1.178774,0.933481,1.912052,0.302482,1.013634,0.714454,1.713156,0.000000,0.475161,1.121351,1.969530,0.295368,0.228726,0.216824,0.371862,0.231435,0.774523,0.231634,1.961000,0.351261,0.421137,1.942963,0.231924,1.448734,0.000000,0.220486,1.849404,0.232989,0.661675,0.935975,1.887760,0.211479,0.236414,0.446468,1.474165,0.313274,0.207518,0.175656,0.929182,0.408738,0.343041,0.239060,1.783821,1.643646,0.231924,0.408738,1.909026,0.352357,0.403389,1.874131,0.566882,0.358831,0.887060,0.221520,1.977962,0.544005,1.496709,0.204560,0.253375,0.267027,0.738369,1.831587,0.218625,0.351261,0.244134,0.316731,0.228592,0.880233,0.992048,1.851365,0.155172,0.250163,1.961913,0.325400,1.897902,1.982951,0.364307,0.235815,0.229331,0.223977,0.911548,1.539148,0.638718,1.958867,0.365922,0.248693,0.235748,0.228592,0.245372,0.250590,0.455953,0.224394,0.239362
1.911868,1.421114,0.642956,0.212713,0.280693,0.228434,0.203225,1.243511,0.991818,1.906593,0.306861,1.048756,0.739031,1.699576,0.220486,0.540393,1.170565,1.974536,0.264121,0.228626,0.194653,0.327712,0.173506,0.727682,0.145491,1.972165,0.414865,0.483935,1.948682,0.287217,1.402394,0.220486,0.000000,1.832284,0.241615,0.711698,1.006177,1.911067,0.254637,0.266426,0.513420,1.532206,0.281368,0.174516,0.200872,0.989026,0.471903,0.408760,0.292276,1.800324,1.672692,0.287217,0.471903,1.931981,0.312816,0.381434,1.893723,0.642696,0.324180,0.917188,0.264404,1.973309,0.620809,1.529019,0.192323,0.298443,0.190405,0.800146,1.840400,0.137248,0.414865,0.220288,0.301377,0.215056,0.945875,1.047399,1.873343,0.209302,0.255658,1.959380,0.311692,1.917806,1.984761,0.373959,0.145659,0.126442,0.200519,0.991046,1.563131,0.707539,1.959313,0.227493,0.254376,0.225523,0.215056,0.180217,0.206515,0.507489,0.148284,0.230649
0.969313,1.509647,1.804456,1.850603,1.786073,1.857391,1.856015,1.622735,1.720463,0.460839,1.880539,1.655787,1.677224,0.594368,1.849404,1.804118,1.682152,0.802234,1.832608,1.874730,1.875058,1.802771,1.871049,1.567824,1.839391,0.862292,1.853970,1.788358,0.915181,1.866363,1.021722,1.849404,1.832284,0.000000,1.877110,1.791846,1.757317,0.991046,1.845605,1.843646,1.846890,1.508501,1.790851,1.873940,1.873548,1.679700,1.851741,1.844690,1.880013,0.787644,1.344290,1.866363,1.851741,1.087222,1.857718,1.827873,0.779325,1.868825,1.866181,1.756339,1.884476,0.771082,1.831869,1.336471,1.853028,1.880844,1.833938,1.803084,0.775648,1.859201,1.853970,1.862099,1.869981,1.880250,1.731279,1.632408,1.225452,1.864126,1.865285,0.588747,1.857452,1.005450,0.643648,1.780617,1.840046,1.844665,1.865690,1.786646,0.973036,1.798584,0.866302,1.796856,1.892012,1.886497,1.880250,1.842835,1.847253,1.793402,1.864245,1.893396
1.872893,1.335629,0.569303,0.223776,0.405489,0.217161,0.194492,1.129011,0.879210,1.928951,0.267071,1.003347,0.780966,1.748569,0.232989,0.445229,1.093393,1.967703,0.292156,0.022220,0.153369,0.414861,0.179383,0.858502,0.182675,1.955067,0.337615,0.414789,1.928347,0.238406,1.521465,0.232989,0.241615,1.877110,0.000000,0.620483,0.887627,1.872644,0.320175,0.348654,0.432059,1.449776,0.413693,0.108508,0.197273,0.903526,0.372310,0.340654,0.242175,1.791990,1.623667,0.238406,0.372310,1.882125,0.317046,0.403984,1.880827,0.507981,0.323622,0.833643,0.207901,1.979018,0.518095,1.475678,0.242855,0.228185,0.279647,0.698442,1.830591,0.193119,0.337615,0.254413,0.268849,0.080279,0.848144,0.960034,1.819036,0.151958,0.277537,1.967332,0.329588,1.889373,1.987654,0.457807,0.191925,0.233104,0.076628,0.891690,1.598767,0.613134,1.947751,0.410105,0.106041,0.103164,0.080279,0.249153,0.277855,0.471107,0.189198,0.137138
1.630655,1.056123,0.495311,0.717242,0.833782,0.690693,0.697655,0.751633,0.476326,1.827193,0.692871,1.012374,0.821541,1.642297,0.661675,0.488540,1.019517,1.836256,0.805524,0.630329,0.657480,0.882168,0.704283,1.230591,0.726997,1.796717,0.512430,0.537183,1.773917,0.579012,1.661867,0.661675,0.711698,1.791846,0.620483,0.000000,0.555053,1.642022,0.769806,0.802567,0.491795,1.108033,0.892554,0.656574,0.679172,0.581617,0.476483,0.551126,0.626596,1.527741,1.353938,0.579012,0.476483,1.681758,0.786558,0.860124,1.644818,0.431051,0.814981,0.506096,0.690708,1.852480,0.520423,1.130715,0.702448,0.612350,0.787172,0.469395,1.633275,0.727084,0.512430,0.714159,0.720301,0.632484,0.539127,0.589179,1.670160,0.649584,0.753397,1.870804,0.740461,1.698420,1.865566,0.800607,0.730148,0.759727,0.662296,0.641913,1.446526,0.459568,1.777843,0.874000,0.615573,0.630522,0.632484,0.760644,0.749924,0.546936,0.722365,0.657332
1.442441,0.730342,0.533069,0.991282,1.127362,0.973246,0.959254,0.379198,0.420205,1.743200,0.940668,1.175633,0.889057,1.613936,0.935975,0.593935,1.122349,1.705540,1.092425,0.900677,0.918590,1.152600,0.983969,1.483183,1.017513,1.616213,0.677935,0.687733,1.629637,0.804965,1.780627,0.935975,1.006177,1.757317,0.887627,0.555053,0.000000,1.443079,1.055404,1.092367,0.611413,0.843655,1.151729,0.925646,0.944106,0.418366,0.608434,0.736619,0.902534,1.382154,1.186795,0.804965,0.608434,1.476554,1.046141,1.146914,1.474232,0.454172,1.083114,0.428309,0.955754,1.736585,0.577617,0.913535,0.981039,0.896597,1.090329,0.292402,1.446402,1.009592,0.677935,0.983084,0.979934,0.894749,0.218047,0.439496,1.452506,0.905050,1.023937,1.767302,1.026648,1.483197,1.747537,1.121374,1.026912,1.049615,0.941115,0.532985,1.405007,0.421195,1.633010,1.165093,0.863977,0.884870,0.894749,1.060828,1.023413,0.660799,0.998631,0.907984
0.245068,1.102705,1.688355,1.902525,1.927319,1.895268,1.895212,1.235479,1.441158,0.834011,1.885691,1.649656,1.732080,1.144265,1.887760,1.738545,1.537261,0.556123,1.919543,1.877736,1.884603,1.930828,1.902960,1.910398,1.916720,0.500092,1.798115,1.767246,0.547992,1.851589,1.609501,1.887760,1.911067,0.991046,1.872644,1.642022,1.443079,0.000000,1.916781,1.926079,1.757036,0.986309,1.940859,1.889764,1.894130,1.441518,1.769965,1.799199,1.873383,0.708776,0.693789,1.851589,1.769965,0.443216,1.907689,1.920150,0.499675,1.693906,1.912667,1.507576,1.887439,0.648822,1.702456,0.954473,1.899648,1.867854,1.933159,1.591894,0.667020,1.913619,1.798115,1.900857,1.893809,1.878954,1.486680,1.406616,0.653153,1.882132,1.910633,0.725495,1.901105,0.501931,0.617406,1.904419,1.918554,1.924443,1.890315,1.513520,1.203481,1.641157,0.573299,1.943990,1.864930,1.875051,1.878954,1.925152,1.913980,1.767259,1.909853,1.879125
1.912615,1.458621,0.717588,0.180184,0.203082,0.147030,0.233181,1.282688,1.050327,1.915164,0.288724,0.998212,0.796413,1.723075,0.211479,0.618337,1.117857,1.969237,0.275870,0.310737,0.280254,0.345565,0.251501,0.704520,0.250608,1.971299,0.489484,0.561964,1.951455,0.364442,1.383192,0.211479,0.254637,1.845605,0.320175,0.769806,1.055404,1.916781,0.000000,0.074140,0.585026,1.541868,0.294007,0.269738,0.259421,1.051116,0.545980,0.486965,0.250171,1.825767,1.679629,0.364442,0.545980,1.928819,0.326403,0.372674,1.908441,0.686048,0.327920,0.989277,0.290309,1.972443,0.678329,1.563169,0.263291,0.301896,0.218400,0.865959,1.862254,0.218945,0.489484,0.300278,0.307856,0.303111,1.010646,1.117244,1.879406,0.269151,0.183520,1.961903,0.312588,1.923186,1.977071,0.315418,0.250454,0.204788,0.288773,1.010951,1.566459,0.780071,1.965839,0.313843,0.329455,0.310032,0.303111,0.219131,0.283083,0.601073,0.236506,0.298438
1.924001,1.484967,0.757961,0.195081,0.182159,0.177989,0.253512,1.315745,1.077868,1.911282,0.314052,0.999337,0.824475,1.721489,0.236414,0.656333,1.124193,1.967762,0.267565,0.338173,0.303511,0.320618,0.265365,0.676358,0.264133,1.974226,0.530087,0.597206,1.951624,0.399425,1.368312,0.236414,0.266426,1.843646,0.348654,0.802567,1.092367,1.926079,0.074140,0.000000,0.624502,1.564432,0.282722,0.296999,0.280113,1.086668,0.587058,0.522726,0.295513,1.838583,1.700110,0.399425,0.587058,1.934600,0.323422,0.342951,1.918975,0.726592,0.319542,1.026317,0.311803,1.970477,0.711880,1.588083,0.272692,0.333704,0.205576,0.906705,1.872342,0.232880,0.530087,0.304466,0.319388,0.332411,1.048592,1.150115,1.882745,0.294869,0.184324,1.957993,0.315759,1.930012,1.974584,0.314957,0.256420,0.209214,0.310872,1.038891,1.576121,0.819773,1.969002,0.294119,0.359926,0.340468,0.332411,0.214668,0.282761,0.638654,0.251837,0.323266
1.756577,1.149437,0.180000,0.528399,0.651857,0.515222,0.486563,0.900690,0.721775,1.881264,0.515997,1.141797,0.536761,1.688394,0.446468,0.296110,1.182395,1.915876,0.646466,0.440064,0.464215,0.708417,0.524866,1.081736,0.533348,1.866569,0.125627,0.340701,1.879813,0.263471,1.580261,0.446468,0.513420,1.846890,0.432059,0.491795,0.611413,1.757036,0.585026,0.624502,0.000000,1.251955,0.665340,0.450743,0.431927,0.634772,0.153494,0.198196,0.449769,1.665035,1.461371,0.263471,0.153494,1.794864,0.633406,0.752561,1.747029,0.329774,0.668488,0.596146,0.468284,1.931425,0.328461,1.250469,0.501456,0.451054,0.621141,0.364365,1.724236,0.536593,0.125627,0.514546,0.564609,0.431241,0.521937,0.716121,1.734310,0.441418,0.573002,1.926083,0.586906,1.761242,1.938480,0.668015,0.553819,0.570655,0.474560,0.687680,1.456763,0.254624,1.871645,0.686357,0.416721,0.423002,0.431241,0.591043,0.543425,0.257826,0.528034,0.457254
0.976683,0.712503,1.185297,1.520212,1.598775,1.498468,1.498747,0.721069,0.896022,1.422472,1.470345,1.387026,1.369367,1.462584,1.474165,1.252458,1.251312,1.272291,1.576234,1.458384,1.466112,1.610769,1.507010,1.787633,1.544022,1.134142,1.312443,1.318515,1.174215,1.400113,1.836963,1.474165,1.532206,1.508501,1.449776,1.108033,0.843655,0.986309,1.541868,1.564432,1.251955,0.000000,1.626634,1.474661,1.486061,0.963800,1.266678,1.345165,1.438558,1.076361,0.896753,1.400113,1.266678,0.974620,1.541654,1.595139,1.060096,1.138200,1.561094,0.957543,1.479874,1.310191,1.204449,0.766228,1.502668,1.428881,1.577436,1.021432,1.123287,1.527505,1.312443,1.496969,1.505373,1.454307,0.935800,0.920840,1.009942,1.462907,1.536801,1.390838,1.505659,1.043958,1.332783,1.560067,1.544591,1.555080,1.486545,0.825416,1.238817,1.117027,1.195650,1.624321,1.426836,1.444014,1.454307,1.563460,1.529501,1.287495,1.520458,1.452583
1.945696,1.516282,0.781922,0.280546,0.219723,0.318722,0.297270,1.373940,1.153930,1.876819,0.451903,1.100698,0.771341,1.676221,0.313274,0.682526,1.237564,1.966220,0.309372,0.401842,0.388208,0.312033,0.346835,0.578586,0.292112,1.975898,0.575688,0.614749,1.957714,0.449831,1.294251,0.313274,0.281368,1.790851,0.413693,0.892554,1.151729,1.940859,0.294007,0.282722,0.665340,1.626634,0.000000,0.368156,0.336798,1.118831,0.637281,0.552144,0.446857,1.826337,1.735876,0.449831,0.637281,1.962857,0.406586,0.397716,1.906480,0.812862,0.393863,1.081559,0.371055,1.963930,0.759087,1.619310,0.335324,0.461673,0.271838,0.950551,1.853919,0.301742,0.575688,0.353416,0.427993,0.405802,1.082561,1.178501,1.900868,0.348590,0.355782,1.931982,0.425393,1.934996,1.963524,0.387396,0.295942,0.264027,0.368967,1.119537,1.555735,0.852174,1.968496,0.265578,0.443131,0.417631,0.405802,0.285161,0.315000,0.633200,0.316910,0.412707
1.889490,1.367363,0.590861,0.196082,0.363165,0.192913,0.169547,1.173736,0.926973,1.932739,0.244086,1.025744,0.764242,1.748013,0.207518,0.483148,1.122104,1.972983,0.272024,0.096119,0.103904,0.382759,0.120222,0.825208,0.140429,1.961824,0.350579,0.447768,1.936796,0.230907,1.484613,0.207518,0.174516,1.873940,0.108508,0.656574,0.925646,1.889764,0.269738,0.296999,0.450743,1.474661,0.368156,0.000000,0.158407,0.937528,0.396226,0.357985,0.224607,1.804443,1.637171,0.230907,0.396226,1.899922,0.289770,0.400374,1.890868,0.542058,0.301020,0.858149,0.191185,1.980500,0.544993,1.501286,0.193725,0.232367,0.238024,0.727138,1.840903,0.114376,0.350579,0.211471,0.248608,0.057198,0.881799,1.001584,1.835918,0.142542,0.235826,1.972613,0.315220,1.897979,1.991686,0.429386,0.159971,0.164272,0.091551,0.917094,1.599747,0.644596,1.954491,0.351303,0.095432,0.062457,0.057198,0.206521,0.225795,0.476929,0.108503,0.086863
