0.000000,1.064722,1.653111,1.884047,1.905280,1.872699,1.876045,1.190248,1.420202,0.847296,1.858727,1.609065,1.717684,1.113206,1.862251,1.695307,1.489293,0.607794,1.901776,1.852636,1.859642,1.895793,1.878043,1.890695,1.892909,0.533511,1.757287,1.727996,0.620838,1.822308,1.581086,1.862251,1.874171,0.969306,1.848290,1.615787,1.409635,0.279530,1.898451,1.912042,1.720819,1.061462,1.925752,1.863733,1.868946,1.417298,1.723038,1.772236,1.836307,0.630669,0.778017,1.822308,1.723038,0.522943,1.893932,1.913906,0.458299,1.657267,1.898062,1.477809,1.861172,0.656499,1.677847,0.942766,1.855592,1.836338,1.913947,1.544620,0.752594,1.887883,1.757287,1.858910,1.874485,1.852777,1.459669,1.352258,0.696653,1.859907,1.894454,0.741245,1.884701,0.531336,0.657660,1.864067,1.893530,1.899832,1.864295,1.506396,1.172531,1.608137,0.582724,1.907676,1.837749,1.848064,1.852777,1.909373,1.869862,1.762527,1.883198,1.854400
1.064722,0.000000,1.118507,1.409951,1.514493,1.393347,1.386945,0.592612,0.834185,1.483596,1.354624,1.185876,1.382586,1.488133,1.390901,1.122422,1.097208,1.319380,1.443104,1.342494,1.347301,1.483343,1.388230,1.719500,1.426800,1.228685,1.203490,1.191785,1.196161,1.300011,1.860377,1.390901,1.400989,1.534844,1.335084,1.134810,0.740467,1.060051,1.457933,1.485695,1.167389,0.879430,1.554659,1.358872,1.388492,0.901682,1.144488,1.273313,1.321029,1.122414,1.119552,1.300011,1.144488,1.060739,1.437271,1.495144,1.191736,1.019739,1.426625,0.987838,1.384434,1.381303,1.093693,0.738283,1.369678,1.319235,1.471315,0.924864,1.030845,1.412114,1.203490,1.372305,1.391674,1.332347,0.854724,0.888532,1.124488,1.348781,1.426095,1.445799,1.422435,1.217083,1.406279,1.455421,1.427373,1.444479,1.365855,1.030036,1.464708,1.030993,1.274790,1.491499,1.308234,1.326422,1.332347,1.461225,1.404642,1.249675,1.402286,1.338155
1.653111,1.118507,0.000000,0.649815,0.771193,0.642582,0.612577,0.818215,0.663351,1.837964,0.668745,1.231393,0.482275,1.656435,0.574138,0.321223,1.283699,1.855412,0.766295,0.566352,0.580937,0.773407,0.632327,1.154156,0.648544,1.789197,0.262831,0.385055,1.822069,0.410270,1.632431,0.574138,0.586105,1.803183,0.560615,0.554598,0.528595,1.626345,0.725992,0.772545,0.178719,1.164624,0.784917,0.569533,0.567129,0.475900,0.245921,0.290998,0.580447,1.589062,1.340586,0.410270,0.245921,1.758715,0.785879,0.855142,1.679692,0.394997,0.776333,0.516343,0.599739,1.882799,0.330391,1.150800,0.582544,0.583029,0.751927,0.300019,1.625693,0.638035,0.262831,0.614496,0.721546,0.555996,0.380938,0.594253,1.705519,0.568368,0.732609,1.871349,0.730499,1.738489,1.890208,0.766094,0.671950,0.674490,0.593843,0.758314,1.385656,0.132670,1.820956,0.723250,0.539939,0.545950,0.555996,0.721953,0.635511,0.347423,0.623766,0.579362
1.884047,1.409951,0.649815,0.000000,0.261770,0.085268,0.089093,1.211174,0.954753,1.902852,0.316973,1.034356,0.752665,1.706249,0.146318,0.526444,1.171601,1.969730,0.216867,0.219725,0.185281,0.299155,0.170941,0.725915,0.175262,1.950800,0.432310,0.463747,1.948523,0.290037,1.479717,0.146318,0.210788,1.853794,0.227363,0.736435,0.977766,1.858893,0.169551,0.195528,0.515237,1.435719,0.306513,0.188281,0.186307,0.933636,0.490041,0.406696,0.294694,1.817696,1.631971,0.290037,0.490041,1.914305,0.325112,0.296656,1.912672,0.617021,0.268911,0.931649,0.219079,1.984185,0.577106,1.490896,0.231278,0.320223,0.219860,0.816452,1.802491,0.161126,0.432310,0.245693,0.301080,0.215219,0.921027,1.033972,1.859319,0.144863,0.220761,1.954283,0.342401,1.926129,1.981988,0.353478,0.187965,0.166038,0.194349,0.915194,1.515696,0.698644,1.965137,0.299108,0.241523,0.227680,0.215219,0.205311,0.255479,0.449497,0.167539,0.216504
1.905280,1.514493,0.771193,0.261770,0.000000,0.284760,0.315201,1.331357,1.090618,1.841429,0.492130,1.102341,0.745208,1.618116,0.253691,0.666035,1.263260,1.957650,0.318629,0.423497,0.395063,0.305392,0.364596,0.554757,0.310353,1.958780,0.592509,0.579537,1.959260,0.456868,1.335644,0.253691,0.324956,1.771844,0.434448,0.875191,1.128048,1.887071,0.234604,0.205600,0.661872,1.519931,0.243236,0.392638,0.364429,1.042934,0.659288,0.533270,0.478910,1.814888,1.677146,0.456868,0.659288,1.953109,0.452021,0.353195,1.909164,0.800693,0.409839,1.064242,0.406956,1.965913,0.724417,1.537259,0.372548,0.497562,0.287854,0.967053,1.813904,0.332708,0.592509,0.383768,0.460137,0.429314,1.050268,1.126466,1.900266,0.367225,0.357136,1.913950,0.447681,1.937515,1.954684,0.372316,0.308210,0.292989,0.387918,1.037982,1.445634,0.834865,1.964853,0.318201,0.464236,0.443390,0.429314,0.294299,0.360417,0.556725,0.347529,0.436466
1.872699,1.393347,0.642582,0.085268,0.284760,0.000000,0.134775,1.190793,0.935591,1.904583,0.302783,1.033683,0.762064,1.712636,0.164047,0.511351,1.166634,1.966907,0.224531,0.218185,0.185918,0.317700,0.172122,0.753443,0.197406,1.946108,0.426235,0.450301,1.943726,0.291263,1.496628,0.164047,0.233301,1.858828,0.223414,0.725884,0.960890,1.849026,0.147912,0.190787,0.508355,1.421962,0.342872,0.196995,0.199241,0.917901,0.480031,0.404810,0.268180,1.818519,1.622821,0.291263,0.480031,1.905261,0.331637,0.313292,1.910206,0.603833,0.266760,0.916659,0.226250,1.981702,0.569235,1.471636,0.241095,0.303935,0.234875,0.804099,1.801757,0.176418,0.426235,0.253535,0.293544,0.217602,0.906534,1.016312,1.853562,0.163282,0.204595,1.955336,0.341304,1.921545,1.979657,0.363830,0.208602,0.187279,0.196505,0.905782,1.514588,0.686352,1.961705,0.322266,0.236021,0.229125,0.217602,0.222067,0.271073,0.456534,0.180216,0.215006
1.876045,1.386945,0.612577,0.089093,0.315201,0.134775,0.000000,1.187828,0.932527,1.910272,0.316351,1.040550,0.730530,1.719011,0.154253,0.503211,1.169071,1.969230,0.244019,0.194019,0.162038,0.328584,0.158826,0.764047,0.180475,1.944417,0.391856,0.451810,1.942328,0.250689,1.506115,0.154253,0.199946,1.864474,0.200550,0.709989,0.943002,1.848384,0.222293,0.252717,0.474737,1.410029,0.324600,0.157949,0.149618,0.907150,0.449387,0.374075,0.274854,1.813049,1.610563,0.250689,0.449387,1.906136,0.343709,0.328585,1.906308,0.577493,0.281632,0.897851,0.177030,1.985012,0.542598,1.479030,0.222339,0.293819,0.248055,0.775282,1.798257,0.152797,0.391856,0.240752,0.311874,0.181942,0.887046,1.012950,1.844877,0.096991,0.249287,1.957011,0.340746,1.917999,1.985470,0.373451,0.199115,0.174372,0.177460,0.889359,1.517981,0.662145,1.961093,0.307925,0.205406,0.190918,0.181942,0.227919,0.254073,0.413288,0.151956,0.183692
1.190248,0.592612,0.818215,1.211174,1.331357,1.190793,1.187828,0.000000,0.457032,1.581623,1.167150,1.164749,1.134495,1.506826,1.173931,0.823423,1.106558,1.505552,1.270368,1.122436,1.144256,1.291996,1.190607,1.594007,1.227056,1.405631,0.945247,0.902831,1.431447,1.070593,1.842131,1.173931,1.192264,1.609944,1.112044,0.816565,0.379272,1.178068,1.283736,1.321323,0.898327,0.790486,1.378148,1.153152,1.187049,0.545933,0.872471,1.000371,1.119573,1.177732,1.090643,1.070593,0.872471,1.287075,1.259663,1.338137,1.291151,0.737365,1.263253,0.626814,1.186572,1.554780,0.804871,0.711711,1.152157,1.116800,1.291696,0.621489,1.212698,1.214361,0.945247,1.167074,1.203847,1.124060,0.501284,0.438719,1.303557,1.139018,1.251112,1.579247,1.243712,1.369805,1.569197,1.267467,1.229237,1.250819,1.152097,0.842238,1.335883,0.713608,1.436804,1.303977,1.096593,1.118743,1.124060,1.275040,1.198928,1.009380,1.201438,1.138703
1.420202,0.834185,0.663351,0.954753,1.090618,0.935591,0.932527,0.457032,0.000000,1.722843,0.917903,1.055267,1.011723,1.595834,0.918970,0.604047,1.043354,1.696715,1.012455,0.850111,0.876487,1.009766,0.921466,1.400482,0.957883,1.602013,0.727588,0.672970,1.625728,0.835553,1.791981,0.918970,0.924261,1.713240,0.840807,0.486899,0.409826,1.392702,1.037687,1.076104,0.697954,0.830168,1.152332,0.884152,0.940748,0.481474,0.658588,0.777353,0.868926,1.371777,1.199960,0.835553,0.658588,1.506880,0.994444,1.090488,1.497152,0.537544,1.002090,0.439014,0.931077,1.723416,0.609060,0.903348,0.868742,0.859182,1.028407,0.531337,1.430843,0.947089,0.727588,0.877832,0.945813,0.853779,0.497760,0.398728,1.496759,0.884548,1.005238,1.740984,0.988435,1.573900,1.746975,0.999920,0.958091,0.984145,0.879193,0.659775,1.338689,0.578767,1.628298,1.036573,0.828039,0.849833,0.853779,1.011603,0.911389,0.808632,0.934955,0.871818
0.847296,1.483596,1.837964,1.902852,1.841429,1.904583,1.910272,1.581623,1.722843,0.000000,1.929861,1.623757,1.767806,0.549170,1.889223,1.851970,1.591640,0.639363,1.895642,1.919297,1.923558,1.870138,1.921093,1.679427,1.904919,0.686510,1.893161,1.847130,0.776533,1.910855,1.131681,1.889223,1.896937,0.490649,1.919805,1.841800,1.751042,0.919402,1.897388,1.888342,1.877483,1.450420,1.867167,1.924060,1.918586,1.722205,1.888091,1.879105,1.921639,0.788200,1.282676,1.910855,1.888091,0.885440,1.910769,1.897100,0.705539,1.877741,1.917709,1.754708,1.919573,0.619604,1.828686,1.312207,1.905113,1.918878,1.891927,1.817685,0.869633,1.915513,1.893161,1.905015,1.922466,1.926557,1.754193,1.649433,0.862547,1.916643,1.912629,0.282868,1.907094,0.669873,0.538011,1.842434,1.898092,1.905746,1.914827,1.764120,1.133588,1.827123,0.684951,1.876676,1.930597,1.930276,1.926557,1.899179,1.899410,1.879330,1.918938,1.933520
1.858727,1.354624,0.668745,0.316973,0.492130,0.302783,0.316351,1.167150,0.917903,1.929861,0.000000,1.005432,0.837195,1.765290,0.367508,0.547198,1.111785,1.963784,0.323772,0.275986,0.275225,0.405349,0.287406,0.853282,0.324716,1.929319,0.447666,0.520374,1.928365,0.341325,1.576196,0.367508,0.359735,1.897398,0.272940,0.708385,0.925953,1.839035,0.336394,0.379139,0.524142,1.363229,0.504666,0.284296,0.293500,0.933040,0.484984,0.470958,0.223836,1.828066,1.614779,0.341325,0.484984,1.866909,0.222227,0.395078,1.907448,0.554993,0.293632,0.911162,0.316055,1.966415,0.606142,1.472600,0.294166,0.267147,0.348223,0.779281,1.811826,0.290844,0.447666,0.291588,0.167911,0.287484,0.906643,1.033326,1.820669,0.276792,0.261243,1.963786,0.285525,1.910493,1.974562,0.437011,0.326544,0.313007,0.286827,0.828946,1.524281,0.703164,1.934954,0.413723,0.283709,0.284980,0.287484,0.339506,0.316913,0.530715,0.291269,0.270499
1.609065,1.185876,1.231393,1.034356,1.102341,1.033683,1.040550,1.164749,1.055267,1.623757,1.005432,0.000000,1.416885,1.510731,1.081507,1.113883,0.278367,1.658473,0.980425,1.034972,1.053006,1.054322,1.054323,1.191304,1.063551,1.614622,1.130901,1.115507,1.587646,1.108514,1.581010,1.081507,1.093992,1.615042,1.031134,1.111498,1.157481,1.574381,1.058613,1.060709,1.162141,1.273925,1.160565,1.058296,1.090279,1.222711,1.119486,1.165356,1.014168,1.515625,1.566768,1.108514,1.119486,1.497926,0.986886,1.032717,1.652972,1.036813,1.002634,1.240410,1.068950,1.678554,1.063322,1.387692,1.048897,1.018545,1.058636,1.194852,1.456744,1.062338,1.130901,1.042047,0.992939,1.041421,1.234383,1.248328,1.510453,1.033177,1.024080,1.662314,1.041206,1.620952,1.674294,0.936249,1.049514,1.072836,1.039356,1.066842,1.552989,1.200417,1.629934,1.121259,1.041590,1.050454,1.041421,1.061717,1.047359,1.197046,1.062619,1.049487
1.717684,1.382586,0.482275,0.752665,0.745208,0.762064,0.730530,1.134495,1.011723,1.767806,0.837195,1.416885,0.000000,1.563378,0.660265,0.658832,1.491828,1.842617,0.864953,0.739950,0.745201,0.805213,0.761916,1.011833,0.732661,1.796009,0.558969,0.652568,1.859002,0.592879,1.387505,0.660265,0.667562,1.704203,0.743521,0.814094,0.900561,1.695695,0.779421,0.806502,0.527554,1.335412,0.729669,0.717091,0.674260,0.802873,0.603278,0.508367,0.759859,1.609768,1.395142,0.592879,0.603278,1.844059,0.902169,0.935472,1.668918,0.765769,0.901340,0.832608,0.720155,1.859731,0.672280,1.299080,0.708599,0.757621,0.804364,0.693331,1.675479,0.737135,0.558969,0.734017,0.872215,0.732070,0.738272,0.876534,1.776587,0.730380,0.845505,1.820377,0.819401,1.747776,1.855072,0.815613,0.757027,0.742583,0.743762,1.002742,1.289531,0.581598,1.827549,0.726538,0.743128,0.727374,0.732070,0.781179,0.724410,0.519318,0.731636,0.754476
1.113206,1.488133,1.656435,1.706249,1.618116,1.712636,1.719011,1.506826,1.595834,0.549170,1.765290,1.510731,1.563378,0.000000,1.680780,1.660658,1.545921,1.040207,1.716458,1.736434,1.746930,1.663324,1.744082,1.469132,1.708438,1.041988,1.702983,1.644915,1.142395,1.718328,0.988175,1.680780,1.694421,0.619060,1.738271,1.675102,1.635648,1.179907,1.705054,1.695947,1.688683,1.408740,1.660669,1.744385,1.731580,1.581203,1.704797,1.686045,1.745288,0.858408,1.370880,1.718328,1.704797,1.229231,1.745227,1.721619,0.953751,1.721401,1.760580,1.619511,1.741292,1.034812,1.637146,1.291755,1.711243,1.744378,1.692256,1.665691,1.025948,1.730973,1.702983,1.710484,1.762285,1.749756,1.612534,1.508163,1.204168,1.727543,1.743832,0.785203,1.730749,1.012247,0.955082,1.626223,1.699995,1.715639,1.729810,1.605316,0.965921,1.656573,1.069653,1.673386,1.763091,1.758188,1.749756,1.701069,1.699749,1.678902,1.737563,1.768360
1.862251,1.390901,0.574138,0.146318,0.253691,0.164047,0.154253,1.173931,0.918970,1.889223,0.367508,1.081507,0.660265,1.680780,0.000000,0.475693,1.212352,1.964454,0.305557,0.248278,0.224043,0.331572,0.230957,0.749928,0.218968,1.941634,0.372678,0.413434,1.946854,0.244699,1.478972,0.000000,0.198812,1.838790,0.254981,0.696317,0.932122,1.838065,0.222319,0.252152,0.446956,1.399646,0.321264,0.215802,0.201627,0.874163,0.437506,0.340941,0.304669,1.792134,1.592361,0.244699,0.437506,1.913598,0.401912,0.386340,1.887414,0.582218,0.360161,0.883413,0.254364,1.979913,0.525124,1.454127,0.226450,0.320052,0.290710,0.759260,1.796941,0.213714,0.372678,0.252709,0.371263,0.242410,0.859351,0.973273,1.854987,0.176293,0.303526,1.945571,0.360182,1.910254,1.977941,0.372043,0.237216,0.220226,0.233057,0.882030,1.457245,0.632036,1.956435,0.309931,0.265536,0.249599,0.242410,0.271437,0.258158,0.366865,0.215053,0.255231
1.695307,1.122422,0.321223,0.526444,0.666035,0.511351,0.503211,0.823423,0.604047,1.851970,0.547198,1.113883,0.658832,1.660658,0.475693,0.000000,1.194202,1.888407,0.628933,0.433924,0.445688,0.634843,0.500788,1.066822,0.527574,1.834347,0.260914,0.124684,1.848531,0.365995,1.639673,0.475693,0.485333,1.806316,0.425838,0.543545,0.582738,1.680998,0.621267,0.666566,0.282773,1.199389,0.709584,0.457819,0.497549,0.536384,0.210139,0.302957,0.490205,1.632467,1.455484,0.365995,0.210139,1.781268,0.652813,0.712936,1.743351,0.360057,0.639955,0.571668,0.527979,1.906609,0.324426,1.184478,0.463884,0.503590,0.620394,0.432721,1.637914,0.521715,0.260914,0.490130,0.587014,0.436658,0.502805,0.611093,1.746299,0.452676,0.606549,1.894090,0.634697,1.799171,1.913550,0.673690,0.538335,0.559136,0.458701,0.761932,1.413525,0.309494,1.848554,0.630334,0.419361,0.434713,0.436658,0.595520,0.520644,0.374506,0.506722,0.461947
1.489293,1.097208,1.283699,1.171601,1.263260,1.166634,1.169071,1.106558,1.043354,1.591640,1.111785,0.278367,1.491828,1.545921,1.212352,1.194202,0.000000,1.566190,1.125091,1.147687,1.169535,1.203801,1.176990,1.355080,1.197804,1.499642,1.211714,1.214351,1.481897,1.212482,1.665493,1.212352,1.224704,1.617461,1.141808,1.144138,1.133809,1.445367,1.198542,1.206904,1.230763,1.165789,1.307965,1.172257,1.207203,1.225614,1.189617,1.254352,1.113681,1.457385,1.457963,1.212482,1.189617,1.353028,1.113025,1.180083,1.561065,1.077348,1.131713,1.241243,1.178109,1.592977,1.133437,1.322855,1.170200,1.111865,1.204816,1.207968,1.391858,1.189026,1.211714,1.166053,1.109776,1.151507,1.237659,1.247141,1.368652,1.155565,1.152958,1.598873,1.151550,1.503300,1.598171,1.076934,1.187617,1.206787,1.158746,1.059736,1.562237,1.240492,1.521862,1.261279,1.141952,1.155200,1.151507,1.203347,1.176403,1.290018,1.186224,1.154336
0.607794,1.319380,1.855412,1.969730,1.957650,1.966907,1.969230,1.505552,1.696715,0.639363,1.963784,1.658473,1.842617,1.040207,1.964454,1.888407,1.566190,0.000000,1.966813,1.967299,1.965664,1.965314,1.971192,1.867986,1.977216,0.453944,1.923197,1.905099,0.376785,1.954236,1.414146,1.964454,1.972324,0.798717,1.966053,1.840947,1.681675,0.671555,1.970401,1.967029,1.902030,1.367820,1.966458,1.969781,1.970658,1.712589,1.905433,1.926142,1.962403,0.783041,1.142776,1.954236,1.905433,0.517366,1.962455,1.965036,0.570073,1.858370,1.963694,1.741525,1.967479,0.375036,1.870289,1.250158,1.967780,1.960509,1.973195,1.784016,0.759129,1.975436,1.923197,1.966810,1.960448,1.964697,1.715041,1.652430,0.720939,1.965136,1.962803,0.461753,1.969883,0.559840,0.292296,1.949946,1.974485,1.977289,1.969785,1.751632,1.326579,1.827272,0.426196,1.975309,1.958606,1.963226,1.964697,1.974512,1.970701,1.917195,1.975042,1.963559
1.901776,1.443104,0.766295,0.216867,0.318629,0.224531,0.244019,1.270368,1.012455,1.895642,0.323772,0.980425,0.864953,1.716458,0.305557,0.628933,1.125091,1.966813,0.000000,0.286798,0.284539,0.274628,0.249036,0.695656,0.236504,1.957535,0.555378,0.566719,1.942722,0.413300,1.476284,0.305557,0.308548,1.843978,0.293663,0.812670,1.060066,1.880445,0.249425,0.246038,0.633806,1.458840,0.359477,0.289250,0.300924,1.026277,0.606966,0.526595,0.371384,1.838504,1.678383,0.413300,0.606966,1.908167,0.256644,0.239226,1.928833,0.705181,0.154021,1.012257,0.313985,1.970798,0.684241,1.527982,0.290748,0.395551,0.216368,0.916904,1.814930,0.236167,0.555378,0.290964,0.250985,0.310162,1.018772,1.111545,1.860610,0.268848,0.217396,1.945563,0.372616,1.940613,1.972541,0.347284,0.217526,0.219774,0.257963,0.956762,1.532681,0.807787,1.954192,0.323682,0.333879,0.325058,0.310162,0.226512,0.290061,0.594869,0.250653,0.305914
1.852636,1.342494,0.566352,0.219725,0.423497,0.218185,0.194019,1.122436,0.850111,1.919297,0.275986,1.034972,0.739950,1.736434,0.248278,0.433924,1.147687,1.967299,0.286798,0.000000,0.147932,0.353906,0.163011,0.848257,0.156449,1.932330,0.344369,0.399183,1.934725,0.232135,1.561685,0.248278,0.211379,1.875787,0.019513,0.631366,0.872627,1.827540,0.319942,0.357382,0.427016,1.346441,0.434433,0.099482,0.202920,0.854637,0.387911,0.348116,0.257605,1.793245,1.582123,0.232135,0.387911,1.882822,0.324748,0.385089,1.886609,0.506265,0.292041,0.817797,0.231887,1.974905,0.495465,1.422340,0.200540,0.275083,0.268604,0.708950,1.785623,0.159724,0.344369,0.208081,0.283828,0.087997,0.825842,0.948943,1.827669,0.163354,0.292371,1.959954,0.346956,1.908097,1.982950,0.432599,0.171881,0.202923,0.052948,0.828482,1.513531,0.607250,1.937922,0.331196,0.120784,0.108641,0.087997,0.240426,0.238071,0.427849,0.154327,0.143997
1.859642,1.347301,0.580937,0.185281,0.395063,0.185918,0.162038,1.144256,0.876487,1.923558,0.275225,1.053006,0.745201,1.746930,0.224043,0.445688,1.169535,1.965664,0.284539,0.147932,0.000000,0.346746,0.080177,0.828383,0.186126,1.933738,0.351184,0.403391,1.931734,0.228924,1.553263,0.224043,0.179806,1.882478,0.152996,0.676563,0.892747,1.832940,0.282851,0.314832,0.439903,1.378613,0.408667,0.096874,0.177410,0.873088,0.396303,0.350445,0.262726,1.813124,1.597075,0.228924,0.396303,1.886443,0.317511,0.365592,1.902479,0.530121,0.272784,0.839896,0.226128,1.975188,0.518551,1.450704,0.202305,0.287107,0.268568,0.727515,1.791619,0.123869,0.351184,0.206467,0.273342,0.108149,0.843390,0.972794,1.828004,0.137036,0.253746,1.962993,0.351814,1.911332,1.984976,0.443038,0.204210,0.175143,0.138781,0.864611,1.538384,0.621400,1.947206,0.307040,0.108297,0.104579,0.108149,0.244630,0.243348,0.418869,0.105329,0.073260
1.895793,1.483343,0.773407,0.299155,0.305392,0.317700,0.328584,1.291996,1.009766,1.870138,0.405349,1.054322,0.805213,1.663324,0.331572,0.634843,1.203801,1.965314,0.274628,0.353906,0.346746,0.000000,0.309524,0.649843,0.264855,1.953963,0.574536,0.562280,1.951924,0.443237,1.408611,0.331572,0.305388,1.800729,0.364472,0.782689,1.089102,1.874091,0.326382,0.321077,0.648402,1.430485,0.356911,0.346183,0.351180,1.027216,0.628950,0.533205,0.446659,1.809132,1.652078,0.443237,0.628950,1.930488,0.337987,0.358422,1.906949,0.742074,0.326433,0.993675,0.379785,1.962162,0.721811,1.516716,0.272170,0.467510,0.248716,0.938338,1.816989,0.284352,0.574536,0.235932,0.361244,0.374669,1.039448,1.092399,1.884581,0.353171,0.347262,1.930082,0.404868,1.940600,1.962043,0.371248,0.248653,0.251169,0.321216,0.949170,1.451314,0.829067,1.948435,0.254824,0.407101,0.389422,0.374669,0.262739,0.200938,0.600251,0.301147,0.381491
1.878043,1.388230,0.632327,0.170941,0.364596,0.172122,0.158826,1.190607,0.921466,1.921093,0.287406,1.054323,0.761916,1.744082,0.230957,0.500788,1.176990,1.971192,0.249036,0.163011,0.080177,0.309524,0.000000,0.791436,0.153879,1.942921,0.406517,0.453485,1.939606,0.272441,1.524541,0.230957,0.164968,1.879111,0.171731,0.706731,0.946704,1.851392,0.254353,0.277269,0.492883,1.407324,0.364780,0.118070,0.179725,0.922460,0.455854,0.394571,0.282992,1.829988,1.616885,0.272441,0.455854,1.900080,0.299172,0.330404,1.916568,0.587054,0.240053,0.881380,0.223329,1.977416,0.567622,1.481051,0.212686,0.305863,0.215764,0.782847,1.810249,0.080016,0.406517,0.207188,0.269459,0.142795,0.897473,1.017521,1.839966,0.160810,0.231368,1.962089,0.338915,1.921950,1.986546,0.421955,0.168123,0.123853,0.136952,0.901349,1.546963,0.676979,1.953514,0.262506,0.160038,0.148672,0.142795,0.195318,0.233987,0.466445,0.061966,0.115837
1.890695,1.719500,1.154156,0.725915,0.554757,0.753443,0.764047,1.594007,1.400482,1.679427,0.853282,1.191304,1.011833,1.469132,0.749928,1.066822,1.355080,1.867986,0.695656,0.848257,0.828383,0.649843,0.791436,0.000000,0.735573,1.886651,1.014557,0.983236,1.912057,0.898219,1.051335,0.749928,0.752604,1.590542,0.858262,1.209789,1.458846,1.890337,0.676790,0.643365,1.072253,1.651235,0.605060,0.822832,0.795077,1.360513,1.070858,0.946949,0.878998,1.785449,1.749998,0.898219,1.070858,1.939002,0.766784,0.659463,1.857657,1.180936,0.768949,1.385190,0.812943,1.847297,1.122995,1.667814,0.795460,0.891543,0.678530,1.326939,1.781729,0.756748,1.014557,0.792774,0.817086,0.857752,1.396502,1.417637,1.882292,0.816406,0.757257,1.773064,0.790917,1.887964,1.837022,0.664044,0.723605,0.710103,0.815360,1.283001,1.369977,1.217998,1.884939,0.663663,0.890169,0.868955,0.857752,0.698754,0.759995,0.958940,0.772780,0.858486
1.892909,1.426800,0.648544,0.175262,0.310353,0.197406,0.180475,1.227056,0.957883,1.904919,0.324716,1.063551,0.732661,1.708438,0.218968,0.527574,1.197804,1.977216,0.236504,0.156449,0.186126,0.264855,0.153879,0.735573,0.000000,1.954772,0.432362,0.470053,1.954703,0.291166,1.474846,0.218968,0.165286,1.848038,0.173137,0.724447,0.988773,1.869120,0.249961,0.268040,0.514708,1.426746,0.323697,0.140261,0.199036,0.948724,0.491620,0.407115,0.320340,1.817741,1.631042,0.291166,0.491620,1.922524,0.314969,0.324367,1.910709,0.632999,0.274156,0.914633,0.243290,1.979631,0.590099,1.486485,0.214550,0.340524,0.164798,0.817241,1.811250,0.106014,0.432362,0.208163,0.306386,0.171622,0.927600,1.037853,1.866109,0.205363,0.268178,1.955114,0.346510,1.932775,1.984051,0.394573,0.065861,0.104798,0.113027,0.919949,1.510038,0.705169,1.956218,0.232084,0.224414,0.194656,0.171622,0.138330,0.207914,0.475452,0.123666,0.209041
0.533511,1.228685,1.789197,1.950800,1.958780,1.946108,1.944417,1.405631,1.602013,0.686510,1.929319,1.614622,1.796009,1.041988,1.941634,1.834347,1.499642,0.453944,1.957535,1.932330,1.933738,1.953963,1.942921,1.886651,1.954772,0.000000,1.868360,1.861774,0.488950,1.916178,1.450508,1.941634,1.940927,0.864042,1.930056,1.755713,1.587190,0.548879,1.955562,1.959462,1.841117,1.210329,1.965559,1.935599,1.944985,1.622024,1.843530,1.882507,1.914691,0.702702,1.005361,1.916178,1.843530,0.454905,1.944286,1.963376,0.498653,1.790080,1.952875,1.630124,1.938286,0.478840,1.797438,1.159189,1.931957,1.908825,1.962538,1.694114,0.671760,1.949198,1.868360,1.934762,1.937939,1.928299,1.632058,1.567972,0.576143,1.936341,1.949132,0.552333,1.932228,0.333245,0.492607,1.911772,1.954456,1.956377,1.939091,1.649810,1.308962,1.756038,0.444905,1.953530,1.918985,1.924848,1.928299,1.960878,1.939657,1.870635,1.945686,1.927517
1.757287,1.203490,0.262831,0.432310,0.592509,0.426235,0.391856,0.945247,0.727588,1.893161,0.447666,1.130901,0.558969,1.702983,0.372678,0.260914,1.211714,1.923197,0.555378,0.344369,0.351184,0.574536,0.406517,1.014557,0.432362,1.868360,0.000000,0.290579,1.886304,0.177742,1.610417,0.372678,0.377633,1.857394,0.338736,0.554130,0.652446,1.732882,0.514511,0.564916,0.102525,1.241371,0.603760,0.342703,0.341579,0.634585,0.100670,0.172750,0.358647,1.700006,1.462740,0.177742,0.100670,1.826724,0.569008,0.645945,1.793207,0.341042,0.560487,0.632383,0.387552,1.942823,0.312932,1.289427,0.369434,0.371391,0.537655,0.437101,1.712080,0.413976,0.000000,0.398922,0.505879,0.328816,0.565429,0.751744,1.768676,0.342632,0.514187,1.931278,0.516272,1.826971,1.950130,0.589268,0.458301,0.455885,0.372806,0.749403,1.449547,0.316835,1.893996,0.523456,0.314366,0.318590,0.328816,0.507164,0.425610,0.249208,0.398917,0.350702
1.727996,1.191785,0.385055,0.463747,0.579537,0.450301,0.451810,0.902831,0.672970,1.847130,0.520374,1.115507,0.652568,1.644915,0.413434,0.124684,1.214351,1.905099,0.566719,0.399183,0.403391,0.562280,0.453485,0.983236,0.470053,1.861774,0.290579,0.000000,1.875055,0.346592,1.590443,0.413434,0.430521,1.790981,0.393501,0.587867,0.684311,1.715013,0.556902,0.599104,0.332240,1.258682,0.640177,0.419913,0.455981,0.604045,0.275594,0.288373,0.473086,1.656848,1.495736,0.346592,0.275594,1.818363,0.609288,0.647631,1.769581,0.439015,0.591729,0.648879,0.491695,1.921895,0.375924,1.225753,0.413100,0.491353,0.554874,0.538379,1.660331,0.469992,0.290579,0.442368,0.548680,0.407534,0.598404,0.670428,1.783232,0.410732,0.552970,1.898525,0.600657,1.830009,1.923338,0.615914,0.477689,0.499142,0.414791,0.803626,1.400040,0.397045,1.874492,0.568391,0.397743,0.409358,0.407534,0.533044,0.467424,0.367043,0.458301,0.432661
0.620838,1.196161,1.822069,1.948523,1.959260,1.943726,1.942328,1.431447,1.625728,0.776533,1.928365,1.587646,1.859002,1.142395,1.946854,1.848531,1.481897,0.376785,1.942722,1.934725,1.931734,1.951924,1.939606,1.912057,1.954703,0.488950,1.886304,1.875055,0.000000,1.923472,1.512786,1.946854,1.949670,0.896696,1.932493,1.792203,1.611658,0.681080,1.954018,1.952684,1.865036,1.316510,1.961295,1.938395,1.945944,1.671404,1.863062,1.902286,1.923309,0.784398,1.152424,1.923472,1.863062,0.403977,1.934093,1.943614,0.614163,1.804513,1.929246,1.676472,1.940394,0.454875,1.825069,1.249614,1.936772,1.919447,1.955931,1.728146,0.742668,1.948651,1.886304,1.936491,1.928394,1.928989,1.662173,1.605091,0.642888,1.933573,1.935462,0.600267,1.939991,0.544951,0.460535,1.941864,1.953915,1.955786,1.940109,1.713728,1.435230,1.786399,0.485786,1.961319,1.920683,1.927224,1.928989,1.954973,1.943254,1.891983,1.946464,1.927260
1.822308,1.300011,0.410270,0.290037,0.456868,0.291263,0.250689,1.070593,0.835553,1.910855,0.341325,1.108514,0.592879,1.718328,0.244699,0.365995,1.212482,1.954236,0.413300,0.232135,0.228924,0.443237,0.272441,0.898219,0.291166,1.916178,0.177742,0.346592,1.923472,0.000000,1.562947,0.244699,0.246302,1.869912,0.231458,0.617555,0.791189,1.798052,0.370972,0.418449,0.258528,1.326201,0.465181,0.212991,0.176815,0.765590,0.259635,0.197829,0.274937,1.762257,1.534647,0.000000,0.259635,1.875658,0.440447,0.505640,1.853085,0.438365,0.422763,0.757373,0.250486,1.967541,0.413022,1.384547,0.250825,0.301417,0.391742,0.591147,1.765563,0.269447,0.177742,0.278580,0.382860,0.215730,0.714734,0.879444,1.815559,0.211865,0.377435,1.952463,0.413027,1.880688,1.973659,0.488917,0.318961,0.307325,0.249513,0.806426,1.480392,0.472476,1.932269,0.391635,0.217194,0.208728,0.215730,0.363049,0.303122,0.278259,0.257887,0.235038
1.581086,1.860377,1.632431,1.479717,1.335644,1.496628,1.506115,1.842131,1.791981,1.131681,1.576196,1.581010,1.387505,0.988175,1.478972,1.639673,1.665493,1.414146,1.476284,1.561685,1.553263,1.408611,1.524541,1.051335,1.474846,1.450508,1.610417,1.590443,1.512786,1.562947,0.000000,1.478972,1.478265,0.979941,1.569478,1.679032,1.826835,1.590575,1.435584,1.409659,1.622787,1.759093,1.325133,1.544175,1.515028,1.713806,1.648951,1.560839,1.570977,1.426255,1.593412,1.562947,1.648951,1.647280,1.519144,1.444275,1.429299,1.746578,1.524840,1.733688,1.523639,1.365140,1.654578,1.690974,1.512874,1.576856,1.435691,1.747136,1.494147,1.497877,1.610417,1.515932,1.555270,1.567148,1.757611,1.718825,1.638225,1.545221,1.503712,1.252143,1.508985,1.443380,1.309987,1.385519,1.474718,1.464892,1.539275,1.708020,1.245719,1.686164,1.466146,1.400464,1.592337,1.575134,1.567148,1.447257,1.480335,1.557248,1.508451,1.573891
1.862251,1.390901,0.574138,0.146318,0.253691,0.164047,0.154253,1.173931,0.918970,1.889223,0.367508,1.081507,0.660265,1.680780,0.000000,0.475693,1.212352,1.964454,0.305557,0.248278,0.224043,0.331572,0.230957,0.749928,0.218968,1.941634,0.372678,0.413434,1.946854,0.244699,1.478972,0.000000,0.198812,1.838790,0.254981,0.696317,0.932122,1.838065,0.222319,0.252152,0.446956,1.399646,0.321264,0.215802,0.201627,0.874163,0.437506,0.340941,0.304669,1.792134,1.592361,0.244699,0.437506,1.913598,0.401912,0.386340,1.887414,0.582218,0.360161,0.883413,0.254364,1.979913,0.525124,1.454127,0.226450,0.320052,0.290710,0.759260,1.796941,0.213714,0.372678,0.252709,0.371263,0.242410,0.859351,0.973273,1.854987,0.176293,0.303526,1.945571,0.360182,1.910254,1.977941,0.372043,0.237216,0.220226,0.233057,0.882030,1.457245,0.632036,1.956435,0.309931,0.265536,0.249599,0.242410,0.271437,0.258158,0.366865,0.215053,0.255231
1.874171,1.400989,0.586105,0.210788,0.324956,0.233301,0.199946,1.192264,0.924261,1.896937,0.359735,1.093992,0.667562,1.694421,0.198812,0.485333,1.224704,1.972324,0.308548,0.211379,0.179806,0.305388,0.164968,0.752604,0.165286,1.940927,0.377633,0.430521,1.949670,0.246302,1.478265,0.198812,0.000000,1.843284,0.222197,0.686216,0.944371,1.850483,0.290009,0.313241,0.454336,1.399094,0.331111,0.173982,0.196768,0.895765,0.440266,0.352285,0.334075,1.798288,1.601794,0.246302,0.440266,1.918603,0.369324,0.377586,1.892851,0.594875,0.340715,0.860719,0.263679,1.972496,0.549092,1.456057,0.207724,0.348545,0.236221,0.762445,1.799415,0.140935,0.377633,0.213530,0.356813,0.209569,0.875546,0.992351,1.855298,0.204397,0.329965,1.950008,0.373230,1.917341,1.981847,0.404707,0.175017,0.147600,0.191575,0.890843,1.487640,0.647556,1.950951,0.193501,0.240517,0.216101,0.209569,0.217274,0.219057,0.402922,0.136687,0.220874
0.969306,1.534844,1.803183,1.853794,1.771844,1.858828,1.864474,1.609944,1.713240,0.490649,1.897398,1.615042,1.704203,0.619060,1.838790,1.806316,1.617461,0.798717,1.843978,1.875787,1.882478,1.800729,1.879111,1.590542,1.848038,0.864042,1.857394,1.790981,0.896696,1.869912,0.979941,1.838790,1.843284,0.000000,1.878055,1.790669,1.761075,1.033039,1.847542,1.839247,1.845068,1.498616,1.799999,1.880711,1.879261,1.697310,1.855829,1.835445,1.890875,0.762420,1.336067,1.869912,1.855829,1.058566,1.875385,1.837791,0.753787,1.864016,1.879021,1.740681,1.882512,0.740338,1.813447,1.322306,1.850872,1.893661,1.834512,1.807077,0.874662,1.868871,1.857394,1.854530,1.886358,1.885183,1.745327,1.619587,1.167483,1.873847,1.876101,0.604419,1.877250,0.917478,0.653108,1.788693,1.841556,1.855497,1.868797,1.751219,1.078393,1.803351,0.840603,1.820840,1.895689,1.891297,1.885183,1.840465,1.838805,1.820999,1.873279,1.898673
1.848290,1.335084,0.560615,0.227363,0.434448,0.223414,0.200550,1.112044,0.840807,1.919805,0.272940,1.031134,0.743521,1.738271,0.254981,0.425838,1.141808,1.966053,0.293663,0.019513,0.152996,0.364472,0.171731,0.858262,0.173137,1.930056,0.338736,0.393501,1.932493,0.231458,1.569478,0.254981,0.222197,1.878055,0.000000,0.624745,0.861830,1.823279,0.327877,0.366682,0.421100,1.339896,0.444570,0.111020,0.209299,0.845787,0.379772,0.346264,0.253588,1.790974,1.578165,0.231458,0.379772,1.878632,0.328064,0.390077,1.884325,0.494442,0.296677,0.809704,0.236541,1.974024,0.488359,1.416849,0.205806,0.270373,0.281577,0.699636,1.783068,0.173045,0.338736,0.215714,0.284267,0.094522,0.817078,0.940801,1.823650,0.163944,0.296469,1.959653,0.347565,1.905433,1.982202,0.437396,0.187681,0.216891,0.069782,0.821766,1.513782,0.599340,1.935846,0.343667,0.119699,0.112638,0.094522,0.253623,0.246962,0.426054,0.165923,0.147086
1.615787,1.134810,0.554598,0.736435,0.875191,0.725884,0.709989,0.816565,0.486899,1.841800,0.708385,1.111498,0.814094,1.675102,0.696317,0.543545,1.144138,1.840947,0.812670,0.631366,0.676563,0.782689,0.706731,1.209789,0.724447,1.755713,0.554130,0.587867,1.792203,0.617555,1.679032,0.696317,0.686216,1.790669,0.624745,0.000000,0.607977,1.579611,0.812698,0.856725,0.536537,0.977517,0.898626,0.662541,0.702864,0.585321,0.522262,0.597934,0.650833,1.546558,1.272453,0.617555,0.522262,1.706725,0.792140,0.873575,1.653169,0.456960,0.810693,0.474892,0.688849,1.842958,0.549502,1.127469,0.645642,0.634375,0.794787,0.539342,1.633500,0.717266,0.554130,0.655401,0.751891,0.643682,0.617980,0.643477,1.690754,0.668936,0.811795,1.869427,0.741141,1.735564,1.866546,0.768162,0.730233,0.749061,0.662462,0.579195,1.325524,0.546035,1.777526,0.786633,0.631780,0.640250,0.643682,0.775996,0.672733,0.600291,0.707895,0.669119
1.409635,0.740467,0.528595,0.977766,1.128048,0.960890,0.943002,0.379272,0.409826,1.751042,0.925953,1.157481,0.900561,1.635648,0.932122,0.582738,1.133809,1.681675,1.060066,0.872627,0.892747,1.089102,0.946704,1.458846,0.988773,1.587190,0.652446,0.684311,1.611658,0.791189,1.826835,0.932122,0.944371,1.761075,0.861830,0.607977,0.000000,1.387838,1.056399,1.100469,0.598460,0.884840,1.155742,0.895927,0.925992,0.406231,0.575795,0.735560,0.863641,1.386560,1.182898,0.791189,0.575795,1.490207,1.041020,1.132262,1.488171,0.440312,1.045326,0.459755,0.935700,1.722211,0.556020,0.915501,0.910089,0.857633,1.071281,0.277565,1.409481,0.969757,0.652446,0.927003,0.978289,0.865675,0.222446,0.440977,1.471737,0.886884,1.026861,1.751114,1.003898,1.547359,1.741154,1.072020,0.999701,1.013995,0.908620,0.693474,1.407672,0.417034,1.622485,1.076329,0.835581,0.855749,0.865675,1.048005,0.963782,0.728419,0.953341,0.880060
0.279530,1.060051,1.626345,1.858893,1.887071,1.849026,1.848384,1.178068,1.392702,0.919402,1.839035,1.574381,1.695695,1.179907,1.838065,1.680998,1.445367,0.671555,1.880445,1.827540,1.832940,1.874091,1.851392,1.890337,1.869120,0.548879,1.732882,1.715013,0.681080,1.798052,1.590575,1.838065,1.850483,1.033039,1.823279,1.579611,1.387838,0.000000,1.877303,1.890441,1.694974,1.040670,1.903632,1.835158,1.844164,1.380406,1.698646,1.746340,1.814447,0.689514,0.636143,1.798052,1.698646,0.556733,1.877588,1.893785,0.547870,1.628914,1.878105,1.442900,1.833777,0.725465,1.650357,0.926917,1.831375,1.814065,1.895998,1.518649,0.766759,1.862172,1.732882,1.834995,1.854968,1.823406,1.439545,1.337694,0.696852,1.832825,1.871967,0.808654,1.865200,0.562442,0.725513,1.834768,1.871441,1.875820,1.839508,1.484258,1.225292,1.582337,0.634220,1.885921,1.806872,1.817604,1.823406,1.889426,1.844224,1.736423,1.856982,1.823843
1.898451,1.457933,0.725992,0.169551,0.234604,0.147912,0.222293,1.283736,1.037687,1.897388,0.336394,1.058613,0.779421,1.705054,0.222319,0.621267,1.198542,1.970401,0.249425,0.319942,0.282851,0.326382,0.254353,0.676790,0.249961,1.955562,0.514511,0.556902,1.954018,0.370972,1.435584,0.222319,0.290009,1.847542,0.327877,0.812698,1.056399,1.877303,0.000000,0.083849,0.592714,1.476534,0.299095,0.284445,0.256310,1.007927,0.577501,0.491079,0.308647,1.845684,1.654744,0.370972,0.577501,1.926735,0.345064,0.305424,1.927750,0.702867,0.298335,1.010887,0.289010,1.980788,0.667368,1.531823,0.308880,0.343484,0.243223,0.893472,1.829441,0.237759,0.514511,0.312911,0.332331,0.314216,0.999218,1.112106,1.872605,0.265594,0.213622,1.952336,0.321842,1.931907,1.976709,0.351783,0.263379,0.222105,0.293721,0.966389,1.510913,0.780541,1.971681,0.316429,0.338950,0.322828,0.314216,0.240520,0.313260,0.520848,0.248764,0.305303
1.912042,1.485695,0.772545,0.195528,0.205600,0.190787,0.252717,1.321323,1.076104,1.888342,0.379139,1.060709,0.806502,1.695947,0.252152,0.666566,1.206904,1.967029,0.246038,0.357382,0.314832,0.321077,0.277269,0.643365,0.268040,1.959462,0.564916,0.599104,1.952684,0.418449,1.409659,0.252152,0.313241,1.839247,0.366682,0.856725,1.100469,1.890441,0.083849,0.000000,0.642756,1.506728,0.280821,0.318751,0.295941,1.051056,0.628282,0.533547,0.371657,1.854271,1.676540,0.418449,0.628282,1.932626,0.351654,0.292105,1.936110,0.752523,0.296971,1.053956,0.332622,1.977112,0.708068,1.559589,0.336297,0.398310,0.239703,0.941349,1.835663,0.259225,0.564916,0.338378,0.352166,0.350055,1.042094,1.150797,1.877523,0.301728,0.214280,1.944740,0.353062,1.936751,1.972139,0.365458,0.277563,0.233609,0.325447,1.011481,1.528057,0.826736,1.972643,0.318044,0.377658,0.360670,0.350055,0.242781,0.334524,0.567446,0.273376,0.339621
1.720819,1.167389,0.178719,0.515237,0.661872,0.508355,0.474737,0.898327,0.697954,1.877483,0.524142,1.162141,0.527554,1.688683,0.446956,0.282773,1.230763,1.902030,0.633806,0.427016,0.439903,0.648402,0.492883,1.072253,0.514708,1.841117,0.102525,0.332240,1.865036,0.258528,1.622787,0.446956,0.454336,1.845068,0.421100,0.536537,0.598460,1.694974,0.592714,0.642756,0.000000,1.202302,0.671034,0.428330,0.420949,0.580331,0.125534,0.205047,0.433263,1.664165,1.412666,0.258528,0.125534,1.801608,0.646136,0.725280,1.755685,0.336104,0.640317,0.584897,0.459716,1.924869,0.299030,1.243549,0.447214,0.441302,0.619633,0.370480,1.687684,0.498446,0.102525,0.475815,0.583160,0.414319,0.496985,0.701617,1.743994,0.426534,0.595965,1.913962,0.590420,1.794241,1.932197,0.647892,0.540211,0.538428,0.456468,0.723669,1.422907,0.242775,1.871062,0.594361,0.398368,0.403299,0.414319,0.590263,0.500516,0.270113,0.483933,0.435953
1.061462,0.879430,1.164624,1.435719,1.519931,1.421962,1.410029,0.790486,0.830168,1.450420,1.363229,1.273925,1.335412,1.408740,1.399646,1.199389,1.165789,1.367820,1.458840,1.346441,1.378613,1.430485,1.407324,1.651235,1.426746,1.210329,1.241371,1.258682,1.316510,1.326201,1.759093,1.399646,1.399094,1.498616,1.339896,0.977517,0.884840,1.040670,1.476534,1.506728,1.202302,0.000000,1.548644,1.372643,1.396755,0.980781,1.195146,1.284263,1.328028,1.081489,0.892664,1.326201,1.195146,1.160663,1.423227,1.510358,1.130729,1.067624,1.448381,0.912762,1.381688,1.378565,1.160725,0.840393,1.344992,1.315082,1.463808,1.009345,1.230966,1.415601,1.241371,1.342100,1.399899,1.355819,0.989430,0.911984,1.184145,1.375727,1.463993,1.449105,1.385857,1.207204,1.423519,1.384571,1.421307,1.439125,1.372006,0.794220,1.092283,1.111552,1.264784,1.450889,1.335676,1.348270,1.355819,1.456609,1.360220,1.288715,1.409526,1.363780
1.925752,1.554659,0.784917,0.306513,0.243236,0.342872,0.324600,1.378148,1.152332,1.867167,0.504666,1.160565,0.729669,1.660669,0.321264,0.709584,1.307965,1.966458,0.359477,0.434433,0.408667,0.356911,0.364780,0.605060,0.323697,1.965559,0.603760,0.640177,1.961295,0.465181,1.325133,0.321264,0.331111,1.799999,0.444570,0.898626,1.155742,1.903632,0.299095,0.280821,0.671034,1.548644,0.000000,0.401682,0.357680,1.086400,0.673020,0.558718,0.490391,1.847188,1.676159,0.465181,0.673020,1.964076,0.472830,0.361279,1.929335,0.827681,0.419026,1.074096,0.404409,1.969335,0.759682,1.600324,0.413153,0.502344,0.306124,0.975550,1.845686,0.332532,0.603760,0.422980,0.487330,0.437352,1.075955,1.179562,1.904640,0.372064,0.395166,1.928116,0.439530,1.940179,1.961627,0.434999,0.333544,0.294144,0.404192,1.072014,1.491183,0.856789,1.970042,0.289544,0.472956,0.448485,0.437352,0.311722,0.392142,0.562139,0.343438,0.438732
1.863733,1.358872,0.569533,0.188281,0.392638,0.196995,0.157949,1.153152,0.884152,1.924060,0.284296,1.058296,0.717091,1.744385,0.215802,0.457819,1.172257,1.969781,0.289250,0.099482,0.096874,0.346183,0.118070,0.822832,0.140261,1.935599,0.342703,0.419913,1.938395,0.212991,1.544175,0.215802,0.173982,1.880711,0.111020,0.662541,0.895927,1.835158,0.284445,0.318751,0.428330,1.372643,0.401682,0.000000,0.158916,0.874942,0.395802,0.339736,0.257434,1.809305,1.586756,0.212991,0.395802,1.891962,0.329130,0.378708,1.897401,0.531240,0.290463,0.840048,0.204168,1.977177,0.513708,1.446944,0.196069,0.276675,0.259993,0.723013,1.794241,0.109028,0.342703,0.200768,0.291524,0.056371,0.841622,0.977371,1.831957,0.147281,0.273271,1.964076,0.343842,1.910727,1.987282,0.432472,0.171288,0.162613,0.089347,0.856519,1.528564,0.617246,1.946332,0.303065,0.095348,0.062935,0.056371,0.229512,0.230603,0.409686,0.100939,0.089085
