0.000000,1.046976,1.583319,1.856946,1.893098,1.852548,1.846793,1.134274,1.410052,0.844003,1.833504,1.546093,1.606491,1.102600,1.845055,1.660036,1.432608,0.703079,1.882153,1.823324,1.828851,1.891602,1.849010,1.898137,1.861921,0.559099,1.720687,1.702646,0.609749,1.782268,1.713781,1.845055,1.852166,0.999842,1.818903,1.604875,1.349718,0.533353,1.883135,1.890356,1.667348,0.949062,1.903885,1.830703,1.829752,1.393732,1.692663,1.707970,1.816357,0.717497,0.880744,1.782268,1.692663,0.561215,1.862200,1.889945,0.566224,1.604800,1.873547,1.415228,1.825713,0.764684,1.624149,0.982066,1.854345,1.818675,1.888760,1.490694,0.664012,1.860207,1.720687,1.847224,1.844648,1.819894,1.365399,1.343526,0.714542,1.834629,1.869377,0.778128,1.865889,0.551957,0.759842,1.866966,1.865773,1.873322,1.835197,1.466989,1.166011,1.533935,0.663850,1.899041,1.805816,1.815575,1.819894,1.876736,1.868515,1.713741,1.854423,1.822313
1.046976,0.000000,1.059724,1.467842,1.564521,1.465077,1.453476,0.726544,0.925655,1.385431,1.395972,1.272001,1.216287,1.387272,1.434551,1.160572,1.199606,1.327340,1.536061,1.398204,1.402830,1.527920,1.449630,1.755852,1.469261,1.218557,1.213896,1.241233,1.279345,1.314926,1.831894,1.434551,1.448809,1.499609,1.389834,1.125731,0.787678,1.011354,1.527074,1.552039,1.144637,0.798868,1.583548,1.415794,1.412607,0.877145,1.172629,1.248516,1.394118,1.086604,1.037048,1.314926,1.172629,1.114699,1.452741,1.516369,1.131471,1.076423,1.512979,0.972415,1.430531,1.358191,1.170471,0.817309,1.451232,1.404734,1.521243,0.924816,1.075874,1.473272,1.213896,1.441853,1.423627,1.389317,0.824179,0.918259,1.119602,1.419448,1.483365,1.378989,1.503647,1.152396,1.409109,1.557689,1.473868,1.498487,1.421668,1.047858,1.291978,0.991718,1.318820,1.556476,1.371094,1.385437,1.389317,1.497927,1.469218,1.223168,1.465554,1.399906
1.583319,1.059724,0.000000,0.699899,0.845153,0.701516,0.662556,0.744268,0.517459,1.847000,0.677559,1.091247,0.499765,1.707632,0.636860,0.344327,1.102022,1.849077,0.832377,0.591515,0.620325,0.851816,0.682782,1.214877,0.690994,1.776534,0.298361,0.429659,1.793943,0.440348,1.633239,0.636860,0.654496,1.813460,0.581755,0.426617,0.466851,1.609694,0.800410,0.835862,0.186809,1.076387,0.866690,0.609823,0.597770,0.452738,0.274273,0.315073,0.641665,1.458103,1.201812,0.440348,0.274273,1.719267,0.758884,0.841484,1.601319,0.278219,0.818169,0.406987,0.630373,1.873460,0.463386,1.152509,0.662419,0.655824,0.791495,0.251508,1.627231,0.700572,0.298361,0.671260,0.715129,0.586082,0.401333,0.535252,1.666678,0.613716,0.762441,1.865694,0.812363,1.703314,1.892732,0.841646,0.705552,0.737152,0.628090,0.579731,1.496568,0.136690,1.819251,0.832269,0.565726,0.576085,0.586082,0.753848,0.707681,0.367577,0.686381,0.610688
1.856946,1.467842,0.699899,0.000000,0.252201,0.088024,0.080507,1.236549,0.919496,1.930922,0.325626,1.005835,0.802410,1.764986,0.137335,0.550310,1.119553,1.980717,0.223336,0.215055,0.203483,0.368234,0.182339,0.736417,0.170867,1.962850,0.455045,0.478060,1.944824,0.327450,1.360305,0.137335,0.193777,1.857029,0.224287,0.686140,1.017024,1.867521,0.200044,0.216092,0.570106,1.462170,0.299744,0.199305,0.225916,0.986349,0.499615,0.436514,0.297576,1.741604,1.534039,0.327450,0.499615,1.917880,0.339959,0.299589,1.869668,0.645105,0.264891,0.905811,0.230506,1.969401,0.628837,1.558179,0.252042,0.309018,0.208610,0.847071,1.871981,0.175127,0.455045,0.271167,0.329577,0.222046,0.993341,1.015422,1.855670,0.141147,0.237934,1.958213,0.355735,1.923539,1.983699,0.356885,0.174862,0.176277,0.190823,0.902893,1.645268,0.759263,1.958668,0.280965,0.254947,0.234820,0.222046,0.197173,0.287004,0.526279,0.180752,0.228495
1.893098,1.564521,0.845153,0.252201,0.000000,0.258685,0.300335,1.364792,1.078300,1.904072,0.457869,1.090583,0.837143,1.723698,0.261454,0.702535,1.220153,1.969096,0.280865,0.398136,0.390850,0.370913,0.349193,0.550644,0.295845,1.974890,0.624632,0.610835,1.955904,0.500151,1.207938,0.261454,0.306838,1.795988,0.407695,0.826180,1.167419,1.911971,0.211389,0.195198,0.730200,1.577143,0.203040,0.382147,0.403674,1.111762,0.673821,0.605061,0.421305,1.762557,1.605337,0.500151,0.673821,1.957610,0.443846,0.351842,1.884428,0.819578,0.371520,1.053987,0.418870,1.953997,0.778225,1.603140,0.346819,0.425201,0.249769,0.998288,1.880947,0.317140,0.624632,0.387774,0.456596,0.414634,1.132729,1.134779,1.911762,0.346666,0.337163,1.942064,0.380276,1.954120,1.959375,0.318059,0.291388,0.277356,0.370409,1.057448,1.595784,0.913086,1.948489,0.275761,0.451750,0.426575,0.414634,0.270388,0.363066,0.629726,0.331590,0.423146
1.852548,1.465077,0.701516,0.088024,0.258685,0.000000,0.143047,1.227845,0.914910,1.930390,0.305426,1.006118,0.806013,1.768107,0.149881,0.549309,1.115337,1.977402,0.247481,0.228449,0.211834,0.385610,0.189311,0.747163,0.198278,1.963046,0.461062,0.478357,1.944355,0.340388,1.365996,0.149881,0.218419,1.858979,0.236123,0.676327,1.013100,1.865206,0.161061,0.192074,0.574683,1.455330,0.319031,0.220327,0.247091,0.984638,0.502025,0.446207,0.245745,1.740821,1.523949,0.340388,0.502025,1.913994,0.342758,0.307731,1.866317,0.644476,0.283423,0.896359,0.251931,1.968818,0.625099,1.546593,0.255020,0.264004,0.221337,0.846449,1.877147,0.196905,0.461062,0.284295,0.323199,0.238208,0.990680,1.006183,1.852547,0.177024,0.223488,1.955832,0.324061,1.920609,1.982053,0.358801,0.196451,0.198331,0.205811,0.904069,1.648117,0.759240,1.955010,0.303104,0.266315,0.250923,0.238208,0.205281,0.302678,0.542436,0.202685,0.242011
1.846793,1.453476,0.662556,0.080507,0.300335,0.143047,0.000000,1.213493,0.892792,1.935928,0.325886,1.023213,0.783112,1.771105,0.146391,0.522915,1.130758,1.980216,0.248284,0.191021,0.178203,0.371281,0.169708,0.768521,0.165439,1.957249,0.414150,0.456013,1.943007,0.285261,1.382779,0.146391,0.172938,1.866883,0.199511,0.670371,0.986287,1.857770,0.251692,0.267674,0.529600,1.444579,0.321920,0.165140,0.185493,0.952233,0.461358,0.393109,0.301221,1.734990,1.516700,0.285261,0.461358,1.914091,0.345873,0.318795,1.862550,0.608324,0.278849,0.874465,0.185806,1.972375,0.604679,1.543031,0.236368,0.306986,0.233783,0.810935,1.867062,0.166939,0.414150,0.248404,0.336008,0.188732,0.963409,0.988871,1.848292,0.086278,0.265159,1.961633,0.369150,1.916385,1.986659,0.386093,0.177761,0.181326,0.171158,0.881222,1.647869,0.724451,1.959925,0.292279,0.219306,0.197922,0.188732,0.217871,0.268908,0.487909,0.165449,0.195636
1.134274,0.726544,0.744268,1.236549,1.364792,1.227845,1.213493,0.000000,0.489774,1.531851,1.193795,1.153766,0.998369,1.475107,1.204631,0.808067,1.085398,1.520163,1.324204,1.143645,1.153251,1.350944,1.207234,1.631565,1.236295,1.410157,0.942923,0.899485,1.405839,1.060151,1.838337,1.204631,1.215893,1.591749,1.134225,0.833877,0.374958,1.184274,1.324965,1.352399,0.863173,0.693281,1.401299,1.167066,1.170179,0.496319,0.879926,0.946804,1.172981,1.096617,1.003232,1.060151,0.879926,1.289580,1.273023,1.323824,1.228720,0.742819,1.303452,0.591395,1.179991,1.547908,0.842584,0.824041,1.231576,1.187874,1.310620,0.593885,1.243103,1.239716,0.942923,1.219919,1.225580,1.138676,0.408398,0.434396,1.271820,1.174477,1.275368,1.542846,1.319415,1.302224,1.584397,1.354586,1.238491,1.273725,1.169779,0.736334,1.365884,0.636639,1.467329,1.368904,1.111843,1.133489,1.138676,1.277393,1.266623,0.981757,1.226044,1.151277
1.410052,0.925655,0.517459,0.919496,1.078300,0.914910,0.892792,0.489774,0.000000,1.712061,0.886054,0.986244,0.859151,1.598503,0.896695,0.530594,0.964956,1.726962,1.016229,0.818606,0.826938,1.059551,0.883767,1.405338,0.923745,1.647715,0.648536,0.616996,1.638962,0.751239,1.766241,0.896695,0.896534,1.747066,0.807512,0.528409,0.390644,1.456239,1.028642,1.055731,0.593352,0.854853,1.112177,0.845362,0.855247,0.469297,0.591395,0.642432,0.873017,1.340295,1.186482,0.751239,0.591395,1.531287,0.972741,1.022829,1.493947,0.497270,0.990040,0.438536,0.867517,1.742923,0.552162,1.100188,0.927996,0.887249,0.998782,0.452915,1.491026,0.918648,0.648536,0.909084,0.916304,0.817274,0.389710,0.373948,1.473817,0.847944,0.966713,1.729539,1.030930,1.543058,1.776670,1.053313,0.919920,0.955986,0.846430,0.549586,1.495651,0.417850,1.684811,1.063824,0.787658,0.811767,0.817274,0.961423,0.966919,0.723990,0.905810,0.826390
0.844003,1.385431,1.847000,1.930922,1.904072,1.930390,1.935928,1.531851,1.712061,0.000000,1.943499,1.655138,1.797883,0.538012,1.938258,1.853748,1.624557,0.512293,1.911982,1.936181,1.935907,1.902158,1.936214,1.752481,1.930332,0.587963,1.917278,1.860034,0.597691,1.938526,1.360636,1.938258,1.929683,0.488391,1.935834,1.824489,1.706415,0.806002,1.927625,1.927153,1.897119,1.420586,1.908887,1.941392,1.950889,1.703612,1.901617,1.909458,1.939676,0.881515,1.370694,1.938526,1.901617,0.743995,1.935987,1.914468,0.744485,1.871282,1.921819,1.747104,1.949809,0.405417,1.860447,1.267440,1.937147,1.940681,1.926509,1.796606,0.701109,1.937112,1.917278,1.934598,1.935855,1.940069,1.708872,1.650080,0.810544,1.937853,1.937102,0.243794,1.930008,0.650704,0.431663,1.892459,1.927213,1.933158,1.934653,1.790250,1.056205,1.817619,0.493401,1.926527,1.940920,1.942646,1.940069,1.929800,1.934193,1.884164,1.936766,1.944642
1.833504,1.395972,0.677559,0.325626,0.457869,0.305426,0.325886,1.193795,0.886054,1.943499,0.000000,0.997825,0.844619,1.810803,0.321480,0.581057,1.081068,1.961222,0.364015,0.286267,0.275875,0.449359,0.282385,0.876283,0.312612,1.945625,0.434811,0.545276,1.928108,0.326164,1.472103,0.321480,0.318858,1.907477,0.286413,0.687030,0.964285,1.839915,0.334186,0.352600,0.532937,1.428553,0.503711,0.279827,0.265302,0.971358,0.480682,0.456805,0.238763,1.758025,1.493229,0.326164,0.480682,1.876920,0.212955,0.398864,1.870970,0.584261,0.321294,0.875394,0.305962,1.963047,0.636882,1.530916,0.318033,0.252685,0.338390,0.804347,1.869783,0.296478,0.434811,0.320030,0.183315,0.276710,0.960576,1.017563,1.803685,0.298623,0.218210,1.952461,0.307702,1.896081,1.980817,0.488954,0.311295,0.314265,0.281108,0.877104,1.691872,0.732040,1.944010,0.398723,0.282931,0.280144,0.276710,0.314352,0.350470,0.586612,0.305512,0.271520
1.546093,1.272001,1.091247,1.005835,1.090583,1.006118,1.023213,1.153766,0.986244,1.655138,0.997825,0.000000,1.271724,1.581796,1.042549,1.027272,0.266187,1.696884,1.006165,1.004139,0.999001,1.144662,1.003867,1.296165,1.036488,1.645281,1.031492,1.031785,1.574279,1.015156,1.630346,1.042549,1.056717,1.665113,1.001516,0.923381,1.112361,1.611890,1.051027,1.047142,1.051004,1.158854,1.157616,1.020387,1.012351,1.206587,1.025380,1.040201,1.052485,1.449745,1.473099,1.015156,1.025380,1.515450,0.978178,1.033272,1.639143,1.028210,0.963228,1.102423,1.026648,1.657264,0.993253,1.555715,1.116074,1.075098,1.014542,1.100573,1.557299,1.018630,1.031492,1.085875,0.946236,1.007936,1.129255,1.189185,1.491792,1.024298,0.983815,1.655743,1.118235,1.633455,1.687625,0.997011,1.021741,1.032270,1.010685,0.895278,1.612001,1.067786,1.635997,1.092297,1.003905,1.012744,1.007936,1.006463,1.132497,1.161867,1.016064,1.002958
1.606491,1.216287,0.499765,0.802410,0.837143,0.806013,0.783112,0.998369,0.859151,1.797883,0.844619,1.271724,0.000000,1.657681,0.731428,0.680945,1.284762,1.830083,0.924048,0.764537,0.805871,0.920545,0.834948,1.083026,0.801037,1.764456,0.611908,0.697977,1.795878,0.671485,1.442470,0.731428,0.756754,1.679270,0.761944,0.613738,0.787361,1.661074,0.847499,0.879093,0.566307,1.227402,0.836861,0.774216,0.770987,0.745105,0.628860,0.605290,0.788489,1.421693,1.230990,0.671485,0.628860,1.778001,0.885398,0.952230,1.549746,0.654863,0.939551,0.702362,0.796906,1.844370,0.756053,1.204232,0.746522,0.789185,0.871872,0.623928,1.609555,0.825925,0.611908,0.797250,0.865843,0.772690,0.683699,0.768513,1.739169,0.763676,0.872557,1.825850,0.874281,1.722108,1.838781,0.860862,0.822465,0.837607,0.788661,0.839886,1.366922,0.571353,1.783864,0.872235,0.776897,0.766373,0.772690,0.850515,0.790625,0.499936,0.817743,0.803523
1.102600,1.387272,1.707632,1.764986,1.723698,1.768107,1.771105,1.475107,1.598503,0.538012,1.810803,1.581796,1.657681,0.000000,1.774800,1.685419,1.613660,0.905703,1.746036,1.779359,1.777729,1.731758,1.777430,1.571286,1.759318,0.987229,1.766334,1.679028,0.980943,1.782017,1.210192,1.774800,1.754427,0.597372,1.779498,1.681601,1.622866,1.081692,1.768806,1.769698,1.755592,1.492126,1.740468,1.784851,1.803283,1.584726,1.751705,1.757581,1.794507,0.927350,1.487524,1.782017,1.751705,1.103187,1.799279,1.750694,0.969047,1.750074,1.769066,1.626886,1.811414,0.839267,1.722531,1.222841,1.777822,1.794851,1.759611,1.680362,0.908940,1.776867,1.766334,1.776549,1.796755,1.784607,1.607640,1.514451,1.157023,1.774302,1.792472,0.741891,1.785201,1.003288,0.857206,1.725510,1.754798,1.769204,1.775678,1.734676,0.988534,1.687482,0.871656,1.763536,1.793873,1.791582,1.784607,1.765987,1.772338,1.710894,1.776077,1.799395
1.845055,1.434551,0.636860,0.137335,0.261454,0.149881,0.146391,1.204631,0.896695,1.938258,0.321480,1.042549,0.731428,1.774800,0.000000,0.505559,1.145388,1.977480,0.303670,0.200654,0.206806,0.389008,0.210697,0.766754,0.187622,1.958702,0.393624,0.439185,1.945706,0.273450,1.376196,0.000000,0.183218,1.864193,0.205835,0.654035,0.970083,1.859551,0.237748,0.257641,0.505147,1.443239,0.313482,0.192632,0.206695,0.930170,0.443229,0.386769,0.270258,1.729870,1.509939,0.273450,0.443229,1.919117,0.368685,0.346155,1.854948,0.594580,0.340403,0.866059,0.238170,1.973001,0.587271,1.518186,0.229565,0.282997,0.243815,0.787910,1.860617,0.202332,0.393624,0.261806,0.356250,0.209579,0.941930,0.975576,1.857078,0.151427,0.278588,1.964176,0.357004,1.917653,1.986467,0.384834,0.201113,0.210221,0.194161,0.880839,1.625120,0.703426,1.954801,0.310481,0.237670,0.216697,0.209579,0.219567,0.273651,0.448897,0.204964,0.226284
1.660036,1.160572,0.344327,0.550310,0.702535,0.549309,0.522915,0.808067,0.530594,1.853748,0.581057,1.027272,0.680945,1.685419,0.505559,0.000000,1.090354,1.889872,0.673368,0.449956,0.459396,0.704209,0.526092,1.101553,0.545010,1.836938,0.282746,0.132551,1.835964,0.374446,1.584275,0.505559,0.521699,1.822260,0.439288,0.493560,0.585662,1.673007,0.674222,0.706117,0.307203,1.192438,0.751226,0.475893,0.496383,0.525231,0.220458,0.291392,0.537842,1.555917,1.355340,0.374446,0.220458,1.770809,0.667533,0.661456,1.702694,0.331377,0.674346,0.559244,0.526597,1.896134,0.403812,1.242448,0.557140,0.554199,0.639141,0.435809,1.680194,0.555060,0.282746,0.549821,0.625710,0.451228,0.554209,0.581127,1.721468,0.474737,0.637196,1.889155,0.701428,1.773527,1.921049,0.721643,0.544307,0.589568,0.476894,0.672580,1.518993,0.338774,1.861030,0.712399,0.430533,0.449368,0.451228,0.602349,0.598398,0.374456,0.543558,0.473517
1.432608,1.199606,1.102022,1.119553,1.220153,1.115337,1.130758,1.085398,0.964956,1.624557,1.081068,0.266187,1.284762,1.613660,1.145388,1.090354,0.000000,1.628013,1.136961,1.098870,1.100953,1.266984,1.112284,1.429023,1.151675,1.553281,1.087321,1.115898,1.484946,1.093252,1.718473,1.145388,1.169157,1.663549,1.094710,0.942745,1.065060,1.516712,1.164038,1.162989,1.084278,1.024089,1.274717,1.118189,1.104309,1.194751,1.075194,1.095530,1.133037,1.385021,1.358829,1.093252,1.075194,1.400482,1.076888,1.163457,1.550821,1.042174,1.084313,1.076183,1.111765,1.603096,1.027010,1.501975,1.209279,1.153323,1.141598,1.084913,1.489996,1.130033,1.087321,1.181117,1.038394,1.102487,1.089589,1.174175,1.369188,1.125881,1.087665,1.599174,1.213491,1.522556,1.627528,1.122295,1.141649,1.149583,1.112143,0.842145,1.624859,1.067687,1.565480,1.213975,1.090490,1.102920,1.102487,1.126835,1.231361,1.224829,1.125914,1.094554
0.703079,1.327340,1.849077,1.980717,1.969096,1.977402,1.980216,1.520163,1.726962,0.512293,1.961222,1.696884,1.830083,0.905703,1.977480,1.889872,1.628013,0.000000,1.975330,1.972071,1.973375,1.960108,1.978917,1.864660,1.981388,0.426118,1.930132,1.909542,0.444872,1.958065,1.492007,1.977480,1.980508,0.761707,1.970607,1.859095,1.684119,0.681570,1.975339,1.975091,1.899565,1.310792,1.973178,1.976200,1.974446,1.706341,1.916013,1.927246,1.959649,0.925119,1.273850,1.958065,1.916013,0.522900,1.966960,1.965340,0.654810,1.869260,1.974292,1.750842,1.970612,0.365142,1.866670,1.217010,1.976217,1.962019,1.979862,1.784871,0.675742,1.981437,1.930132,1.969283,1.963279,1.972077,1.698734,1.678560,0.735472,1.977108,1.973356,0.424868,1.963499,0.520807,0.309442,1.958149,1.978942,1.982709,1.975351,1.742494,1.115185,1.819283,0.380782,1.979221,1.967042,1.971157,1.972077,1.979727,1.975205,1.916503,1.980448,1.972006
1.882153,1.536061,0.832377,0.223336,0.280865,0.247481,0.248284,1.324204,1.016229,1.911982,0.364015,1.006165,0.924048,1.746036,0.303670,0.673368,1.136961,1.975330,0.000000,0.317916,0.289036,0.336849,0.237303,0.645505,0.229454,1.966841,0.586344,0.590205,1.940658,0.447505,1.312133,0.303670,0.267719,1.837764,0.326987,0.800256,1.132038,1.889617,0.256888,0.241227,0.699983,1.542067,0.333222,0.292727,0.320289,1.096492,0.632885,0.565542,0.401980,1.776527,1.587047,0.447505,0.632885,1.929292,0.308823,0.273526,1.903773,0.768696,0.148511,1.017330,0.324198,1.955271,0.731737,1.626287,0.333431,0.408397,0.202865,0.977277,1.887560,0.218820,0.586344,0.334601,0.316188,0.323727,1.115399,1.121986,1.864891,0.285431,0.224983,1.941571,0.379704,1.940521,1.972585,0.327488,0.222382,0.193966,0.281094,1.005737,1.663551,0.888471,1.955941,0.268192,0.353348,0.336076,0.323727,0.215526,0.339144,0.666039,0.232606,0.314158
1.823324,1.398204,0.591515,0.215055,0.398136,0.228449,0.191021,1.143645,0.818606,1.936181,0.286267,1.004139,0.764537,1.779359,0.200654,0.449956,1.098870,1.972071,0.317916,0.000000,0.128104,0.407447,0.156937,0.846783,0.145069,1.945252,0.336331,0.400705,1.930870,0.217874,1.451497,0.200654,0.193576,1.887763,0.019407,0.598998,0.911734,1.833489,0.338579,0.358109,0.449713,1.391782,0.431915,0.077786,0.161796,0.882773,0.378364,0.328587,0.285645,1.722647,1.483855,0.217874,0.378364,1.894279,0.334148,0.341075,1.850449,0.528928,0.317302,0.806594,0.198566,1.970749,0.532558,1.495269,0.256731,0.293318,0.262391,0.735389,1.851800,0.159457,0.336331,0.245089,0.314337,0.063693,0.892823,0.926642,1.818455,0.150087,0.275896,1.957591,0.388773,1.897425,1.988880,0.429996,0.164641,0.199058,0.054416,0.820093,1.649425,0.649748,1.954304,0.343224,0.095438,0.079490,0.063693,0.225218,0.286492,0.458656,0.154762,0.110966
1.828851,1.402830,0.620325,0.203483,0.390850,0.211834,0.178203,1.153251,0.826938,1.935907,0.275875,0.999001,0.805871,1.777729,0.206806,0.459396,1.100953,1.973375,0.289036,0.128104,0.000000,0.385425,0.083970,0.846842,0.167745,1.944104,0.358241,0.403224,1.930351,0.237632,1.450123,0.206806,0.166746,1.888982,0.128877,0.620858,0.927027,1.838714,0.321618,0.337644,0.477490,1.405854,0.430038,0.095103,0.150954,0.889755,0.396712,0.352329,0.275762,1.737992,1.507937,0.237632,0.396712,1.891661,0.334074,0.315565,1.864772,0.543618,0.290669,0.823087,0.184046,1.970978,0.539393,1.507161,0.259363,0.288275,0.250772,0.758775,1.852881,0.136135,0.358241,0.241222,0.309959,0.106103,0.913246,0.939813,1.820869,0.135429,0.258443,1.958829,0.379964,1.902534,1.989485,0.431176,0.171822,0.180514,0.110963,0.843495,1.655337,0.672333,1.959121,0.343177,0.109176,0.108300,0.106103,0.214102,0.284773,0.481671,0.122492,0.079221
1.891602,1.527920,0.851816,0.368234,0.370913,0.385610,0.371281,1.350944,1.059551,1.902158,0.449359,1.144662,0.920545,1.731758,0.389008,0.704209,1.266984,1.960108,0.336849,0.407447,0.385425,0.000000,0.344640,0.691193,0.329060,1.960943,0.614793,0.630043,1.944534,0.499147,1.275432,0.389008,0.337953,1.833262,0.415145,0.847634,1.157432,1.904420,0.393792,0.381533,0.722557,1.570821,0.388908,0.383402,0.399741,1.102087,0.659565,0.616289,0.470836,1.816813,1.636626,0.499147,0.659565,1.936065,0.409671,0.335834,1.921380,0.814809,0.372951,1.049498,0.419892,1.955280,0.787347,1.620606,0.289653,0.448405,0.302914,0.993124,1.881848,0.324810,0.614793,0.265324,0.457940,0.409884,1.132862,1.140019,1.871017,0.374697,0.403359,1.934537,0.396265,1.931413,1.964828,0.434571,0.319974,0.299336,0.375805,1.084126,1.644959,0.911685,1.956118,0.289838,0.435715,0.420133,0.409884,0.323407,0.216152,0.669626,0.340298,0.406688
1.849010,1.449630,0.682782,0.182339,0.349193,0.189311,0.169708,1.207234,0.883767,1.936214,0.282385,1.003867,0.834948,1.777430,0.210697,0.526092,1.112284,1.978917,0.237303,0.156937,0.083970,0.344640,0.000000,0.798857,0.136363,1.954686,0.423083,0.463577,1.936950,0.292592,1.414248,0.210697,0.155534,1.882775,0.163499,0.659816,0.989984,1.861189,0.281673,0.289567,0.541106,1.442533,0.382323,0.116759,0.170066,0.951548,0.465051,0.416005,0.284235,1.756332,1.532677,0.292592,0.465051,1.907160,0.310814,0.279736,1.882131,0.611304,0.242074,0.877336,0.192108,1.972955,0.590108,1.546440,0.245547,0.290284,0.193099,0.822827,1.873442,0.084135,0.423083,0.230421,0.298364,0.144912,0.974458,0.993794,1.836212,0.150167,0.226161,1.959448,0.346900,1.917502,1.989213,0.393943,0.138481,0.122232,0.121892,0.893249,1.667921,0.737577,1.963441,0.292559,0.164365,0.152509,0.144912,0.164704,0.261373,0.533276,0.072587,0.119915
1.898137,1.755852,1.214877,0.736417,0.550644,0.747163,0.768521,1.631565,1.405338,1.752481,0.876283,1.296165,1.083026,1.571286,0.766754,1.101553,1.429023,1.864660,0.645505,0.846783,0.846842,0.691193,0.798857,0.000000,0.737281,1.906986,1.047878,1.003453,1.903680,0.939650,0.855765,0.766754,0.747395,1.595078,0.856847,1.189502,1.502022,1.910470,0.662346,0.637955,1.130682,1.773905,0.561477,0.833162,0.855560,1.419023,1.096795,1.017035,0.871234,1.769959,1.710567,0.939650,1.096795,1.951378,0.811921,0.714012,1.852146,1.227292,0.732704,1.387022,0.860502,1.823964,1.165298,1.698276,0.770769,0.861934,0.678932,1.363676,1.839465,0.760639,1.047878,0.807122,0.841703,0.867888,1.459487,1.415489,1.929816,0.811408,0.751399,1.813155,0.741346,1.922051,1.820215,0.594566,0.733738,0.713391,0.817066,1.376264,1.468149,1.282498,1.843013,0.629648,0.902412,0.878262,0.867888,0.711405,0.764007,1.001356,0.776271,0.873292
1.861921,1.469261,0.690994,0.170867,0.295845,0.198278,0.165439,1.236295,0.923745,1.930332,0.312612,1.036488,0.801037,1.759318,0.187622,0.545010,1.151675,1.981388,0.229454,0.145069,0.167745,0.329060,0.136363,0.737281,0.000000,1.963883,0.436335,0.474870,1.949168,0.300730,1.366967,0.187622,0.132484,1.864046,0.159298,0.684342,1.017373,1.872047,0.265715,0.275451,0.552073,1.472764,0.331944,0.124189,0.196172,0.975308,0.485547,0.426786,0.315104,1.748760,1.541172,0.300730,0.485547,1.928034,0.315536,0.282161,1.876865,0.638828,0.263460,0.900978,0.230723,1.971594,0.626864,1.547619,0.233889,0.316158,0.164466,0.840549,1.874072,0.100428,0.436335,0.234834,0.322271,0.155055,0.994685,1.013727,1.858522,0.164233,0.243058,1.958865,0.341496,1.928962,1.987889,0.364156,0.074238,0.102978,0.106660,0.919739,1.639815,0.756214,1.963496,0.237144,0.203343,0.173066,0.155055,0.150044,0.245285,0.511435,0.109993,0.182090
0.559099,1.218557,1.776534,1.962850,1.974890,1.963046,1.957249,1.410157,1.647715,0.587963,1.945625,1.645281,1.764456,0.987229,1.958702,1.836938,1.553281,0.426118,1.966841,1.945252,1.944104,1.960943,1.954686,1.906986,1.963883,0.000000,1.877377,1.868144,0.378808,1.919448,1.593328,1.958702,1.959044,0.821209,1.943238,1.779925,1.580308,0.555752,1.973151,1.975632,1.836871,1.187203,1.972054,1.947765,1.946216,1.614100,1.856903,1.876316,1.943532,0.843590,1.132101,1.919448,1.856903,0.433364,1.952717,1.962905,0.594405,1.794282,1.959050,1.650700,1.942936,0.458781,1.806398,1.163253,1.960790,1.945325,1.976709,1.692846,0.557303,1.961144,1.877377,1.953572,1.946784,1.942017,1.599586,1.597025,0.582457,1.950247,1.962794,0.471685,1.956740,0.410095,0.442191,1.951313,1.966732,1.967632,1.950635,1.660293,1.152429,1.738547,0.462903,1.973210,1.932859,1.938773,1.942017,1.972793,1.960671,1.866808,1.957371,1.940021
1.720687,1.213896,0.298361,0.455045,0.624632,0.461062,0.414150,0.942923,0.648536,1.917278,0.434811,1.031492,0.611908,1.766334,0.393624,0.282746,1.087321,1.930132,0.586344,0.336331,0.358241,0.614793,0.423083,1.047878,0.436335,1.877377,0.000000,0.314216,1.881699,0.168172,1.558530,0.393624,0.407379,1.878824,0.327002,0.469904,0.668423,1.735774,0.565807,0.598251,0.133098,1.239529,0.648237,0.348023,0.332906,0.647809,0.097515,0.156347,0.412839,1.617674,1.354325,0.168172,0.097515,1.817730,0.518800,0.595413,1.751567,0.294046,0.570483,0.586611,0.380529,1.940430,0.429837,1.332187,0.423337,0.425754,0.540943,0.457864,1.755091,0.442028,0.000000,0.424457,0.481042,0.323290,0.641285,0.732711,1.756083,0.358145,0.517926,1.936238,0.581107,1.817550,1.961384,0.635135,0.451854,0.481881,0.370075,0.666479,1.589196,0.371022,1.906646,0.590581,0.305074,0.313667,0.323290,0.503980,0.464626,0.297376,0.429178,0.347414
1.702646,1.241233,0.429659,0.478060,0.610835,0.478357,0.456013,0.899485,0.616996,1.860034,0.545276,1.031785,0.697977,1.679028,0.439185,0.132551,1.115898,1.909542,0.590205,0.400705,0.403224,0.630043,0.463577,1.003453,0.474870,1.868144,0.314216,0.000000,1.864337,0.353728,1.519519,0.439185,0.448620,1.810813,0.391954,0.544705,0.699834,1.717024,0.600836,0.630109,0.372028,1.271471,0.671595,0.423268,0.449996,0.614149,0.283913,0.294570,0.501161,1.589451,1.408555,0.353728,0.283913,1.812740,0.620999,0.585806,1.737595,0.421430,0.607891,0.645691,0.482453,1.910690,0.440518,1.294417,0.499535,0.518082,0.562073,0.551945,1.708838,0.488400,0.314216,0.495881,0.582891,0.408363,0.663435,0.656997,1.768557,0.414429,0.575353,1.902617,0.646084,1.813021,1.933399,0.633753,0.469467,0.515379,0.419542,0.739899,1.513345,0.445425,1.880940,0.634247,0.394615,0.409323,0.408363,0.527853,0.541296,0.375874,0.479575,0.429978
0.609749,1.279345,1.793943,1.944824,1.955904,1.944355,1.943007,1.405839,1.638962,0.597691,1.928108,1.574279,1.795878,0.980943,1.945706,1.835964,1.484946,0.444872,1.940658,1.930870,1.930351,1.944534,1.936950,1.903680,1.949168,0.378808,1.881699,1.864337,0.000000,1.915220,1.604183,1.945706,1.949149,0.812056,1.928788,1.780205,1.592181,0.645772,1.956151,1.954993,1.847206,1.194623,1.960246,1.935347,1.931880,1.644181,1.859988,1.881867,1.931723,0.840162,1.190691,1.915220,1.859988,0.422053,1.931105,1.939017,0.660095,1.797602,1.929305,1.663999,1.928492,0.481618,1.800964,1.248807,1.951610,1.936017,1.951654,1.710459,0.636781,1.943844,1.881699,1.940842,1.923303,1.928322,1.611431,1.611411,0.583958,1.938014,1.941303,0.476185,1.949391,0.493770,0.458189,1.942702,1.948688,1.950345,1.936012,1.662636,1.248901,1.750717,0.458335,1.959995,1.919771,1.926672,1.928322,1.949401,1.950196,1.888030,1.940636,1.926405
1.782268,1.314926,0.440348,0.327450,0.500151,0.340388,0.285261,1.060151,0.751239,1.938526,0.326164,1.015156,0.671485,1.782017,0.273450,0.374446,1.093252,1.958065,0.447505,0.217874,0.237632,0.499147,0.292592,0.939650,0.300730,1.919448,0.168172,0.353728,1.915220,0.000000,1.497326,0.273450,0.275262,1.889780,0.211829,0.535148,0.803458,1.797098,0.438434,0.464802,0.280266,1.327707,0.529110,0.216615,0.180918,0.776940,0.242848,0.196151,0.326388,1.673022,1.422478,0.000000,0.242848,1.865012,0.393731,0.471365,1.807142,0.407173,0.435040,0.699949,0.254384,1.962663,0.479019,1.422908,0.311233,0.341382,0.401753,0.604882,1.809853,0.305487,0.168172,0.306676,0.361629,0.200450,0.779929,0.849415,1.801575,0.230528,0.385848,1.958345,0.472803,1.867167,1.982409,0.516520,0.317606,0.343488,0.244594,0.746000,1.622768,0.516482,1.935998,0.453474,0.195154,0.192328,0.200450,0.367229,0.348862,0.344798,0.294343,0.225806
1.713781,1.831894,1.633239,1.360305,1.207938,1.365996,1.382779,1.838337,1.766241,1.360636,1.472103,1.630346,1.442470,1.210192,1.376196,1.584275,1.718473,1.492007,1.312133,1.451497,1.450123,1.275432,1.414248,0.855765,1.366967,1.593328,1.558530,1.519519,1.604183,1.497326,0.000000,1.376196,1.368651,1.135637,1.458831,1.621413,1.807815,1.701118,1.294802,1.280656,1.602688,1.871640,1.183403,1.438781,1.445391,1.723822,1.589486,1.541396,1.448412,1.592023,1.718042,1.497326,1.589486,1.713138,1.410886,1.347234,1.574745,1.681425,1.362071,1.719363,1.444135,1.461742,1.593226,1.648014,1.360697,1.439206,1.326398,1.726394,1.568530,1.387071,1.558530,1.392239,1.436104,1.464391,1.764491,1.700259,1.763826,1.415726,1.380111,1.447297,1.346806,1.622233,1.406990,1.232847,1.364662,1.353249,1.431815,1.745520,1.272649,1.684788,1.509506,1.269213,1.491324,1.471723,1.464391,1.350862,1.344198,1.470616,1.395415,1.471493
1.845055,1.434551,0.636860,0.137335,0.261454,0.149881,0.146391,1.204631,0.896695,1.938258,0.321480,1.042549,0.731428,1.774800,0.000000,0.505559,1.145388,1.977480,0.303670,0.200654,0.206806,0.389008,0.210697,0.766754,0.187622,1.958702,0.393624,0.439185,1.945706,0.273450,1.376196,0.000000,0.183218,1.864193,0.205835,0.654035,0.970083,1.859551,0.237748,0.257641,0.505147,1.443239,0.313482,0.192632,0.206695,0.930170,0.443229,0.386769,0.270258,1.729870,1.509939,0.273450,0.443229,1.919117,0.368685,0.346155,1.854948,0.594580,0.340403,0.866059,0.238170,1.973001,0.587271,1.518186,0.229565,0.282997,0.243815,0.787910,1.860617,0.202332,0.393624,0.261806,0.356250,0.209579,0.941930,0.975576,1.857078,0.151427,0.278588,1.964176,0.357004,1.917653,1.986467,0.384834,0.201113,0.210221,0.194161,0.880839,1.625120,0.703426,1.954801,0.310481,0.237670,0.216697,0.209579,0.219567,0.273651,0.448897,0.204964,0.226284
1.852166,1.448809,0.654496,0.193777,0.306838,0.218419,0.172938,1.215893,0.896534,1.929683,0.318858,1.056717,0.756754,1.754427,0.183218,0.521699,1.169157,1.980508,0.267719,0.193576,0.166746,0.337953,0.155534,0.747395,0.132484,1.959044,0.407379,0.448620,1.949149,0.275262,1.368651,0.183218,0.000000,1.855910,0.201954,0.657011,0.992325,1.868470,0.283291,0.299465,0.520693,1.455522,0.333598,0.153682,0.192431,0.939233,0.461122,0.396214,0.308563,1.735108,1.531513,0.275262,0.461122,1.928642,0.342608,0.320845,1.865485,0.612057,0.302857,0.869578,0.236784,1.973540,0.608389,1.523532,0.210950,0.307553,0.202080,0.811751,1.860700,0.138466,0.407379,0.232433,0.341564,0.189466,0.964794,0.978439,1.862535,0.152701,0.280579,1.960282,0.348583,1.926216,1.987757,0.368619,0.138805,0.141316,0.167665,0.906582,1.609334,0.724224,1.960638,0.241800,0.223362,0.196287,0.189466,0.185100,0.233149,0.456493,0.142417,0.202427
0.999842,1.499609,1.813460,1.857029,1.795988,1.858979,1.866883,1.591749,1.747066,0.488391,1.907477,1.665113,1.679270,0.597372,1.864193,1.822260,1.663549,0.761707,1.837764,1.887763,1.888982,1.833262,1.882775,1.595078,1.864046,0.821209,1.878824,1.810813,0.812056,1.889780,1.135637,1.864193,1.855910,0.000000,1.888760,1.792910,1.742375,1.032935,1.846538,1.846565,1.865367,1.518063,1.803038,1.888927,1.899347,1.712369,1.871631,1.864754,1.892829,0.884332,1.419606,1.889780,1.871631,1.018767,1.879815,1.855432,0.824311,1.864242,1.860028,1.749303,1.901700,0.688268,1.844789,1.305022,1.866387,1.895578,1.853874,1.798007,0.791379,1.875227,1.878824,1.879837,1.884488,1.894544,1.715897,1.641192,1.150806,1.877840,1.880197,0.617601,1.873483,0.941811,0.612800,1.792643,1.861487,1.864161,1.884314,1.796440,0.897421,1.801276,0.717084,1.842181,1.902418,1.898234,1.894544,1.861495,1.867553,1.815951,1.875538,1.903690
1.818903,1.389834,0.581755,0.224287,0.407695,0.236123,0.199511,1.134225,0.807512,1.935834,0.286413,1.001516,0.761944,1.779498,0.205835,0.439288,1.094710,1.970607,0.326987,0.019407,0.128877,0.415145,0.163499,0.856847,0.159298,1.943238,0.327002,0.391954,1.928788,0.211829,1.458831,0.205835,0.201954,1.888760,0.000000,0.591560,0.901331,1.829510,0.348341,0.368530,0.440189,1.384524,0.443123,0.085359,0.164799,0.872284,0.367710,0.319710,0.285376,1.719699,1.479217,0.211829,0.367710,1.890917,0.338270,0.347161,1.848004,0.519253,0.324360,0.797688,0.203179,1.970345,0.522363,1.488854,0.261492,0.294594,0.273295,0.725089,1.848099,0.168840,0.327002,0.249641,0.315568,0.066836,0.882370,0.917221,1.815259,0.155605,0.282025,1.957066,0.396427,1.894342,1.988366,0.436031,0.176022,0.209693,0.069282,0.812663,1.649221,0.638969,1.953272,0.356246,0.090337,0.079524,0.066836,0.234273,0.292706,0.454101,0.163150,0.111290
1.604875,1.125731,0.426617,0.686140,0.826180,0.676327,0.670371,0.833877,0.528409,1.824489,0.687030,0.923381,0.613738,1.681601,0.654035,0.493560,0.942745,1.859095,0.800256,0.598998,0.620858,0.847634,0.659816,1.189502,0.684342,1.779925,0.469904,0.544705,1.780205,0.535148,1.621413,0.654035,0.657011,1.792910,0.591560,0.000000,0.623242,1.662250,0.765196,0.795043,0.440916,1.048534,0.850680,0.621851,0.633024,0.674681,0.454698,0.483720,0.651633,1.450735,1.279376,0.535148,0.454698,1.717447,0.745443,0.802146,1.627792,0.452817,0.771687,0.471501,0.656429,1.861746,0.500279,1.286960,0.692446,0.656477,0.752283,0.494312,1.648346,0.680942,0.469904,0.692645,0.697890,0.602706,0.578074,0.645810,1.650541,0.631557,0.731591,1.841147,0.790489,1.718776,1.883354,0.778754,0.686958,0.712781,0.627325,0.561552,1.539834,0.430685,1.810856,0.811061,0.590374,0.598415,0.602706,0.720074,0.734332,0.549951,0.669929,0.620991
1.349718,0.787678,0.466851,1.017024,1.167419,1.013100,0.986287,0.374958,0.390644,1.706415,0.964285,1.112361,0.787361,1.622866,0.970083,0.585662,1.065060,1.684119,1.132038,0.911734,0.927027,1.157432,0.989984,1.502022,1.017373,1.580308,0.668423,0.699834,1.592181,0.803458,1.807815,0.970083,0.992325,1.742375,0.901331,0.623242,0.000000,1.376020,1.113742,1.145414,0.577873,0.796628,1.193959,0.933965,0.932815,0.364765,0.602896,0.696258,0.937590,1.285675,1.071143,0.803458,0.602896,1.482103,1.058433,1.123911,1.412909,0.447515,1.106820,0.406360,0.948088,1.713893,0.651522,0.966991,1.002660,0.951860,1.105616,0.261867,1.431364,1.020496,0.668423,0.993374,1.010749,0.901630,0.163471,0.420695,1.425273,0.940756,1.062677,1.709336,1.103194,1.485769,1.745138,1.170230,1.026242,1.060145,0.944505,0.564353,1.451621,0.356693,1.644229,1.162637,0.873673,0.893464,0.901630,1.070047,1.039701,0.723074,1.005695,0.917072
0.533353,1.011354,1.609694,1.867521,1.911971,1.865206,1.857770,1.184274,1.456239,0.806002,1.839915,1.611890,1.661074,1.081692,1.859551,1.673007,1.516712,0.681570,1.889617,1.833489,1.838714,1.904420,1.861189,1.910470,1.872047,0.555752,1.735774,1.717024,0.645772,1.797098,1.701118,1.859551,1.868470,1.032935,1.829510,1.662250,1.376020,0.000000,1.894154,1.905014,1.685382,1.067039,1.907362,1.842375,1.841923,1.394278,1.705593,1.730188,1.832052,0.809326,0.853316,1.797098,1.705593,0.523125,1.868207,1.879903,0.572035,1.632626,1.875462,1.477105,1.834751,0.697128,1.669542,0.942352,1.871085,1.838775,1.904292,1.513907,0.704712,1.873184,1.735774,1.870060,1.847878,1.830080,1.402250,1.381313,0.628781,1.845096,1.871859,0.741473,1.883946,0.513751,0.760022,1.908897,1.876622,1.886813,1.844270,1.519891,1.222966,1.559904,0.684746,1.910110,1.815527,1.826196,1.830080,1.892591,1.885342,1.729817,1.867385,1.831201
1.883135,1.527074,0.800410,0.200044,0.211389,0.161061,0.251692,1.324965,1.028642,1.927625,0.334186,1.051027,0.847499,1.768806,0.237748,0.674222,1.164038,1.975339,0.256888,0.338579,0.321618,0.393792,0.281673,0.662346,0.265715,1.973151,0.565807,0.600836,1.956151,0.438434,1.294802,0.237748,0.283291,1.846538,0.348341,0.765196,1.113742,1.894154,0.000000,0.078504,0.673313,1.524541,0.268398,0.319376,0.334500,1.087901,0.614904,0.557784,0.281916,1.769820,1.556257,0.438434,0.614904,1.935301,0.353802,0.323143,1.885066,0.747504,0.304935,0.986658,0.343035,1.964384,0.734885,1.596310,0.302802,0.294804,0.234401,0.945462,1.901131,0.268198,0.565807,0.344761,0.353605,0.344458,1.092672,1.109958,1.874360,0.291031,0.229813,1.950798,0.275691,1.939155,1.974215,0.340806,0.264730,0.245937,0.310929,0.991290,1.650054,0.867344,1.956534,0.279426,0.376979,0.354797,0.344458,0.243903,0.337406,0.621763,0.282291,0.344782
1.890356,1.552039,0.835862,0.216092,0.195198,0.192074,0.267674,1.352399,1.055731,1.927153,0.352600,1.047142,0.879093,1.769698,0.257641,0.706117,1.162989,1.975091,0.241227,0.358109,0.337644,0.381533,0.289567,0.637955,0.275451,1.975632,0.598251,0.630109,1.954993,0.464802,1.280656,0.257641,0.299465,1.846565,0.368530,0.795043,1.145414,1.905014,0.078504,0.000000,0.705865,1.544587,0.262826,0.336491,0.347435,1.119118,0.648510,0.587683,0.326643,1.785371,1.578900,0.464802,0.648510,1.938237,0.356471,0.313265,1.898722,0.780180,0.294107,1.021721,0.354214,1.962514,0.757909,1.620574,0.325155,0.329998,0.219583,0.980172,1.908482,0.273836,0.598251,0.355705,0.361533,0.364149,1.125421,1.143744,1.879124,0.310878,0.225218,1.950313,0.287056,1.944222,1.971969,0.336112,0.272123,0.246268,0.327025,1.013501,1.661167,0.901481,1.955778,0.270197,0.396065,0.374262,0.364149,0.235990,0.347737,0.655513,0.288657,0.359093
1.667348,1.144637,0.186809,0.570106,0.730200,0.574683,0.529600,0.863173,0.593352,1.897119,0.532937,1.051004,0.566307,1.755592,0.505147,0.307203,1.084278,1.899565,0.699983,0.449713,0.477490,0.722557,0.541106,1.130682,0.552073,1.836871,0.133098,0.372028,1.847206,0.280266,1.602688,0.505147,0.520693,1.865367,0.440189,0.440916,0.577873,1.685382,0.673313,0.705865,0.000000,1.166992,0.750496,0.464635,0.445541,0.569278,0.144430,0.210105,0.512360,1.561102,1.289378,0.280266,0.144430,1.775583,0.616446,0.706215,1.695998,0.244792,0.680062,0.509441,0.488826,1.915218,0.432751,1.264198,0.531367,0.524678,0.654391,0.357405,1.708344,0.558904,0.133098,0.533156,0.576645,0.438891,0.544087,0.665590,1.715732,0.475358,0.625103,1.912763,0.680520,1.771177,1.937227,0.730849,0.568196,0.598270,0.486033,0.613010,1.562356,0.270864,1.872491,0.698155,0.417959,0.427806,0.438891,0.617065,0.571729,0.312842,0.545128,0.462139
0.949062,0.798868,1.076387,1.462170,1.577143,1.455330,1.444579,0.693281,0.854853,1.420586,1.428553,1.158854,1.227402,1.492126,1.443239,1.192438,1.024089,1.310792,1.542067,1.391782,1.405854,1.570821,1.442533,1.773905,1.472764,1.187203,1.239529,1.271471,1.194623,1.327707,1.871640,1.443239,1.455522,1.518063,1.384524,1.048534,0.796628,1.067039,1.524541,1.544587,1.166992,0.000000,1.587135,1.408671,1.405165,0.952509,1.199010,1.246098,1.402254,0.984158,0.955706,1.327707,1.199010,1.067336,1.479270,1.536978,1.061627,1.085560,1.514134,0.887088,1.408367,1.363127,1.134693,1.013634,1.472432,1.413173,1.519127,0.946217,1.151047,1.461929,1.239529,1.457764,1.445740,1.385767,0.829280,0.901526,1.046371,1.415341,1.492854,1.373474,1.517065,1.100970,1.386310,1.522615,1.475302,1.491358,1.416053,0.805470,1.314767,1.006449,1.261317,1.551605,1.363307,1.378382,1.385767,1.496456,1.496571,1.281300,1.450786,1.390614
1.903885,1.583548,0.866690,0.299744,0.203040,0.319031,0.321920,1.401299,1.112177,1.908887,0.503711,1.157616,0.836861,1.740468,0.313482,0.751226,1.274717,1.973178,0.333222,0.431915,0.430038,0.388908,0.382323,0.561477,0.331944,1.972054,0.648237,0.671595,1.960246,0.529110,1.183403,0.313482,0.333598,1.803038,0.443123,0.850680,1.193959,1.907362,0.268398,0.262826,0.750496,1.587135,0.000000,0.407586,0.427780,1.129540,0.700098,0.637984,0.459615,1.778470,1.586643,0.529110,0.700098,1.967356,0.472075,0.404280,1.884536,0.850196,0.396670,1.067244,0.427503,1.956472,0.806614,1.627712,0.354920,0.449045,0.301534,1.015947,1.904121,0.343900,0.648237,0.402017,0.499867,0.443041,1.158615,1.155655,1.903004,0.362107,0.400209,1.940852,0.396894,1.947989,1.959651,0.376122,0.340480,0.308410,0.405238,1.085647,1.616595,0.940670,1.955498,0.267292,0.479155,0.450814,0.443041,0.326790,0.358298,0.625278,0.357968,0.448604
1.830703,1.415794,0.609823,0.199305,0.382147,0.220327,0.165140,1.167066,0.845362,1.941392,0.279827,1.020387,0.774216,1.784851,0.192632,0.475893,1.118189,1.976200,0.292727,0.077786,0.095103,0.383402,0.116759,0.833162,0.124189,1.947765,0.348023,0.423268,1.935347,0.216615,1.438781,0.192632,0.153682,1.888927,0.085359,0.621851,0.933965,1.842375,0.319376,0.336491,0.464635,1.408671,0.407586,0.000000,0.125432,0.900462,0.396018,0.339585,0.283750,1.732872,1.491713,0.216615,0.396018,1.901679,0.320719,0.330748,1.859279,0.544796,0.293163,0.819486,0.166813,1.974607,0.548728,1.511272,0.237834,0.292509,0.243883,0.755917,1.858853,0.115443,0.348023,0.223844,0.306509,0.054443,0.916417,0.950234,1.827611,0.125225,0.261255,1.962385,0.376113,1.905827,1.991743,0.419763,0.149961,0.162332,0.066370,0.840335,1.652157,0.671911,1.961167,0.316454,0.088445,0.057249,0.054443,0.211692,0.262249,0.462205,0.105712,0.074894
