0.000000,1.137851,1.686329,1.907325,1.928720,1.897153,1.899443,1.237259,1.456053,0.826815,1.883206,1.681583,1.732630,1.088406,1.889005,1.729791,1.565058,0.597935,1.920725,1.870002,1.884173,1.918444,1.902299,1.903540,1.908066,0.504228,1.789117,1.760366,0.606566,1.846615,1.520127,1.889005,1.902681,0.945460,1.865644,1.646201,1.445778,0.262382,1.916827,1.929478,1.750785,1.033421,1.947877,1.883892,1.888088,1.464637,1.759838,1.797752,1.869113,0.626889,0.672571,1.846615,1.759838,0.478373,1.907450,1.930401,0.417399,1.689591,1.915924,1.493613,1.875870,0.646256,1.706982,1.011435,1.885935,1.866935,1.928105,1.586570,0.728429,1.908420,1.789117,1.887728,1.891425,1.872791,1.492980,1.393620,0.655470,1.886367,1.911535,0.723867,1.903831,0.498358,0.642650,1.889475,1.909544,1.918857,1.882093,1.481865,1.131936,1.644379,0.566328,1.931697,1.860082,1.869103,1.872791,1.923347,1.896682,1.781912,1.905859,1.876885
1.137851,0.000000,1.056208,1.384399,1.500783,1.374101,1.353345,0.562774,0.779261,1.510361,1.329898,1.369125,1.318330,1.476680,1.358200,1.076997,1.287785,1.388826,1.430632,1.298580,1.314543,1.462153,1.361504,1.704528,1.387858,1.307907,1.162399,1.147585,1.273008,1.255975,1.826951,1.358200,1.377262,1.572214,1.290250,1.061574,0.674769,1.130298,1.446737,1.473042,1.113062,0.787863,1.516665,1.320271,1.345619,0.821326,1.104548,1.206177,1.314577,1.150711,1.073795,1.255975,1.104548,1.121390,1.400312,1.462321,1.196265,0.967382,1.411650,0.885667,1.339031,1.441162,1.051163,0.710995,1.361543,1.304267,1.441849,0.865890,1.151409,1.381116,1.162399,1.356666,1.366785,1.292933,0.781740,0.828786,1.153220,1.311061,1.410831,1.495163,1.390632,1.221332,1.466378,1.493573,1.389837,1.412944,1.325843,0.897113,1.439206,0.970426,1.333479,1.484372,1.269270,1.287124,1.292933,1.429673,1.384296,1.142612,1.374024,1.302884
1.686329,1.056208,0.000000,0.653825,0.774716,0.640820,0.615418,0.815160,0.670449,1.841572,0.629495,1.235534,0.494043,1.660931,0.579226,0.318608,1.275200,1.880066,0.745278,0.549367,0.578870,0.788589,0.636291,1.163485,0.636300,1.828364,0.268705,0.378721,1.840852,0.406665,1.629202,0.579226,0.605113,1.809202,0.542040,0.523796,0.529936,1.691757,0.718030,0.762383,0.176479,1.163010,0.784775,0.565680,0.557291,0.485830,0.253577,0.288138,0.565256,1.606118,1.432684,0.406665,0.253577,1.760292,0.745870,0.850992,1.680461,0.383004,0.769891,0.511434,0.590553,1.891901,0.335401,1.099119,0.594482,0.568914,0.728223,0.287889,1.680183,0.638388,0.268705,0.618774,0.688102,0.549881,0.391079,0.605905,1.726187,0.569000,0.708801,1.886761,0.691260,1.731862,1.905367,0.798498,0.658121,0.671693,0.581596,0.743799,1.411305,0.133993,1.829692,0.750232,0.533904,0.541290,0.549881,0.702618,0.640328,0.327385,0.629642,0.575770
1.907325,1.384399,0.653825,0.000000,0.252972,0.080264,0.090983,1.214318,0.958795,1.905748,0.265007,0.965424,0.771889,1.722846,0.136109,0.543375,1.097841,1.970922,0.185599,0.219855,0.185481,0.302947,0.164676,0.739162,0.170179,1.971882,0.429766,0.483877,1.948221,0.294863,1.502897,0.136109,0.202313,1.862439,0.229108,0.705235,0.988423,1.898366,0.181502,0.198923,0.516601,1.458925,0.297630,0.187010,0.186862,0.948418,0.485950,0.409360,0.258338,1.832323,1.707883,0.294863,0.485950,1.918891,0.276416,0.305181,1.915582,0.613823,0.261127,0.942531,0.218217,1.979664,0.597882,1.469225,0.221970,0.289238,0.195336,0.812079,1.851375,0.153274,0.429766,0.235225,0.262564,0.217159,0.938122,1.048942,1.876848,0.144568,0.192087,1.960046,0.317631,1.925060,1.982932,0.385290,0.175354,0.154642,0.194674,0.976367,1.555413,0.705632,1.967335,0.303963,0.244828,0.229743,0.217159,0.181390,0.242368,0.491051,0.160507,0.215689
1.928720,1.500783,0.774716,0.252972,0.000000,0.271436,0.310540,1.338633,1.090152,1.849529,0.430921,1.011732,0.758714,1.649382,0.256895,0.683349,1.175308,1.959797,0.290125,0.423451,0.389713,0.310647,0.351308,0.565804,0.306712,1.975713,0.583634,0.603607,1.962578,0.453482,1.367589,0.256895,0.296005,1.785164,0.435841,0.827955,1.136785,1.923556,0.217965,0.194158,0.659847,1.545772,0.226927,0.388388,0.356022,1.054990,0.648585,0.544590,0.420191,1.832873,1.750909,0.453482,0.648585,1.961221,0.404905,0.353160,1.914145,0.792946,0.400026,1.071329,0.400308,1.963428,0.744788,1.523975,0.350766,0.444396,0.261868,0.958250,1.859719,0.317080,0.583634,0.366639,0.418056,0.428471,1.068845,1.144262,1.917950,0.362823,0.325102,1.920733,0.394992,1.939468,1.955267,0.331462,0.299516,0.272566,0.386833,1.094706,1.475352,0.842567,1.967583,0.264971,0.463947,0.441292,0.428471,0.275144,0.339925,0.602750,0.331016,0.431305
1.897153,1.374101,0.640820,0.080264,0.271436,0.000000,0.131240,1.196412,0.942414,1.907843,0.259080,0.969678,0.766579,1.727288,0.144772,0.529478,1.095703,1.969877,0.211135,0.216234,0.185782,0.329891,0.164960,0.762375,0.182651,1.966857,0.420533,0.473069,1.947164,0.291473,1.512130,0.144772,0.218903,1.866873,0.224563,0.685745,0.971780,1.890672,0.156967,0.191160,0.506021,1.443674,0.328263,0.186265,0.190810,0.930418,0.474511,0.401723,0.233320,1.830652,1.694708,0.291473,0.474511,1.912941,0.292637,0.331654,1.911255,0.600656,0.276014,0.919998,0.214076,1.977902,0.588410,1.449774,0.232495,0.275895,0.209639,0.796739,1.851825,0.160646,0.420533,0.246195,0.264557,0.213321,0.921997,1.031200,1.872819,0.165310,0.185957,1.961653,0.321971,1.919660,1.982001,0.386814,0.191029,0.168190,0.193587,0.969291,1.548957,0.691005,1.963340,0.323974,0.236499,0.224924,0.213321,0.195389,0.259912,0.491622,0.167556,0.212070
1.899443,1.353345,0.615418,0.090983,0.310540,0.131240,0.000000,1.184995,0.929009,1.910751,0.258658,0.968193,0.756887,1.730098,0.143986,0.510991,1.091034,1.970992,0.205502,0.184313,0.158852,0.320803,0.153278,0.777193,0.170358,1.965902,0.387529,0.460495,1.939876,0.252686,1.532742,0.143986,0.200795,1.870602,0.191943,0.677741,0.949876,1.888915,0.237025,0.260339,0.474444,1.429274,0.323133,0.155372,0.147921,0.919364,0.442948,0.371485,0.237852,1.825220,1.691510,0.252686,0.442948,1.907667,0.288004,0.330722,1.907785,0.571830,0.265708,0.908879,0.174224,1.980554,0.557482,1.451304,0.207045,0.260788,0.222036,0.769851,1.841931,0.150832,0.387529,0.215405,0.267128,0.178868,0.900293,1.022058,1.860200,0.089236,0.223068,1.961365,0.313629,1.916580,1.986026,0.411901,0.181888,0.170083,0.168171,0.945037,1.558635,0.665980,1.963289,0.326129,0.204548,0.190745,0.178868,0.202844,0.231846,0.454337,0.150508,0.181105
1.237259,0.562774,0.815160,1.214318,1.338633,1.196412,1.184995,0.000000,0.455650,1.589176,1.161630,1.257283,1.138216,1.491769,1.173717,0.812804,1.192145,1.543036,1.270435,1.110542,1.142087,1.304340,1.194718,1.602025,1.217157,1.465835,0.949633,0.888402,1.456827,1.063785,1.812624,1.173717,1.210268,1.626144,1.098833,0.790353,0.376297,1.250710,1.288866,1.324477,0.896034,0.763881,1.370672,1.149470,1.173624,0.538348,0.880402,0.988111,1.133827,1.201089,1.129252,1.063785,0.880402,1.295515,1.245819,1.316200,1.298167,0.740753,1.266528,0.596436,1.169212,1.575938,0.805759,0.727549,1.180002,1.124223,1.280779,0.625483,1.292311,1.216558,0.949633,1.186103,1.196913,1.118422,0.488886,0.432712,1.327820,1.133740,1.248770,1.605621,1.229610,1.366446,1.596821,1.319825,1.220395,1.250620,1.143575,0.767710,1.333577,0.708006,1.458681,1.331443,1.092376,1.115097,1.118422,1.264508,1.217805,0.961407,1.208329,1.136461
1.456053,0.779261,0.670449,0.958795,1.090152,0.942414,0.929009,0.455650,0.000000,1.722226,0.919179,1.072633,1.040360,1.583075,0.914842,0.608164,1.047016,1.713986,1.003895,0.848722,0.881742,1.032632,0.932655,1.398596,0.958133,1.655197,0.735410,0.668388,1.627895,0.826031,1.792688,0.914842,0.950483,1.723982,0.837509,0.468265,0.431261,1.447724,1.047373,1.079078,0.700756,0.855550,1.145056,0.892442,0.921182,0.486512,0.673037,0.766815,0.884508,1.397554,1.274034,0.826031,0.673037,1.503923,0.990389,1.054875,1.510471,0.562344,1.005942,0.485814,0.914250,1.730194,0.618663,0.920647,0.910596,0.862536,1.019035,0.549397,1.491719,0.958677,0.735410,0.911944,0.947448,0.860321,0.502631,0.389368,1.515441,0.877495,1.004682,1.754523,0.965212,1.578019,1.756018,1.060501,0.955370,0.991771,0.880130,0.638863,1.367424,0.577389,1.647613,1.073132,0.836701,0.860347,0.860321,1.003705,0.946713,0.765313,0.951888,0.880236
0.826815,1.510361,1.841572,1.905748,1.849529,1.907843,1.910751,1.589176,1.722226,0.000000,1.925034,1.655759,1.762452,0.506132,1.894865,1.848147,1.646334,0.652723,1.900573,1.922295,1.926259,1.872006,1.924536,1.674928,1.906533,0.670029,1.894238,1.843076,0.774236,1.908769,1.094308,1.894865,1.899306,0.450375,1.922629,1.830135,1.749325,0.864716,1.898933,1.894424,1.878734,1.447250,1.860537,1.927940,1.916638,1.717280,1.888724,1.886771,1.917816,0.763125,1.211899,1.908769,1.888724,0.906676,1.911979,1.884857,0.709403,1.879027,1.919745,1.754466,1.918053,0.657195,1.833342,1.358770,1.912008,1.912854,1.895255,1.818336,0.794134,1.919493,1.894238,1.911377,1.921146,1.929355,1.750407,1.648757,0.876504,1.915368,1.916550,0.291064,1.900332,0.705773,0.544726,1.837122,1.902907,1.909019,1.918086,1.731712,1.026005,1.829740,0.719423,1.870869,1.935079,1.934030,1.929355,1.903650,1.905254,1.860088,1.923218,1.938405
1.883206,1.329898,0.629495,0.265007,0.430921,0.259080,0.258658,1.161630,0.919179,1.925034,0.000000,0.940841,0.779581,1.756711,0.297775,0.538703,1.044183,1.963545,0.292567,0.246513,0.228974,0.396234,0.239119,0.836011,0.266100,1.950714,0.409505,0.510636,1.934989,0.298369,1.558443,0.297775,0.290015,1.891388,0.250373,0.666106,0.917082,1.874017,0.308978,0.338612,0.492237,1.394935,0.448969,0.218295,0.249960,0.916494,0.452209,0.420099,0.207540,1.830024,1.667655,0.298369,0.452209,1.884419,0.204498,0.427363,1.904265,0.535504,0.296924,0.898608,0.283487,1.965934,0.587592,1.435819,0.254191,0.257667,0.305871,0.744284,1.844540,0.227001,0.409505,0.271409,0.158323,0.231962,0.887388,1.027164,1.845837,0.230485,0.217468,1.968633,0.306059,1.903343,1.979733,0.444392,0.274700,0.250396,0.248030,0.920579,1.567557,0.671676,1.939454,0.378344,0.237993,0.229619,0.231962,0.295651,0.283298,0.497386,0.231363,0.223174
1.681583,1.369125,1.235534,0.965424,1.011732,0.969678,0.968193,1.257283,1.072633,1.655759,0.940841,0.000000,1.411384,1.520898,1.001538,1.107162,0.306982,1.693782,0.907946,0.979042,0.985364,0.953813,0.975492,1.095059,0.987895,1.719394,1.105601,1.093743,1.647611,1.057530,1.534638,1.001538,1.011096,1.654218,0.977634,1.026415,1.228290,1.650867,0.996316,0.996720,1.149062,1.343890,1.056327,0.994141,1.011503,1.263765,1.103695,1.130157,0.962754,1.619459,1.605321,1.057530,1.103695,1.601049,0.911599,0.913870,1.735804,1.049092,0.921058,1.267850,0.987484,1.695265,1.079091,1.492090,0.996505,0.966125,0.962542,1.225537,1.627037,0.979266,1.105601,0.975057,0.933412,0.987568,1.289230,1.285746,1.613668,0.963904,0.969510,1.708790,0.980169,1.703569,1.709295,0.896740,0.971167,0.980558,0.978746,1.093397,1.501537,1.219660,1.686865,1.003244,0.990992,0.996555,0.987568,0.970451,0.983745,1.162527,0.983039,0.989471
1.732630,1.318330,0.494043,0.771889,0.758714,0.766579,0.756887,1.138216,1.040360,1.762452,0.779581,1.411384,0.000000,1.564872,0.688346,0.666620,1.480778,1.871497,0.852316,0.749709,0.758576,0.838360,0.782120,1.028603,0.743078,1.818501,0.570846,0.658239,1.879794,0.606149,1.380648,0.688346,0.691102,1.689309,0.752043,0.827672,0.902910,1.747552,0.763018,0.792778,0.539909,1.353266,0.742662,0.733532,0.691231,0.809549,0.613381,0.539567,0.725764,1.619503,1.488616,0.606149,0.613381,1.844491,0.863209,0.943849,1.667421,0.766426,0.902557,0.839955,0.749228,1.866382,0.702488,1.231668,0.712481,0.739717,0.798562,0.689749,1.701663,0.752684,0.570846,0.745254,0.828277,0.749039,0.750166,0.895654,1.798184,0.745784,0.810032,1.823873,0.774431,1.737289,1.859600,0.811829,0.766890,0.754738,0.756120,1.003406,1.286009,0.592599,1.830645,0.748131,0.756422,0.742375,0.749039,0.783870,0.731229,0.526922,0.752153,0.768264
1.088406,1.476680,1.660931,1.722846,1.649382,1.727288,1.730098,1.491769,1.583075,0.506132,1.756711,1.520898,1.564872,0.000000,1.702640,1.656563,1.571946,1.034777,1.726684,1.748855,1.754448,1.681383,1.754231,1.499241,1.721612,1.028628,1.707661,1.642444,1.116376,1.719240,0.965201,1.702640,1.706221,0.600226,1.750265,1.653961,1.621326,1.127450,1.720160,1.717792,1.693781,1.407337,1.668181,1.755250,1.735511,1.559840,1.707013,1.698902,1.742713,0.818333,1.323354,1.719240,1.707013,1.210906,1.745679,1.725050,0.933062,1.718065,1.765372,1.608012,1.749266,1.023810,1.644401,1.315067,1.730212,1.743899,1.707983,1.659629,0.935913,1.741526,1.707661,1.728024,1.756864,1.759462,1.599027,1.495939,1.176337,1.733549,1.749637,0.760484,1.731274,0.975963,0.941718,1.637980,1.716425,1.726167,1.742564,1.577747,0.872529,1.655651,1.052936,1.674634,1.771964,1.767722,1.759462,1.719640,1.718611,1.662559,1.748869,1.777695
1.889005,1.358200,0.579226,0.136109,0.256895,0.144772,0.143986,1.173717,0.914842,1.894865,0.297775,1.001538,0.688346,1.702640,0.000000,0.491001,1.126230,1.969675,0.262582,0.234677,0.210446,0.340204,0.212904,0.767945,0.206985,1.963739,0.366234,0.433955,1.949373,0.240425,1.505854,0.000000,0.190687,1.851170,0.242172,0.651449,0.938965,1.883171,0.217724,0.246139,0.445764,1.419393,0.320129,0.206418,0.179393,0.887477,0.428771,0.346782,0.243343,1.808075,1.676994,0.240425,0.428771,1.915239,0.339750,0.385779,1.890683,0.570452,0.340320,0.890326,0.232847,1.978540,0.540256,1.429076,0.211632,0.265727,0.255561,0.751965,1.845041,0.195682,0.366234,0.234005,0.317817,0.234321,0.876766,0.987325,1.868846,0.166127,0.265018,1.953748,0.310147,1.908022,1.981750,0.385249,0.216059,0.201070,0.220043,0.929004,1.500716,0.639102,1.959459,0.311167,0.257210,0.241739,0.234321,0.238272,0.241050,0.420435,0.197167,0.241405
1.729791,1.076997,0.318608,0.543375,0.683349,0.529478,0.510991,0.812804,0.608164,1.848147,0.538703,1.107162,0.666620,1.656563,0.491001,0.000000,1.176617,1.902932,0.629003,0.435881,0.455935,0.667244,0.516584,1.078273,0.530235,1.864815,0.265200,0.120773,1.857886,0.359364,1.636767,0.491001,0.520090,1.814546,0.426702,0.501381,0.581027,1.734649,0.641099,0.682210,0.282342,1.203944,0.707382,0.471122,0.481714,0.525662,0.211522,0.289894,0.509981,1.641506,1.534376,0.359364,0.211522,1.781723,0.639699,0.706263,1.740493,0.356008,0.658246,0.563798,0.514420,1.910978,0.328533,1.156385,0.514172,0.516246,0.614771,0.417590,1.686866,0.538162,0.265200,0.526348,0.578184,0.447250,0.503125,0.609567,1.759879,0.458946,0.607379,1.901432,0.623936,1.787273,1.921445,0.727618,0.539806,0.571242,0.463122,0.784638,1.446586,0.300842,1.856288,0.671854,0.433091,0.449863,0.447250,0.592523,0.557252,0.340988,0.528020,0.475253
1.565058,1.287785,1.275200,1.097841,1.175308,1.095703,1.091034,1.192145,1.047016,1.646334,1.044183,0.306982,1.480778,1.571946,1.126230,1.176617,0.000000,1.615172,1.051803,1.081012,1.094904,1.110680,1.093707,1.276359,1.118738,1.616564,1.175610,1.185111,1.557920,1.153850,1.632157,1.126230,1.144238,1.673013,1.076764,1.047526,1.189784,1.528479,1.129360,1.136432,1.204310,1.213732,1.209550,1.099537,1.122205,1.256632,1.162005,1.208350,1.058324,1.573118,1.472114,1.153850,1.162005,1.465489,1.034381,1.066116,1.656091,1.070206,1.048810,1.250726,1.085749,1.623524,1.130967,1.423208,1.110362,1.055817,1.109204,1.225670,1.583590,1.102399,1.175610,1.093177,1.044562,1.086829,1.279333,1.273146,1.485418,1.080000,1.092952,1.666838,1.091057,1.601939,1.648175,1.033059,1.107191,1.114193,1.089980,1.048745,1.509612,1.246773,1.592642,1.156884,1.078436,1.089629,1.086829,1.109753,1.108224,1.242968,1.102339,1.083240
0.597935,1.388826,1.880066,1.970922,1.959797,1.969877,1.970992,1.543036,1.713986,0.652723,1.963545,1.693782,1.871497,1.034777,1.969675,1.902932,1.615172,0.000000,1.965087,1.966782,1.969833,1.958642,1.973083,1.849507,1.975822,0.450775,1.938048,1.916841,0.387159,1.963378,1.387567,1.969675,1.976498,0.804290,1.965445,1.852736,1.710013,0.602485,1.969468,1.966461,1.918620,1.361259,1.967792,1.971740,1.974903,1.736777,1.922422,1.940939,1.965123,0.812003,1.058842,1.963378,1.922422,0.536897,1.958228,1.955027,0.609383,1.875909,1.954547,1.766497,1.968008,0.418461,1.883733,1.326835,1.969174,1.959710,1.972169,1.813467,0.747534,1.976316,1.938048,1.968026,1.958685,1.966980,1.746934,1.681553,0.703595,1.968344,1.962580,0.464803,1.960985,0.617741,0.325926,1.944493,1.973139,1.977475,1.969053,1.713893,1.276778,1.853809,0.432774,1.971749,1.962140,1.966088,1.966980,1.973557,1.970987,1.927533,1.976082,1.966661
1.920725,1.430632,0.745278,0.185599,0.290125,0.211135,0.205502,1.270435,1.003895,1.900573,0.292567,0.907946,0.852316,1.726684,0.262582,0.629003,1.051803,1.965087,0.000000,0.276493,0.264226,0.258137,0.219485,0.694424,0.210140,1.974754,0.531480,0.569876,1.942818,0.393126,1.494450,0.262582,0.261683,1.852379,0.286518,0.747985,1.060493,1.908000,0.262327,0.257628,0.613445,1.485075,0.322689,0.263445,0.270496,1.022315,0.583149,0.500215,0.335617,1.848056,1.728835,0.393126,0.583149,1.921510,0.231157,0.244631,1.930460,0.694620,0.168901,1.006270,0.278069,1.968087,0.680667,1.508584,0.256656,0.352820,0.191680,0.895151,1.860273,0.208725,0.531480,0.258387,0.241189,0.290064,1.018060,1.110006,1.884653,0.239691,0.226400,1.951890,0.346142,1.942106,1.975401,0.356286,0.190280,0.189945,0.244505,1.017404,1.566129,0.793559,1.959860,0.301164,0.319832,0.305952,0.290064,0.198372,0.255214,0.597298,0.220367,0.288889
1.870002,1.298580,0.549367,0.219855,0.423451,0.216234,0.184313,1.110542,0.848722,1.922295,0.246513,0.979042,0.749709,1.748855,0.234677,0.435881,1.081012,1.966782,0.276493,0.000000,0.143456,0.394008,0.164425,0.865828,0.159464,1.953611,0.328790,0.403468,1.931096,0.224954,1.582266,0.234677,0.226900,1.883920,0.020665,0.590053,0.868614,1.860985,0.335993,0.368227,0.411643,1.375198,0.425785,0.102263,0.185468,0.844050,0.368342,0.323117,0.231985,1.802098,1.647832,0.224954,0.368342,1.882614,0.310401,0.397204,1.886023,0.494098,0.311727,0.822435,0.210258,1.975890,0.501157,1.390692,0.232484,0.241912,0.270449,0.687966,1.830684,0.175176,0.328790,0.239639,0.267390,0.081644,0.822366,0.946025,1.843520,0.142367,0.288412,1.966707,0.329942,1.902115,1.985606,0.478104,0.175344,0.216225,0.056120,0.890596,1.566892,0.590950,1.943676,0.375880,0.114629,0.107898,0.081644,0.243337,0.267124,0.423242,0.169657,0.139780
1.884173,1.314543,0.578870,0.185481,0.389713,0.185782,0.158852,1.142087,0.881742,1.926259,0.228974,0.985364,0.758576,1.754448,0.210446,0.455935,1.094904,1.969833,0.264226,0.143456,0.000000,0.369036,0.084679,0.847391,0.173153,1.957066,0.343272,0.416092,1.932351,0.223631,1.566958,0.210446,0.189307,1.888753,0.151328,0.641693,0.898867,1.876835,0.292423,0.319549,0.436684,1.402978,0.403113,0.087377,0.158675,0.880829,0.386834,0.344809,0.234254,1.821287,1.676349,0.223631,0.386834,1.889819,0.285793,0.377202,1.903318,0.523753,0.279239,0.846302,0.209719,1.972668,0.522267,1.425167,0.212944,0.263911,0.250028,0.717533,1.837153,0.125943,0.343272,0.213859,0.246147,0.100530,0.851949,0.980664,1.848541,0.135211,0.236206,1.970972,0.333118,1.907728,1.988383,0.476380,0.186327,0.174855,0.133310,0.920376,1.580946,0.621302,1.950011,0.339569,0.111478,0.104109,0.100530,0.224115,0.249509,0.439415,0.111642,0.077322
1.918444,1.462153,0.788589,0.302947,0.310647,0.329891,0.320803,1.304340,1.032632,1.872006,0.396234,0.953813,0.838360,1.681383,0.340204,0.667244,1.110680,1.958642,0.258137,0.394008,0.369036,0.000000,0.328400,0.650827,0.309329,1.966048,0.582154,0.598194,1.940979,0.453172,1.435539,0.340204,0.325474,1.809587,0.403825,0.785323,1.106461,1.901123,0.350983,0.340423,0.660136,1.480352,0.336457,0.379574,0.349542,1.053516,0.635373,0.548674,0.437181,1.828337,1.720546,0.453172,0.635373,1.933840,0.338991,0.342777,1.915949,0.755670,0.317116,1.032411,0.369487,1.956803,0.738995,1.516845,0.286969,0.456131,0.270642,0.943558,1.848906,0.317905,0.582154,0.251243,0.364142,0.405692,1.062818,1.121032,1.899200,0.354372,0.344337,1.930543,0.403469,1.942821,1.956165,0.388377,0.292673,0.287675,0.361968,1.034746,1.517038,0.843429,1.955806,0.287765,0.436487,0.420956,0.405692,0.289102,0.221215,0.638767,0.328191,0.405482
1.902299,1.361504,0.636291,0.164676,0.351308,0.164960,0.153278,1.194718,0.932655,1.924536,0.239119,0.975492,0.782120,1.754231,0.212904,0.516584,1.093707,1.973083,0.219485,0.164425,0.084679,0.328400,0.000000,0.805943,0.137661,1.966003,0.404759,0.471000,1.938227,0.272664,1.542763,0.212904,0.171842,1.885703,0.176302,0.680516,0.960119,1.894446,0.257639,0.275965,0.495843,1.439539,0.355156,0.111616,0.161923,0.937494,0.453183,0.395152,0.247217,1.839645,1.698437,0.272664,0.453183,1.904388,0.264185,0.336624,1.919508,0.588688,0.238581,0.899911,0.204930,1.974061,0.579601,1.462478,0.213729,0.276537,0.192274,0.780504,1.855905,0.079614,0.404759,0.205873,0.238944,0.139335,0.913142,1.031393,1.862316,0.158935,0.208139,1.969107,0.318792,1.922440,1.987995,0.446684,0.146555,0.120579,0.134069,0.966447,1.590922,0.683413,1.956171,0.294396,0.165236,0.150491,0.139335,0.167955,0.234794,0.497293,0.066074,0.120265
1.903540,1.704528,1.163485,0.739162,0.565804,0.762375,0.777193,1.602025,1.398596,1.674928,0.836011,1.095059,1.028603,1.499241,0.767945,1.078273,1.276359,1.849507,0.694424,0.865828,0.847391,0.650827,0.805943,0.000000,0.750907,1.889831,1.016496,0.996111,1.886709,0.910195,1.110266,0.767945,0.751783,1.571468,0.877050,1.190222,1.474856,1.901420,0.694838,0.665449,1.079421,1.696749,0.593494,0.845028,0.814798,1.372673,1.070624,0.963574,0.856552,1.801065,1.814099,0.910195,1.070624,1.944714,0.765816,0.660768,1.859244,1.195658,0.778316,1.411464,0.832344,1.842373,1.159355,1.658319,0.794079,0.862495,0.686848,1.330612,1.793832,0.774556,1.016496,0.797922,0.808093,0.878036,1.414104,1.424642,1.903238,0.825286,0.760991,1.763116,0.768154,1.901554,1.812800,0.630535,0.738163,0.724554,0.829580,1.372656,1.383215,1.229052,1.892733,0.630305,0.913786,0.892193,0.878036,0.712979,0.759732,0.994582,0.790555,0.882026
1.908066,1.387858,0.636300,0.170179,0.306712,0.182651,0.170358,1.217157,0.958133,1.906533,0.266100,0.987895,0.743078,1.721612,0.206985,0.530235,1.118738,1.975822,0.210140,0.159464,0.173153,0.309329,0.137661,0.750907,0.000000,1.972793,0.416770,0.475490,1.951624,0.282415,1.501501,0.206985,0.149770,1.854262,0.177435,0.684377,0.985190,1.900659,0.255476,0.273892,0.502998,1.459189,0.308870,0.136044,0.181958,0.938809,0.472136,0.395397,0.266469,1.824899,1.698962,0.282415,0.472136,1.924139,0.285947,0.335439,1.910127,0.618342,0.284769,0.922425,0.233264,1.979815,0.601419,1.454559,0.219521,0.291495,0.160849,0.796845,1.851057,0.106349,0.416770,0.220852,0.267552,0.167173,0.927102,1.039040,1.882969,0.182387,0.242912,1.959230,0.315141,1.929368,1.984504,0.410733,0.069730,0.106247,0.113184,0.984270,1.556228,0.693659,1.959905,0.254625,0.218250,0.190311,0.167173,0.141287,0.221134,0.480714,0.119382,0.200664
0.504228,1.307907,1.828364,1.971882,1.975713,1.966857,1.965902,1.465835,1.655197,0.670029,1.950714,1.719394,1.818501,1.028628,1.963739,1.864815,1.616564,0.450775,1.974754,1.953611,1.957066,1.966048,1.966003,1.889831,1.972793,0.000000,1.901601,1.887500,0.489019,1.940230,1.406037,1.963739,1.969282,0.831643,1.951389,1.807767,1.635882,0.529295,1.969404,1.973174,1.875198,1.210572,1.976555,1.958572,1.962288,1.675078,1.881628,1.911852,1.944123,0.735220,0.936855,1.940230,1.881628,0.440578,1.963330,1.966686,0.516322,1.829085,1.967198,1.672570,1.953235,0.440553,1.830692,1.236661,1.958993,1.939001,1.975856,1.747204,0.669920,1.969617,1.901601,1.957140,1.958808,1.952593,1.674969,1.611459,0.561955,1.959323,1.966901,0.522340,1.950414,0.399522,0.431626,1.938572,1.972782,1.974338,1.959929,1.630381,1.237878,1.798743,0.436372,1.971865,1.944020,1.949444,1.952593,1.976213,1.962274,1.884767,1.968407,1.951241
1.789117,1.162399,0.268705,0.429766,0.583634,0.420533,0.387529,0.949633,0.735410,1.894238,0.409505,1.105601,0.570846,1.707661,0.366234,0.265200,1.175610,1.938048,0.531480,0.328790,0.343272,0.582154,0.404759,1.016496,0.416770,1.901601,0.000000,0.290378,1.899381,0.170425,1.604115,0.366234,0.392072,1.862640,0.322542,0.522019,0.664351,1.787774,0.505800,0.550333,0.110641,1.257391,0.593597,0.335998,0.327016,0.644032,0.096008,0.159051,0.346398,1.718877,1.546200,0.170425,0.096008,1.831755,0.529437,0.646647,1.797934,0.339224,0.554171,0.638706,0.378335,1.945084,0.320326,1.254206,0.379384,0.361978,0.511359,0.433504,1.762803,0.410573,0.000000,0.396698,0.472834,0.320108,0.583466,0.764171,1.789183,0.339378,0.484818,1.943050,0.484066,1.819171,1.960736,0.618769,0.440481,0.448340,0.360603,0.778271,1.487217,0.325556,1.900142,0.545620,0.307309,0.312451,0.320108,0.484703,0.424467,0.252723,0.400276,0.343770
1.760366,1.147585,0.378721,0.483877,0.603607,0.473069,0.460495,0.888402,0.668388,1.843076,0.510636,1.093743,0.658239,1.642444,0.433955,0.120773,1.185111,1.916841,0.569876,0.403468,0.416092,0.598194,0.471000,0.996111,0.475490,1.887500,0.290378,0.000000,1.880820,0.339322,1.593465,0.433955,0.465744,1.798895,0.396874,0.537291,0.678467,1.763417,0.583572,0.621995,0.329249,1.263621,0.640481,0.435628,0.439931,0.589034,0.269245,0.276746,0.489759,1.660762,1.572306,0.339322,0.269245,1.818247,0.597955,0.640487,1.763997,0.431049,0.615147,0.640555,0.477828,1.925353,0.373697,1.199579,0.466715,0.499113,0.552544,0.519095,1.702903,0.489598,0.290378,0.480947,0.540626,0.419557,0.594405,0.665125,1.796392,0.418036,0.558168,1.903845,0.589857,1.818844,1.928918,0.668331,0.481946,0.514708,0.421238,0.835736,1.434510,0.384856,1.881358,0.610408,0.413759,0.426566,0.419557,0.533065,0.507387,0.342693,0.482095,0.448564
0.606566,1.273008,1.840852,1.948221,1.962578,1.947164,1.939876,1.456827,1.627895,0.774236,1.934989,1.647611,1.879794,1.116376,1.949373,1.857886,1.557920,0.387159,1.942818,1.931096,1.932351,1.940979,1.938227,1.886709,1.951624,0.489019,1.899381,1.880820,0.000000,1.928376,1.491688,1.949373,1.951222,0.908038,1.928520,1.800874,1.629781,0.605348,1.958845,1.957628,1.878347,1.294670,1.961548,1.937452,1.943942,1.693131,1.878237,1.907659,1.933176,0.807664,1.052910,1.928376,1.878237,0.415629,1.930767,1.930401,0.642424,1.814824,1.922003,1.694369,1.933774,0.471142,1.830136,1.320350,1.943461,1.923160,1.952443,1.752583,0.736756,1.947033,1.899381,1.937873,1.931906,1.928611,1.682873,1.623518,0.595698,1.933468,1.943048,0.592797,1.936868,0.594076,0.486447,1.953424,1.950405,1.953541,1.936783,1.673732,1.402248,1.805123,0.514394,1.958516,1.921055,1.927381,1.928611,1.950923,1.946245,1.892652,1.944931,1.927131
1.846615,1.255975,0.406665,0.294863,0.453482,0.291473,0.252686,1.063785,0.826031,1.908769,0.298369,1.057530,0.606149,1.719240,0.240425,0.359364,1.153850,1.963378,0.393126,0.224954,0.223631,0.453172,0.272664,0.910195,0.282415,1.940230,0.170425,0.339322,1.928376,0.000000,1.564366,0.240425,0.257281,1.869123,0.224263,0.570886,0.792841,1.842108,0.374802,0.415793,0.258229,1.340663,0.460756,0.213047,0.172301,0.763043,0.247005,0.190640,0.251470,1.771043,1.612988,0.000000,0.247005,1.877650,0.401611,0.515707,1.852372,0.432643,0.423066,0.754641,0.254355,1.963947,0.410819,1.345084,0.256431,0.285909,0.367340,0.578409,1.803808,0.270486,0.170425,0.270876,0.351310,0.213512,0.720340,0.877256,1.834527,0.214822,0.354586,1.959628,0.385966,1.870204,1.978459,0.519923,0.305310,0.304358,0.244834,0.845886,1.514805,0.470011,1.933197,0.413375,0.216780,0.209918,0.213512,0.342553,0.299628,0.303168,0.262719,0.234767
1.520127,1.826951,1.629202,1.502897,1.367589,1.512130,1.532742,1.812624,1.792688,1.094308,1.558443,1.534638,1.380648,0.965201,1.505854,1.636767,1.632157,1.387567,1.494450,1.582266,1.566958,1.435539,1.542763,1.110266,1.501501,1.406037,1.604115,1.593465,1.491688,1.564366,0.000000,1.505854,1.485934,0.964113,1.589485,1.684590,1.798225,1.541065,1.443043,1.428130,1.620196,1.730082,1.363815,1.560562,1.531822,1.689419,1.638043,1.574420,1.557150,1.371041,1.568450,1.564366,1.638043,1.619142,1.522858,1.494034,1.396457,1.724531,1.539258,1.711918,1.555534,1.318437,1.642968,1.661964,1.519365,1.580585,1.463551,1.723330,1.401913,1.513304,1.604115,1.525995,1.547896,1.584695,1.738188,1.711883,1.616678,1.562406,1.505075,1.217874,1.521061,1.387993,1.276439,1.371849,1.501262,1.482752,1.562442,1.690252,1.175185,1.678102,1.424463,1.400605,1.606515,1.589790,1.584695,1.476768,1.493830,1.568976,1.522747,1.589061
1.889005,1.358200,0.579226,0.136109,0.256895,0.144772,0.143986,1.173717,0.914842,1.894865,0.297775,1.001538,0.688346,1.702640,0.000000,0.491001,1.126230,1.969675,0.262582,0.234677,0.210446,0.340204,0.212904,0.767945,0.206985,1.963739,0.366234,0.433955,1.949373,0.240425,1.505854,0.000000,0.190687,1.851170,0.242172,0.651449,0.938965,1.883171,0.217724,0.246139,0.445764,1.419393,0.320129,0.206418,0.179393,0.887477,0.428771,0.346782,0.243343,1.808075,1.676994,0.240425,0.428771,1.915239,0.339750,0.385779,1.890683,0.570452,0.340320,0.890326,0.232847,1.978540,0.540256,1.429076,0.211632,0.265727,0.255561,0.751965,1.845041,0.195682,0.366234,0.234005,0.317817,0.234321,0.876766,0.987325,1.868846,0.166127,0.265018,1.953748,0.310147,1.908022,1.981750,0.385249,0.216059,0.201070,0.220043,0.929004,1.500716,0.639102,1.959459,0.311167,0.257210,0.241739,0.234321,0.238272,0.241050,0.420435,0.197167,0.241405
1.902681,1.377262,0.605113,0.202313,0.296005,0.218903,0.200795,1.210268,0.950483,1.899306,0.290015,1.011096,0.691102,1.706221,0.190687,0.520090,1.144238,1.976498,0.261683,0.226900,0.189307,0.325474,0.171842,0.751783,0.149770,1.969282,0.392072,0.465744,1.951222,0.257281,1.485934,0.190687,0.000000,1.846493,0.239731,0.672846,0.970549,1.898378,0.265277,0.281800,0.473825,1.449449,0.306384,0.179408,0.188387,0.925109,0.454537,0.373492,0.279208,1.813878,1.693163,0.257281,0.454537,1.926562,0.315369,0.371066,1.901015,0.609251,0.323271,0.899828,0.266213,1.970003,0.584470,1.444897,0.212148,0.305123,0.199816,0.773260,1.845383,0.137225,0.392072,0.220739,0.304568,0.218432,0.904915,1.023744,1.883889,0.204623,0.274301,1.957599,0.321782,1.920903,1.983922,0.409231,0.153214,0.129275,0.201644,0.965583,1.529596,0.668415,1.955318,0.200324,0.255140,0.227873,0.218432,0.188501,0.222257,0.447944,0.143862,0.231059
0.945460,1.572214,1.809202,1.862439,1.785164,1.866873,1.870602,1.626144,1.723982,0.450375,1.891388,1.654218,1.689309,0.600226,1.851170,1.814546,1.673013,0.804290,1.852379,1.883920,1.888753,1.809587,1.885703,1.571468,1.854262,0.831643,1.862640,1.798895,0.908038,1.869123,0.964113,1.851170,1.846493,0.000000,1.886272,1.792404,1.764243,0.980778,1.851273,1.847071,1.850402,1.495475,1.800136,1.886624,1.877160,1.698914,1.862773,1.844732,1.887889,0.750596,1.275560,1.869123,1.862773,1.068457,1.878574,1.828438,0.749202,1.869186,1.888626,1.750696,1.884876,0.750747,1.830260,1.371946,1.864056,1.889699,1.841697,1.811568,0.789972,1.873647,1.862640,1.866053,1.886260,1.892302,1.746475,1.634616,1.150827,1.877580,1.881358,0.554411,1.870418,0.931695,0.626469,1.783582,1.850819,1.858757,1.876318,1.741439,0.963032,1.808489,0.850432,1.811568,1.902855,1.897927,1.892302,1.850437,1.851881,1.809211,1.879463,1.905223
1.865644,1.290250,0.542040,0.229108,0.435841,0.224563,0.191943,1.098833,0.837509,1.922629,0.250373,0.977634,0.752043,1.750265,0.242172,0.426702,1.076764,1.965445,0.286518,0.020665,0.151328,0.403825,0.176302,0.877050,0.177435,1.951389,0.322542,0.396874,1.928520,0.224263,1.589485,0.242172,0.239731,1.886272,0.000000,0.581927,0.856677,1.856311,0.346914,0.379758,0.404497,1.366934,0.437338,0.115318,0.193118,0.834265,0.359430,0.318944,0.234388,1.799389,1.642864,0.224263,0.359430,1.878002,0.316336,0.403693,1.883279,0.481922,0.317850,0.812034,0.214604,1.974673,0.491570,1.384679,0.239859,0.241247,0.284563,0.677589,1.828030,0.189870,0.322542,0.248310,0.272452,0.089824,0.811981,0.935953,1.838744,0.145585,0.296874,1.966420,0.333539,1.898541,1.984997,0.487049,0.191727,0.231551,0.074369,0.882682,1.567499,0.581287,1.941464,0.389763,0.115147,0.113613,0.089824,0.257271,0.276912,0.420332,0.183222,0.145250
1.646201,1.061574,0.523796,0.705235,0.827955,0.685745,0.677741,0.790353,0.468265,1.830135,0.666106,1.026415,0.827672,1.653961,0.651449,0.501381,1.047526,1.852736,0.747985,0.590053,0.641693,0.785323,0.680516,1.190222,0.684377,1.807767,0.522019,0.537291,1.800874,0.570886,1.684590,0.651449,0.672846,1.792404,0.581927,0.000000,0.601497,1.636846,0.774645,0.810480,0.503260,1.041253,0.876017,0.629269,0.654226,0.559243,0.494964,0.547747,0.614954,1.559144,1.380830,0.570886,0.494964,1.706274,0.741724,0.833537,1.667168,0.440900,0.768743,0.539740,0.654380,1.849861,0.537496,1.093009,0.632978,0.604405,0.748529,0.521427,1.661954,0.690903,0.522019,0.642137,0.697671,0.605845,0.595725,0.613197,1.710054,0.628908,0.755245,1.873914,0.701645,1.740446,1.875188,0.773131,0.686712,0.720099,0.621252,0.638081,1.384941,0.500984,1.782471,0.799455,0.593071,0.605859,0.605845,0.731107,0.666124,0.550161,0.687796,0.635708
1.445778,0.674769,0.529936,0.988423,1.136785,0.971780,0.949876,0.376297,0.431261,1.749325,0.917082,1.228290,0.902910,1.621326,0.938965,0.581027,1.189784,1.710013,1.060493,0.868614,0.898867,1.106461,0.960119,1.474856,0.985190,1.635882,0.664351,0.678467,1.629781,0.792841,1.798225,0.938965,0.970549,1.764243,0.856677,0.601497,0.000000,1.452712,1.062720,1.102628,0.602996,0.870819,1.155414,0.899236,0.923966,0.410935,0.593132,0.727672,0.885028,1.404961,1.238957,0.792841,0.593132,1.491127,1.019670,1.131739,1.487280,0.447469,1.049909,0.424033,0.932768,1.731767,0.563482,0.875350,0.937715,0.878754,1.063889,0.286317,1.474743,0.977572,0.664351,0.947857,0.964472,0.868204,0.215820,0.446707,1.486194,0.891522,1.018369,1.767458,0.997550,1.530245,1.758548,1.129657,0.996326,1.018672,0.907977,0.641547,1.416534,0.418902,1.631703,1.110426,0.838906,0.859509,0.868204,1.041838,0.981723,0.689731,0.967093,0.885289
0.262382,1.130298,1.691757,1.898366,1.923556,1.890672,1.888915,1.250710,1.447724,0.864716,1.874017,1.650867,1.747552,1.127450,1.883171,1.734649,1.528479,0.602485,1.908000,1.860985,1.876835,1.901123,1.894446,1.901420,1.900659,0.529295,1.787774,1.763417,0.605348,1.842108,1.541065,1.883171,1.898378,0.980778,1.856311,1.636846,1.452712,0.000000,1.911806,1.923039,1.750733,1.018608,1.940871,1.875530,1.880736,1.469465,1.759305,1.796684,1.862500,0.691435,0.597107,1.842108,1.759305,0.472386,1.896280,1.915230,0.501279,1.686380,1.902513,1.503272,1.866452,0.675900,1.699231,1.022811,1.877064,1.856585,1.919944,1.592482,0.732167,1.901314,1.787774,1.876799,1.883864,1.863790,1.505595,1.408221,0.645079,1.876911,1.905245,0.751210,1.887174,0.546262,0.659779,1.880725,1.901439,1.912155,1.873578,1.464652,1.177159,1.649369,0.598019,1.925759,1.850576,1.860030,1.863790,1.914645,1.884584,1.779157,1.898654,1.867130
1.916827,1.446737,0.718030,0.181502,0.217965,0.156967,0.237025,1.288866,1.047373,1.898933,0.308978,0.996316,0.763018,1.720160,0.217724,0.641099,1.129360,1.969468,0.262327,0.335993,0.292423,0.350983,0.257639,0.694838,0.255476,1.969404,0.505800,0.583572,1.958845,0.374802,1.443043,0.217724,0.265277,1.851273,0.346914,0.774645,1.062720,1.911806,0.000000,0.077222,0.587321,1.494376,0.289266,0.284197,0.270423,1.014997,0.569460,0.491444,0.280008,1.854040,1.713435,0.374802,0.569460,1.936255,0.327023,0.370227,1.925004,0.697814,0.326014,1.001735,0.304327,1.972091,0.684433,1.505169,0.293014,0.335380,0.240049,0.879541,1.872619,0.227106,0.505800,0.309344,0.319787,0.321770,1.009472,1.124919,1.891163,0.282805,0.202065,1.956215,0.334595,1.925089,1.975432,0.347479,0.267962,0.208015,0.309847,1.036855,1.534902,0.781710,1.967871,0.294994,0.347609,0.326533,0.321770,0.238336,0.301654,0.559543,0.239179,0.311373
1.929478,1.473042,0.762383,0.198923,0.194158,0.191160,0.260339,1.324477,1.079078,1.894424,0.338612,0.996720,0.792778,1.717792,0.246139,0.682210,1.136432,1.966461,0.257628,0.368227,0.319549,0.340423,0.275965,0.665449,0.273892,1.973174,0.550333,0.621995,1.957628,0.415793,1.428130,0.246139,0.281800,1.847071,0.379758,0.810480,1.102628,1.923039,0.077222,0.000000,0.632202,1.523194,0.269864,0.316286,0.301693,1.055974,0.613653,0.533129,0.327785,1.865094,1.735359,0.415793,0.613653,1.942633,0.326521,0.343739,1.934978,0.742235,0.319727,1.042409,0.340296,1.970051,0.723168,1.534566,0.314366,0.368730,0.234020,0.923060,1.881009,0.246465,0.550333,0.329005,0.334121,0.355156,1.050054,1.161400,1.896792,0.309472,0.202607,1.951298,0.338906,1.933309,1.971583,0.351979,0.279783,0.217949,0.337345,1.071690,1.547330,0.824705,1.970974,0.282691,0.383076,0.361766,0.355156,0.238649,0.317378,0.601264,0.260277,0.341714
1.750785,1.113062,0.176479,0.516601,0.659847,0.506021,0.474444,0.896034,0.700756,1.878734,0.492237,1.149062,0.539909,1.693781,0.445764,0.282342,1.204310,1.918620,0.613445,0.411643,0.436684,0.660136,0.495843,1.079421,0.502998,1.875198,0.110641,0.329249,1.878347,0.258229,1.620196,0.445764,0.473825,1.850402,0.404497,0.503260,0.602996,1.750733,0.587321,0.632202,0.000000,1.209258,0.668154,0.423955,0.413157,0.585944,0.128684,0.193736,0.423926,1.680628,1.495513,0.258229,0.128684,1.803148,0.610141,0.728682,1.757088,0.327345,0.635112,0.585220,0.452490,1.928455,0.299524,1.198123,0.457958,0.432899,0.597988,0.360433,1.737949,0.499109,0.110641,0.476523,0.555353,0.406852,0.507556,0.708503,1.760797,0.426914,0.573548,1.925910,0.559642,1.784269,1.943848,0.683406,0.526576,0.535931,0.445572,0.735487,1.460511,0.243735,1.876240,0.623944,0.391301,0.397700,0.406852,0.572577,0.501911,0.262497,0.489549,0.431199
1.033421,0.787863,1.163010,1.458925,1.545772,1.443674,1.429274,0.763881,0.855550,1.447250,1.394935,1.343890,1.353266,1.407337,1.419393,1.203944,1.213732,1.361259,1.485075,1.375198,1.402978,1.480352,1.439539,1.696749,1.459189,1.210572,1.257391,1.263621,1.294670,1.340663,1.730082,1.419393,1.449449,1.495475,1.366934,1.041253,0.870819,1.018608,1.494376,1.523194,1.209258,0.000000,1.566475,1.401978,1.411626,0.954267,1.212656,1.289318,1.363322,1.079306,0.839117,1.340663,1.212656,1.103745,1.454666,1.531064,1.116081,1.095621,1.475950,0.906494,1.393632,1.370879,1.151840,0.847400,1.393343,1.356094,1.496952,1.013823,1.198214,1.448983,1.257391,1.390713,1.430902,1.382050,0.965693,0.890852,1.147450,1.394122,1.482872,1.451402,1.422471,1.139910,1.409357,1.447288,1.456788,1.473506,1.403329,0.745407,1.143139,1.104406,1.256159,1.516807,1.358521,1.374206,1.382050,1.490329,1.410593,1.264464,1.444937,1.387198
1.947877,1.516665,0.784775,0.297630,0.226927,0.328263,0.323133,1.370672,1.145056,1.860537,0.448969,1.056327,0.742662,1.668181,0.320129,0.707382,1.209550,1.967792,0.322689,0.425785,0.403113,0.336457,0.355156,0.593494,0.308870,1.976555,0.593597,0.640481,1.961548,0.460756,1.363815,0.320129,0.306384,1.800136,0.437338,0.876017,1.155414,1.940871,0.289266,0.269864,0.668154,1.566475,0.000000,0.393801,0.355873,1.092227,0.659491,0.558886,0.446097,1.847930,1.763763,0.460756,0.659491,1.965334,0.416599,0.370507,1.924704,0.813621,0.403825,1.087229,0.409632,1.964297,0.767483,1.562611,0.380415,0.465780,0.278992,0.964159,1.867196,0.321253,0.593597,0.386849,0.439311,0.429546,1.083893,1.185700,1.914249,0.368540,0.360580,1.924083,0.405340,1.937930,1.958357,0.408876,0.313839,0.280038,0.392217,1.131124,1.524188,0.856752,1.966151,0.266576,0.467911,0.442525,0.429546,0.289815,0.355873,0.609011,0.331511,0.434210
1.883892,1.320271,0.565680,0.187010,0.388388,0.186265,0.155372,1.149470,0.892442,1.927940,0.218295,0.994141,0.733532,1.755250,0.206418,0.471122,1.099537,1.971740,0.263445,0.102263,0.087377,0.379574,0.111616,0.845028,0.136044,1.958572,0.335998,0.435628,1.937452,0.213047,1.560562,0.206418,0.179408,1.886624,0.115318,0.629269,0.899236,1.875530,0.284197,0.316286,0.423955,1.401978,0.393801,0.000000,0.147351,0.878010,0.386229,0.336002,0.207913,1.818918,1.661064,0.213047,0.386229,1.894266,0.288705,0.391828,1.898432,0.520522,0.292092,0.848624,0.193851,1.977284,0.526745,1.416638,0.206033,0.240410,0.245856,0.710062,1.841075,0.110133,0.335998,0.216524,0.248006,0.055663,0.849056,0.987267,1.852341,0.133681,0.241727,1.972173,0.321157,1.907475,1.990087,0.462477,0.165387,0.162833,0.093826,0.914097,1.574201,0.615372,1.950811,0.333945,0.092740,0.061883,0.055663,0.216375,0.241213,0.424379,0.102449,0.080240
