0.000000,1.158448,1.686004,1.903524,1.927007,1.892947,1.897354,1.239280,1.442220,0.811283,1.882722,1.632995,1.730143,1.067291,1.886121,1.735958,1.513659,0.585278,1.923938,1.875468,1.882812,1.934645,1.901277,1.909615,1.912674,0.490233,1.791913,1.766361,0.578364,1.850508,1.531020,1.886121,1.907540,0.951872,1.870679,1.638833,1.449858,0.243185,1.910637,1.922689,1.753370,0.908452,1.941880,1.886917,1.891300,1.446280,1.761975,1.797878,1.861104,0.591247,0.644245,1.850508,1.761975,0.480814,1.909352,1.926235,0.429160,1.696701,1.917968,1.467994,1.884907,0.660917,1.692922,0.991399,1.896868,1.861286,1.931223,1.586318,0.726676,1.909983,1.791913,1.900179,1.892992,1.876232,1.493744,1.387131,0.673034,1.883637,1.907303,0.734541,1.901589,0.499545,0.645441,1.887392,1.915493,1.920818,1.887759,1.458819,1.111827,1.642924,0.570270,1.939972,1.862865,1.872270,1.876232,1.923648,1.911087,1.775409,1.906819,1.877956
1.158448,0.000000,1.080232,1.374383,1.473204,1.366170,1.353408,0.630646,0.791550,1.461687,1.341670,1.275235,1.301841,1.411327,1.347540,1.093530,1.203082,1.400574,1.437645,1.317382,1.329274,1.469924,1.378282,1.678288,1.400873,1.303983,1.180986,1.154672,1.302360,1.273236,1.782718,1.347540,1.393438,1.518465,1.308296,1.046133,0.727356,1.134698,1.429721,1.457838,1.136993,0.782724,1.489093,1.340410,1.366994,0.835020,1.126437,1.222623,1.316089,1.121550,1.089011,1.273236,1.126437,1.148978,1.406781,1.463151,1.195514,0.997649,1.427424,0.917743,1.368239,1.439126,1.083206,0.773160,1.380153,1.309564,1.449106,0.900884,1.121016,1.397621,1.180986,1.372453,1.376129,1.313707,0.825487,0.848323,1.162905,1.315118,1.414356,1.475581,1.394960,1.208134,1.456747,1.468016,1.401475,1.424439,1.345483,0.836684,1.364439,0.998948,1.351309,1.500227,1.293615,1.309517,1.313707,1.435461,1.399707,1.121034,1.393139,1.325053
1.686004,1.080232,0.000000,0.648999,0.754229,0.633495,0.612732,0.810601,0.681603,1.834756,0.655583,1.215518,0.483809,1.652777,0.563585,0.325070,1.242353,1.875465,0.769157,0.573261,0.591394,0.824572,0.652987,1.160205,0.661101,1.817292,0.274727,0.378724,1.842271,0.416322,1.600045,0.563585,0.627306,1.802518,0.564886,0.496940,0.533414,1.690749,0.700348,0.744627,0.181289,1.227568,0.760522,0.583763,0.571026,0.519521,0.263708,0.291307,0.567723,1.588456,1.407060,0.416322,0.263708,1.755248,0.770206,0.875634,1.665587,0.391501,0.799717,0.524940,0.604350,1.899286,0.332914,1.117713,0.628893,0.572085,0.743899,0.295629,1.664544,0.659194,0.274727,0.651224,0.706951,0.569713,0.394122,0.613628,1.708171,0.568034,0.714481,1.885736,0.706521,1.697514,1.903976,0.767265,0.677481,0.690547,0.605610,0.707420,1.401677,0.136224,1.829797,0.791137,0.550911,0.559418,0.569713,0.712086,0.671381,0.310400,0.652281,0.591467
1.903524,1.374383,0.648999,0.000000,0.237585,0.086582,0.089484,1.206566,0.977746,1.914922,0.284263,0.995568,0.771114,1.736853,0.137185,0.526446,1.116547,1.972597,0.212913,0.215517,0.194748,0.309041,0.186666,0.745016,0.196092,1.970171,0.421508,0.467632,1.947260,0.287605,1.480923,0.137185,0.213654,1.860727,0.221742,0.697990,0.974331,1.902976,0.178937,0.195808,0.513975,1.555649,0.285853,0.195447,0.196847,0.975912,0.474507,0.405975,0.272767,1.824281,1.704621,0.287605,0.474507,1.913909,0.294031,0.333185,1.903441,0.593186,0.277136,0.964777,0.221462,1.979494,0.619739,1.496739,0.202206,0.289106,0.210749,0.801281,1.832024,0.176665,0.421508,0.229100,0.272019,0.219816,0.926653,1.062235,1.868480,0.137017,0.200875,1.963720,0.325078,1.906046,1.982310,0.368457,0.192889,0.181727,0.200636,1.016023,1.593709,0.699124,1.967878,0.346182,0.245163,0.232263,0.219816,0.194614,0.231386,0.502226,0.184792,0.221834
1.927007,1.473204,0.754229,0.237585,0.000000,0.262471,0.291328,1.325275,1.105067,1.872892,0.419155,1.042139,0.751750,1.683644,0.248120,0.657808,1.187191,1.964796,0.285688,0.397452,0.377727,0.300890,0.345627,0.582759,0.295686,1.975613,0.556581,0.581066,1.962692,0.428563,1.363195,0.248120,0.286965,1.797146,0.409127,0.823003,1.113703,1.929322,0.215877,0.191744,0.637682,1.635245,0.221490,0.368293,0.342254,1.081751,0.621017,0.523345,0.409519,1.830161,1.748811,0.428563,0.621017,1.953462,0.398489,0.367656,1.905071,0.763164,0.387419,1.090645,0.384254,1.963235,0.759452,1.548301,0.316069,0.425295,0.252459,0.934345,1.846082,0.309613,0.556581,0.348872,0.406353,0.404058,1.046889,1.156590,1.914383,0.343232,0.308350,1.931750,0.383312,1.930743,1.958849,0.321096,0.288673,0.270126,0.364974,1.133775,1.521027,0.821438,1.967432,0.293835,0.441161,0.418334,0.404058,0.264307,0.314532,0.606526,0.325753,0.413050
1.892947,1.366170,0.633495,0.086582,0.262471,0.000000,0.134207,1.184266,0.956559,1.920764,0.266093,0.984330,0.767832,1.746251,0.145114,0.512195,1.097480,1.971418,0.238336,0.206306,0.185689,0.342091,0.177831,0.777134,0.206601,1.965396,0.407866,0.457522,1.945502,0.277420,1.498515,0.145114,0.231764,1.869360,0.211248,0.669274,0.954226,1.895677,0.147119,0.179897,0.498501,1.535082,0.327141,0.189451,0.191635,0.958458,0.458985,0.393882,0.235063,1.823003,1.689764,0.277420,0.458985,1.904095,0.306898,0.353349,1.900138,0.573256,0.287995,0.941100,0.213285,1.978626,0.605698,1.474075,0.220633,0.265522,0.217991,0.783957,1.834503,0.179867,0.407866,0.246389,0.266492,0.209298,0.908582,1.043632,1.864128,0.156757,0.181585,1.967127,0.320890,1.902291,1.981282,0.366402,0.205038,0.192348,0.194461,0.999915,1.588668,0.681939,1.963077,0.369945,0.228896,0.220656,0.209298,0.198805,0.257212,0.506746,0.186903,0.209169
1.897354,1.353408,0.612732,0.089484,0.291328,0.134207,0.000000,1.182528,0.952415,1.915838,0.288630,1.007443,0.756599,1.738803,0.145309,0.494437,1.120922,1.972517,0.229209,0.187343,0.169223,0.325269,0.174443,0.770631,0.196841,1.964931,0.380745,0.442686,1.940593,0.246788,1.503544,0.145309,0.204542,1.865935,0.191658,0.678371,0.942507,1.894765,0.231357,0.254290,0.474191,1.532505,0.303482,0.168369,0.158219,0.946209,0.434095,0.368721,0.263778,1.819771,1.690321,0.246788,0.434095,1.906357,0.305408,0.359724,1.896535,0.558228,0.287246,0.932838,0.172888,1.980977,0.580949,1.480784,0.184377,0.268146,0.238318,0.764260,1.825068,0.173877,0.380745,0.204386,0.280208,0.188835,0.894412,1.035765,1.850861,0.081915,0.234698,1.963247,0.324422,1.895497,1.985833,0.389722,0.200166,0.192503,0.180624,0.990918,1.595340,0.663261,1.965159,0.357631,0.210012,0.198858,0.188835,0.216425,0.215412,0.463612,0.172967,0.191104
1.239280,0.630646,0.810601,1.206566,1.325275,1.184266,1.182528,0.000000,0.426478,1.583415,1.173473,1.176750,1.124325,1.489050,1.164506,0.820431,1.098216,1.540166,1.288311,1.130338,1.142756,1.343827,1.200948,1.612522,1.237411,1.452847,0.951043,0.890538,1.452980,1.067866,1.800906,1.164506,1.228348,1.618915,1.117510,0.755052,0.381902,1.244500,1.266149,1.301726,0.897534,0.770379,1.358283,1.161584,1.180505,0.503428,0.882278,0.987599,1.126424,1.180127,1.103916,1.067866,0.882278,1.281142,1.263829,1.322653,1.286570,0.751147,1.285278,0.585232,1.183683,1.589137,0.791604,0.726638,1.209025,1.121475,1.295264,0.625661,1.264497,1.230528,0.951043,1.213452,1.207276,1.132098,0.480829,0.417316,1.309226,1.133261,1.243122,1.613788,1.238823,1.326640,1.593612,1.299725,1.239536,1.264688,1.164392,0.692066,1.336574,0.701874,1.472103,1.367677,1.102004,1.126146,1.132098,1.270617,1.249571,0.934870,1.221758,1.142530
1.442220,0.791550,0.681603,0.977746,1.105067,0.956559,0.952415,0.426478,0.000000,1.704785,0.958610,1.054618,1.050802,1.575202,0.935783,0.633403,1.017835,1.690881,1.052827,0.895495,0.904659,1.109079,0.961683,1.438915,1.006749,1.635344,0.758544,0.695178,1.597653,0.854207,1.789585,0.935783,0.993036,1.719854,0.882838,0.487200,0.412315,1.438866,1.050752,1.079953,0.724356,0.945119,1.155268,0.930115,0.952997,0.472294,0.694481,0.789986,0.906457,1.384957,1.272344,0.854207,0.694481,1.472173,1.035413,1.086365,1.490263,0.587148,1.052443,0.498868,0.956297,1.728446,0.633013,0.933708,0.967508,0.882051,1.061452,0.549063,1.457726,0.997992,0.758544,0.966806,0.983933,0.899211,0.481749,0.387623,1.461176,0.900525,1.019844,1.741876,0.997906,1.516574,1.740503,1.080025,1.004001,1.032110,0.928038,0.673357,1.425352,0.580990,1.645947,1.135146,0.869726,0.896007,0.899211,1.037972,1.010113,0.765133,0.989845,0.908927
0.811283,1.461687,1.834756,1.914922,1.872892,1.920764,1.915838,1.583415,1.704785,0.000000,1.933089,1.649413,1.759299,0.508140,1.909755,1.849858,1.638972,0.623617,1.900085,1.926859,1.930227,1.873782,1.929752,1.697966,1.910734,0.656501,1.891904,1.847459,0.748142,1.912949,1.147043,1.909755,1.905103,0.437652,1.927281,1.834203,1.742474,0.815678,1.917514,1.913795,1.875523,1.367803,1.874438,1.932107,1.924026,1.688932,1.885328,1.888059,1.930227,0.762126,1.207994,1.912949,1.885328,0.877498,1.916368,1.893310,0.695404,1.881921,1.917311,1.750156,1.927689,0.619371,1.832440,1.322441,1.914339,1.924753,1.908204,1.807622,0.787553,1.925982,1.891904,1.913259,1.927849,1.932308,1.738234,1.631871,0.896539,1.919168,1.924930,0.284605,1.911967,0.746418,0.514758,1.853437,1.911872,1.917061,1.923169,1.735660,1.029558,1.820150,0.712453,1.873649,1.937948,1.936804,1.932308,1.915055,1.907420,1.851724,1.928117,1.941563
1.882722,1.341670,0.655583,0.284263,0.419155,0.266093,0.288630,1.173473,0.958610,1.933089,0.000000,0.955023,0.801867,1.771466,0.313405,0.562312,1.048126,1.964623,0.325901,0.262071,0.254982,0.418140,0.265442,0.840753,0.292044,1.951711,0.432990,0.533898,1.934596,0.315379,1.541472,0.313405,0.316236,1.894896,0.264344,0.679983,0.930050,1.885313,0.285376,0.311873,0.516307,1.503996,0.459373,0.242309,0.268126,0.980279,0.475499,0.444542,0.201160,1.835957,1.667169,0.315379,0.475499,1.878268,0.228862,0.424972,1.904806,0.537246,0.322321,0.946134,0.296183,1.967659,0.648485,1.473398,0.275206,0.240735,0.309343,0.767195,1.841288,0.254340,0.432990,0.297308,0.171880,0.250198,0.908715,1.066393,1.833825,0.266298,0.205814,1.966848,0.289207,1.890257,1.977273,0.434077,0.289472,0.272473,0.266250,0.966583,1.602419,0.699917,1.940950,0.414357,0.256021,0.249252,0.250198,0.303175,0.305030,0.548206,0.265951,0.244364
1.632995,1.275235,1.215518,0.995568,1.042139,0.984330,1.007443,1.176750,1.054618,1.649413,0.955023,0.000000,1.393851,1.541651,1.027316,1.083772,0.291359,1.688925,0.971538,1.011186,1.010266,1.031607,1.009031,1.193200,1.037311,1.700437,1.103924,1.074673,1.604417,1.068665,1.588694,1.027316,1.060552,1.661385,1.006767,1.016203,1.166329,1.637032,1.012281,1.014461,1.143577,1.402988,1.116013,1.033532,1.039777,1.246383,1.094674,1.130379,0.972211,1.601188,1.617925,1.068665,1.094674,1.534681,0.972155,0.939244,1.705111,1.027244,0.967588,1.278019,1.023077,1.669032,1.096494,1.449170,1.045161,0.981982,1.007891,1.191931,1.580319,1.026616,1.103924,1.036968,0.966803,1.021989,1.230080,1.255299,1.566821,1.005227,0.983738,1.684233,1.016746,1.671385,1.683425,0.964191,1.019011,1.031329,1.016268,1.119133,1.565294,1.188385,1.668818,1.087048,1.021349,1.031495,1.021989,1.010742,1.054070,1.169873,1.029272,1.021759
1.730143,1.301841,0.483809,0.771114,0.751750,0.767832,0.756599,1.124325,1.050802,1.759299,0.801867,1.393851,0.000000,1.561150,0.683975,0.658780,1.446894,1.863340,0.869934,0.765392,0.772846,0.871756,0.799987,1.020721,0.760783,1.805028,0.567769,0.651249,1.878213,0.615697,1.356762,0.683975,0.710794,1.679699,0.767200,0.824108,0.896671,1.742858,0.763411,0.793952,0.534588,1.405085,0.728090,0.745799,0.709922,0.838487,0.609429,0.541191,0.736753,1.595936,1.469221,0.615697,0.609429,1.836112,0.877641,0.974484,1.649090,0.770991,0.922319,0.854763,0.764330,1.865854,0.706849,1.233055,0.743289,0.753688,0.811018,0.682642,1.680791,0.770600,0.567769,0.779172,0.840963,0.761039,0.738442,0.899368,1.791394,0.748122,0.819639,1.822971,0.802200,1.717464,1.856155,0.794377,0.780525,0.772026,0.771654,0.986022,1.258218,0.580365,1.822038,0.786312,0.768003,0.754309,0.761039,0.793306,0.762419,0.530937,0.773062,0.782235
1.067291,1.411327,1.652777,1.736853,1.683644,1.746251,1.738803,1.489050,1.575202,0.508140,1.771466,1.541651,1.561150,0.000000,1.726731,1.659409,1.587572,1.006219,1.731893,1.757962,1.761154,1.693341,1.763486,1.533880,1.730587,1.018239,1.704389,1.649172,1.079480,1.726904,1.010856,1.726731,1.715639,0.590087,1.759421,1.665488,1.614948,1.093369,1.744198,1.743001,1.691043,1.394278,1.689053,1.762037,1.748925,1.540745,1.701770,1.704268,1.762039,0.827479,1.321356,1.726904,1.701770,1.180828,1.757174,1.741292,0.909672,1.724888,1.765930,1.612305,1.766581,1.003363,1.650802,1.287302,1.737287,1.760135,1.731529,1.645264,0.922015,1.752532,1.704389,1.736715,1.769317,1.764778,1.581870,1.481976,1.182774,1.741236,1.760531,0.753296,1.749873,0.984479,0.922968,1.666248,1.732493,1.739853,1.752467,1.613370,0.940557,1.643812,1.059080,1.684848,1.777081,1.772597,1.764778,1.740213,1.726983,1.653720,1.758011,1.783275
1.886121,1.347540,0.563585,0.137185,0.248120,0.145114,0.145309,1.164506,0.935783,1.909755,0.313405,1.027316,0.683975,1.726731,0.000000,0.471235,1.136428,1.970736,0.300005,0.236262,0.222567,0.372000,0.238153,0.777649,0.238907,1.959316,0.346573,0.416647,1.947220,0.222106,1.492010,0.000000,0.221132,1.856284,0.240679,0.646759,0.920467,1.887798,0.211063,0.238433,0.430746,1.512209,0.312396,0.215006,0.186908,0.918946,0.409290,0.329357,0.251023,1.799067,1.671426,0.222106,0.409290,1.908067,0.363562,0.413392,1.876862,0.547338,0.364633,0.910733,0.235368,1.977210,0.564412,1.452939,0.214190,0.263890,0.273115,0.733389,1.826252,0.224806,0.346573,0.250178,0.330042,0.235570,0.860073,1.002098,1.860057,0.163302,0.267014,1.960863,0.327355,1.889685,1.981763,0.377319,0.243217,0.234079,0.232105,0.961063,1.540861,0.623822,1.958325,0.368625,0.255172,0.241930,0.235570,0.250916,0.255088,0.428915,0.229468,0.246357
1.735958,1.093530,0.325070,0.526446,0.657808,0.512195,0.494437,0.820431,0.633403,1.849858,0.562312,1.083772,0.658780,1.659409,0.471235,0.000000,1.145997,1.902724,0.638314,0.454419,0.457960,0.692463,0.524908,1.079389,0.549977,1.858983,0.264841,0.113846,1.859563,0.364776,1.604342,0.471235,0.535568,1.808174,0.444174,0.484840,0.581840,1.738422,0.613069,0.653349,0.292057,1.294261,0.674827,0.482068,0.490629,0.555999,0.203542,0.301343,0.508948,1.634764,1.526247,0.364776,0.203542,1.778046,0.655591,0.722816,1.734433,0.357415,0.671602,0.600402,0.524804,1.920061,0.340737,1.196523,0.533079,0.510062,0.627391,0.413219,1.666662,0.551453,0.264841,0.543138,0.590496,0.459876,0.500658,0.637729,1.746976,0.444603,0.602438,1.907330,0.625804,1.757682,1.920719,0.687856,0.555354,0.583702,0.483081,0.791003,1.469573,0.302876,1.861889,0.707398,0.441540,0.459448,0.459876,0.598131,0.573675,0.316568,0.542384,0.480696
1.513659,1.203082,1.242353,1.116547,1.187191,1.097480,1.120922,1.098216,1.017835,1.638972,1.048126,0.291359,1.446894,1.587572,1.136428,1.145997,0.000000,1.615738,1.108146,1.107182,1.110836,1.182799,1.118190,1.356737,1.159712,1.602053,1.166229,1.156880,1.516928,1.152431,1.681991,1.136428,1.182060,1.679496,1.100034,1.022786,1.116520,1.520238,1.129667,1.138386,1.188644,1.259486,1.253260,1.131478,1.137411,1.222484,1.147768,1.194408,1.055771,1.543782,1.484367,1.152431,1.147768,1.402103,1.086044,1.076994,1.620839,1.041490,1.090920,1.243118,1.111633,1.601004,1.133615,1.361443,1.152491,1.064350,1.140834,1.183993,1.531833,1.139548,1.166229,1.147651,1.067616,1.115741,1.207679,1.227360,1.442240,1.111393,1.096725,1.645479,1.123120,1.568717,1.624473,1.088431,1.144922,1.153305,1.120952,1.051598,1.563891,1.204108,1.578322,1.228565,1.103422,1.118825,1.115741,1.136953,1.172568,1.236958,1.139120,1.109166
0.585278,1.400574,1.875465,1.972597,1.964796,1.971418,1.972517,1.540166,1.690881,0.623617,1.964623,1.688925,1.863340,1.006219,1.970736,1.902724,1.615738,0.000000,1.966282,1.969096,1.970671,1.959341,1.973928,1.849042,1.977398,0.436207,1.938478,1.915938,0.373041,1.963938,1.397383,1.970736,1.976751,0.790833,1.967832,1.839048,1.709865,0.555414,1.972411,1.970544,1.917005,1.234798,1.969194,1.973692,1.975620,1.704213,1.923304,1.938658,1.966808,0.789692,1.038021,1.963938,1.923304,0.556985,1.960558,1.954831,0.590948,1.878309,1.956021,1.736985,1.970451,0.410242,1.869447,1.281552,1.970763,1.963342,1.975887,1.811313,0.759457,1.977490,1.938478,1.967344,1.960687,1.969687,1.743351,1.656300,0.726507,1.969270,1.966775,0.467298,1.965250,0.632027,0.325141,1.949341,1.975406,1.978708,1.971384,1.681838,1.239040,1.849652,0.439860,1.968235,1.964444,1.968366,1.969687,1.976381,1.971305,1.915122,1.976567,1.968428
1.923938,1.437645,0.769157,0.212913,0.285688,0.238336,0.229209,1.288311,1.052827,1.900085,0.325901,0.971538,0.869934,1.731893,0.300005,0.638314,1.108146,1.966282,0.000000,0.284401,0.278563,0.245903,0.231076,0.669097,0.215290,1.977302,0.548580,0.576823,1.943824,0.412216,1.461128,0.300005,0.266036,1.842649,0.294105,0.790443,1.079817,1.921368,0.273970,0.265241,0.638623,1.611526,0.316187,0.273395,0.290057,1.071696,0.598220,0.524135,0.372087,1.855481,1.743108,0.412216,0.598220,1.924375,0.238540,0.271425,1.929483,0.710028,0.170066,1.057319,0.289266,1.966220,0.733082,1.549990,0.245483,0.371337,0.192406,0.917455,1.850117,0.218717,0.548580,0.264069,0.258111,0.298959,1.038559,1.145917,1.877579,0.263478,0.230294,1.945680,0.345546,1.931454,1.972836,0.343567,0.197198,0.196652,0.250918,1.108533,1.609966,0.818070,1.962913,0.317612,0.331037,0.316779,0.298959,0.205798,0.246657,0.634391,0.230069,0.301360
1.875468,1.317382,0.573261,0.215517,0.397452,0.206306,0.187343,1.130338,0.895495,1.926859,0.262071,1.011186,0.765392,1.757962,0.236262,0.454419,1.107182,1.969096,0.284401,0.000000,0.145421,0.403735,0.165251,0.849078,0.162660,1.955515,0.345999,0.420156,1.934161,0.235641,1.552996,0.236262,0.226006,1.882382,0.022204,0.613557,0.887331,1.877127,0.303994,0.335141,0.434316,1.493984,0.404906,0.095313,0.192344,0.906229,0.386850,0.343358,0.239890,1.807890,1.655729,0.235641,0.386850,1.885392,0.314069,0.405167,1.885990,0.502028,0.320092,0.869676,0.207685,1.979787,0.554367,1.438038,0.234990,0.229734,0.260937,0.710163,1.826215,0.172339,0.345999,0.243978,0.269092,0.072024,0.846089,0.986505,1.834093,0.149962,0.271900,1.967295,0.316404,1.886536,1.986825,0.452378,0.173397,0.210630,0.056648,0.948872,1.602436,0.618405,1.949194,0.392619,0.109655,0.099741,0.072024,0.234368,0.267480,0.458531,0.171961,0.134432
1.882812,1.329274,0.591394,0.194748,0.377727,0.185689,0.169223,1.142756,0.904659,1.930227,0.254982,1.010266,0.772846,1.761154,0.222567,0.457960,1.110836,1.970671,0.278563,0.145421,0.000000,0.375215,0.087886,0.846002,0.194124,1.957049,0.353766,0.417207,1.932464,0.229414,1.538967,0.222567,0.196294,1.884557,0.149842,0.637792,0.901497,1.884044,0.278532,0.304409,0.451463,1.502625,0.393415,0.102389,0.162817,0.915718,0.394927,0.353335,0.250648,1.817561,1.673864,0.229414,0.394927,1.887280,0.300336,0.392071,1.895513,0.515314,0.291175,0.874618,0.198936,1.975436,0.553842,1.457260,0.207643,0.263783,0.250935,0.727668,1.824603,0.139534,0.353766,0.208300,0.253990,0.112959,0.859782,0.998165,1.837453,0.140987,0.238081,1.971674,0.334999,1.886794,1.987097,0.449308,0.194524,0.186150,0.142499,0.962002,1.617726,0.634097,1.952703,0.373333,0.112282,0.112254,0.112959,0.219883,0.242640,0.466489,0.124160,0.078396
1.934645,1.469924,0.824572,0.309041,0.300890,0.342091,0.325269,1.343827,1.109079,1.873782,0.418140,1.031607,0.871756,1.693341,0.372000,0.692463,1.182799,1.959341,0.245903,0.403735,0.375215,0.000000,0.328242,0.615720,0.308886,1.972590,0.605872,0.625831,1.936691,0.477378,1.400912,0.372000,0.322622,1.811253,0.414793,0.868839,1.139402,1.930376,0.344148,0.320203,0.694658,1.640694,0.311960,0.383196,0.366685,1.130157,0.658177,0.582352,0.461300,1.856701,1.767224,0.477378,0.658177,1.938525,0.340318,0.340046,1.929283,0.785387,0.300621,1.106674,0.385213,1.956302,0.803789,1.590941,0.287954,0.455275,0.267568,0.973947,1.852625,0.315317,0.605872,0.264124,0.375791,0.409056,1.095317,1.188007,1.885182,0.364735,0.323997,1.924058,0.384353,1.933142,1.956451,0.405282,0.300099,0.280755,0.367474,1.174771,1.595070,0.879060,1.964009,0.277504,0.443126,0.426184,0.409056,0.295308,0.229608,0.685999,0.327793,0.408411
1.901277,1.378282,0.652987,0.186666,0.345627,0.177831,0.174443,1.200948,0.961683,1.929752,0.265442,1.009031,0.799987,1.763486,0.238153,0.524908,1.118190,1.973928,0.231076,0.165251,0.087886,0.328242,0.000000,0.801827,0.155731,1.966550,0.418432,0.478193,1.938397,0.281704,1.514447,0.238153,0.175798,1.881139,0.175431,0.685939,0.968362,1.902660,0.249681,0.265870,0.513910,1.542822,0.353601,0.118231,0.166534,0.976452,0.465106,0.408736,0.270707,1.838088,1.697479,0.281704,0.465106,1.902555,0.276817,0.352150,1.912865,0.586716,0.245248,0.932740,0.191327,1.975982,0.615274,1.496082,0.202666,0.282843,0.191047,0.795484,1.844490,0.090048,0.418432,0.195765,0.246546,0.145020,0.926007,1.054153,1.853136,0.175573,0.211096,1.969831,0.321034,1.904529,1.986486,0.422431,0.153547,0.129783,0.139359,1.016961,1.630220,0.701170,1.959006,0.326439,0.164383,0.152886,0.145020,0.163043,0.220818,0.529577,0.072688,0.118081
1.909615,1.678288,1.160205,0.745016,0.582759,0.777134,0.770631,1.612522,1.438915,1.697966,0.840753,1.193200,1.020721,1.533880,0.777649,1.079389,1.356737,1.849042,0.669097,0.849078,0.846002,0.615720,0.801827,0.000000,0.728355,1.899072,1.007841,1.001616,1.888390,0.903622,1.095748,0.777649,0.733956,1.581936,0.861870,1.226382,1.475698,1.911657,0.715352,0.683936,1.073692,1.803200,0.581616,0.829767,0.810313,1.402389,1.063481,0.966458,0.872611,1.815764,1.815604,0.903622,1.063481,1.949900,0.753244,0.683685,1.860091,1.189507,0.756543,1.447762,0.827627,1.841939,1.179576,1.689961,0.762459,0.868127,0.681167,1.325032,1.797664,0.763297,1.007841,0.778133,0.806323,0.861309,1.411995,1.459132,1.911976,0.816873,0.757049,1.767843,0.751714,1.909552,1.816927,0.641134,0.723680,0.713568,0.810773,1.457276,1.437348,1.226766,1.890154,0.600212,0.901293,0.877240,0.861309,0.713218,0.726019,1.005884,0.779196,0.872606
1.912674,1.400873,0.661101,0.196092,0.295686,0.206601,0.196841,1.237411,1.006749,1.910734,0.292044,1.037311,0.760783,1.730587,0.238907,0.549977,1.159712,1.977398,0.215290,0.162660,0.194124,0.308886,0.155731,0.728355,0.000000,1.974542,0.436084,0.495551,1.954188,0.302590,1.468159,0.238907,0.149103,1.849743,0.181697,0.714397,1.005384,1.916487,0.248434,0.263245,0.526996,1.577454,0.295873,0.141686,0.208531,1.001146,0.491376,0.421293,0.295132,1.830300,1.709017,0.302590,0.491376,1.927668,0.289223,0.358641,1.908289,0.630205,0.288266,0.971038,0.245545,1.980444,0.655737,1.502418,0.214458,0.297723,0.154923,0.819227,1.846734,0.113374,0.436084,0.224295,0.276619,0.170362,0.950862,1.078612,1.877554,0.207507,0.242808,1.958043,0.305749,1.917520,1.984070,0.393497,0.069741,0.106095,0.115702,1.053731,1.590451,0.721242,1.962687,0.268328,0.225917,0.195088,0.170362,0.144413,0.210720,0.522333,0.131074,0.210729
0.490233,1.303983,1.817292,1.970171,1.975613,1.965396,1.964931,1.452847,1.635344,0.656501,1.951711,1.700437,1.805028,1.018239,1.959316,1.858983,1.602053,0.436207,1.977302,1.955515,1.957049,1.972590,1.966550,1.899072,1.974542,0.000000,1.896351,1.883276,0.473966,1.936976,1.431177,1.959316,1.970361,0.838138,1.953278,1.799539,1.621789,0.485851,1.969725,1.973384,1.867368,1.076502,1.974184,1.960118,1.961084,1.634602,1.876071,1.907010,1.944091,0.721754,0.917903,1.936976,1.876071,0.440753,1.965774,1.968586,0.510258,1.824766,1.970437,1.647941,1.956134,0.426430,1.808896,1.185439,1.961681,1.941529,1.978805,1.733118,0.680471,1.970968,1.896351,1.959362,1.960709,1.954531,1.659792,1.590503,0.579797,1.957375,1.967919,0.530472,1.951851,0.423879,0.427329,1.943301,1.975697,1.976129,1.962014,1.593001,1.214382,1.786271,0.412121,1.971399,1.945454,1.950984,1.954531,1.978125,1.966166,1.869988,1.968856,1.952229
1.791913,1.180986,0.274727,0.421508,0.556581,0.407866,0.380745,0.951043,0.758544,1.891904,0.432990,1.103924,0.567769,1.704389,0.346573,0.264841,1.166229,1.938478,0.548580,0.345999,0.353766,0.605872,0.418432,1.007841,0.436084,1.896351,0.000000,0.285115,1.901893,0.172768,1.574296,0.346573,0.408091,1.857294,0.338673,0.507486,0.667653,1.795049,0.480330,0.525426,0.116661,1.344722,0.565225,0.350287,0.336964,0.687066,0.102212,0.161150,0.348389,1.709711,1.537953,0.172768,0.102212,1.830412,0.548546,0.665839,1.789112,0.337465,0.576897,0.664904,0.383773,1.950579,0.348366,1.283516,0.403355,0.358166,0.519125,0.438556,1.751490,0.426553,0.000000,0.418621,0.486118,0.335347,0.589964,0.782539,1.774952,0.333803,0.484785,1.942932,0.490425,1.793032,1.960478,0.581893,0.452939,0.461126,0.378446,0.779332,1.495479,0.334215,1.901802,0.580299,0.320873,0.326711,0.335347,0.489001,0.442333,0.252190,0.419445,0.356778
1.766361,1.154672,0.378724,0.467632,0.581066,0.457522,0.442686,0.890538,0.695178,1.847459,0.533898,1.074673,0.651249,1.649172,0.416647,0.113846,1.156880,1.915938,0.576823,0.420156,0.417207,0.625831,0.478193,1.001616,0.495551,1.883276,0.285115,0.000000,1.880776,0.343724,1.562215,0.416647,0.480007,1.795214,0.412268,0.531087,0.674387,1.768398,0.558240,0.594748,0.332998,1.359723,0.607391,0.445982,0.449647,0.619815,0.256743,0.285471,0.488360,1.656276,1.568459,0.343724,0.256743,1.812550,0.611837,0.660613,1.758601,0.426722,0.624711,0.679711,0.489597,1.933066,0.386266,1.241905,0.484823,0.490755,0.565580,0.510419,1.685243,0.503096,0.285115,0.499659,0.552050,0.430666,0.586224,0.694853,1.784531,0.401019,0.552462,1.910034,0.589262,1.791344,1.927954,0.628941,0.497891,0.528103,0.439974,0.859722,1.465587,0.378913,1.884591,0.646539,0.420152,0.434757,0.430666,0.538394,0.525283,0.329022,0.495907,0.452413
0.578364,1.302360,1.842271,1.947260,1.962692,1.945502,1.940593,1.452980,1.597653,0.748142,1.934596,1.604417,1.878213,1.079480,1.947220,1.859563,1.516928,0.373041,1.943824,1.934161,1.932464,1.936691,1.938397,1.888390,1.954188,0.473966,1.901893,1.880776,0.000000,1.930217,1.495279,1.947220,1.952495,0.894484,1.931442,1.778399,1.631949,0.536628,1.957384,1.957427,1.879876,1.139302,1.964904,1.940286,1.944039,1.659782,1.880240,1.909164,1.929899,0.782706,1.007041,1.930217,1.880240,0.423043,1.932485,1.926634,0.636760,1.817337,1.924299,1.662805,1.933566,0.484188,1.810654,1.272229,1.944119,1.923028,1.955322,1.754752,0.744485,1.948407,1.901893,1.935529,1.932991,1.932450,1.684967,1.598943,0.623979,1.934630,1.947052,0.598952,1.937177,0.604483,0.482353,1.948221,1.951806,1.955124,1.940002,1.611465,1.352465,1.806655,0.509570,1.957166,1.924103,1.930669,1.932450,1.952252,1.944163,1.885123,1.945447,1.929084
1.850508,1.273236,0.416322,0.287605,0.428563,0.277420,0.246788,1.067866,0.854207,1.912949,0.315379,1.068665,0.615697,1.726904,0.222106,0.364776,1.152431,1.963938,0.412216,0.235641,0.229414,0.477378,0.281704,0.903622,0.302590,1.936976,0.172768,0.343724,1.930217,0.000000,1.540103,0.222106,0.274018,1.872739,0.232891,0.570604,0.798251,1.852094,0.346084,0.386054,0.264278,1.437652,0.435582,0.222379,0.178578,0.813061,0.251435,0.193069,0.244271,1.770704,1.609517,0.000000,0.251435,1.874704,0.418156,0.533229,1.847575,0.428263,0.444283,0.784924,0.250545,1.969726,0.443442,1.379954,0.278824,0.266518,0.373691,0.587526,1.799059,0.285206,0.172768,0.292273,0.361294,0.220919,0.730675,0.903083,1.819065,0.208672,0.347769,1.960697,0.381777,1.847482,1.979931,0.486143,0.317682,0.316665,0.257554,0.870962,1.539058,0.481569,1.935378,0.449177,0.219481,0.215643,0.220919,0.344664,0.316952,0.329990,0.280711,0.238071
1.531020,1.782718,1.600045,1.480923,1.363195,1.498515,1.503544,1.800906,1.789585,1.147043,1.541472,1.588694,1.356762,1.010856,1.492010,1.604342,1.681991,1.397383,1.461128,1.552996,1.538967,1.400912,1.514447,1.095748,1.468159,1.431177,1.574296,1.562215,1.495279,1.540103,0.000000,1.492010,1.450275,0.994319,1.561279,1.686576,1.778873,1.554129,1.440436,1.425385,1.593911,1.774948,1.345428,1.528466,1.507725,1.676440,1.606123,1.549777,1.547985,1.384463,1.579584,1.540103,1.606123,1.635350,1.497862,1.482356,1.402619,1.706518,1.503418,1.700840,1.534317,1.341191,1.614994,1.656532,1.483041,1.568037,1.441196,1.693569,1.391443,1.481882,1.574296,1.497986,1.526716,1.553413,1.706374,1.702000,1.657839,1.532609,1.482201,1.259008,1.504459,1.421178,1.308569,1.370456,1.472934,1.453232,1.531256,1.740645,1.242652,1.645868,1.444795,1.361717,1.576721,1.559046,1.553413,1.455061,1.461204,1.549363,1.490202,1.559815
1.886121,1.347540,0.563585,0.137185,0.248120,0.145114,0.145309,1.164506,0.935783,1.909755,0.313405,1.027316,0.683975,1.726731,0.000000,0.471235,1.136428,1.970736,0.300005,0.236262,0.222567,0.372000,0.238153,0.777649,0.238907,1.959316,0.346573,0.416647,1.947220,0.222106,1.492010,0.000000,0.221132,1.856284,0.240679,0.646759,0.920467,1.887798,0.211063,0.238433,0.430746,1.512209,0.312396,0.215006,0.186908,0.918946,0.409290,0.329357,0.251023,1.799067,1.671426,0.222106,0.409290,1.908067,0.363562,0.413392,1.876862,0.547338,0.364633,0.910733,0.235368,1.977210,0.564412,1.452939,0.214190,0.263890,0.273115,0.733389,1.826252,0.224806,0.346573,0.250178,0.330042,0.235570,0.860073,1.002098,1.860057,0.163302,0.267014,1.960863,0.327355,1.889685,1.981763,0.377319,0.243217,0.234079,0.232105,0.961063,1.540861,0.623822,1.958325,0.368625,0.255172,0.241930,0.235570,0.250916,0.255088,0.428915,0.229468,0.246357
1.907540,1.393438,0.627306,0.213654,0.286965,0.231764,0.204542,1.228348,0.993036,1.905103,0.316236,1.060552,0.710794,1.715639,0.221132,0.535568,1.182060,1.976751,0.266036,0.226006,0.196294,0.322622,0.175798,0.733956,0.149103,1.970361,0.408091,0.480007,1.952495,0.274018,1.450275,0.221132,0.000000,1.843036,0.239076,0.697765,0.989820,1.909876,0.258296,0.270604,0.496389,1.563041,0.280926,0.174698,0.201423,0.978549,0.469702,0.394148,0.303650,1.816967,1.694913,0.274018,0.469702,1.930472,0.323476,0.388072,1.897266,0.620592,0.326502,0.939646,0.265988,1.973799,0.632165,1.487060,0.197654,0.308451,0.195146,0.793688,1.837244,0.138380,0.408091,0.217127,0.315107,0.214301,0.925934,1.057633,1.878434,0.209713,0.270987,1.958415,0.314112,1.906780,1.984443,0.386701,0.149764,0.128053,0.199781,1.034067,1.569120,0.692439,1.959932,0.227263,0.253243,0.224365,0.214301,0.182330,0.201697,0.483216,0.147988,0.230525
0.951872,1.518465,1.802518,1.860727,1.797146,1.869360,1.865935,1.618915,1.719854,0.437652,1.894896,1.661385,1.679699,0.590087,1.856284,1.808174,1.679496,0.790833,1.842649,1.882382,1.884557,1.811253,1.881139,1.581936,1.849743,0.838138,1.857294,1.795214,0.894484,1.872739,0.994319,1.856284,1.843036,0.000000,1.884766,1.806432,1.759038,0.974120,1.859842,1.856210,1.847316,1.470031,1.799559,1.882752,1.882529,1.682156,1.854012,1.846949,1.892360,0.784819,1.301280,1.872739,1.854012,1.068506,1.871808,1.836394,0.772704,1.873582,1.876239,1.749835,1.892481,0.754163,1.821905,1.362050,1.863290,1.891859,1.846453,1.800246,0.790047,1.870379,1.857294,1.869784,1.884866,1.888322,1.731236,1.623081,1.175878,1.873369,1.879335,0.554209,1.871182,0.970203,0.634023,1.792715,1.850471,1.856987,1.874103,1.768361,0.960351,1.797026,0.853907,1.808665,1.899336,1.894185,1.888322,1.853356,1.854537,1.800851,1.874421,1.901372
1.870679,1.308296,0.564886,0.221742,0.409127,0.211248,0.191658,1.117510,0.882838,1.927281,0.264344,1.006767,0.767200,1.759421,0.240679,0.444174,1.100034,1.967832,0.294105,0.022204,0.149842,0.414793,0.175431,0.861870,0.181697,1.953278,0.338673,0.412268,1.931442,0.232891,1.561279,0.240679,0.239076,1.884766,0.000000,0.603788,0.874133,1.871918,0.313602,0.345773,0.426310,1.485157,0.416824,0.107644,0.197195,0.895453,0.376900,0.337368,0.239323,1.804717,1.650004,0.232891,0.376900,1.880205,0.319665,0.409816,1.883192,0.488473,0.325777,0.858946,0.209021,1.978860,0.544313,1.431065,0.243393,0.227837,0.275517,0.698886,1.823046,0.186669,0.338673,0.253217,0.272644,0.079636,0.834464,0.975560,1.828914,0.149979,0.279356,1.967230,0.322681,1.882600,1.986306,0.460828,0.190538,0.226197,0.076319,0.938776,1.602838,0.607529,1.947355,0.408190,0.107154,0.103731,0.079636,0.247980,0.279141,0.454318,0.184815,0.137316
1.638833,1.046133,0.496940,0.697990,0.823003,0.669274,0.678371,0.755052,0.487200,1.834203,0.679983,1.016203,0.824108,1.665488,0.646759,0.484840,1.022786,1.839048,0.790443,0.613557,0.637792,0.868839,0.685939,1.226382,0.714397,1.799539,0.507486,0.531087,1.778399,0.570604,1.686576,0.646759,0.697765,1.806432,0.603788,0.000000,0.553815,1.649427,0.748537,0.783580,0.489639,1.160726,0.877143,0.639245,0.664120,0.584833,0.472979,0.540800,0.601424,1.555325,1.392642,0.570604,0.472979,1.685035,0.773943,0.852929,1.656724,0.425567,0.800589,0.539844,0.672639,1.858626,0.519970,1.103727,0.685715,0.589613,0.769219,0.477093,1.637747,0.706543,0.507486,0.698618,0.711522,0.615970,0.539146,0.617612,1.676173,0.630914,0.740713,1.876177,0.721469,1.700349,1.874047,0.787842,0.715798,0.739801,0.646038,0.669985,1.456501,0.461471,1.785951,0.858418,0.595696,0.612333,0.615970,0.743016,0.734423,0.545982,0.704064,0.636560
1.449858,0.727356,0.533414,0.974331,1.113703,0.954226,0.942507,0.381902,0.412315,1.742474,0.930050,1.166329,0.896671,1.614948,0.920467,0.581840,1.116520,1.709865,1.079817,0.887331,0.901497,1.139402,0.968362,1.475698,1.005384,1.621789,0.667653,0.674387,1.631949,0.798251,1.778873,0.920467,0.989820,1.759038,0.874133,0.553815,0.000000,1.449837,1.035970,1.076090,0.608230,0.898271,1.134593,0.911261,0.931361,0.414058,0.594931,0.729054,0.876041,1.389967,1.215005,0.798251,0.594931,1.484746,1.037847,1.138652,1.479304,0.455971,1.073016,0.415278,0.942644,1.744208,0.552905,0.894809,0.966151,0.872939,1.075618,0.287987,1.452088,0.991203,0.667653,0.970771,0.975633,0.881645,0.223781,0.444986,1.461440,0.887871,1.015065,1.771777,1.006618,1.489714,1.758849,1.103282,1.013036,1.031510,0.927888,0.531125,1.411234,0.421589,1.642896,1.145775,0.848736,0.870627,0.881645,1.046611,1.008993,0.662317,0.982024,0.892311
0.243185,1.134698,1.690749,1.902976,1.929322,1.895677,1.894765,1.244500,1.438866,0.815678,1.885313,1.637032,1.742858,1.093369,1.887798,1.738422,1.520238,0.555414,1.921368,1.877127,1.884044,1.930376,1.902660,1.911657,1.916487,0.485851,1.795049,1.768398,0.536628,1.852094,1.554129,1.887798,1.909876,0.974120,1.871918,1.649427,1.449837,0.000000,1.917249,1.926988,1.756928,0.929200,1.940692,1.889061,1.891858,1.446720,1.765222,1.800255,1.868278,0.660027,0.647191,1.852094,1.765222,0.444261,1.907917,1.922402,0.479909,1.700286,1.914680,1.484862,1.884736,0.653336,1.687451,1.005575,1.896693,1.863293,1.934021,1.588629,0.697952,1.912562,1.795049,1.898385,1.894727,1.878355,1.495919,1.395977,0.609604,1.881380,1.910452,0.725793,1.899758,0.488007,0.635775,1.895990,1.918587,1.923709,1.889914,1.471960,1.181788,1.644363,0.573729,1.940945,1.863956,1.874191,1.878355,1.926494,1.910772,1.775294,1.908880,1.878321
1.910637,1.429721,0.700348,0.178937,0.215877,0.147119,0.231357,1.266149,1.050752,1.917514,0.285376,1.012281,0.763411,1.744198,0.211063,0.613069,1.129667,1.972411,0.273970,0.303994,0.278532,0.344148,0.249681,0.715352,0.248434,1.969725,0.480330,0.558240,1.957384,0.346084,1.440436,0.211063,0.258296,1.859842,0.313602,0.748537,1.035970,1.917249,0.000000,0.074484,0.565800,1.574986,0.302389,0.264631,0.252051,1.040645,0.542333,0.470051,0.261182,1.846292,1.706612,0.346084,0.542333,1.926063,0.323480,0.378662,1.914208,0.659214,0.321586,1.012522,0.283814,1.972995,0.693778,1.519413,0.261236,0.309763,0.219376,0.857703,1.858470,0.220000,0.480330,0.293046,0.301519,0.296235,0.988207,1.127568,1.885659,0.267757,0.180794,1.963594,0.315869,1.914199,1.976559,0.332723,0.251279,0.207151,0.283405,1.056039,1.572161,0.763021,1.965375,0.326785,0.323103,0.303322,0.296235,0.217971,0.279180,0.574394,0.235210,0.292776
1.922689,1.457838,0.744627,0.195808,0.191744,0.179897,0.254290,1.301726,1.079953,1.913795,0.311873,1.014461,0.793952,1.743001,0.238433,0.653349,1.138386,1.970544,0.265241,0.335141,0.304409,0.320203,0.265870,0.683936,0.263245,1.973384,0.525426,0.594748,1.957427,0.386054,1.425385,0.238433,0.270604,1.856210,0.345773,0.783580,1.076090,1.926988,0.074484,0.000000,0.610384,1.598834,0.290729,0.295370,0.277652,1.077935,0.587375,0.510373,0.308863,1.858160,1.727337,0.386054,0.587375,1.932586,0.320831,0.347854,1.924390,0.703849,0.313343,1.051117,0.310766,1.970522,0.731404,1.546311,0.274524,0.344093,0.206699,0.902027,1.867173,0.236199,0.525426,0.301814,0.313579,0.329307,1.029366,1.161749,1.891278,0.296149,0.183040,1.959307,0.318868,1.922962,1.973007,0.334644,0.257903,0.212766,0.308656,1.086445,1.582846,0.806451,1.968332,0.307132,0.357789,0.337840,0.329307,0.214082,0.283446,0.614443,0.253246,0.321697
1.753370,1.136993,0.181289,0.513975,0.637682,0.498501,0.474191,0.897534,0.724356,1.875523,0.516307,1.143577,0.534588,1.691043,0.430746,0.292057,1.188644,1.917005,0.638623,0.434316,0.451463,0.694658,0.513910,1.073692,0.526996,1.867368,0.116661,0.332998,1.879876,0.264278,1.593911,0.430746,0.496389,1.847316,0.426310,0.489639,0.608230,1.756928,0.565800,0.610384,0.000000,1.288415,0.644301,0.442307,0.425961,0.632564,0.145390,0.195063,0.425107,1.669835,1.483281,0.264278,0.145390,1.799985,0.635045,0.750963,1.746344,0.332313,0.665448,0.608699,0.464444,1.933803,0.325037,1.224559,0.491901,0.430948,0.610173,0.368102,1.728232,0.520237,0.116661,0.508580,0.573490,0.425976,0.515978,0.727261,1.743349,0.427920,0.576226,1.925048,0.568701,1.755514,1.943014,0.653826,0.544604,0.553976,0.468394,0.722207,1.462329,0.254328,1.876464,0.663165,0.408789,0.415798,0.425976,0.580461,0.531044,0.258475,0.513784,0.448031
0.908452,0.782724,1.227568,1.555649,1.635245,1.535082,1.532505,0.770379,0.945119,1.367803,1.503996,1.402988,1.405085,1.394278,1.512209,1.294261,1.259486,1.234798,1.611526,1.493984,1.502625,1.640694,1.542822,1.803200,1.577454,1.076502,1.344722,1.359723,1.139302,1.437652,1.774948,1.512209,1.563041,1.470031,1.485157,1.160726,0.898271,0.929200,1.574986,1.598834,1.288415,0.000000,1.654826,1.509820,1.515645,1.005990,1.299062,1.381575,1.464427,1.014838,0.818739,1.437652,1.299062,0.937812,1.573122,1.636228,1.000353,1.189359,1.596685,0.972819,1.509036,1.275437,1.222130,0.804973,1.529175,1.456215,1.613579,1.060229,1.117617,1.559397,1.344722,1.526693,1.540176,1.490629,0.990822,0.952714,0.958040,1.498534,1.568569,1.357431,1.533453,0.962979,1.309126,1.568791,1.579488,1.585705,1.522000,0.813831,1.193679,1.163456,1.153898,1.644317,1.463270,1.479990,1.490629,1.601399,1.556121,1.336489,1.553643,1.488648
1.941880,1.489093,0.760522,0.285853,0.221490,0.327141,0.303482,1.358283,1.155268,1.874438,0.459373,1.116013,0.728090,1.689053,0.312396,0.674827,1.253260,1.969194,0.316187,0.404906,0.393415,0.311960,0.353601,0.581616,0.295873,1.974184,0.565225,0.607391,1.964904,0.435582,1.345428,0.312396,0.280926,1.799559,0.416824,0.877143,1.134593,1.940692,0.302389,0.290729,0.644301,1.654826,0.000000,0.372074,0.339731,1.106124,0.632009,0.534825,0.461171,1.842016,1.757945,0.435582,0.632009,1.962466,0.416393,0.407931,1.909681,0.791378,0.400622,1.101399,0.378288,1.963571,0.773343,1.576028,0.340535,0.473078,0.282944,0.940938,1.848585,0.311155,0.565225,0.353860,0.435251,0.408377,1.059818,1.184510,1.909688,0.353247,0.367253,1.931365,0.432621,1.923847,1.961879,0.401980,0.302713,0.273970,0.373105,1.162062,1.552596,0.832948,1.967766,0.274113,0.446904,0.420443,0.408377,0.293793,0.316110,0.601961,0.322887,0.418045
1.886917,1.340410,0.583763,0.195447,0.368293,0.189451,0.168369,1.161584,0.930115,1.932107,0.242309,1.033532,0.745799,1.762037,0.215006,0.482068,1.131478,1.973692,0.273395,0.095313,0.102389,0.383196,0.118231,0.829767,0.141686,1.960118,0.350287,0.445982,1.940286,0.222379,1.528466,0.215006,0.174698,1.882752,0.107644,0.639245,0.911261,1.889061,0.264631,0.295370,0.442307,1.509820,0.372074,0.000000,0.158636,0.929352,0.400164,0.351538,0.227156,1.818800,1.663625,0.222379,0.400164,1.897938,0.291823,0.406985,1.893631,0.521372,0.301359,0.883812,0.192635,1.980316,0.569311,1.458226,0.195522,0.236234,0.236166,0.726150,1.834181,0.108715,0.350287,0.211001,0.251082,0.056208,0.866268,1.015969,1.845156,0.142748,0.238509,1.972830,0.310833,1.890973,1.990441,0.436183,0.161316,0.158717,0.092050,0.964432,1.605211,0.636598,1.953914,0.352030,0.095408,0.062112,0.056208,0.206661,0.227793,0.457289,0.105218,0.086671
