0.000000,1.162555,1.685763,1.907674,1.929760,1.896506,1.901526,1.240520,1.449997,0.822765,1.882355,1.638747,1.732274,1.074293,1.891669,1.736377,1.522686,0.585960,1.924890,1.876656,1.886410,1.935107,1.904346,1.905285,1.913861,0.494330,1.792218,1.768094,0.575458,1.851565,1.517427,1.891669,1.909986,0.952679,1.871952,1.652362,1.452125,0.265811,1.913572,1.925142,1.752898,0.906964,1.946564,1.889842,1.893901,1.457067,1.763265,1.797972,1.862870,0.585643,0.645847,1.851565,1.763265,0.475143,1.910515,1.926251,0.421832,1.698671,1.919045,1.473527,1.888468,0.635000,1.706368,1.000520,1.897312,1.862178,1.931903,1.586305,0.731521,1.912960,1.792218,1.902213,1.894626,1.878231,1.497899,1.393077,0.672038,1.887634,1.907900,0.722413,1.901046,0.507023,0.630501,1.889115,1.917108,1.923093,1.888971,1.470254,1.118198,1.643688,0.560196,1.940329,1.865915,1.875039,1.878231,1.925286,1.912653,1.780894,1.910113,1.881370
1.162555,0.000000,1.040791,1.371744,1.478173,1.361291,1.347055,0.582071,0.750135,1.493243,1.325094,1.304872,1.280453,1.447376,1.345589,1.069226,1.233830,1.407904,1.432078,1.302139,1.315713,1.469724,1.366137,1.691156,1.390917,1.325476,1.154392,1.135412,1.297082,1.249600,1.795358,1.345589,1.379620,1.545679,1.292782,1.026940,0.683285,1.153604,1.427126,1.454579,1.103878,0.780766,1.491724,1.327640,1.349872,0.790750,1.101154,1.191211,1.304154,1.129168,1.104325,1.249600,1.101154,1.148810,1.398005,1.451284,1.191864,0.967899,1.416486,0.858895,1.355068,1.440269,1.058903,0.725607,1.363428,1.296092,1.439490,0.860926,1.132749,1.388083,1.154392,1.360182,1.362933,1.299548,0.778917,0.796380,1.184086,1.303622,1.401318,1.495958,1.385126,1.230083,1.465600,1.478902,1.392216,1.416359,1.331871,0.842765,1.412479,0.958481,1.354072,1.489687,1.278385,1.295265,1.299548,1.424934,1.389139,1.101506,1.382490,1.311484
1.685763,1.040791,0.000000,0.670252,0.779228,0.652750,0.633212,0.808547,0.683465,1.835244,0.653748,1.222421,0.480533,1.667678,0.590543,0.330876,1.253748,1.877986,0.774145,0.578513,0.605068,0.837597,0.664922,1.182990,0.668458,1.820845,0.276615,0.387894,1.834413,0.420957,1.630780,0.590543,0.639337,1.805752,0.570144,0.512948,0.526566,1.701270,0.720906,0.763024,0.180529,1.251293,0.785105,0.597058,0.582297,0.510509,0.264841,0.291458,0.579663,1.602564,1.440605,0.420957,0.264841,1.746258,0.772326,0.872912,1.671578,0.392673,0.795718,0.529179,0.620457,1.883603,0.359768,1.106318,0.631719,0.581046,0.749967,0.290693,1.666579,0.672678,0.276615,0.663133,0.709273,0.579095,0.384694,0.602864,1.713531,0.585246,0.716649,1.881525,0.704665,1.719004,1.896990,0.808765,0.688156,0.703240,0.612017,0.759645,1.439544,0.133513,1.818989,0.794936,0.563384,0.571879,0.579095,0.722462,0.682566,0.326017,0.665904,0.605805
1.907674,1.371744,0.670252,0.000000,0.241380,0.086320,0.090359,1.218117,0.974241,1.903916,0.282117,0.979945,0.783605,1.730062,0.135631,0.542119,1.105377,1.974226,0.198003,0.221655,0.185403,0.299446,0.173871,0.752306,0.192284,1.972548,0.439437,0.476301,1.948022,0.301986,1.496840,0.135631,0.207354,1.858385,0.228421,0.688906,0.990714,1.907365,0.178469,0.193239,0.533731,1.570392,0.289545,0.198076,0.195921,0.973435,0.489977,0.421668,0.273655,1.838421,1.721885,0.301986,0.489977,1.912417,0.284270,0.314007,1.914810,0.606210,0.263927,0.970558,0.217394,1.980813,0.609513,1.496669,0.209785,0.289228,0.201347,0.824063,1.837124,0.171769,0.439437,0.230364,0.266258,0.225487,0.941854,1.064790,1.868738,0.137478,0.193499,1.960081,0.309753,1.914738,1.982721,0.380486,0.185811,0.175022,0.201981,1.026567,1.599480,0.718828,1.967818,0.332602,0.248302,0.237492,0.225487,0.187756,0.231869,0.508809,0.177940,0.220782
1.929760,1.478173,0.779228,0.241380,0.000000,0.264790,0.295751,1.334037,1.099446,1.855618,0.428322,1.023711,0.769909,1.667904,0.247935,0.673946,1.172845,1.963334,0.282071,0.410188,0.376189,0.295081,0.341232,0.587027,0.303603,1.975728,0.579408,0.590558,1.962848,0.449007,1.374519,0.247935,0.286027,1.789416,0.421609,0.812074,1.131045,1.931453,0.219007,0.194215,0.662211,1.645458,0.221646,0.376930,0.350051,1.078747,0.639887,0.544052,0.416422,1.840463,1.764155,0.449007,0.639887,1.952644,0.396551,0.361256,1.914646,0.779259,0.386113,1.094014,0.385162,1.967129,0.747221,1.547133,0.333619,0.431923,0.253999,0.959679,1.848726,0.311005,0.579408,0.356483,0.407778,0.416150,1.063033,1.155588,1.911175,0.348115,0.315485,1.924883,0.383276,1.933103,1.958261,0.321268,0.289792,0.270448,0.374897,1.136790,1.520049,0.843323,1.967181,0.287269,0.449661,0.429054,0.416150,0.266040,0.323572,0.617479,0.324881,0.417961
1.896506,1.361291,0.652750,0.086320,0.264790,0.000000,0.136009,1.194556,0.952898,1.909860,0.264908,0.971171,0.777521,1.739336,0.138634,0.526308,1.088509,1.973041,0.228799,0.212813,0.181122,0.336022,0.170235,0.784814,0.205106,1.967241,0.424613,0.465319,1.946027,0.291335,1.513540,0.138634,0.228078,1.867820,0.218232,0.658602,0.968377,1.900024,0.148363,0.179019,0.516570,1.548685,0.329152,0.194875,0.193381,0.955103,0.473256,0.408311,0.235098,1.835889,1.706197,0.291335,0.473256,1.902773,0.299922,0.339095,1.910286,0.584683,0.278996,0.944151,0.211595,1.979168,0.593041,1.473560,0.227093,0.264668,0.211893,0.804101,1.839204,0.178787,0.424613,0.248641,0.263151,0.217062,0.921673,1.045258,1.864475,0.157639,0.178212,1.963665,0.305523,1.910348,1.981761,0.381141,0.201147,0.189626,0.197058,1.008431,1.594138,0.699703,1.961844,0.358337,0.234645,0.228353,0.217062,0.196149,0.258504,0.511579,0.184259,0.211954
1.901526,1.347055,0.633212,0.090359,0.295751,0.136009,0.000000,1.195230,0.950596,1.907038,0.285458,0.992834,0.765869,1.735453,0.144164,0.511500,1.110816,1.974833,0.213593,0.192133,0.161956,0.316305,0.165438,0.779959,0.191631,1.967154,0.398031,0.452929,1.941544,0.260550,1.520975,0.144164,0.201313,1.864385,0.197338,0.669975,0.957874,1.899236,0.231362,0.253057,0.493178,1.547400,0.308060,0.170151,0.157355,0.943879,0.449057,0.384817,0.264728,1.833705,1.706671,0.260550,0.449057,1.904731,0.296212,0.341990,1.907596,0.570536,0.271802,0.939684,0.169017,1.981330,0.572203,1.481005,0.187737,0.268652,0.231862,0.785341,1.829314,0.170368,0.398031,0.203580,0.274589,0.192866,0.908514,1.039793,1.852618,0.083326,0.226817,1.960815,0.308744,1.905931,1.986162,0.404340,0.195349,0.187763,0.181047,1.001361,1.602130,0.682359,1.964851,0.346385,0.212742,0.202893,0.192866,0.213482,0.212973,0.467832,0.168319,0.190364
1.240520,0.582071,0.808547,1.218117,1.334037,1.194556,1.195230,0.000000,0.449887,1.580009,1.172130,1.197563,1.120607,1.495442,1.175485,0.819514,1.129879,1.544138,1.293392,1.133817,1.155693,1.350124,1.211608,1.616217,1.241995,1.456976,0.952047,0.893864,1.446170,1.070943,1.803545,1.175485,1.234752,1.625604,1.121124,0.782176,0.381235,1.266208,1.277136,1.311166,0.895453,0.802873,1.368529,1.172726,1.189027,0.521733,0.885156,0.985802,1.130191,1.193660,1.150535,1.070943,0.885156,1.276417,1.267069,1.323498,1.290772,0.754363,1.288940,0.581617,1.195164,1.563926,0.808915,0.732571,1.209998,1.122163,1.297851,0.622637,1.274649,1.240769,0.952047,1.221099,1.212258,1.140798,0.486385,0.417695,1.313908,1.144050,1.247296,1.602249,1.232516,1.345944,1.585218,1.321459,1.245375,1.273095,1.168428,0.743947,1.361353,0.702237,1.450849,1.365093,1.114189,1.137734,1.140798,1.277177,1.255737,0.946363,1.232688,1.156239
1.449997,0.750135,0.683465,0.974241,1.099446,0.952898,0.950596,0.449887,0.000000,1.702569,0.947518,1.046845,1.046647,1.581040,0.929880,0.628612,1.020330,1.701976,1.044606,0.887696,0.906213,1.100554,0.962211,1.435938,0.999645,1.641181,0.753547,0.690185,1.603342,0.849465,1.795487,0.929880,0.990817,1.726484,0.875285,0.489736,0.421142,1.454358,1.047725,1.076327,0.719759,0.964816,1.154411,0.929227,0.951769,0.478256,0.690719,0.785250,0.897162,1.402765,1.300118,0.849465,0.690719,1.472882,1.028427,1.076248,1.505103,0.581035,1.045636,0.493886,0.956457,1.718094,0.633518,0.944122,0.958452,0.869718,1.054757,0.551918,1.468090,0.997309,0.753547,0.962103,0.979615,0.895566,0.496482,0.400395,1.467802,0.898239,1.013404,1.738391,0.977338,1.538225,1.741608,1.085466,0.998881,1.029620,0.920702,0.688295,1.434899,0.585929,1.639106,1.124213,0.869578,0.895148,0.895566,1.035458,1.003685,0.762572,0.990458,0.910541
0.822765,1.493243,1.835244,1.903916,1.855618,1.909860,1.907038,1.580009,1.702569,0.000000,1.928575,1.645790,1.760907,0.483050,1.895941,1.844216,1.634128,0.628559,1.895130,1.921903,1.924873,1.863774,1.923182,1.671241,1.905350,0.658132,1.890915,1.841807,0.776218,1.910789,1.091112,1.895941,1.897245,0.455932,1.922270,1.829491,1.743888,0.821682,1.906115,1.902347,1.874532,1.347589,1.858236,1.927386,1.919505,1.693932,1.884388,1.885469,1.920723,0.746235,1.191719,1.910789,1.884388,0.909670,1.910926,1.891407,0.698668,1.879169,1.917215,1.737687,1.920458,0.660266,1.820309,1.341734,1.910105,1.914960,1.900955,1.808863,0.807864,1.919054,1.890915,1.906791,1.923455,1.928597,1.743275,1.632371,0.882747,1.911388,1.921834,0.291353,1.904344,0.697723,0.553377,1.832415,1.903903,1.909417,1.917700,1.709756,0.987783,1.820927,0.720909,1.864547,1.934063,1.933086,1.928597,1.907648,1.900840,1.851044,1.921275,1.936852
1.882355,1.325094,0.653748,0.282117,0.428322,0.264908,0.285458,1.172130,0.947518,1.928575,0.000000,0.953944,0.795226,1.771904,0.306238,0.559621,1.047158,1.966089,0.327890,0.258481,0.248753,0.428187,0.261859,0.861559,0.291873,1.952509,0.429614,0.529518,1.932218,0.310624,1.561856,0.306238,0.314833,1.896722,0.260270,0.655498,0.925436,1.886647,0.291702,0.319027,0.514777,1.509777,0.462163,0.238004,0.263508,0.963395,0.469577,0.441549,0.199276,1.842168,1.675695,0.310624,0.469577,1.875303,0.226377,0.423473,1.907823,0.530692,0.315593,0.934773,0.293569,1.967238,0.622864,1.462888,0.275217,0.241153,0.311299,0.765473,1.840764,0.252277,0.429614,0.299292,0.165672,0.246875,0.901112,1.056230,1.836778,0.259001,0.206390,1.968357,0.286694,1.897517,1.978404,0.460860,0.291273,0.273890,0.264161,0.965073,1.613624,0.696613,1.938914,0.415950,0.250302,0.244879,0.246875,0.304665,0.308468,0.536215,0.262463,0.239640
1.638747,1.304872,1.222421,0.979945,1.023711,0.971171,0.992834,1.197563,1.046845,1.645790,0.953944,0.000000,1.394991,1.535828,1.006865,1.090968,0.285079,1.688965,0.966798,1.007280,1.001499,1.018946,1.000771,1.180183,1.031058,1.700179,1.107471,1.076757,1.614219,1.066248,1.569878,1.006865,1.050568,1.666920,1.003324,0.992772,1.183377,1.632451,0.996657,0.998684,1.147703,1.394416,1.098195,1.025256,1.030203,1.242947,1.100369,1.130627,0.961617,1.602658,1.599033,1.066248,1.100369,1.544510,0.970354,0.934707,1.708667,1.030120,0.970114,1.263421,1.010365,1.686447,1.067321,1.455321,1.039788,0.972618,1.002071,1.205812,1.586116,1.017671,1.107471,1.025827,0.965459,1.016494,1.243795,1.262645,1.567777,0.992379,0.980769,1.692509,1.008866,1.662637,1.695782,0.943962,1.010839,1.022434,1.011125,1.078514,1.550211,1.197681,1.677737,1.076098,1.014136,1.024350,1.016494,1.002968,1.042797,1.162280,1.020244,1.012758
1.732274,1.280453,0.480533,0.783605,0.769909,0.777521,0.765869,1.120607,1.046647,1.760907,0.795226,1.394991,0.000000,1.575650,0.699609,0.661409,1.451245,1.865404,0.867949,0.764224,0.774125,0.875477,0.801268,1.041660,0.761651,1.810312,0.565393,0.653399,1.873689,0.612198,1.394109,0.699609,0.711657,1.684188,0.766077,0.828761,0.893896,1.753263,0.774309,0.803399,0.529628,1.424607,0.747614,0.749000,0.709735,0.830028,0.608248,0.533573,0.738792,1.610479,1.498606,0.612198,0.608248,1.830754,0.875155,0.966140,1.657392,0.769529,0.914640,0.853196,0.766388,1.857453,0.714634,1.224226,0.738506,0.753097,0.811695,0.681832,1.685455,0.775012,0.565393,0.779371,0.837322,0.761870,0.733512,0.887868,1.794383,0.753601,0.815914,1.821189,0.795709,1.734753,1.852367,0.821957,0.782877,0.776390,0.771073,1.016880,1.297714,0.577209,1.815035,0.782182,0.769412,0.756453,0.761870,0.796729,0.762945,0.533657,0.776869,0.784792
1.074293,1.447376,1.667678,1.730062,1.667904,1.739336,1.735453,1.495442,1.581040,0.483050,1.771904,1.535828,1.575650,0.000000,1.715886,1.664014,1.579802,1.001476,1.731078,1.759218,1.762510,1.686321,1.762559,1.505443,1.731297,1.008035,1.714891,1.653188,1.094498,1.734716,0.957983,1.715886,1.714281,0.603810,1.760607,1.667679,1.627974,1.097518,1.736410,1.734901,1.702245,1.379518,1.675319,1.764417,1.752039,1.557856,1.712018,1.712334,1.756395,0.828943,1.315864,1.734716,1.712018,1.199251,1.755558,1.743559,0.922240,1.731160,1.770791,1.606302,1.764676,1.017367,1.643850,1.320074,1.739654,1.753644,1.729201,1.660380,0.946353,1.751465,1.714891,1.736244,1.769969,1.768259,1.602165,1.494460,1.158725,1.739581,1.763381,0.735694,1.743786,0.944910,0.936132,1.647938,1.729697,1.737619,1.752936,1.588383,0.896056,1.658876,1.047822,1.679403,1.780344,1.776231,1.768259,1.738583,1.726176,1.664557,1.757021,1.785184
1.891669,1.345589,0.590543,0.135631,0.247935,0.138634,0.144164,1.175485,0.929880,1.895941,0.306238,1.006865,0.699609,1.715886,0.000000,0.486966,1.122614,1.973207,0.279319,0.238615,0.208297,0.357054,0.220194,0.781480,0.229968,1.963007,0.369406,0.423034,1.948885,0.241114,1.507221,0.000000,0.207953,1.852010,0.243524,0.637265,0.939823,1.894709,0.206750,0.232650,0.456177,1.528244,0.316063,0.215638,0.183798,0.916115,0.427624,0.348722,0.248466,1.815377,1.694841,0.241114,0.427624,1.906971,0.348082,0.391624,1.891044,0.563462,0.346082,0.917099,0.227741,1.978793,0.554708,1.452834,0.217010,0.258998,0.258336,0.761492,1.832271,0.215142,0.369406,0.247738,0.318291,0.239373,0.878355,1.001695,1.860242,0.162192,0.254653,1.955030,0.305975,1.900305,1.981629,0.382652,0.230124,0.221723,0.228687,0.973455,1.546277,0.647850,1.958685,0.350940,0.257476,0.246640,0.239373,0.239560,0.251914,0.439676,0.217845,0.243642
1.736377,1.069226,0.330876,0.542119,0.673946,0.526308,0.511500,0.819514,0.628612,1.844216,0.559621,1.090968,0.661409,1.664014,0.486966,0.000000,1.156403,1.904718,0.645494,0.459035,0.470357,0.703476,0.534494,1.093290,0.556200,1.862181,0.270173,0.118434,1.854316,0.369997,1.623892,0.486966,0.542101,1.811731,0.448838,0.489216,0.583064,1.747443,0.628634,0.666651,0.295340,1.313913,0.690135,0.495113,0.499184,0.545425,0.210411,0.299234,0.513959,1.648255,1.554439,0.369997,0.210411,1.772678,0.657871,0.720675,1.740797,0.358318,0.673603,0.591174,0.537641,1.909402,0.332265,1.188917,0.537588,0.511680,0.630009,0.421400,1.672967,0.563055,0.270173,0.555043,0.594165,0.470475,0.503416,0.626689,1.747983,0.457867,0.606182,1.901604,0.617179,1.770580,1.917509,0.721718,0.562530,0.593905,0.487909,0.826407,1.494846,0.309571,1.852310,0.703601,0.454640,0.473015,0.470475,0.604405,0.584509,0.329991,0.553842,0.494814
1.522686,1.233830,1.253748,1.105377,1.172845,1.088509,1.110816,1.129879,1.020330,1.634128,1.047158,0.285079,1.451245,1.579802,1.122614,1.156403,0.000000,1.617821,1.103013,1.104926,1.105341,1.170486,1.112679,1.342187,1.154041,1.603590,1.172059,1.162046,1.528447,1.152482,1.661863,1.122614,1.175254,1.683032,1.098398,1.011874,1.142323,1.518517,1.117454,1.125648,1.196034,1.258250,1.240402,1.125782,1.130892,1.228156,1.156296,1.197848,1.048579,1.551222,1.469546,1.152482,1.156296,1.411907,1.084236,1.070847,1.629170,1.049749,1.091921,1.240516,1.103290,1.614559,1.118674,1.374116,1.148703,1.057902,1.135232,1.203927,1.541009,1.133154,1.172059,1.139572,1.067455,1.112006,1.229585,1.244398,1.445534,1.103345,1.093461,1.650615,1.114484,1.566442,1.634528,1.072444,1.138370,1.146268,1.117173,1.023756,1.550873,1.218875,1.588572,1.218460,1.099093,1.114150,1.112006,1.130512,1.163630,1.234452,1.132990,1.103188
0.585960,1.407904,1.877986,1.974226,1.963334,1.973041,1.974833,1.544138,1.701976,0.628559,1.966089,1.688965,1.865404,1.001476,1.973207,1.904718,1.617821,0.000000,1.966527,1.970993,1.974408,1.957984,1.977079,1.839142,1.978540,0.425243,1.940691,1.918707,0.385587,1.966745,1.372698,1.973207,1.979547,0.780570,1.969811,1.851601,1.713423,0.555685,1.972982,1.970966,1.919190,1.230829,1.969597,1.976428,1.979051,1.717843,1.926000,1.941808,1.968636,0.776047,1.030845,1.966745,1.926000,0.564392,1.961832,1.956589,0.583282,1.882125,1.957819,1.749403,1.973708,0.386803,1.882980,1.297655,1.972097,1.964885,1.976865,1.812679,0.756671,1.979761,1.940691,1.969094,1.962918,1.971985,1.748852,1.666946,0.721810,1.972514,1.968304,0.446959,1.966076,0.619412,0.300755,1.944996,1.976791,1.980217,1.973177,1.685177,1.219614,1.852804,0.435616,1.969571,1.967758,1.971204,1.971985,1.978176,1.972393,1.920326,1.979351,1.971836
1.924890,1.432078,0.774145,0.198003,0.282071,0.228799,0.213593,1.293392,1.044606,1.895130,0.327890,0.966798,0.867949,1.731078,0.279319,0.645494,1.103013,1.966527,0.000000,0.283978,0.269612,0.245783,0.223691,0.685998,0.214150,1.976884,0.552696,0.579936,1.943937,0.411814,1.476736,0.279319,0.258404,1.844725,0.293935,0.768752,1.082940,1.921045,0.266851,0.258845,0.643017,1.616428,0.306373,0.267118,0.281368,1.060554,0.601583,0.526490,0.367105,1.861131,1.745953,0.411814,0.601583,1.924028,0.239697,0.267042,1.933153,0.710150,0.170392,1.048395,0.276812,1.969956,0.707782,1.545549,0.242748,0.368044,0.195885,0.923055,1.850821,0.212002,0.552696,0.255116,0.257520,0.296659,1.039195,1.142745,1.878870,0.249123,0.231668,1.948481,0.340469,1.934193,1.976003,0.357401,0.195232,0.192807,0.250121,1.100287,1.613459,0.822407,1.962273,0.311123,0.325510,0.312050,0.296659,0.206683,0.238224,0.624707,0.222132,0.294096
1.876656,1.302139,0.578513,0.221655,0.410188,0.212813,0.192133,1.133817,0.887696,1.921903,0.258481,1.007280,0.764224,1.759218,0.238615,0.459035,1.104926,1.970993,0.283978,0.000000,0.141217,0.410595,0.163424,0.867641,0.163676,1.957300,0.348947,0.421294,1.932208,0.235818,1.573822,0.238615,0.226615,1.883792,0.021985,0.596190,0.889376,1.880451,0.312757,0.343130,0.438986,1.505117,0.413717,0.097729,0.190008,0.894013,0.387762,0.345355,0.241575,1.817909,1.669361,0.235818,0.387762,1.882080,0.310580,0.397903,1.892085,0.501866,0.311037,0.864332,0.208809,1.978013,0.535499,1.430641,0.235836,0.231551,0.261886,0.716074,1.828037,0.175063,0.348947,0.248116,0.264992,0.075312,0.845736,0.980715,1.836932,0.149378,0.269290,1.967180,0.308144,1.896388,1.987009,0.479948,0.177663,0.214861,0.057258,0.957515,1.614986,0.622464,1.946856,0.389983,0.108810,0.102198,0.075312,0.237390,0.271749,0.452535,0.172854,0.134553
1.886410,1.315713,0.605068,0.185403,0.376189,0.181122,0.161956,1.155693,0.906213,1.924873,0.248753,1.001499,0.774125,1.762510,0.208297,0.470357,1.105341,1.974408,0.269612,0.141217,0.000000,0.370487,0.087906,0.854844,0.185057,1.958840,0.362814,0.424624,1.933724,0.234355,1.556338,0.208297,0.195941,1.886006,0.147197,0.627964,0.911489,1.888247,0.275658,0.301163,0.462817,1.517213,0.390627,0.098963,0.159954,0.912996,0.403020,0.363370,0.246033,1.829998,1.686613,0.234355,0.403020,1.886445,0.293498,0.379682,1.904468,0.520890,0.280006,0.879301,0.198456,1.973968,0.541547,1.458086,0.204056,0.260095,0.244996,0.740911,1.828745,0.137002,0.362814,0.206496,0.250881,0.109696,0.869241,1.004747,1.841134,0.133956,0.230913,1.971644,0.315646,1.898020,1.988520,0.466759,0.190721,0.183140,0.136052,0.970778,1.625980,0.647459,1.951362,0.362113,0.112489,0.111369,0.109696,0.218147,0.238091,0.462694,0.123157,0.078866
1.935107,1.469724,0.837597,0.299446,0.295081,0.336022,0.316305,1.350124,1.100554,1.863774,0.428187,1.018946,0.875477,1.686321,0.357054,0.703476,1.170486,1.957984,0.245783,0.410595,0.370487,0.000000,0.323927,0.629820,0.313778,1.970461,0.618252,0.631794,1.936963,0.486911,1.413246,0.357054,0.321230,1.807727,0.421443,0.847448,1.147179,1.927993,0.339089,0.316625,0.708131,1.642427,0.299539,0.383029,0.367373,1.120306,0.667765,0.594424,0.463092,1.860562,1.768763,0.486911,0.667765,1.938119,0.342201,0.343059,1.933152,0.791907,0.301983,1.099791,0.379416,1.962132,0.780154,1.586573,0.298731,0.459441,0.274987,0.986594,1.850583,0.311892,0.618252,0.263846,0.377805,0.413271,1.100671,1.184808,1.884428,0.358639,0.331208,1.924139,0.390495,1.933077,1.958501,0.404925,0.302079,0.279284,0.373608,1.162184,1.591655,0.890039,1.964570,0.281874,0.443652,0.427689,0.413271,0.299178,0.231089,0.682168,0.323045,0.406363
1.904346,1.366137,0.664922,0.173871,0.341232,0.170235,0.165438,1.211608,0.962211,1.923182,0.261859,1.000771,0.801268,1.762559,0.220194,0.534494,1.112679,1.977079,0.223691,0.163424,0.087906,0.323927,0.000000,0.809966,0.147274,1.967761,0.426473,0.483494,1.939557,0.286771,1.530631,0.220194,0.174179,1.882401,0.174677,0.674867,0.976545,1.906248,0.245369,0.261327,0.523962,1.556043,0.347019,0.117186,0.164794,0.973297,0.471891,0.417430,0.265708,1.849309,1.709170,0.286771,0.471891,1.902175,0.271234,0.341641,1.920938,0.591082,0.237398,0.935631,0.190222,1.975216,0.601053,1.496901,0.201718,0.278829,0.184667,0.806842,1.848558,0.086526,0.426473,0.194956,0.245196,0.145375,0.933745,1.059277,1.855780,0.167975,0.207112,1.969511,0.302287,1.913477,1.988260,0.438704,0.149086,0.126119,0.134974,1.023198,1.636050,0.712504,1.957309,0.313542,0.165915,0.154375,0.145375,0.161229,0.217317,0.525889,0.070557,0.119853
1.905285,1.691156,1.182990,0.752306,0.587027,0.784814,0.779959,1.616217,1.435938,1.671241,0.861559,1.180183,1.041660,1.505443,0.781480,1.093290,1.342187,1.839142,0.685998,0.867641,0.854844,0.629820,0.809966,0.000000,0.746331,1.890615,1.030289,1.012289,1.884252,0.925811,1.093357,0.781480,0.745169,1.563427,0.879885,1.219306,1.489116,1.903538,0.724992,0.694728,1.097619,1.802506,0.581875,0.844121,0.825955,1.401424,1.082022,0.988832,0.886347,1.813182,1.816432,0.925811,1.082022,1.947940,0.766657,0.703522,1.859545,1.205624,0.774579,1.451182,0.838086,1.847519,1.170323,1.687108,0.787250,0.883109,0.696579,1.346279,1.792578,0.773868,1.030289,0.795233,0.820425,0.878697,1.425237,1.458282,1.900157,0.827277,0.776989,1.755160,0.771264,1.894801,1.813260,0.637904,0.736517,0.725113,0.828288,1.450774,1.422081,1.246090,1.887096,0.616883,0.915331,0.892858,0.878697,0.725496,0.745455,1.019484,0.788282,0.884406
1.913861,1.390917,0.668458,0.192284,0.303603,0.205106,0.191631,1.241995,0.999645,1.905350,0.291873,1.031058,0.761651,1.731297,0.229968,0.556200,1.154041,1.978540,0.214150,0.163676,0.185057,0.313778,0.147274,0.746331,0.000000,1.975445,0.441300,0.497757,1.953156,0.304533,1.488573,0.229968,0.144170,1.850513,0.182664,0.695939,1.009038,1.917944,0.250978,0.266075,0.533768,1.586525,0.297616,0.136890,0.202673,0.990245,0.494582,0.425703,0.294395,1.838980,1.718177,0.304533,0.494582,1.925595,0.286275,0.351800,1.913923,0.631299,0.281209,0.966073,0.240387,1.981412,0.635312,1.496449,0.217081,0.298335,0.155958,0.826926,1.848279,0.107976,0.441300,0.224642,0.273398,0.169641,0.952509,1.074885,1.879110,0.199987,0.241090,1.958756,0.299300,1.924204,1.985460,0.414999,0.071390,0.105632,0.115892,1.056274,1.600046,0.727157,1.961736,0.263191,0.221796,0.192394,0.169641,0.144805,0.212185,0.515806,0.123393,0.205062
0.494330,1.325476,1.820845,1.972548,1.975728,1.967241,1.967154,1.456976,1.641181,0.658132,1.952509,1.700179,1.810312,1.008035,1.963007,1.862181,1.603590,0.425243,1.976884,1.957300,1.958840,1.970461,1.967761,1.890615,1.975445,0.000000,1.899428,1.886302,0.480319,1.939403,1.405761,1.963007,1.971368,0.830166,1.955164,1.810106,1.629358,0.486597,1.970260,1.973554,1.870192,1.067609,1.976223,1.962105,1.962871,1.645622,1.880137,1.909313,1.945605,0.710897,0.909590,1.939403,1.880137,0.446087,1.966469,1.968352,0.506038,1.829661,1.971311,1.653720,1.957501,0.421642,1.819422,1.197400,1.962454,1.942489,1.979145,1.738491,0.681633,1.972329,1.899428,1.959861,1.961834,1.956434,1.667978,1.597031,0.572222,1.960011,1.968443,0.513136,1.952702,0.403593,0.411849,1.938297,1.976214,1.976824,1.963416,1.593986,1.198323,1.790735,0.418764,1.971536,1.947790,1.953157,1.956434,1.978822,1.966380,1.876001,1.970355,1.954238
1.792218,1.154392,0.276615,0.439437,0.579408,0.424613,0.398031,0.952047,0.753547,1.890915,0.429614,1.107471,0.565393,1.714891,0.369406,0.270173,1.172059,1.940691,0.552696,0.348947,0.362814,0.618252,0.426473,1.030289,0.441300,1.899428,0.000000,0.290296,1.896672,0.173854,1.602056,0.369406,0.416750,1.860465,0.341622,0.503490,0.665542,1.801391,0.498498,0.541320,0.117441,1.361794,0.585704,0.359964,0.343687,0.673134,0.098754,0.156837,0.358177,1.721992,1.559910,0.173854,0.098754,1.823915,0.549228,0.661224,1.794857,0.335147,0.571591,0.660623,0.395951,1.942096,0.342344,1.272778,0.405506,0.365576,0.523316,0.440820,1.753793,0.436944,0.000000,0.429132,0.486382,0.341733,0.585433,0.773671,1.779370,0.347231,0.484952,1.941591,0.486203,1.809093,1.957478,0.622095,0.461455,0.471391,0.382443,0.809368,1.523574,0.334763,1.895803,0.581727,0.328975,0.335503,0.341733,0.496305,0.452367,0.253544,0.429474,0.366658
1.768094,1.135412,0.387894,0.476301,0.590558,0.465319,0.452929,0.893864,0.690185,1.841807,0.529518,1.076757,0.653399,1.653188,0.423034,0.118434,1.162046,1.918707,0.579936,0.421294,0.424624,0.631794,0.483494,1.012289,0.497757,1.886302,0.290296,0.000000,1.878109,0.346882,1.580362,0.423034,0.482582,1.798176,0.413500,0.527655,0.678786,1.776313,0.567801,0.602616,0.338156,1.376927,0.616104,0.454106,0.454164,0.609693,0.262331,0.284902,0.488847,1.669341,1.592010,0.346882,0.262331,1.809413,0.611216,0.656013,1.766071,0.427541,0.624184,0.671700,0.497221,1.925986,0.368101,1.236703,0.486425,0.488667,0.565058,0.520584,1.691237,0.510021,0.290296,0.506802,0.553025,0.436927,0.592160,0.687922,1.785793,0.407954,0.553425,1.905932,0.577664,1.802921,1.926752,0.655897,0.500880,0.533875,0.441110,0.883447,1.486450,0.388592,1.877643,0.639644,0.428282,0.443396,0.436927,0.541211,0.531388,0.334782,0.502747,0.461399
0.575458,1.297082,1.834413,1.948022,1.962848,1.946027,1.941544,1.446170,1.603342,0.776218,1.932218,1.614219,1.873689,1.094498,1.948885,1.854316,1.528447,0.385587,1.943937,1.932208,1.933724,1.936963,1.939557,1.884252,1.953156,0.480319,1.896672,1.878109,0.000000,1.927122,1.483442,1.948885,1.952888,0.904001,1.929479,1.787673,1.623650,0.545358,1.957948,1.957805,1.873391,1.135615,1.965967,1.940117,1.943930,1.665944,1.875513,1.904700,1.928995,0.770576,1.003648,1.927122,1.875513,0.426346,1.932209,1.926765,0.621668,1.813065,1.924396,1.666955,1.934789,0.455801,1.819882,1.278583,1.941995,1.921625,1.954374,1.744553,0.746405,1.948950,1.896672,1.935404,1.932652,1.931230,1.678698,1.601164,0.630785,1.935305,1.945930,0.602811,1.935628,0.606146,0.475940,1.948779,1.951527,1.955366,1.938527,1.618873,1.351033,1.799283,0.502565,1.956701,1.923849,1.930079,1.931230,1.951892,1.943726,1.885053,1.946361,1.929635
1.851565,1.249600,0.420957,0.301986,0.449007,0.291335,0.260550,1.070943,0.849465,1.910789,0.310624,1.066248,0.612198,1.734716,0.241114,0.369997,1.152482,1.966745,0.411814,0.235818,0.234355,0.486911,0.286771,0.925811,0.304533,1.939403,0.173854,0.346882,1.927122,0.000000,1.567596,0.241114,0.281924,1.874358,0.233036,0.560302,0.797853,1.857046,0.361639,0.399938,0.268419,1.452256,0.453008,0.228170,0.184085,0.800807,0.249178,0.195548,0.252559,1.782250,1.627627,0.000000,0.249178,1.869732,0.415364,0.526522,1.854190,0.427091,0.433705,0.784345,0.260381,1.964357,0.433404,1.371438,0.279050,0.273387,0.376486,0.590826,1.800246,0.292399,0.173854,0.300427,0.358058,0.223238,0.727922,0.897312,1.823542,0.218971,0.344782,1.960359,0.375725,1.862148,1.978258,0.522575,0.324335,0.324356,0.259034,0.889934,1.559919,0.484363,1.931726,0.450428,0.223008,0.219955,0.223238,0.350924,0.324359,0.324392,0.287491,0.243887
1.517427,1.795358,1.630780,1.496840,1.374519,1.513540,1.520975,1.803545,1.795487,1.091112,1.561856,1.569878,1.394109,0.957983,1.507221,1.623892,1.661863,1.372698,1.476736,1.573822,1.556338,1.413246,1.530631,1.093357,1.488573,1.405761,1.602056,1.580362,1.483442,1.567596,0.000000,1.507221,1.469897,0.948438,1.581749,1.699448,1.796275,1.536206,1.456194,1.441531,1.623097,1.767005,1.359918,1.549215,1.530658,1.693081,1.630876,1.578384,1.565232,1.373371,1.578759,1.567596,1.630876,1.622504,1.513235,1.500147,1.398759,1.727522,1.521848,1.718365,1.551952,1.332814,1.629693,1.665578,1.508012,1.584298,1.459522,1.719983,1.379935,1.499992,1.602056,1.518107,1.544166,1.574689,1.729251,1.711727,1.623232,1.551316,1.503600,1.215057,1.521549,1.388047,1.286218,1.371600,1.489945,1.470863,1.551218,1.739385,1.197785,1.672894,1.426556,1.381503,1.596853,1.580219,1.574689,1.473573,1.482353,1.575659,1.507929,1.578745
1.891669,1.345589,0.590543,0.135631,0.247935,0.138634,0.144164,1.175485,0.929880,1.895941,0.306238,1.006865,0.699609,1.715886,0.000000,0.486966,1.122614,1.973207,0.279319,0.238615,0.208297,0.357054,0.220194,0.781480,0.229968,1.963007,0.369406,0.423034,1.948885,0.241114,1.507221,0.000000,0.207953,1.852010,0.243524,0.637265,0.939823,1.894709,0.206750,0.232650,0.456177,1.528244,0.316063,0.215638,0.183798,0.916115,0.427624,0.348722,0.248466,1.815377,1.694841,0.241114,0.427624,1.906971,0.348082,0.391624,1.891044,0.563462,0.346082,0.917099,0.227741,1.978793,0.554708,1.452834,0.217010,0.258998,0.258336,0.761492,1.832271,0.215142,0.369406,0.247738,0.318291,0.239373,0.878355,1.001695,1.860242,0.162192,0.254653,1.955030,0.305975,1.900305,1.981629,0.382652,0.230124,0.221723,0.228687,0.973455,1.546277,0.647850,1.958685,0.350940,0.257476,0.246640,0.239373,0.239560,0.251914,0.439676,0.217845,0.243642
1.909986,1.379620,0.639337,0.207354,0.286027,0.228078,0.201313,1.234752,0.990817,1.897245,0.314833,1.050568,0.711657,1.714281,0.207953,0.542101,1.175254,1.979547,0.258404,0.226615,0.195941,0.321230,0.174179,0.745169,0.144170,1.971368,0.416750,0.482582,1.952888,0.281924,1.469897,0.207953,0.000000,1.841973,0.239800,0.684831,0.995353,1.913867,0.258635,0.271314,0.507461,1.575200,0.276465,0.177370,0.204839,0.972609,0.475079,0.404119,0.302405,1.827288,1.709365,0.281924,0.475079,1.929638,0.316517,0.380527,1.905177,0.624691,0.316749,0.940939,0.267378,1.972820,0.618029,1.485215,0.200719,0.307715,0.190760,0.803770,1.839479,0.136665,0.416750,0.220482,0.311561,0.217456,0.930810,1.057609,1.880335,0.206928,0.269082,1.956663,0.300604,1.915631,1.985127,0.405036,0.147129,0.125714,0.199207,1.040056,1.576188,0.702397,1.957731,0.215458,0.256344,0.228400,0.217456,0.183127,0.203624,0.480344,0.146366,0.233496
0.952679,1.545679,1.805752,1.858385,1.789416,1.867820,1.864385,1.625604,1.726484,0.455932,1.896722,1.666920,1.684188,0.603810,1.852010,1.811731,1.683032,0.780570,1.844725,1.883792,1.886006,1.807727,1.882401,1.563427,1.850513,0.830166,1.860465,1.798176,0.904001,1.874358,0.948438,1.852010,1.841973,0.000000,1.886385,1.811786,1.766089,0.965491,1.856456,1.852318,1.849519,1.463196,1.792814,1.883740,1.882603,1.692329,1.858804,1.848248,1.891047,0.759721,1.276518,1.874358,1.858804,1.083612,1.875047,1.838467,0.756561,1.876706,1.882585,1.749701,1.891760,0.767464,1.822354,1.378541,1.863622,1.890354,1.846703,1.805093,0.796186,1.871050,1.860465,1.868467,1.888404,1.889845,1.740362,1.633545,1.165732,1.872590,1.881660,0.555972,1.870330,0.935360,0.644759,1.782965,1.850106,1.857027,1.875081,1.760745,0.940861,1.801629,0.854916,1.804771,1.900799,1.895521,1.889845,1.853222,1.852760,1.803199,1.875333,1.902455
1.871952,1.292782,0.570144,0.228421,0.421609,0.218232,0.197338,1.121124,0.875285,1.922270,0.260270,1.003324,0.766077,1.760607,0.243524,0.448838,1.098398,1.969811,0.293935,0.021985,0.147197,0.421443,0.174677,0.879885,0.182664,1.955164,0.341622,0.413500,1.929479,0.233036,1.581749,0.243524,0.239800,1.886385,0.000000,0.587113,0.876344,1.875555,0.322502,0.353743,0.430866,1.496739,0.425699,0.111348,0.195380,0.883571,0.377979,0.339075,0.240789,1.814986,1.664216,0.233036,0.377979,1.876907,0.316378,0.402433,1.889407,0.488367,0.317320,0.853663,0.210920,1.976763,0.525782,1.423957,0.243933,0.229070,0.276229,0.704922,1.825195,0.190082,0.341622,0.257459,0.268940,0.083955,0.834362,0.969967,1.831791,0.150368,0.276907,1.966947,0.313487,1.892652,1.986441,0.488589,0.194552,0.230632,0.076688,0.948328,1.615565,0.611718,1.944747,0.404968,0.108013,0.107750,0.083955,0.251015,0.283316,0.448758,0.186662,0.139048
1.652362,1.026940,0.512948,0.688906,0.812074,0.658602,0.669975,0.782176,0.489736,1.829491,0.655498,0.992772,0.828761,1.667679,0.637265,0.489216,1.011874,1.851601,0.768752,0.596190,0.627964,0.847448,0.674867,1.219306,0.695939,1.810106,0.503490,0.527655,1.787673,0.560302,1.699448,0.637265,0.684831,1.811786,0.587113,0.000000,0.583030,1.667911,0.736664,0.770557,0.490187,1.191591,0.874555,0.629223,0.652714,0.597744,0.473296,0.534790,0.580503,1.583973,1.428695,0.560302,0.473296,1.687565,0.755441,0.826715,1.681535,0.427703,0.781120,0.558320,0.662542,1.854630,0.532423,1.117854,0.666633,0.563792,0.750804,0.504942,1.654801,0.696488,0.503490,0.683456,0.696083,0.602649,0.571942,0.636209,1.683099,0.621825,0.721359,1.873167,0.682609,1.726343,1.877120,0.786030,0.699246,0.727064,0.627943,0.701496,1.468811,0.483712,1.785947,0.833923,0.586199,0.602491,0.602649,0.729909,0.717242,0.545639,0.695280,0.628228
1.452125,0.683285,0.526566,0.990714,1.131045,0.968377,0.957874,0.381235,0.421142,1.743888,0.925436,1.183377,0.893896,1.627974,0.939823,0.583064,1.142323,1.713423,1.082940,0.889376,0.911489,1.147179,0.976545,1.489116,1.009038,1.629358,0.665542,0.678786,1.623650,0.797853,1.796275,0.939823,0.995353,1.766089,0.876344,0.583030,0.000000,1.468381,1.050509,1.088554,0.602053,0.934267,1.152754,0.920781,0.936934,0.417679,0.595551,0.722665,0.881885,1.408586,1.261702,0.797853,0.595551,1.476008,1.039133,1.133976,1.486921,0.458705,1.070779,0.414789,0.952820,1.724028,0.579650,0.887333,0.964922,0.875300,1.077545,0.284200,1.460656,1.000821,0.665542,0.977551,0.977188,0.888118,0.221021,0.432853,1.469757,0.899973,1.015294,1.765574,1.000474,1.515909,1.750968,1.133481,1.018790,1.039773,0.930570,0.613010,1.448751,0.416907,1.629113,1.143400,0.858237,0.879944,0.888118,1.052270,1.014816,0.674433,0.991780,0.903411
0.265811,1.153604,1.701270,1.907365,1.931453,1.900024,1.899236,1.266208,1.454358,0.821682,1.886647,1.632451,1.753263,1.097518,1.894709,1.747443,1.518517,0.555685,1.921045,1.880451,1.888247,1.927993,1.906248,1.903538,1.917944,0.486597,1.801391,1.776313,0.545358,1.857046,1.536206,1.894709,1.913867,0.965491,1.875555,1.667911,1.468381,0.000000,1.919273,1.928382,1.764302,0.935110,1.945900,1.892568,1.895616,1.467261,1.773270,1.806956,1.871938,0.670183,0.635216,1.857046,1.773270,0.435480,1.909486,1.920852,0.497571,1.709862,1.915367,1.504570,1.888958,0.634600,1.707651,1.027636,1.899015,1.866451,1.935106,1.602430,0.705531,1.915858,1.801391,1.900841,1.897605,1.881297,1.515904,1.417589,0.607259,1.886904,1.910895,0.709665,1.899572,0.504828,0.617780,1.893727,1.920680,1.925954,1.892586,1.485607,1.178338,1.656984,0.582050,1.941784,1.867960,1.877668,1.881297,1.928487,1.912303,1.785088,1.912690,1.881989
1.913572,1.427126,0.720906,0.178469,0.219007,0.148363,0.231362,1.277136,1.047725,1.906115,0.291702,0.996657,0.774309,1.736410,0.206750,0.628634,1.117454,1.972982,0.266851,0.312757,0.275658,0.339089,0.245369,0.724992,0.250978,1.970260,0.498498,0.567801,1.957948,0.361639,1.456194,0.206750,0.258635,1.856456,0.322502,0.736664,1.050509,1.919273,0.000000,0.073508,0.585761,1.585716,0.303779,0.268999,0.256048,1.037359,0.557394,0.487205,0.266410,1.857250,1.718489,0.361639,0.557394,1.924620,0.319742,0.369337,1.923351,0.671795,0.314459,1.016526,0.282646,1.975187,0.682521,1.518424,0.271758,0.315158,0.219949,0.878343,1.860996,0.219443,0.498498,0.296097,0.301132,0.303580,1.001222,1.130082,1.885561,0.269344,0.183107,1.960639,0.310075,1.920565,1.976885,0.343034,0.251765,0.206154,0.289623,1.059024,1.575488,0.781366,1.965416,0.321468,0.327753,0.309423,0.303580,0.219891,0.282034,0.578643,0.233239,0.294383
1.925142,1.454579,0.763024,0.193239,0.194215,0.179019,0.253057,1.311166,1.076327,1.902347,0.319027,0.998684,0.803399,1.734901,0.232650,0.666651,1.125648,1.970966,0.258845,0.343130,0.301163,0.316625,0.261327,0.694728,0.266075,1.973554,0.541320,0.602616,1.957805,0.399938,1.441531,0.232650,0.271314,1.852318,0.353743,0.770557,1.088554,1.928382,0.073508,0.000000,0.628420,1.608468,0.290316,0.298619,0.281613,1.073668,0.600053,0.526179,0.313898,1.868128,1.738326,0.399938,0.600053,1.931131,0.317162,0.340192,1.932813,0.714774,0.306249,1.054766,0.309752,1.973085,0.719359,1.544556,0.285860,0.350040,0.208255,0.920196,1.868836,0.234736,0.541320,0.305652,0.313017,0.335595,1.040185,1.163122,1.891090,0.296780,0.186755,1.956550,0.316152,1.928602,1.973362,0.343810,0.258713,0.211417,0.314619,1.087928,1.585169,0.822590,1.968543,0.304396,0.361409,0.342733,0.335595,0.216070,0.287540,0.617380,0.250425,0.322520
1.752898,1.103878,0.180529,0.533731,0.662211,0.516570,0.493178,0.895453,0.719759,1.874532,0.514777,1.147703,0.529628,1.702245,0.456177,0.295340,1.196034,1.919190,0.643017,0.438986,0.462817,0.708131,0.523962,1.097619,0.533768,1.870192,0.117441,0.338156,1.873391,0.268419,1.623097,0.456177,0.507461,1.849519,0.430866,0.490187,0.602053,1.764302,0.585761,0.628420,0.000000,1.306074,0.667176,0.454048,0.436130,0.617275,0.141033,0.194168,0.437370,1.681647,1.509060,0.268419,0.141033,1.792102,0.636360,0.748270,1.751558,0.330642,0.660135,0.605238,0.479241,1.922679,0.329343,1.211644,0.495126,0.440804,0.616070,0.365494,1.728849,0.532151,0.117441,0.520465,0.574503,0.434314,0.506412,0.714584,1.748346,0.443562,0.577877,1.922449,0.567831,1.773616,1.938106,0.694607,0.554712,0.565632,0.474264,0.758194,1.492869,0.250947,1.868673,0.667895,0.419489,0.426816,0.434314,0.589956,0.542478,0.264536,0.525523,0.460484
0.906964,0.780766,1.251293,1.570392,1.645458,1.548685,1.547400,0.802873,0.964816,1.347589,1.509777,1.394416,1.424607,1.379518,1.528244,1.313913,1.258250,1.230829,1.616428,1.505117,1.517213,1.642427,1.556043,1.802506,1.586525,1.067609,1.361794,1.376927,1.135615,1.452256,1.767005,1.528244,1.575200,1.463196,1.496739,1.191591,0.934267,0.935110,1.585716,1.608468,1.306074,0.000000,1.671145,1.524243,1.529167,1.038687,1.318771,1.397194,1.473401,1.030649,0.845092,1.452256,1.318771,0.916880,1.580747,1.638583,1.014489,1.209679,1.603912,0.998691,1.522233,1.248055,1.254386,0.832135,1.537290,1.462696,1.621780,1.090228,1.125328,1.572839,1.361794,1.536039,1.550507,1.503555,1.028940,0.981876,0.941242,1.513991,1.576240,1.330659,1.532137,0.974026,1.290771,1.576663,1.589176,1.596966,1.532301,0.833627,1.185593,1.190346,1.133822,1.648036,1.478400,1.494657,1.503555,1.612919,1.563929,1.357909,1.567902,1.503780
1.946564,1.491724,0.785105,0.289545,0.221646,0.329152,0.308060,1.368529,1.154411,1.858236,0.462163,1.098195,0.747614,1.675319,0.316063,0.690135,1.240402,1.969597,0.306373,0.413717,0.390627,0.299539,0.347019,0.581875,0.297616,1.976223,0.585704,0.616104,1.965967,0.453008,1.359918,0.316063,0.276465,1.792814,0.425699,0.874555,1.152754,1.945900,0.303779,0.290316,0.667176,1.671145,0.000000,0.378703,0.344748,1.107711,0.649452,0.553157,0.465562,1.856475,1.779335,0.453008,0.649452,1.962174,0.409795,0.393851,1.922317,0.807136,0.393653,1.111945,0.378536,1.965909,0.769878,1.578614,0.352026,0.476481,0.276545,0.966434,1.854279,0.310299,0.585704,0.358937,0.433151,0.417426,1.077458,1.187423,1.907591,0.358019,0.367093,1.924034,0.424554,1.930005,1.961215,0.404863,0.298919,0.270277,0.378446,1.175623,1.554009,0.854920,1.967560,0.254724,0.453777,0.429246,0.417426,0.290146,0.321291,0.614642,0.320250,0.421588
1.889842,1.327640,0.597058,0.198076,0.376930,0.194875,0.170151,1.172726,0.929227,1.927386,0.238004,1.025256,0.749000,1.764417,0.215638,0.495113,1.125782,1.976428,0.267118,0.097729,0.098963,0.383029,0.117186,0.844121,0.136890,1.962105,0.359964,0.454106,1.940117,0.228170,1.549215,0.215638,0.177370,1.883740,0.111348,0.629223,0.920781,1.892568,0.268999,0.298619,0.454048,1.524243,0.378703,0.000000,0.155895,0.924495,0.408501,0.361348,0.229001,1.831329,1.676623,0.228170,0.408501,1.895435,0.286821,0.394772,1.902231,0.527564,0.289171,0.888202,0.193450,1.978871,0.559956,1.456061,0.195723,0.238709,0.234349,0.739697,1.837527,0.110816,0.359964,0.212550,0.247922,0.056486,0.874325,1.019687,1.848538,0.143504,0.231828,1.972864,0.296996,1.902544,1.990922,0.459419,0.162964,0.160593,0.091361,0.976040,1.616827,0.649037,1.953029,0.345093,0.095162,0.063018,0.056486,0.208090,0.227671,0.454954,0.106950,0.084990
