0.000000,1.134681,1.693523,1.910417,1.929805,1.899804,1.902967,1.243759,1.463324,0.815849,1.887754,1.686269,1.738268,1.082505,1.892055,1.733598,1.573201,0.583894,1.922171,1.873655,1.887585,1.919538,1.905057,1.902886,1.910926,0.512845,1.795298,1.763198,0.598600,1.851565,1.516849,1.892055,1.905484,0.933853,1.869350,1.654053,1.454577,0.267646,1.919331,1.931388,1.757436,1.046503,1.949280,1.887842,1.892171,1.472247,1.766289,1.803273,1.872928,0.616711,0.671057,1.851565,1.766289,0.473856,1.910492,1.931446,0.409300,1.696175,1.917192,1.508393,1.879808,0.628666,1.710994,1.006313,1.889686,1.870710,1.929677,1.595875,0.730395,1.911384,1.795298,1.890927,1.895210,1.876722,1.500893,1.397507,0.668206,1.889948,1.914563,0.713805,1.906750,0.507371,0.630014,1.892018,1.911806,1.921336,1.885390,1.489270,1.131151,1.651827,0.540657,1.933494,1.864404,1.873426,1.876722,1.925303,1.900259,1.787830,1.909083,1.881075
1.134681,0.000000,1.071432,1.393886,1.507993,1.382916,1.363441,0.568270,0.787228,1.500478,1.341079,1.373550,1.329428,1.466871,1.367461,1.086229,1.295020,1.376797,1.438134,1.308657,1.324388,1.469789,1.370459,1.709098,1.397024,1.301845,1.176643,1.155405,1.264110,1.268316,1.827875,1.367461,1.386204,1.561853,1.300385,1.072620,0.692131,1.124507,1.455620,1.481597,1.128680,0.787802,1.524000,1.330938,1.356496,0.834373,1.118626,1.218718,1.325308,1.137923,1.077259,1.268316,1.118626,1.113671,1.410127,1.466784,1.186617,0.979821,1.418504,0.913213,1.349686,1.428537,1.060680,0.713822,1.371776,1.315414,1.449562,0.885603,1.146260,1.390426,1.176643,1.366488,1.377360,1.303499,0.796328,0.830694,1.151975,1.321245,1.420805,1.485966,1.400007,1.218464,1.455666,1.500729,1.398159,1.421650,1.335470,0.908597,1.428979,0.985985,1.316906,1.492132,1.280326,1.298239,1.303499,1.437859,1.394495,1.155613,1.383698,1.313813
1.693523,1.071432,0.000000,0.654878,0.778294,0.642922,0.615720,0.815390,0.664174,1.840829,0.631870,1.225928,0.494180,1.656784,0.580530,0.323374,1.264428,1.881140,0.748459,0.550543,0.580119,0.794225,0.636863,1.164594,0.637738,1.822991,0.267175,0.383823,1.843160,0.405524,1.631458,0.580530,0.603674,1.810905,0.543092,0.508444,0.529806,1.692630,0.720725,0.766942,0.175685,1.153566,0.785921,0.565707,0.556761,0.487005,0.252458,0.287924,0.562591,1.608102,1.442428,0.405524,0.252458,1.762657,0.750943,0.843175,1.682534,0.384009,0.771300,0.508157,0.588895,1.892248,0.345495,1.116569,0.596137,0.565254,0.731285,0.286375,1.679527,0.639297,0.267175,0.624711,0.694032,0.550378,0.391428,0.606424,1.722246,0.569206,0.715148,1.885881,0.687190,1.730450,1.906054,0.792851,0.659876,0.673198,0.583081,0.742322,1.397700,0.133495,1.828833,0.751464,0.534325,0.541492,0.550378,0.705601,0.644125,0.327258,0.630334,0.576114
1.910417,1.393886,0.654878,0.000000,0.254910,0.080811,0.091538,1.213545,0.953943,1.905350,0.264279,0.959290,0.772831,1.719518,0.136183,0.543732,1.092365,1.970310,0.187271,0.220161,0.185728,0.306945,0.164511,0.739738,0.170409,1.969730,0.431887,0.484067,1.948268,0.297041,1.505461,0.136183,0.202286,1.862092,0.229443,0.697442,0.989283,1.899166,0.182668,0.202226,0.519404,1.452485,0.297507,0.187709,0.188131,0.949281,0.486978,0.410460,0.261192,1.832139,1.716055,0.297041,0.486978,1.919811,0.278551,0.294591,1.915834,0.614490,0.260601,0.940794,0.220359,1.979836,0.600555,1.480457,0.222120,0.293565,0.196753,0.812873,1.851483,0.153410,0.431887,0.237250,0.263802,0.217615,0.938162,1.046793,1.875627,0.145188,0.195179,1.959882,0.319271,1.925258,1.982529,0.384177,0.175432,0.154821,0.194933,0.975943,1.545628,0.706063,1.968273,0.304030,0.245260,0.230238,0.217615,0.182725,0.243005,0.491737,0.160750,0.216027
1.929805,1.507993,0.778294,0.254910,0.000000,0.272617,0.313195,1.338724,1.087843,1.848832,0.430541,1.008830,0.760913,1.646026,0.259073,0.684709,1.172892,1.958182,0.290720,0.425285,0.391454,0.311515,0.353353,0.565720,0.308285,1.974712,0.588102,0.604577,1.961154,0.458199,1.369346,0.259073,0.300647,1.783749,0.437768,0.826466,1.138889,1.924063,0.218314,0.193734,0.665333,1.541650,0.227835,0.391136,0.359726,1.056912,0.651480,0.547799,0.426515,1.832034,1.757596,0.458199,0.651480,1.961144,0.404578,0.351680,1.913692,0.794397,0.400567,1.072754,0.405180,1.963269,0.746571,1.532571,0.351856,0.452561,0.262459,0.961043,1.859882,0.319038,0.588102,0.365809,0.416609,0.430721,1.070308,1.143124,1.917585,0.365582,0.323537,1.920437,0.402067,1.939927,1.954013,0.338373,0.300782,0.274029,0.388443,1.095689,1.466331,0.845239,1.969165,0.266111,0.466108,0.443628,0.430721,0.275795,0.339199,0.604985,0.333135,0.433412
1.899804,1.382916,0.642922,0.080811,0.272617,0.000000,0.132580,1.195804,0.938231,1.907527,0.257561,0.964469,0.767824,1.724312,0.145301,0.529977,1.091218,1.969005,0.211984,0.216865,0.186316,0.332614,0.165463,0.762825,0.183015,1.965051,0.423732,0.473293,1.946840,0.294911,1.514471,0.145301,0.220379,1.866215,0.225285,0.680266,0.972963,1.891412,0.157390,0.193025,0.510239,1.437814,0.328234,0.187809,0.193195,0.931523,0.476114,0.403530,0.238800,1.830300,1.702463,0.294911,0.476114,1.913637,0.293451,0.324034,1.911337,0.600861,0.275515,0.920368,0.217949,1.978030,0.590361,1.460259,0.232588,0.283043,0.210374,0.798392,1.851978,0.161205,0.423732,0.246600,0.263912,0.214348,0.922458,1.029197,1.871856,0.166825,0.186482,1.961565,0.325516,1.919960,1.981386,0.387518,0.191151,0.168431,0.194034,0.969269,1.539759,0.692345,1.964445,0.324125,0.237416,0.225999,0.214348,0.196048,0.259654,0.492646,0.168294,0.212885
1.902967,1.363441,0.615720,0.091538,0.313195,0.132580,0.000000,1.184008,0.923535,1.910345,0.258572,0.961309,0.757465,1.726680,0.144216,0.511288,1.084668,1.970618,0.208283,0.184556,0.159176,0.325977,0.153007,0.778085,0.170928,1.963298,0.388858,0.460813,1.940280,0.254020,1.535432,0.144216,0.199715,1.870541,0.192144,0.668158,0.950310,1.889685,0.238909,0.264464,0.476381,1.422159,0.323384,0.155538,0.148424,0.919898,0.443374,0.371981,0.239247,1.825205,1.699911,0.254020,0.443374,1.908778,0.291491,0.319439,1.908171,0.572341,0.265726,0.906073,0.175364,1.980779,0.560637,1.463151,0.207462,0.263524,0.224388,0.769964,1.841911,0.151070,0.388858,0.219328,0.270140,0.178994,0.899901,1.019758,1.858587,0.089277,0.228111,1.961137,0.313722,1.916552,1.985800,0.409404,0.182508,0.170761,0.168612,0.944208,1.548419,0.665733,1.964018,0.326497,0.204620,0.190803,0.178994,0.205132,0.233588,0.454583,0.150695,0.181105
1.243759,0.568270,0.815390,1.213545,1.338724,1.195804,1.184008,0.000000,0.456254,1.589575,1.160881,1.254286,1.137054,1.490361,1.172864,0.811732,1.189540,1.544489,1.270300,1.109543,1.141173,1.304973,1.193809,1.601978,1.216441,1.463880,0.948486,0.887611,1.459579,1.062531,1.813317,1.172864,1.208921,1.627177,1.097801,0.792594,0.373599,1.252077,1.288675,1.324911,0.896014,0.760509,1.370131,1.148364,1.172442,0.536396,0.878622,0.986749,1.132477,1.202801,1.132983,1.062531,0.878622,1.298442,1.246174,1.313184,1.300239,0.735035,1.265979,0.610822,1.167886,1.576766,0.802772,0.733193,1.179222,1.122890,1.280609,0.626475,1.292611,1.215736,0.948486,1.186145,1.197103,1.117336,0.488399,0.432059,1.326721,1.132670,1.249393,1.606012,1.227698,1.366457,1.597925,1.317183,1.219763,1.249992,1.142706,0.767100,1.327326,0.708610,1.457577,1.330879,1.091199,1.113933,1.117336,1.264273,1.217621,0.959627,1.207450,1.135366
1.463324,0.787228,0.664174,0.953943,1.087843,0.938231,0.923535,0.456254,0.000000,1.725531,0.912997,1.067256,1.034470,1.584652,0.910062,0.603434,1.041061,1.718221,1.001161,0.843195,0.876502,1.030899,0.928034,1.397011,0.953561,1.653696,0.727459,0.665018,1.632610,0.819072,1.792870,0.910062,0.945411,1.728022,0.831913,0.469962,0.421575,1.450467,1.043653,1.076415,0.694102,0.851643,1.141686,0.886473,0.915027,0.479020,0.663841,0.759381,0.878689,1.403151,1.278339,0.819072,0.663841,1.508575,0.986692,1.049710,1.514926,0.547293,1.003034,0.492119,0.908255,1.734556,0.610642,0.928610,0.905112,0.856894,1.016097,0.541656,1.492900,0.953896,0.727459,0.907672,0.942893,0.854416,0.496378,0.391693,1.513528,0.871916,1.001315,1.757287,0.959462,1.577979,1.759602,1.054663,0.951464,0.987595,0.875068,0.634356,1.363525,0.571274,1.651791,1.069548,0.830313,0.853962,0.854416,1.000382,0.941915,0.757055,0.946803,0.874038
0.815849,1.500478,1.840829,1.905350,1.848832,1.907527,1.910345,1.589575,1.725531,0.000000,1.924211,1.660142,1.760851,0.511366,1.894519,1.847770,1.650110,0.655530,1.900285,1.921951,1.925967,1.870797,1.924530,1.674320,1.906199,0.676204,1.893176,1.842869,0.772464,1.908046,1.088944,1.894519,1.899478,0.453565,1.922301,1.834820,1.747887,0.861678,1.898328,1.893462,1.877658,1.454078,1.860414,1.927555,1.916145,1.715783,1.887642,1.885902,1.917631,0.764383,1.198025,1.908046,1.887642,0.903630,1.910790,1.887999,0.708222,1.877465,1.920137,1.755163,1.917736,0.660800,1.830952,1.343975,1.911397,1.912610,1.894910,1.817160,0.792027,1.919277,1.893176,1.910159,1.919829,1.928997,1.749733,1.650524,0.876828,1.915053,1.915198,0.292122,1.900509,0.702157,0.546904,1.838227,1.902758,1.908797,1.917762,1.731462,1.039918,1.829211,0.724467,1.870677,1.934657,1.933584,1.928997,1.903263,1.904229,1.858827,1.922949,1.937998
1.887754,1.341079,0.631870,0.264279,0.430541,0.257561,0.258572,1.160881,0.912997,1.924211,0.000000,0.933445,0.782193,1.752416,0.296788,0.538473,1.038771,1.962660,0.290679,0.246144,0.228181,0.398033,0.236587,0.835481,0.264945,1.949193,0.413725,0.509455,1.935453,0.301672,1.561577,0.296788,0.287577,1.890438,0.250033,0.655125,0.919649,1.875717,0.308860,0.339909,0.496760,1.387989,0.447311,0.218843,0.251297,0.918728,0.455454,0.422624,0.209372,1.829355,1.678201,0.301672,0.455454,1.886005,0.207004,0.413813,1.904767,0.538697,0.292201,0.898606,0.284683,1.965388,0.591838,1.449234,0.254578,0.261078,0.304289,0.747293,1.845505,0.225392,0.413725,0.274023,0.161829,0.232190,0.888522,1.023857,1.845994,0.230026,0.221141,1.968379,0.305739,1.904883,1.979222,0.440834,0.272305,0.248373,0.247179,0.920865,1.555439,0.673214,1.938863,0.376500,0.238930,0.230753,0.232190,0.294508,0.284832,0.500130,0.230448,0.224058
1.686269,1.373550,1.225928,0.959290,1.008830,0.964469,0.961309,1.254286,1.067256,1.660142,0.933445,0.000000,1.404056,1.523174,0.995608,1.101982,0.305254,1.699663,0.904574,0.972477,0.979029,0.951612,0.969646,1.094141,0.982152,1.717586,1.096149,1.089504,1.653365,1.048854,1.536233,0.995608,1.004419,1.660486,0.970999,1.017315,1.220950,1.652619,0.991483,0.993156,1.139033,1.338024,1.052086,0.986792,1.003764,1.257310,1.094749,1.121803,0.954759,1.624488,1.608061,1.048854,1.094749,1.605633,0.906646,0.908351,1.739102,1.040879,0.917583,1.254152,0.979627,1.701003,1.074552,1.497101,0.989968,0.957762,0.958850,1.215592,1.627705,0.973220,1.096149,0.970305,0.927861,0.980471,1.282058,1.283152,1.610917,0.956976,0.965158,1.712422,0.972400,1.702764,1.714555,0.890020,0.966259,0.975252,0.972627,1.087288,1.499678,1.210631,1.692354,0.998704,0.983543,0.988976,0.980471,0.966246,0.978039,1.154400,0.976626,0.982045
1.738268,1.329428,0.494180,0.772831,0.760913,0.767824,0.757465,1.137054,1.034470,1.760851,0.782193,1.404056,0.000000,1.558723,0.688961,0.667032,1.472746,1.871542,0.854233,0.750536,0.759469,0.842335,0.782386,1.029625,0.744029,1.814772,0.571246,0.658701,1.880938,0.606237,1.383842,0.688961,0.689939,1.689933,0.752778,0.815931,0.903302,1.748500,0.765041,0.796184,0.540539,1.345233,0.743193,0.734005,0.691477,0.810019,0.613872,0.539865,0.724456,1.619502,1.498091,0.606237,0.613872,1.846066,0.867547,0.936943,1.668338,0.769012,0.903053,0.836756,0.748697,1.865957,0.706881,1.245543,0.713904,0.737862,0.800383,0.689702,1.701513,0.753369,0.571246,0.749458,0.833321,0.749677,0.749586,0.892739,1.796341,0.746106,0.815071,1.822789,0.772135,1.737091,1.859711,0.807974,0.767739,0.755673,0.757076,1.002380,1.267895,0.591973,1.829194,0.748776,0.757205,0.743090,0.749677,0.785722,0.734224,0.527473,0.752841,0.769129
1.082505,1.466871,1.656784,1.719518,1.646026,1.724312,1.726680,1.490361,1.584652,0.511366,1.752416,1.523174,1.558723,0.000000,1.699315,1.653271,1.573102,1.042020,1.724248,1.745679,1.751424,1.677582,1.751827,1.496497,1.718440,1.033841,1.702857,1.639522,1.118840,1.715088,0.957244,1.699315,1.703781,0.608572,1.747125,1.657729,1.616377,1.127062,1.716784,1.714195,1.689305,1.412298,1.665518,1.751921,1.731855,1.554551,1.701976,1.694337,1.739954,0.822881,1.311487,1.715088,1.701976,1.211872,1.741522,1.727050,0.935414,1.712084,1.764184,1.606088,1.746186,1.033107,1.637773,1.299582,1.726387,1.741245,1.705203,1.654722,0.934086,1.738615,1.702857,1.723466,1.752247,1.756238,1.595043,1.496198,1.176203,1.730301,1.745261,0.766020,1.729122,0.973171,0.948305,1.636750,1.713716,1.723307,1.739470,1.574432,0.884383,1.651836,1.064685,1.671757,1.768636,1.764293,1.756238,1.716723,1.714087,1.656924,1.745851,1.774420
1.892055,1.367461,0.580530,0.136183,0.259073,0.145301,0.144216,1.172864,0.910062,1.894519,0.296788,0.995608,0.688961,1.699315,0.000000,0.491294,1.120694,1.969116,0.264175,0.234838,0.210589,0.343961,0.212951,0.768691,0.207235,1.961497,0.368398,0.434194,1.949365,0.242776,1.508350,0.000000,0.190983,1.850948,0.242365,0.644330,0.939539,1.883867,0.218761,0.248953,0.449108,1.412892,0.320277,0.206830,0.180398,0.888081,0.429416,0.347680,0.246500,1.807962,1.684850,0.242776,0.429416,1.916089,0.341549,0.377937,1.890949,0.570188,0.340325,0.889454,0.234763,1.978817,0.542328,1.440052,0.211419,0.270720,0.256987,0.752736,1.845052,0.195850,0.368398,0.235545,0.318735,0.234557,0.876654,0.985161,1.867454,0.166571,0.267288,1.953615,0.312068,1.908049,1.981381,0.384492,0.216378,0.201391,0.220234,0.928464,1.490182,0.639649,1.960485,0.311410,0.257347,0.241907,0.234557,0.239552,0.241231,0.420586,0.197334,0.241445
1.733598,1.086229,0.323374,0.543732,0.684709,0.529977,0.511288,0.811732,0.603434,1.847770,0.538473,1.101982,0.667032,1.653271,0.491294,0.000000,1.171588,1.902464,0.630102,0.436065,0.456159,0.669664,0.516827,1.079083,0.530615,1.862376,0.268589,0.120932,1.858166,0.361069,1.638854,0.491294,0.520280,1.814364,0.426894,0.497725,0.581427,1.735286,0.642044,0.684027,0.289614,1.197401,0.707794,0.471440,0.482201,0.525966,0.211970,0.290877,0.511387,1.641413,1.541638,0.361069,0.211970,1.782780,0.641327,0.701905,1.740896,0.351330,0.658554,0.572495,0.515284,1.911126,0.327844,1.167166,0.514374,0.518576,0.615783,0.421032,1.686712,0.538492,0.268589,0.527442,0.579227,0.447477,0.503467,0.606654,1.758384,0.459276,0.609196,1.901232,0.624404,1.787135,1.921107,0.726475,0.540228,0.571694,0.463378,0.784302,1.436057,0.304815,1.856485,0.672298,0.433203,0.450026,0.447477,0.593451,0.557854,0.340425,0.528330,0.475392
1.573201,1.295020,1.264428,1.092365,1.172892,1.091218,1.084668,1.189540,1.041061,1.650110,1.038771,0.305254,1.472746,1.573102,1.120694,1.171588,0.000000,1.622597,1.049378,1.075099,1.089199,1.109755,1.088175,1.274952,1.113555,1.613648,1.165715,1.180995,1.566264,1.144888,1.633058,1.120694,1.136992,1.679346,1.070743,1.035183,1.182373,1.531420,1.125436,1.134112,1.193104,1.207137,1.205263,1.092594,1.114644,1.250065,1.153139,1.199827,1.049556,1.578810,1.476946,1.144888,1.153139,1.472771,1.031796,1.058567,1.660327,1.063619,1.045795,1.234457,1.077639,1.629425,1.128226,1.430746,1.104750,1.046079,1.106241,1.214857,1.584233,1.096852,1.165715,1.090510,1.041860,1.080268,1.271702,1.270413,1.482593,1.073475,1.090962,1.670030,1.081985,1.601251,1.654431,1.024674,1.102769,1.109418,1.084533,1.042821,1.505558,1.236762,1.596853,1.152537,1.071620,1.082622,1.080268,1.106362,1.104209,1.234994,1.096439,1.076488
0.583894,1.376797,1.881140,1.970310,1.958182,1.969005,1.970618,1.544489,1.718221,0.655530,1.962660,1.699663,1.871542,1.042020,1.969116,1.902464,1.622597,0.000000,1.963677,1.966290,1.969277,1.956275,1.972624,1.848105,1.975125,0.472221,1.938404,1.916128,0.382280,1.963509,1.383705,1.969116,1.976568,0.801445,1.964996,1.859023,1.710761,0.602576,1.968287,1.964587,1.919347,1.371494,1.966955,1.971479,1.974759,1.737098,1.922626,1.941043,1.965512,0.811021,1.044870,1.963509,1.922626,0.532926,1.956296,1.957355,0.607948,1.875002,1.953697,1.771698,1.968120,0.418355,1.881455,1.311393,1.968491,1.960344,1.970832,1.814979,0.750238,1.975752,1.938404,1.966138,1.956660,1.966642,1.748053,1.682911,0.713779,1.968059,1.960344,0.469017,1.961649,0.622696,0.325107,1.945770,1.972331,1.976702,1.968437,1.715308,1.291602,1.855064,0.434343,1.970935,1.961838,1.965819,1.966642,1.972304,1.969676,1.927493,1.975584,1.966324
1.922171,1.438134,0.748459,0.187271,0.290720,0.211984,0.208283,1.270300,1.001161,1.900285,0.290679,0.904574,0.854233,1.724248,0.264175,0.630102,1.049378,1.963677,0.000000,0.278159,0.265752,0.259271,0.221621,0.694652,0.211476,1.973580,0.535693,0.570622,1.941743,0.397713,1.496368,0.264175,0.265842,1.851142,0.288320,0.746205,1.062320,1.908556,0.262659,0.257853,0.618715,1.480474,0.323224,0.266332,0.274294,1.023991,0.585714,0.503069,0.342542,1.847385,1.735721,0.397713,0.585714,1.921666,0.229141,0.241069,1.930150,0.695197,0.168754,1.008035,0.283949,1.968044,0.682167,1.517560,0.257244,0.362156,0.192042,0.897761,1.860441,0.210606,0.535693,0.256560,0.236898,0.292267,1.019262,1.108650,1.884094,0.242688,0.223768,1.951803,0.353101,1.942536,1.974328,0.361273,0.191311,0.191151,0.245905,1.018145,1.558689,0.795963,1.961287,0.301907,0.321830,0.308183,0.292267,0.198736,0.253646,0.599168,0.222434,0.290830
1.873655,1.308657,0.550543,0.220161,0.425285,0.216865,0.184556,1.109543,0.843195,1.921951,0.246144,0.972477,0.750536,1.745679,0.234838,0.436065,1.075099,1.966290,0.278159,0.000000,0.143649,0.397953,0.164044,0.866589,0.159754,1.951177,0.331123,0.403542,1.931424,0.227195,1.584867,0.234838,0.226203,1.883652,0.020728,0.581162,0.869293,1.861817,0.337330,0.371113,0.414969,1.368145,0.425913,0.102858,0.186330,0.844740,0.369209,0.324100,0.234225,1.801957,1.656297,0.227195,0.369209,1.883753,0.313248,0.387793,1.886383,0.494003,0.311400,0.821974,0.211761,1.976035,0.503942,1.402546,0.232839,0.246025,0.271965,0.688922,1.830745,0.175280,0.331123,0.242606,0.269714,0.081953,0.822247,0.943484,1.842122,0.142633,0.292071,1.966529,0.330579,1.902241,1.985288,0.476041,0.175510,0.216552,0.056336,0.889991,1.556947,0.591423,1.944160,0.376081,0.114827,0.108207,0.081953,0.244830,0.268433,0.423724,0.169812,0.139915
1.887585,1.324388,0.580119,0.185728,0.391454,0.186316,0.159176,1.141173,0.876502,1.925967,0.228181,0.979029,0.759469,1.751424,0.210589,0.456159,1.089199,1.969277,0.265752,0.143649,0.000000,0.372860,0.083932,0.848101,0.173406,1.954747,0.345755,0.416169,1.932583,0.226209,1.569526,0.210589,0.188880,1.888410,0.151548,0.633417,0.899631,1.877655,0.293634,0.322355,0.440050,1.396187,0.403189,0.088312,0.159894,0.881601,0.387818,0.345904,0.236963,1.821123,1.684677,0.226209,0.387818,1.890881,0.288319,0.367839,1.903622,0.523794,0.278772,0.845851,0.211587,1.972796,0.524889,1.436721,0.213163,0.268172,0.251427,0.718555,1.837236,0.125984,0.345755,0.216458,0.247905,0.100961,0.851921,0.978270,1.847218,0.135661,0.239634,1.970841,0.334165,1.907891,1.988018,0.474667,0.186443,0.175086,0.133502,0.919867,1.571488,0.621867,1.950642,0.339695,0.111786,0.104575,0.100961,0.225481,0.250493,0.439982,0.111775,0.077456
1.919538,1.469789,0.794225,0.306945,0.311515,0.332614,0.325977,1.304973,1.030899,1.870797,0.398033,0.951612,0.842335,1.677582,0.343961,0.669664,1.109755,1.956275,0.259271,0.397953,0.372860,0.000000,0.332362,0.650510,0.312854,1.965330,0.589422,0.599872,1.939161,0.460788,1.437164,0.343961,0.331848,1.807133,0.407869,0.785473,1.110213,1.901738,0.353105,0.341755,0.668274,1.476580,0.338057,0.384910,0.356252,1.056881,0.640810,0.554345,0.445756,1.826805,1.727921,0.460788,0.640810,1.933642,0.339643,0.341535,1.915153,0.758944,0.317952,1.036932,0.377575,1.955842,0.742061,1.525949,0.290729,0.466708,0.272027,0.948634,1.849229,0.321929,0.589422,0.250991,0.363802,0.410299,1.065744,1.119947,1.899506,0.359564,0.344555,1.929842,0.412804,1.943785,1.954246,0.395931,0.295366,0.290849,0.365562,1.037003,1.507958,0.848032,1.956475,0.289984,0.441063,0.425839,0.410299,0.290896,0.222012,0.643328,0.332579,0.410123
1.905057,1.370459,0.636863,0.164511,0.353353,0.165463,0.153007,1.193809,0.928034,1.924530,0.236587,0.969646,0.782386,1.751827,0.212951,0.516827,1.088175,1.972624,0.221621,0.164044,0.083932,0.332362,0.000000,0.806866,0.137694,1.963670,0.406017,0.471364,1.938286,0.274062,1.545130,0.212951,0.172335,1.885555,0.176010,0.673688,0.960285,1.895007,0.258529,0.278559,0.498113,1.433101,0.355534,0.111281,0.162275,0.937783,0.453171,0.395415,0.250074,1.839671,1.705863,0.274062,0.453171,1.905207,0.265454,0.328879,1.919735,0.587854,0.238998,0.898560,0.206723,1.974488,0.581387,1.472996,0.212998,0.281078,0.194320,0.780657,1.855802,0.079387,0.406017,0.206822,0.238538,0.138827,0.912714,1.029468,1.860677,0.158967,0.209907,1.969128,0.320582,1.922263,1.987694,0.445844,0.147133,0.120982,0.133794,0.965662,1.582742,0.683434,1.957405,0.294804,0.164422,0.149634,0.138827,0.169731,0.234359,0.497020,0.065390,0.118871
1.902886,1.709098,1.164594,0.739738,0.565720,0.762825,0.778085,1.601978,1.397011,1.674320,0.835481,1.094141,1.029625,1.496497,0.768691,1.079083,1.274952,1.848105,0.694652,0.866589,0.848101,0.650510,0.806866,0.000000,0.751471,1.889245,1.018144,0.996812,1.884863,0.911914,1.111632,0.768691,0.753739,1.570772,0.877865,1.188524,1.475827,1.901403,0.694764,0.664881,1.081269,1.693965,0.594094,0.846046,0.816090,1.373657,1.071824,0.964855,0.859156,1.800471,1.818260,0.911914,1.071824,1.943909,0.764888,0.662864,1.858597,1.197165,0.778916,1.408444,0.834311,1.842496,1.160894,1.663702,0.794338,0.865996,0.687054,1.331141,1.793730,0.775302,1.018144,0.797156,0.806733,0.878933,1.414548,1.424170,1.902688,0.826340,0.759729,1.762891,0.771816,1.901569,1.811749,0.635617,0.738751,0.725100,0.830236,1.372931,1.376670,1.229734,1.895170,0.630897,0.914656,0.893088,0.878933,0.713163,0.758955,0.995515,0.791334,0.882826
1.910926,1.397024,0.637738,0.170409,0.308285,0.183015,0.170928,1.216441,0.953561,1.906199,0.264945,0.982152,0.744029,1.718440,0.207235,0.530615,1.113555,1.975125,0.211476,0.159754,0.173406,0.312854,0.137694,0.751471,0.000000,1.970769,0.419224,0.475694,1.951511,0.285036,1.503973,0.207235,0.150622,1.853852,0.177807,0.677562,0.986092,1.901415,0.256331,0.276201,0.506329,1.452986,0.308815,0.137145,0.183554,0.939694,0.473255,0.396671,0.269900,1.824674,1.706903,0.285036,0.473255,1.924944,0.287472,0.326702,1.910322,0.618778,0.284385,0.921620,0.235753,1.980008,0.603765,1.465455,0.219508,0.296638,0.162187,0.797903,1.851160,0.106559,0.419224,0.222093,0.267952,0.167772,0.927241,1.036962,1.881815,0.183159,0.244862,1.959106,0.317537,1.929574,1.984037,0.410232,0.069543,0.106353,0.113331,0.983951,1.546827,0.694386,1.960876,0.254637,0.218724,0.190898,0.167772,0.142529,0.221127,0.481389,0.119736,0.201026
0.512845,1.301845,1.822991,1.969730,1.974712,1.965051,1.963298,1.463880,1.653696,0.676204,1.949193,1.717586,1.814772,1.033841,1.961497,1.862376,1.613648,0.472221,1.973580,1.951177,1.954747,1.965330,1.963670,1.889245,1.970769,0.000000,1.896793,1.885572,0.507792,1.936075,1.405615,1.961497,1.966072,0.842972,1.948876,1.803217,1.631156,0.531401,1.967929,1.972268,1.869254,1.211809,1.974990,1.955680,1.959076,1.671057,1.877558,1.908031,1.939509,0.743735,0.926634,1.936075,1.877558,0.451080,1.962606,1.964119,0.526600,1.826466,1.965778,1.664976,1.949370,0.452575,1.828762,1.228798,1.956910,1.933417,1.974609,1.741445,0.670684,1.967377,1.896793,1.956385,1.958453,1.949866,1.670886,1.610897,0.559390,1.956540,1.966503,0.529048,1.945637,0.396767,0.451041,1.934185,1.970989,1.972449,1.957723,1.626674,1.244906,1.793767,0.436516,1.970159,1.941204,1.946571,1.949866,1.974861,1.961086,1.881273,1.966033,1.948521
1.795298,1.176643,0.267175,0.431887,0.588102,0.423732,0.388858,0.948486,0.727459,1.893176,0.413725,1.096149,0.571246,1.702857,0.368398,0.268589,1.165715,1.938404,0.535693,0.331123,0.345755,0.589422,0.406017,1.018144,0.419224,1.896793,0.000000,0.294369,1.901096,0.170245,1.607068,0.368398,0.390527,1.863450,0.324695,0.503458,0.664254,1.788512,0.509772,0.556517,0.110784,1.247440,0.595236,0.337098,0.327508,0.644507,0.096626,0.159768,0.343954,1.719512,1.556297,0.170245,0.096626,1.833725,0.536540,0.636925,1.798997,0.342184,0.555998,0.633362,0.377322,1.944970,0.330968,1.270341,0.382464,0.358610,0.515490,0.432209,1.762232,0.412439,0.000000,0.405514,0.481265,0.321755,0.582524,0.761811,1.785992,0.340476,0.493749,1.942085,0.480289,1.818215,1.960941,0.613070,0.443033,0.450789,0.363222,0.776651,1.473066,0.323640,1.899056,0.547473,0.309018,0.313921,0.321755,0.488870,0.430277,0.253777,0.401993,0.345410
1.763198,1.155405,0.383823,0.484067,0.604577,0.473293,0.460813,0.887611,0.665018,1.842869,0.509455,1.089504,0.658701,1.639522,0.434194,0.120932,1.180995,1.916128,0.570622,0.403542,0.416169,0.599872,0.471364,0.996812,0.475694,1.885572,0.294369,0.000000,1.880539,0.341852,1.595352,0.434194,0.466736,1.798534,0.397011,0.536748,0.679009,1.763917,0.584052,0.623090,0.336903,1.258073,0.640846,0.436053,0.440699,0.589444,0.269935,0.278235,0.492321,1.660569,1.578785,0.341852,0.269935,1.818882,0.598478,0.637497,1.764179,0.426539,0.615438,0.649237,0.479439,1.925649,0.371663,1.208872,0.466465,0.503040,0.553200,0.522382,1.702768,0.489877,0.294369,0.480628,0.540061,0.419796,0.595012,0.662841,1.795136,0.418541,0.558547,1.903811,0.591618,1.818759,1.928401,0.668620,0.482241,0.515007,0.421314,0.835688,1.424893,0.388910,1.882301,0.610788,0.413820,0.426710,0.419796,0.533593,0.506935,0.342027,0.482361,0.448604
0.598600,1.264110,1.843160,1.948268,1.961154,1.946840,1.940280,1.459579,1.632610,0.772464,1.935453,1.653365,1.880938,1.118840,1.949365,1.858166,1.566264,0.382280,1.941743,1.931424,1.932583,1.939161,1.938286,1.884863,1.951511,0.507792,1.901096,1.880539,0.000000,1.929544,1.487849,1.949365,1.951549,0.902182,1.928897,1.806476,1.632906,0.607876,1.958273,1.956423,1.880350,1.305013,1.960792,1.938066,1.944663,1.695180,1.880007,1.908954,1.934101,0.804593,1.044408,1.929544,1.880007,0.414938,1.930009,1.931661,0.640614,1.816108,1.921303,1.701701,1.934615,0.464546,1.829538,1.309336,1.943697,1.924319,1.951444,1.756155,0.740950,1.947076,1.901096,1.937157,1.931366,1.929177,1.685695,1.624857,0.611650,1.933944,1.942082,0.592289,1.937728,0.602593,0.482307,1.954068,1.949982,1.953246,1.936896,1.676445,1.411382,1.807710,0.506903,1.957914,1.921800,1.928145,1.929177,1.950131,1.946038,1.894073,1.945128,1.927825
1.851565,1.268316,0.405524,0.297041,0.458199,0.294911,0.254020,1.062531,0.819072,1.908046,0.301672,1.048854,0.606237,1.715088,0.242776,0.361069,1.144888,1.963509,0.397713,0.227195,0.226209,0.460788,0.274062,0.911914,0.285036,1.936075,0.170245,0.341852,1.929544,0.000000,1.567295,0.242776,0.255784,1.869771,0.226280,0.555792,0.792482,1.842690,0.378835,0.422187,0.258615,1.331674,0.462506,0.214055,0.172839,0.763132,0.246472,0.190553,0.249727,1.771499,1.622152,0.000000,0.246472,1.879172,0.408457,0.505842,1.853126,0.433847,0.425057,0.749549,0.253615,1.964056,0.417536,1.359261,0.259362,0.283920,0.371921,0.577085,1.803295,0.272518,0.170245,0.280150,0.359150,0.215000,0.719229,0.874968,1.831645,0.215954,0.363511,1.958968,0.383042,1.869353,1.978548,0.515037,0.308141,0.307071,0.247508,0.844289,1.502266,0.468425,1.932956,0.415342,0.218089,0.211045,0.215000,0.347141,0.305242,0.303181,0.264522,0.236086
1.516849,1.827875,1.631458,1.505461,1.369346,1.514471,1.535432,1.813317,1.792870,1.088944,1.561577,1.536233,1.383842,0.957244,1.508350,1.638854,1.633058,1.383705,1.496368,1.584867,1.569526,1.437164,1.545130,1.111632,1.503973,1.405615,1.607068,1.595352,1.487849,1.567295,0.000000,1.508350,1.488543,0.960718,1.592075,1.683934,1.800546,1.539628,1.445321,1.430064,1.622617,1.730460,1.366010,1.563323,1.534704,1.691757,1.641171,1.577404,1.559663,1.368027,1.568572,1.567295,1.641171,1.616242,1.525354,1.496001,1.393808,1.729136,1.541068,1.710508,1.558201,1.314346,1.646219,1.662421,1.522105,1.582797,1.465536,1.725298,1.400975,1.515819,1.607068,1.528540,1.550788,1.587390,1.740038,1.712435,1.616907,1.565015,1.507480,1.214156,1.523651,1.387535,1.272865,1.375525,1.503501,1.485119,1.564965,1.691962,1.170664,1.679998,1.421611,1.402851,1.609320,1.592633,1.587390,1.478887,1.496434,1.572209,1.525348,1.591896
1.892055,1.367461,0.580530,0.136183,0.259073,0.145301,0.144216,1.172864,0.910062,1.894519,0.296788,0.995608,0.688961,1.699315,0.000000,0.491294,1.120694,1.969116,0.264175,0.234838,0.210589,0.343961,0.212951,0.768691,0.207235,1.961497,0.368398,0.434194,1.949365,0.242776,1.508350,0.000000,0.190983,1.850948,0.242365,0.644330,0.939539,1.883867,0.218761,0.248953,0.449108,1.412892,0.320277,0.206830,0.180398,0.888081,0.429416,0.347680,0.246500,1.807962,1.684850,0.242776,0.429416,1.916089,0.341549,0.377937,1.890949,0.570188,0.340325,0.889454,0.234763,1.978817,0.542328,1.440052,0.211419,0.270720,0.256987,0.752736,1.845052,0.195850,0.368398,0.235545,0.318735,0.234557,0.876654,0.985161,1.867454,0.166571,0.267288,1.953615,0.312068,1.908049,1.981381,0.384492,0.216378,0.201391,0.220234,0.928464,1.490182,0.639649,1.960485,0.311410,0.257347,0.241907,0.234557,0.239552,0.241231,0.420586,0.197334,0.241445
1.905484,1.386204,0.603674,0.202286,0.300647,0.220379,0.199715,1.208921,0.945411,1.899478,0.287577,1.004419,0.689939,1.703781,0.190983,0.520280,1.136992,1.976568,0.265842,0.226203,0.188880,0.331848,0.172335,0.753739,0.150622,1.966072,0.390527,0.466736,1.951549,0.255784,1.488543,0.190983,0.000000,1.847343,0.238999,0.664452,0.969199,1.898535,0.267211,0.286269,0.473394,1.442200,0.308171,0.177526,0.186391,0.924208,0.452287,0.371688,0.279190,1.814492,1.699923,0.255784,0.452287,1.927287,0.317756,0.364359,1.901453,0.607260,0.325324,0.895458,0.265417,1.970856,0.586201,1.455415,0.211009,0.306122,0.204641,0.771149,1.844797,0.137500,0.390527,0.223392,0.305593,0.217030,0.903227,1.022085,1.881118,0.203657,0.277629,1.957635,0.321510,1.919866,1.984030,0.407322,0.155848,0.131452,0.201603,0.963718,1.520708,0.666630,1.956873,0.202781,0.253332,0.225736,0.217030,0.192576,0.222412,0.445698,0.143306,0.229048
0.933853,1.561853,1.810905,1.862092,1.783749,1.866215,1.870541,1.627177,1.728022,0.453565,1.890438,1.660486,1.689933,0.608572,1.850948,1.814364,1.679346,0.801445,1.851142,1.883652,1.888410,1.807133,1.885555,1.570772,1.853852,0.842972,1.863450,1.798534,0.902182,1.869771,0.960718,1.850948,1.847343,0.000000,1.886054,1.799795,1.764821,0.979535,1.850203,1.845148,1.851768,1.503856,1.799778,1.886654,1.877406,1.699401,1.863209,1.845245,1.888902,0.749741,1.264129,1.869771,1.863209,1.063745,1.876492,1.832049,0.747344,1.868381,1.887987,1.756136,1.885485,0.750569,1.827865,1.357391,1.863514,1.891059,1.840555,1.813089,0.792348,1.873376,1.863450,1.863922,1.883981,1.892198,1.747607,1.636187,1.155678,1.877625,1.878889,0.557681,1.871937,0.934061,0.624639,1.786606,1.850324,1.858272,1.875931,1.742689,0.978375,1.810118,0.853592,1.811194,1.902733,1.897865,1.892198,1.849351,1.850413,1.809433,1.879243,1.905062
1.869350,1.300385,0.543092,0.229443,0.437768,0.225285,0.192144,1.097801,0.831913,1.922301,0.250033,0.970999,0.752778,1.747125,0.242365,0.426894,1.070743,1.964996,0.288320,0.020728,0.151548,0.407869,0.176010,0.877865,0.177807,1.948876,0.324695,0.397011,1.928897,0.226280,1.592075,0.242365,0.238999,1.886054,0.000000,0.572868,0.857253,1.857122,0.348314,0.382723,0.407677,1.359791,0.437540,0.115724,0.193810,0.834874,0.360131,0.319782,0.236389,1.799289,1.651305,0.226280,0.360131,1.879165,0.319282,0.394405,1.883658,0.481640,0.317673,0.811522,0.215901,1.974838,0.494368,1.396575,0.240227,0.245101,0.286197,0.678421,1.828055,0.190026,0.324695,0.251385,0.274907,0.090006,0.811780,0.933414,1.837259,0.145782,0.300641,1.966239,0.333996,1.898604,1.984709,0.484872,0.192046,0.231968,0.074686,0.882007,1.557578,0.581658,1.941935,0.390039,0.115206,0.113753,0.090006,0.258869,0.278301,0.420688,0.183391,0.145286
1.654053,1.072620,0.508444,0.697442,0.826466,0.680266,0.668158,0.792594,0.469962,1.834820,0.655125,1.017315,0.815931,1.657729,0.644330,0.497725,1.035183,1.859023,0.746205,0.581162,0.633417,0.785473,0.673688,1.188524,0.677562,1.803217,0.503458,0.536748,1.806476,0.555792,1.683934,0.644330,0.664452,1.799795,0.572868,0.000000,0.590044,1.639233,0.769335,0.807528,0.485275,1.036572,0.871579,0.618259,0.642243,0.550774,0.475900,0.532472,0.602987,1.568792,1.385651,0.555792,0.475900,1.711218,0.736752,0.826767,1.673497,0.418583,0.766619,0.527217,0.642545,1.856558,0.530953,1.105290,0.623766,0.591705,0.746104,0.503462,1.661907,0.683388,0.503458,0.637063,0.691155,0.595449,0.587028,0.621839,1.703805,0.619293,0.750849,1.877037,0.690486,1.737523,1.880348,0.763290,0.682096,0.714238,0.613613,0.631863,1.383853,0.487168,1.789876,0.794888,0.581449,0.593908,0.595449,0.727647,0.658746,0.533760,0.679331,0.624341
1.454577,0.692131,0.529806,0.989283,1.138889,0.972963,0.950310,0.373599,0.421575,1.747887,0.919649,1.220950,0.903302,1.616377,0.939539,0.581427,1.182373,1.710761,1.062320,0.869293,0.899631,1.110213,0.960285,1.475827,0.986092,1.631156,0.664254,0.679009,1.632906,0.792482,1.800546,0.939539,0.969199,1.764821,0.857253,0.590044,0.000000,1.453973,1.064748,1.105968,0.603044,0.859989,1.155994,0.899523,0.923981,0.411139,0.593226,0.727679,0.883236,1.405363,1.249052,0.792482,0.593226,1.494293,1.023913,1.125171,1.488814,0.447345,1.050366,0.430055,0.931854,1.730966,0.567350,0.892388,0.939123,0.876243,1.065649,0.288337,1.474451,0.978177,0.664254,0.952026,0.969447,0.868660,0.215006,0.441958,1.483734,0.891676,1.023394,1.766259,0.994598,1.529824,1.759021,1.125152,0.997135,1.019572,0.908822,0.640429,1.402656,0.418780,1.627814,1.111091,0.839465,0.860016,0.868660,1.043638,0.984831,0.690151,0.967680,0.885954
0.267646,1.124507,1.692630,1.899166,1.924063,1.891412,1.889685,1.252077,1.450467,0.861678,1.875717,1.652619,1.748500,1.127062,1.883867,1.735286,1.531420,0.602576,1.908556,1.861817,1.877655,1.901738,1.895007,1.901403,1.901415,0.531401,1.788512,1.763917,0.607876,1.842690,1.539628,1.883867,1.898535,0.979535,1.857122,1.639233,1.453973,0.000000,1.912708,1.923990,1.751191,1.024913,1.941299,1.876320,1.881443,1.470492,1.760398,1.797564,1.862431,0.689987,0.585750,1.842690,1.760398,0.473207,1.897749,1.914970,0.501083,1.687750,1.902875,1.507340,1.866789,0.670899,1.699913,1.014496,1.878141,1.856079,1.920550,1.593982,0.732239,1.902024,1.788512,1.878237,1.885781,1.864625,1.506978,1.409399,0.648640,1.877596,1.906894,0.748153,1.886709,0.547229,0.659066,1.880218,1.902040,1.912837,1.874384,1.466167,1.179337,1.650493,0.585215,1.926262,1.851515,1.860963,1.864625,1.915357,1.886021,1.780335,1.899412,1.868097
1.919331,1.455620,0.720725,0.182668,0.218314,0.157390,0.238909,1.288675,1.043653,1.898328,0.308860,0.991483,0.765041,1.716784,0.218761,0.642044,1.125436,1.968287,0.262659,0.337330,0.293634,0.353105,0.258529,0.694764,0.256331,1.967929,0.509772,0.584052,1.958273,0.378835,1.445321,0.218761,0.267211,1.850203,0.348314,0.769335,1.064748,1.912708,0.000000,0.079167,0.591985,1.489027,0.288889,0.286426,0.273484,1.016842,0.572127,0.494115,0.285890,1.853451,1.721548,0.378835,0.572127,1.936879,0.328093,0.363144,1.924980,0.699733,0.325292,1.001924,0.308241,1.971908,0.687265,1.515764,0.294021,0.342458,0.240326,0.881939,1.873003,0.228215,0.509772,0.310219,0.319987,0.323536,1.010599,1.123175,1.890708,0.284720,0.202546,1.955987,0.339089,1.925741,1.974571,0.349248,0.268270,0.208525,0.310928,1.037418,1.525053,0.783593,1.968794,0.295003,0.349435,0.328535,0.323536,0.238781,0.302095,0.561678,0.240581,0.313174
1.931388,1.481597,0.766942,0.202226,0.193734,0.193025,0.264464,1.324911,1.076415,1.893462,0.339909,0.993156,0.796184,1.714195,0.248953,0.684027,1.134112,1.964587,0.257853,0.371113,0.322355,0.341755,0.278559,0.664881,0.276201,1.972268,0.556517,0.623090,1.956423,0.422187,1.430064,0.248953,0.286269,1.845148,0.382723,0.807528,1.105968,1.923990,0.079167,0.000000,0.639063,1.518859,0.269993,0.320679,0.307247,1.058966,0.618247,0.537730,0.336214,1.864014,1.743515,0.422187,0.618247,1.942931,0.327489,0.338469,1.934607,0.745530,0.319263,1.044736,0.346684,1.969380,0.726503,1.544771,0.316925,0.378787,0.234343,0.927274,1.881585,0.249411,0.556517,0.329916,0.334274,0.358771,1.052425,1.160077,1.897006,0.313434,0.202218,1.950839,0.346798,1.934356,1.970130,0.356862,0.281096,0.219904,0.339850,1.073374,1.537948,0.828290,1.971725,0.283448,0.386764,0.365772,0.358771,0.239459,0.318517,0.605148,0.263644,0.345509
1.757436,1.128680,0.175685,0.519404,0.665333,0.510239,0.476381,0.896014,0.694102,1.877658,0.496760,1.139033,0.540539,1.689305,0.449108,0.289614,1.193104,1.919347,0.618715,0.414969,0.440050,0.668274,0.498113,1.081269,0.506329,1.869254,0.110784,0.336903,1.880350,0.258615,1.622617,0.449108,0.473394,1.851768,0.407677,0.485275,0.603044,1.751191,0.591985,0.639063,0.000000,1.199206,0.670657,0.425650,0.414110,0.587128,0.130400,0.195854,0.421890,1.682141,1.505347,0.258615,0.130400,1.805201,0.617667,0.720367,1.758583,0.331154,0.638151,0.578774,0.451811,1.928485,0.314184,1.215394,0.461733,0.429482,0.603131,0.358696,1.736870,0.501795,0.110784,0.486029,0.564148,0.409274,0.507615,0.708720,1.756368,0.428861,0.582860,1.924655,0.555881,1.782416,1.944177,0.677762,0.530258,0.539281,0.449182,0.734198,1.446813,0.242848,1.875189,0.626694,0.393666,0.399731,0.409274,0.577681,0.508339,0.264439,0.491969,0.433320
1.046503,0.787802,1.153566,1.452485,1.541650,1.437814,1.422159,0.760509,0.851643,1.454078,1.387989,1.338024,1.345233,1.412298,1.412892,1.197401,1.207137,1.371494,1.480474,1.368145,1.396187,1.476580,1.433101,1.693965,1.452986,1.211809,1.247440,1.258073,1.305013,1.331674,1.730460,1.412892,1.442200,1.503856,1.359791,1.036572,0.859989,1.024913,1.489027,1.518859,1.199206,0.000000,1.561431,1.394391,1.403706,0.945143,1.202654,1.280320,1.354719,1.090053,0.839558,1.331674,1.202654,1.113497,1.449697,1.524304,1.125853,1.083827,1.471125,0.902007,1.385391,1.379750,1.143833,0.847666,1.386452,1.346949,1.492212,1.003256,1.201501,1.442506,1.247440,1.385241,1.425681,1.374612,0.957173,0.888938,1.147113,1.386816,1.478419,1.457669,1.413895,1.142064,1.418276,1.439165,1.451099,1.467619,1.396700,0.736838,1.142587,1.095352,1.263013,1.511464,1.350751,1.366392,1.374612,1.485291,1.404580,1.255215,1.438201,1.379587
1.949280,1.524000,0.785921,0.297507,0.227835,0.328234,0.323384,1.370131,1.141686,1.860414,0.447311,1.052086,0.743193,1.665518,0.320277,0.707794,1.205263,1.966955,0.323224,0.425913,0.403189,0.338057,0.355534,0.594094,0.308815,1.974990,0.595236,0.640846,1.960792,0.462506,1.366010,0.320277,0.308171,1.799778,0.437540,0.871579,1.155994,1.941299,0.288889,0.269993,0.670657,1.561431,0.000000,0.394233,0.356779,1.092853,0.660101,0.559706,0.449028,1.847747,1.770225,0.462506,0.660101,1.965529,0.416023,0.367120,1.924651,0.813846,0.404004,1.085348,0.411598,1.964747,0.768818,1.571405,0.379856,0.470122,0.279350,0.964667,1.867184,0.321384,0.595236,0.385863,0.437774,0.429808,1.083900,1.184323,1.913112,0.369075,0.359427,1.924125,0.408995,1.937931,1.957797,0.411301,0.313976,0.280031,0.392263,1.130795,1.516314,0.857265,1.968087,0.266728,0.468076,0.442708,0.429808,0.289924,0.354299,0.609172,0.331638,0.434246
1.887842,1.330938,0.565707,0.187709,0.391136,0.187809,0.155538,1.148364,0.886473,1.927555,0.218843,0.986792,0.734005,1.751921,0.206830,0.471440,1.092594,1.971479,0.266332,0.102858,0.088312,0.384910,0.111281,0.846046,0.137145,1.955680,0.337098,0.436053,1.938066,0.214055,1.563323,0.206830,0.177526,1.886654,0.115724,0.618259,0.899523,1.876320,0.286426,0.320679,0.425650,1.394391,0.394233,0.000000,0.147528,0.878438,0.386455,0.336291,0.208471,1.818969,1.669779,0.214055,0.386455,1.895541,0.293254,0.381050,1.898906,0.521038,0.292369,0.845800,0.194131,1.977468,0.530454,1.429103,0.206903,0.242060,0.248633,0.709989,1.841007,0.110721,0.337098,0.221886,0.252608,0.055845,0.848490,0.984802,1.850545,0.133633,0.248032,1.971915,0.320254,1.907357,1.989938,0.459178,0.166464,0.163951,0.095008,0.913085,1.563840,0.614852,1.951200,0.334489,0.092725,0.061706,0.055845,0.219218,0.243892,0.424540,0.102915,0.080194
