0.000000,1.102946,1.647599,1.905858,1.936182,1.899873,1.897263,1.225183,1.524463,0.822992,1.882053,1.734568,1.651594,1.089384,1.890761,1.718152,1.650657,0.617819,1.932609,1.875127,1.883321,1.934514,1.902887,1.917872,1.912296,0.452125,1.777646,1.756260,0.592864,1.837408,1.567744,1.890761,1.908441,0.966121,1.870421,1.708835,1.422438,0.310632,1.920821,1.933057,1.726710,1.087658,1.932588,1.885959,1.884855,1.441818,1.752845,1.774394,1.870561,0.724873,0.861428,1.837408,1.752845,0.492588,1.909570,1.919840,0.477173,1.679310,1.924008,1.527325,1.878353,0.669698,1.685716,1.021552,1.901124,1.875377,1.936812,1.564478,0.621092,1.912304,1.777646,1.903940,1.895209,1.875173,1.435614,1.423877,0.743504,1.883204,1.914277,0.746792,1.907733,0.450535,0.671818,1.914602,1.916036,1.923615,1.887908,1.540173,1.266416,1.602476,0.593526,1.947415,1.861600,1.870735,1.875173,1.925967,1.914284,1.728267,1.907737,1.876832
1.102946,0.000000,1.053986,1.425233,1.530118,1.418647,1.406257,0.651565,0.878802,1.448821,1.362016,1.331906,1.264781,1.441701,1.395021,1.099393,1.253349,1.346405,1.487594,1.354409,1.361278,1.492706,1.413494,1.710606,1.436274,1.262199,1.188104,1.177735,1.277557,1.293487,1.827675,1.395021,1.428874,1.535420,1.344856,1.131976,0.732703,1.096249,1.486535,1.513081,1.128633,0.758164,1.543432,1.378496,1.393930,0.823019,1.135704,1.230252,1.359417,1.115667,1.108397,1.293487,1.135704,1.124325,1.425547,1.472401,1.160659,1.027663,1.475250,0.965340,1.402615,1.409679,1.113054,0.827528,1.408943,1.358775,1.487426,0.893333,1.095892,1.438752,1.188104,1.401119,1.400425,1.346948,0.791247,0.885616,1.142610,1.365427,1.452383,1.454247,1.443158,1.153198,1.451010,1.527384,1.437002,1.466071,1.380284,0.972899,1.417239,0.970723,1.318827,1.548014,1.326713,1.344216,1.346948,1.466847,1.422947,1.149707,1.432561,1.358555
1.647599,1.053986,0.000000,0.688653,0.820530,0.676638,0.659031,0.735905,0.528177,1.864446,0.646975,1.070273,0.491887,1.729459,0.617406,0.315762,1.041393,1.849949,0.816631,0.578240,0.607885,0.854468,0.679440,1.179412,0.685005,1.792446,0.282885,0.393138,1.818819,0.434327,1.623328,0.617406,0.663719,1.835380,0.567733,0.381879,0.481032,1.673403,0.770239,0.813535,0.178673,1.022143,0.838305,0.604138,0.600682,0.481332,0.258453,0.317231,0.616006,1.515498,1.288791,0.434327,0.258453,1.730232,0.741931,0.833866,1.624765,0.288657,0.823929,0.406318,0.635422,1.885650,0.406049,1.104914,0.640053,0.629367,0.782205,0.262118,1.638597,0.697488,0.282885,0.662481,0.685330,0.576778,0.410867,0.531360,1.680501,0.601579,0.739965,1.895334,0.760578,1.689459,1.902480,0.793011,0.695340,0.732756,0.616255,0.537620,1.431339,0.139248,1.815485,0.854779,0.555196,0.568497,0.576778,0.748422,0.685586,0.307123,0.687930,0.602645
1.905858,1.425233,0.688653,0.000000,0.241193,0.086881,0.073154,1.232173,0.891404,1.928905,0.273054,0.859968,0.797819,1.767661,0.135516,0.569102,0.941085,1.973114,0.218311,0.212298,0.196325,0.343508,0.176719,0.723250,0.180290,1.971568,0.446709,0.502500,1.939651,0.308676,1.422925,0.135516,0.187808,1.866881,0.221132,0.609813,1.012603,1.901953,0.199404,0.216502,0.557729,1.419586,0.266834,0.189704,0.194669,0.995999,0.496504,0.427755,0.249936,1.768242,1.578036,0.308676,0.496504,1.921245,0.285935,0.319826,1.877630,0.628513,0.267786,0.877913,0.212798,1.975336,0.617228,1.518203,0.213797,0.259201,0.216132,0.832498,1.864628,0.168275,0.446709,0.239435,0.256811,0.215078,0.992052,1.015523,1.845471,0.130044,0.202294,1.962917,0.312968,1.912757,1.985448,0.344034,0.187554,0.177184,0.191593,0.904436,1.583051,0.752441,1.963763,0.315234,0.246769,0.227324,0.215078,0.202183,0.238798,0.558681,0.169422,0.218411
1.936182,1.530118,0.820530,0.241193,0.000000,0.256110,0.288489,1.356306,1.043884,1.898280,0.394006,0.906740,0.821584,1.723913,0.257277,0.705093,1.018946,1.966183,0.258223,0.385501,0.372293,0.358095,0.331042,0.553523,0.278316,1.981250,0.595665,0.620726,1.958905,0.460298,1.298139,0.257277,0.277899,1.807962,0.396956,0.744988,1.155562,1.934768,0.211578,0.187306,0.700873,1.533293,0.183850,0.358257,0.352048,1.109592,0.650865,0.574680,0.381337,1.782081,1.636163,0.460298,0.650865,1.960132,0.362370,0.354464,1.890244,0.794301,0.349791,1.017379,0.387830,1.959828,0.772217,1.564535,0.321704,0.391724,0.247590,0.973254,1.879032,0.293314,0.595665,0.360556,0.363682,0.395467,1.125310,1.126191,1.901919,0.338022,0.275115,1.941472,0.353719,1.947996,1.960811,0.285612,0.279944,0.254415,0.354683,1.043429,1.513018,0.894752,1.960863,0.252801,0.433585,0.407653,0.395467,0.266148,0.334375,0.670222,0.306329,0.402875
1.899873,1.418647,0.676638,0.086881,0.256110,0.000000,0.126772,1.218269,0.882798,1.934207,0.261235,0.863410,0.789367,1.776625,0.138578,0.558447,0.937371,1.972306,0.248845,0.217889,0.186356,0.372197,0.166728,0.746468,0.200814,1.968151,0.437299,0.496172,1.938985,0.306742,1.434520,0.138578,0.200987,1.872484,0.224752,0.588395,0.998692,1.898285,0.163489,0.195780,0.548052,1.401307,0.293785,0.194473,0.203221,0.982029,0.484179,0.424228,0.198939,1.767845,1.565530,0.306742,0.484179,1.915976,0.302739,0.331222,1.874590,0.616298,0.290383,0.852308,0.222105,1.976090,0.610417,1.501361,0.218981,0.219933,0.228973,0.818324,1.866234,0.176395,0.437299,0.256355,0.260767,0.216256,0.979013,0.999958,1.844674,0.154214,0.190699,1.965998,0.293430,1.910760,1.986046,0.353874,0.208706,0.191008,0.200386,0.897475,1.584772,0.740306,1.962037,0.335123,0.241541,0.225903,0.216256,0.208884,0.258953,0.560851,0.172628,0.212996
1.897263,1.406257,0.659031,0.073154,0.288489,0.126772,0.000000,1.207837,0.859880,1.930536,0.281017,0.870520,0.789356,1.772110,0.145099,0.544389,0.944780,1.971020,0.232592,0.185982,0.178971,0.352338,0.172273,0.745503,0.181422,1.966423,0.416542,0.482076,1.934101,0.278569,1.444387,0.145099,0.186354,1.873444,0.194004,0.590392,0.985903,1.892478,0.246776,0.266892,0.526449,1.397412,0.293216,0.167544,0.166630,0.969505,0.467310,0.394508,0.258724,1.762083,1.562292,0.278569,0.467310,1.913719,0.293367,0.338475,1.869400,0.598471,0.274229,0.849193,0.174071,1.975567,0.583627,1.501752,0.200827,0.259323,0.239231,0.804516,1.857768,0.172649,0.416542,0.218584,0.262201,0.187453,0.965701,0.989806,1.832306,0.088634,0.234270,1.963569,0.328943,1.902590,1.987631,0.363601,0.190344,0.192057,0.170836,0.880531,1.586918,0.723029,1.960406,0.334454,0.216451,0.198808,0.187453,0.221736,0.225613,0.528681,0.167945,0.193301
1.225183,0.651565,0.735905,1.232173,1.356306,1.218269,1.207837,0.000000,0.526098,1.586090,1.189778,1.222820,0.999287,1.527143,1.190476,0.782631,1.123727,1.529837,1.324668,1.137302,1.147100,1.339669,1.207596,1.617490,1.240033,1.422638,0.927502,0.872660,1.429150,1.055202,1.779435,1.190476,1.226023,1.628115,1.125534,0.828576,0.355720,1.272909,1.315098,1.347907,0.852407,0.613894,1.375991,1.169351,1.174639,0.457800,0.861739,0.951521,1.169745,1.161881,1.130788,1.055202,0.861739,1.296517,1.270887,1.301161,1.255404,0.746421,1.316344,0.624644,1.180332,1.582152,0.798242,0.783550,1.211345,1.174223,1.310071,0.581030,1.232563,1.243650,0.927502,1.211459,1.221928,1.137713,0.380643,0.448545,1.308979,1.156915,1.272133,1.608612,1.285745,1.283084,1.607982,1.330066,1.239107,1.277832,1.168393,0.703368,1.400838,0.623473,1.473492,1.389560,1.109851,1.133228,1.137713,1.279187,1.241802,0.895765,1.231117,1.149688
1.524463,0.878802,0.528177,0.891404,1.043884,0.882798,0.859880,0.526098,0.000000,1.751426,0.868002,0.987282,0.899068,1.632523,0.860392,0.482116,0.931168,1.743844,0.983816,0.789151,0.796169,1.012722,0.859499,1.361970,0.902900,1.679989,0.627732,0.560378,1.660558,0.726650,1.733016,0.860392,0.882221,1.771261,0.775490,0.496892,0.435749,1.537150,1.001983,1.032285,0.587815,0.814008,1.061402,0.827042,0.829610,0.446671,0.568034,0.632531,0.854831,1.419708,1.328518,0.726650,0.568034,1.554853,0.946867,0.956151,1.541074,0.520524,0.979666,0.473332,0.839511,1.772599,0.494547,1.062308,0.885147,0.847997,0.966184,0.476270,1.493326,0.899673,0.627732,0.876358,0.895002,0.795398,0.428113,0.370227,1.510806,0.802886,0.951273,1.783593,0.961882,1.551673,1.802003,1.015535,0.890314,0.935615,0.819955,0.564710,1.507531,0.429109,1.710097,1.058792,0.766428,0.793561,0.795398,0.934540,0.914994,0.634250,0.888375,0.804691
0.822992,1.448821,1.864446,1.928905,1.898280,1.934207,1.930536,1.586090,1.751426,0.000000,1.934366,1.699233,1.811882,0.510136,1.935901,1.857065,1.703730,0.573874,1.903702,1.937040,1.936232,1.876190,1.934487,1.729204,1.922532,0.635242,1.915969,1.859359,0.709350,1.932649,1.232001,1.935901,1.922622,0.470745,1.937137,1.866704,1.742567,0.801437,1.930937,1.926452,1.903335,1.507598,1.898233,1.941131,1.939803,1.711655,1.903398,1.912739,1.945842,0.885787,1.395954,1.932649,1.903398,0.793907,1.911771,1.896912,0.787006,1.892043,1.911439,1.803424,1.941513,0.483105,1.878965,1.354002,1.926861,1.943400,1.918764,1.822707,0.744871,1.933991,1.915969,1.922075,1.921384,1.941055,1.741331,1.685170,0.897880,1.932414,1.929635,0.254487,1.923973,0.721975,0.446920,1.880095,1.920922,1.926557,1.932642,1.811978,1.130964,1.838177,0.569777,1.897093,1.944731,1.945072,1.941055,1.925215,1.919612,1.874704,1.935035,1.947089
1.882053,1.362016,0.646975,0.273054,0.394006,0.261235,0.281017,1.189778,0.868002,1.934366,0.000000,0.831096,0.792353,1.783668,0.272311,0.568503,0.893093,1.957708,0.334758,0.273495,0.247664,0.431491,0.267131,0.823663,0.289533,1.953866,0.414321,0.529298,1.925671,0.296071,1.495334,0.272311,0.272884,1.890026,0.275652,0.602009,0.954725,1.881741,0.296823,0.321168,0.510952,1.375852,0.453798,0.250955,0.252746,0.967660,0.464320,0.423228,0.213777,1.774201,1.549581,0.296071,0.464320,1.889174,0.217858,0.399675,1.875830,0.568430,0.334249,0.843283,0.310561,1.971292,0.611928,1.478288,0.273070,0.240054,0.313888,0.776345,1.846383,0.266685,0.414321,0.304160,0.168526,0.254162,0.942390,1.009110,1.811813,0.258381,0.200559,1.960276,0.311347,1.895273,1.982717,0.425713,0.288800,0.283795,0.271721,0.873467,1.584746,0.708925,1.951558,0.395155,0.267875,0.258078,0.254162,0.298563,0.297981,0.569322,0.273256,0.254741
1.734568,1.331906,1.070273,0.859968,0.906740,0.863410,0.870520,1.222820,0.987282,1.699233,0.831096,0.000000,1.268175,1.560638,0.879976,0.935535,0.264932,1.768798,0.856904,0.883416,0.849507,0.882125,0.850166,1.152571,0.896358,1.764315,0.940417,0.914732,1.683836,0.894560,1.516063,0.879976,0.891896,1.731701,0.879880,0.941879,1.142032,1.740940,0.900216,0.896984,0.992012,1.320127,0.962411,0.891807,0.864545,1.162009,0.939748,0.957951,0.882767,1.637924,1.655488,0.894560,0.939748,1.657526,0.839293,0.839165,1.779225,0.982565,0.820555,1.140675,0.884542,1.746999,0.903625,1.547045,0.922328,0.898609,0.847212,1.091676,1.646725,0.870859,0.940417,0.894046,0.835344,0.887060,1.157679,1.168045,1.594882,0.859382,0.849727,1.736948,0.931433,1.715412,1.774889,0.859375,0.871138,0.876452,0.882283,1.026802,1.603697,1.056977,1.754392,0.922132,0.885581,0.894652,0.887060,0.843878,0.915120,1.057778,0.869356,0.874703
1.651594,1.264781,0.491887,0.797819,0.821584,0.789367,0.789356,0.999287,0.899068,1.811882,0.792353,1.268175,0.000000,1.666015,0.722379,0.649363,1.270810,1.841126,0.909649,0.756084,0.790244,0.935211,0.827971,1.068068,0.783698,1.786154,0.576991,0.658235,1.858486,0.638789,1.413660,0.722379,0.755399,1.720412,0.754994,0.654697,0.797818,1.700638,0.818071,0.854217,0.541717,1.229906,0.819574,0.757663,0.750720,0.770840,0.599048,0.581337,0.754069,1.482224,1.276337,0.638789,0.599048,1.799858,0.847534,0.947034,1.579187,0.655119,0.938388,0.698433,0.795962,1.851291,0.757672,1.160552,0.736756,0.777615,0.863694,0.622301,1.656469,0.812392,0.576991,0.792347,0.807950,0.757428,0.704730,0.778872,1.772203,0.765935,0.829908,1.851379,0.840353,1.717376,1.847229,0.816672,0.804232,0.821833,0.773959,0.832415,1.240316,0.574171,1.791122,0.871500,0.760958,0.751780,0.757428,0.847873,0.784563,0.498820,0.812060,0.789490
1.089384,1.441701,1.729459,1.767661,1.723913,1.776625,1.772110,1.527143,1.632523,0.510136,1.783668,1.560638,1.666015,0.000000,1.778235,1.694009,1.614800,0.933887,1.744408,1.783851,1.784749,1.715267,1.783680,1.549440,1.754947,1.015035,1.766475,1.683507,1.050381,1.776588,1.047877,1.778235,1.752129,0.548746,1.785053,1.709266,1.657897,1.082112,1.775148,1.771806,1.765797,1.549230,1.730604,1.788776,1.790802,1.591669,1.754851,1.764023,1.799823,0.859846,1.504376,1.776588,1.754851,1.128920,1.754339,1.740946,0.952744,1.770705,1.766052,1.685655,1.805384,0.870735,1.753439,1.309168,1.771700,1.801253,1.754522,1.705223,0.902419,1.777463,1.766475,1.768503,1.763219,1.790933,1.639287,1.551236,1.218625,1.773220,1.777107,0.728368,1.780783,1.003188,0.841153,1.706852,1.753001,1.765467,1.776937,1.729421,1.026869,1.710380,0.890133,1.731170,1.802995,1.799370,1.790933,1.764055,1.764354,1.711063,1.780584,1.808021
1.890761,1.395021,0.617406,0.135516,0.257277,0.138578,0.145099,1.190476,0.860392,1.935901,0.272311,0.879976,0.722379,1.778235,0.000000,0.515524,0.946802,1.970752,0.293585,0.200077,0.202548,0.397628,0.212294,0.757583,0.203702,1.964157,0.377825,0.455659,1.941830,0.244049,1.448771,0.000000,0.198203,1.874944,0.205474,0.558563,0.959726,1.894395,0.232601,0.257009,0.484745,1.385477,0.299631,0.188041,0.170288,0.938110,0.433308,0.368723,0.226222,1.752425,1.554634,0.244049,0.433308,1.917483,0.317294,0.363640,1.860426,0.571223,0.338043,0.828041,0.219780,1.976801,0.569577,1.475151,0.209207,0.239450,0.260142,0.768185,1.855193,0.204843,0.377825,0.247285,0.282359,0.203466,0.934484,0.966577,1.843968,0.151516,0.244321,1.968535,0.321212,1.905352,1.987462,0.357837,0.216056,0.219100,0.196879,0.858591,1.549421,0.689136,1.956524,0.349623,0.229778,0.211277,0.203466,0.237356,0.250823,0.488395,0.204237,0.218618
1.718152,1.099393,0.315762,0.569102,0.705093,0.558447,0.544389,0.782631,0.482116,1.857065,0.568503,0.935535,0.649363,1.694009,0.515524,0.000000,0.945801,1.885056,0.682590,0.460320,0.476737,0.712750,0.549121,1.081595,0.564942,1.835884,0.275313,0.127926,1.833403,0.380495,1.594363,0.515524,0.555734,1.819625,0.449024,0.347027,0.576129,1.733273,0.680728,0.717054,0.295601,1.098159,0.738108,0.500687,0.512275,0.519163,0.211916,0.303722,0.549053,1.563370,1.435670,0.380495,0.211916,1.766689,0.649978,0.679975,1.697169,0.335330,0.705695,0.519310,0.549110,1.909415,0.337442,1.187132,0.548048,0.552915,0.654489,0.414208,1.655445,0.580506,0.275313,0.551014,0.592617,0.471675,0.531903,0.548059,1.718677,0.483023,0.637356,1.902948,0.672254,1.746949,1.921464,0.685191,0.564461,0.613195,0.491213,0.631078,1.469050,0.309345,1.852809,0.749837,0.453150,0.473356,0.471675,0.622588,0.583652,0.329242,0.571431,0.498011
1.650657,1.253349,1.041393,0.941085,1.018946,0.937371,0.944780,1.123727,0.931168,1.703730,0.893093,0.264932,1.270810,1.614800,0.946802,0.945801,0.000000,1.732973,0.962443,0.942032,0.911392,1.001447,0.923307,1.299357,0.986497,1.696903,0.952638,0.950304,1.625485,0.932073,1.615726,0.946802,0.981532,1.768591,0.935275,0.941649,1.054447,1.667339,0.984706,0.987668,0.980724,1.193690,1.065782,0.954523,0.922285,1.109005,0.943195,0.972024,0.933443,1.616691,1.563685,0.932073,0.943195,1.567762,0.926424,0.939362,1.731668,0.947170,0.912422,1.081452,0.932404,1.718858,0.872808,1.489121,0.992288,0.950805,0.951017,1.037285,1.606797,0.952115,0.952638,0.967806,0.907511,0.943260,1.081695,1.115113,1.492362,0.926070,0.929061,1.718265,1.011642,1.632737,1.748152,0.964561,0.965261,0.968740,0.950973,0.944715,1.633398,1.014490,1.713798,1.040636,0.929249,0.944978,0.943260,0.937421,0.995341,1.075750,0.946618,0.924038
0.617819,1.346405,1.849949,1.973114,1.966183,1.972306,1.971020,1.529837,1.743844,0.573874,1.957708,1.768798,1.841126,0.933887,1.970752,1.885056,1.732973,0.000000,1.965810,1.966223,1.966165,1.947542,1.971152,1.857319,1.974415,0.432239,1.923724,1.904995,0.444673,1.953938,1.444052,1.970752,1.973021,0.776590,1.964972,1.875409,1.685409,0.573199,1.970216,1.969271,1.896007,1.372320,1.968348,1.969960,1.970067,1.691678,1.908870,1.926140,1.959367,0.902216,1.221781,1.953938,1.908870,0.540985,1.959215,1.957844,0.652898,1.866128,1.960892,1.780523,1.964582,0.423515,1.869834,1.264529,1.967460,1.957031,1.972335,1.785929,0.704225,1.974114,1.923724,1.962172,1.961466,1.965569,1.702363,1.688817,0.773198,1.967331,1.969352,0.468307,1.957090,0.590618,0.368342,1.956879,1.971758,1.975361,1.968767,1.738853,1.264902,1.819763,0.444588,1.965152,1.960469,1.964380,1.965569,1.971081,1.965575,1.896919,1.973083,1.964909
1.932609,1.487594,0.816631,0.218311,0.258223,0.248845,0.232592,1.324668,0.983816,1.903702,0.334758,0.856904,0.909649,1.744408,0.293585,0.682590,0.962443,1.965810,0.000000,0.310242,0.286138,0.265147,0.232584,0.627930,0.228017,1.975596,0.577681,0.605251,1.935562,0.438118,1.381485,0.293585,0.246103,1.839711,0.319995,0.729602,1.132011,1.918810,0.279218,0.262359,0.686379,1.504597,0.299332,0.286398,0.297982,1.094018,0.626479,0.547409,0.376809,1.809722,1.629505,0.438118,0.626479,1.932292,0.252875,0.289681,1.911589,0.762115,0.158906,0.992436,0.298731,1.963615,0.715038,1.569738,0.266747,0.361847,0.191628,0.963236,1.876998,0.213766,0.577681,0.279640,0.261256,0.319444,1.111968,1.111926,1.854404,0.273910,0.218962,1.940971,0.339265,1.934833,1.973709,0.306171,0.216239,0.187022,0.274768,1.022088,1.597169,0.877401,1.966677,0.258188,0.350057,0.333386,0.319444,0.205776,0.254111,0.694139,0.222931,0.311057
1.875127,1.354409,0.578240,0.212298,0.385501,0.217889,0.185982,1.137302,0.789151,1.937040,0.273495,0.883416,0.756084,1.783851,0.200077,0.460320,0.942032,1.966223,0.310242,0.000000,0.122431,0.385325,0.157381,0.826045,0.156719,1.953491,0.332488,0.410405,1.924418,0.208205,1.499884,0.200077,0.195936,1.888816,0.021714,0.502907,0.912786,1.880470,0.339432,0.364044,0.439495,1.344158,0.403258,0.083098,0.153656,0.895509,0.378692,0.318701,0.269885,1.753264,1.549222,0.208205,0.378692,1.896407,0.308103,0.358904,1.862313,0.521665,0.329194,0.772835,0.187832,1.978710,0.510885,1.451052,0.214715,0.255835,0.264743,0.725438,1.839148,0.169379,0.332488,0.211219,0.269141,0.065776,0.890842,0.917387,1.816178,0.138045,0.284659,1.966634,0.352275,1.890939,1.990640,0.414092,0.169683,0.210552,0.056719,0.824945,1.586659,0.640969,1.955473,0.383716,0.097049,0.086686,0.065776,0.234233,0.231428,0.470617,0.162335,0.114230
1.883321,1.361278,0.607885,0.196325,0.372293,0.186356,0.178971,1.147100,0.796169,1.936232,0.247664,0.849507,0.790244,1.784749,0.202548,0.476737,0.911392,1.966165,0.286138,0.122431,0.000000,0.376605,0.089661,0.826124,0.179984,1.953173,0.361379,0.423015,1.921572,0.234274,1.503619,0.202548,0.177855,1.887983,0.126590,0.521454,0.928129,1.885442,0.309700,0.332697,0.472714,1.347811,0.409533,0.099065,0.149519,0.910333,0.403467,0.348465,0.246669,1.763445,1.566459,0.234274,0.403467,1.890983,0.303634,0.340991,1.871629,0.537107,0.305032,0.788186,0.188498,1.975798,0.517320,1.460590,0.215461,0.252649,0.246941,0.750515,1.840249,0.144448,0.361379,0.209431,0.253544,0.106071,0.910059,0.935913,1.814183,0.137479,0.246817,1.966706,0.352398,1.893867,1.990455,0.402709,0.176389,0.190079,0.114391,0.835391,1.593933,0.664831,1.956109,0.371379,0.108481,0.110348,0.106071,0.213880,0.234605,0.509842,0.128895,0.080860
1.934514,1.492706,0.854468,0.343508,0.358095,0.372197,0.352338,1.339669,1.012722,1.876190,0.431491,0.882125,0.935211,1.715267,0.397628,0.712750,1.001447,1.947542,0.265147,0.385325,0.376605,0.000000,0.330921,0.650210,0.311137,1.959705,0.625536,0.639481,1.919891,0.498202,1.386582,0.397628,0.333746,1.822801,0.395075,0.758478,1.152568,1.917384,0.403555,0.385494,0.728604,1.514376,0.392057,0.375667,0.380089,1.129145,0.669511,0.601151,0.477700,1.807563,1.661585,0.498202,0.669511,1.924631,0.339682,0.304915,1.911760,0.809452,0.304411,1.028739,0.396031,1.945862,0.782359,1.587387,0.319406,0.461477,0.277096,0.989862,1.858219,0.312627,0.625536,0.270588,0.379499,0.400519,1.133758,1.144474,1.834956,0.375273,0.353016,1.912946,0.425465,1.930582,1.956066,0.384616,0.295729,0.286799,0.351216,1.059391,1.580664,0.908703,1.957026,0.297853,0.429987,0.416680,0.400519,0.303238,0.249946,0.750140,0.323238,0.399111
1.902887,1.413494,0.679440,0.176719,0.331042,0.166728,0.172273,1.207596,0.859499,1.934487,0.267131,0.850166,0.827971,1.783680,0.212294,0.549121,0.923307,1.971152,0.232584,0.157381,0.089661,0.330921,0.000000,0.778835,0.148416,1.963383,0.434461,0.488795,1.927752,0.296695,1.473085,0.212294,0.160557,1.882352,0.167360,0.576195,0.996650,1.903911,0.272526,0.285991,0.544590,1.393031,0.361440,0.121394,0.163329,0.977269,0.479215,0.415887,0.263457,1.784239,1.589558,0.296695,0.479215,1.906753,0.284729,0.303567,1.890013,0.611632,0.252277,0.848776,0.184555,1.976211,0.582849,1.503627,0.210739,0.265336,0.186937,0.822047,1.862294,0.093730,0.434461,0.201484,0.249173,0.149491,0.978670,0.994808,1.828328,0.163570,0.216240,1.964080,0.332970,1.911838,1.988815,0.372247,0.143455,0.133421,0.125111,0.895096,1.604700,0.738243,1.962866,0.318788,0.167657,0.157904,0.149491,0.159988,0.216848,0.575683,0.072340,0.121621
1.917872,1.710606,1.179412,0.723250,0.553523,0.746468,0.745503,1.617490,1.361970,1.729204,0.823663,1.152571,1.068068,1.549440,0.757583,1.081595,1.299357,1.857319,0.627930,0.826045,0.826124,0.650210,0.778835,0.000000,0.708037,1.912420,1.009026,0.990402,1.905802,0.897034,1.012730,0.757583,0.713312,1.597295,0.837746,1.135100,1.483656,1.897671,0.678332,0.648773,1.093270,1.748842,0.554352,0.806737,0.802603,1.388698,1.059772,0.969091,0.834104,1.759739,1.696524,0.897034,1.059772,1.957338,0.742878,0.710236,1.838523,1.199549,0.716390,1.356504,0.820564,1.837820,1.154580,1.643481,0.745297,0.822970,0.668681,1.329027,1.832005,0.737514,1.009026,0.768796,0.773826,0.842566,1.444060,1.392985,1.917138,0.792604,0.722533,1.793239,0.710973,1.925129,1.819503,0.604374,0.708545,0.688480,0.791262,1.387302,1.392776,1.253039,1.875374,0.562779,0.880458,0.855480,0.842566,0.703141,0.730911,1.024573,0.753377,0.852395
1.912296,1.436274,0.685005,0.180290,0.278316,0.200814,0.181422,1.240033,0.902900,1.922532,0.289533,0.896358,0.783698,1.754947,0.203702,0.564942,0.986497,1.974415,0.228017,0.156719,0.179984,0.311137,0.148416,0.708037,0.000000,1.972897,0.440928,0.495760,1.945196,0.299142,1.417475,0.203702,0.120157,1.856182,0.174646,0.599332,1.026089,1.916317,0.272965,0.284978,0.550910,1.436804,0.299215,0.131610,0.189567,0.994489,0.494077,0.424239,0.302385,1.770138,1.600352,0.299142,0.494077,1.932939,0.269199,0.315080,1.883479,0.641782,0.279228,0.876975,0.234544,1.976987,0.628717,1.507766,0.199561,0.297007,0.165906,0.837193,1.860935,0.111495,0.440928,0.203670,0.255607,0.165820,0.999256,1.013269,1.857132,0.184462,0.238392,1.959354,0.322397,1.924225,1.985839,0.342563,0.077465,0.112935,0.113326,0.932799,1.564605,0.755383,1.962743,0.261796,0.215890,0.185559,0.165820,0.160743,0.195362,0.547017,0.119814,0.196870
0.452125,1.262199,1.792446,1.971568,1.981250,1.968151,1.966423,1.422638,1.679989,0.635242,1.953866,1.764315,1.786154,1.015035,1.964157,1.835884,1.696903,0.432239,1.975596,1.953491,1.953173,1.959705,1.963383,1.912420,1.972897,0.000000,1.886901,1.864810,0.448575,1.930327,1.504192,1.964157,1.971344,0.832712,1.951122,1.837741,1.596244,0.472226,1.975914,1.979436,1.849495,1.247393,1.978857,1.958250,1.958321,1.613599,1.865882,1.891934,1.952460,0.870472,1.109094,1.930327,1.865882,0.398577,1.966082,1.962087,0.613007,1.812436,1.967911,1.686739,1.953796,0.425754,1.809838,1.197580,1.962654,1.953428,1.980791,1.715405,0.593041,1.970461,1.886901,1.957039,1.961558,1.951956,1.613623,1.610988,0.645992,1.957150,1.970026,0.516202,1.960747,0.416892,0.429136,1.956031,1.973254,1.975981,1.959116,1.674760,1.262886,1.754041,0.410551,1.978982,1.942038,1.948800,1.951956,1.977880,1.963166,1.856455,1.967809,1.949414
1.777646,1.188104,0.282885,0.446709,0.595665,0.437299,0.416542,0.927502,0.627732,1.915969,0.414321,0.940417,0.576991,1.766475,0.377825,0.275313,0.952638,1.923724,0.577681,0.332488,0.361379,0.625536,0.434461,1.009026,0.440928,1.886901,0.000000,0.298972,1.887031,0.176657,1.574223,0.377825,0.426869,1.880716,0.322928,0.362137,0.668363,1.791453,0.537668,0.579887,0.129716,1.173624,0.621599,0.357465,0.351157,0.667467,0.097603,0.165546,0.387906,1.648336,1.426213,0.176657,0.097603,1.822656,0.513056,0.609431,1.759474,0.292166,0.587373,0.558546,0.402862,1.945280,0.373623,1.281481,0.405890,0.401674,0.539371,0.446157,1.746725,0.453076,0.000000,0.420887,0.456613,0.327649,0.633518,0.718237,1.753208,0.355794,0.500909,1.948397,0.536407,1.799608,1.963632,0.582599,0.452305,0.489915,0.370565,0.636967,1.507488,0.359773,1.896993,0.624330,0.313295,0.322893,0.327649,0.506752,0.445566,0.279998,0.443891,0.358658
1.756260,1.177735,0.393138,0.502500,0.620726,0.496172,0.482076,0.872660,0.560378,1.859359,0.529298,0.914732,0.658235,1.683507,0.455659,0.127926,0.950304,1.904995,0.605251,0.410405,0.423015,0.639481,0.488795,0.990402,0.495760,1.864810,0.298972,0.000000,1.860264,0.353390,1.537984,0.455659,0.485484,1.805641,0.401214,0.390107,0.687443,1.768226,0.618680,0.651170,0.351578,1.180120,0.661033,0.449188,0.461378,0.600444,0.268455,0.288660,0.515761,1.586851,1.476703,0.353390,0.268455,1.807001,0.595909,0.607672,1.727128,0.421001,0.643331,0.605131,0.503071,1.923862,0.378824,1.239080,0.492634,0.519784,0.581540,0.527367,1.682965,0.515906,0.298972,0.498835,0.539443,0.429882,0.637989,0.617186,1.764821,0.426552,0.576186,1.911305,0.622272,1.788239,1.931441,0.601373,0.491674,0.541447,0.433329,0.699489,1.458549,0.410520,1.876089,0.672032,0.418272,0.434728,0.429882,0.552714,0.528855,0.346791,0.509009,0.456248
0.592864,1.277557,1.818819,1.939651,1.958905,1.938985,1.934101,1.429150,1.660558,0.709350,1.925671,1.683836,1.858486,1.050381,1.941830,1.833403,1.625485,0.444673,1.935562,1.924418,1.921572,1.919891,1.927752,1.905802,1.945196,0.448575,1.887031,1.860264,0.000000,1.918558,1.548947,1.941830,1.946904,0.907892,1.921718,1.830313,1.604262,0.564412,1.952260,1.952075,1.860108,1.279511,1.955517,1.930778,1.930169,1.650488,1.862964,1.892514,1.928061,0.937055,1.191928,1.918558,1.862964,0.386016,1.928413,1.920727,0.744082,1.801550,1.915009,1.711160,1.918481,0.524935,1.786852,1.312390,1.944210,1.924896,1.945424,1.731032,0.702358,1.938607,1.887031,1.931033,1.929682,1.922558,1.636103,1.637931,0.628367,1.926715,1.940308,0.588494,1.934805,0.548597,0.526580,1.956635,1.942040,1.945726,1.929329,1.672202,1.430801,1.771642,0.548624,1.952351,1.912922,1.921069,1.922558,1.941538,1.938171,1.873920,1.935455,1.917973
1.837408,1.293487,0.434327,0.308676,0.460298,0.306742,0.278569,1.055202,0.726650,1.932649,0.296071,0.894560,0.638789,1.776588,0.244049,0.380495,0.932073,1.953938,0.438118,0.208205,0.234274,0.498202,0.296695,0.897034,0.299142,1.930327,0.176657,0.353390,1.918558,0.000000,1.522772,0.244049,0.283161,1.889707,0.203109,0.431202,0.809250,1.846743,0.405435,0.441852,0.283997,1.274278,0.488376,0.220058,0.190470,0.801446,0.252207,0.194046,0.283214,1.704661,1.485706,0.000000,0.252207,1.871996,0.379319,0.477804,1.816769,0.411023,0.450055,0.678432,0.270420,1.965691,0.442464,1.380709,0.282015,0.303474,0.391053,0.601630,1.804549,0.307288,0.176657,0.291612,0.328215,0.202324,0.779034,0.837378,1.796184,0.223128,0.364787,1.964730,0.425165,1.853738,1.983157,0.466049,0.309575,0.341751,0.238423,0.730553,1.532400,0.513510,1.930937,0.478606,0.201901,0.200260,0.202324,0.360125,0.318458,0.364646,0.299544,0.233019
1.567744,1.827675,1.623328,1.422925,1.298139,1.434520,1.444387,1.779435,1.733016,1.232001,1.495334,1.516063,1.413660,1.047877,1.448771,1.594363,1.615726,1.444052,1.381485,1.499884,1.503619,1.386582,1.473085,1.012730,1.417475,1.504192,1.574223,1.537984,1.548947,1.522772,0.000000,1.448771,1.420947,0.996176,1.507933,1.598790,1.769010,1.575644,1.370999,1.358214,1.610206,1.827679,1.288670,1.482442,1.485360,1.691238,1.600970,1.549254,1.494258,1.365210,1.571916,1.522772,1.600970,1.655453,1.440722,1.442907,1.429562,1.674618,1.424286,1.668426,1.498772,1.365900,1.630840,1.622994,1.446519,1.509196,1.393864,1.697355,1.452972,1.436323,1.574223,1.470363,1.456933,1.510055,1.726295,1.660199,1.728834,1.476510,1.420461,1.328130,1.440764,1.530204,1.310523,1.300308,1.422847,1.406270,1.481262,1.691553,1.158441,1.667269,1.432486,1.326008,1.535247,1.516026,1.510055,1.415590,1.445251,1.537025,1.445961,1.521487
1.890761,1.395021,0.617406,0.135516,0.257277,0.138578,0.145099,1.190476,0.860392,1.935901,0.272311,0.879976,0.722379,1.778235,0.000000,0.515524,0.946802,1.970752,0.293585,0.200077,0.202548,0.397628,0.212294,0.757583,0.203702,1.964157,0.377825,0.455659,1.941830,0.244049,1.448771,0.000000,0.198203,1.874944,0.205474,0.558563,0.959726,1.894395,0.232601,0.257009,0.484745,1.385477,0.299631,0.188041,0.170288,0.938110,0.433308,0.368723,0.226222,1.752425,1.554634,0.244049,0.433308,1.917483,0.317294,0.363640,1.860426,0.571223,0.338043,0.828041,0.219780,1.976801,0.569577,1.475151,0.209207,0.239450,0.260142,0.768185,1.855193,0.204843,0.377825,0.247285,0.282359,0.203466,0.934484,0.966577,1.843968,0.151516,0.244321,1.968535,0.321212,1.905352,1.987462,0.357837,0.216056,0.219100,0.196879,0.858591,1.549421,0.689136,1.956524,0.349623,0.229778,0.211277,0.203466,0.237356,0.250823,0.488395,0.204237,0.218618
1.908441,1.428874,0.663719,0.187808,0.277899,0.200987,0.186354,1.226023,0.882221,1.922622,0.272884,0.891896,0.755399,1.752129,0.198203,0.555734,0.981532,1.973021,0.246103,0.195936,0.177855,0.333746,0.160557,0.713312,0.120157,1.971344,0.426869,0.485484,1.946904,0.283161,1.420947,0.198203,0.000000,1.852678,0.208815,0.578162,1.009893,1.912294,0.268765,0.284260,0.535140,1.419769,0.312309,0.153737,0.186351,0.975279,0.483732,0.406372,0.280582,1.758958,1.591690,0.283161,0.483732,1.931646,0.277569,0.331609,1.874141,0.625461,0.297694,0.854828,0.247704,1.973062,0.619519,1.487466,0.184486,0.285373,0.180230,0.820853,1.854775,0.127550,0.426869,0.212686,0.253818,0.193563,0.980350,0.995844,1.860591,0.181006,0.232257,1.961990,0.317636,1.922775,1.986035,0.331257,0.114932,0.123510,0.165273,0.916538,1.538508,0.735987,1.958950,0.242216,0.232736,0.205421,0.193563,0.174071,0.199406,0.531202,0.137921,0.211302
0.966121,1.535420,1.835380,1.866881,1.807962,1.872484,1.873444,1.628115,1.771261,0.470745,1.890026,1.731701,1.720412,0.548746,1.874944,1.819625,1.768591,0.776590,1.839711,1.888816,1.887983,1.822801,1.882352,1.597295,1.856182,0.832712,1.880716,1.805641,0.907892,1.889707,0.996176,1.874944,1.852678,0.000000,1.890851,1.834264,1.765149,0.966583,1.859272,1.855811,1.877517,1.602783,1.807706,1.887753,1.894121,1.702686,1.872766,1.872378,1.897173,0.838170,1.418310,1.889707,1.872766,1.040008,1.859632,1.846869,0.815449,1.881112,1.864461,1.791944,1.901685,0.688632,1.859969,1.355098,1.870664,1.899920,1.851272,1.817299,0.794848,1.872830,1.880716,1.878822,1.869352,1.895045,1.744496,1.665225,1.225899,1.880482,1.872765,0.605343,1.868660,0.968959,0.590400,1.804834,1.854947,1.859385,1.880722,1.823145,1.013678,1.822207,0.760450,1.818208,1.904275,1.899816,1.895045,1.861034,1.869261,1.818065,1.876343,1.905185
1.870421,1.344856,0.567733,0.221132,0.396956,0.224752,0.194004,1.125534,0.775490,1.937137,0.275652,0.879880,0.754994,1.785053,0.205474,0.449024,0.935275,1.964972,0.319995,0.021714,0.126590,0.395075,0.167360,0.837746,0.174646,1.951122,0.322928,0.401214,1.921718,0.203109,1.507933,0.205474,0.208815,1.890851,0.000000,0.491947,0.900634,1.875794,0.349063,0.374435,0.429178,1.334597,0.416425,0.096495,0.159421,0.884141,0.367447,0.309576,0.270679,1.750792,1.544289,0.203109,0.367447,1.891971,0.313932,0.363657,1.859864,0.510078,0.335813,0.761945,0.191495,1.978146,0.498871,1.443926,0.222919,0.255313,0.277523,0.714117,1.835530,0.182760,0.322928,0.220639,0.272935,0.074155,0.879176,0.905968,1.811646,0.142410,0.292141,1.966370,0.358626,1.887033,1.990306,0.421548,0.184511,0.224607,0.075011,0.814699,1.588098,0.628915,1.954479,0.398618,0.095468,0.091880,0.074155,0.244978,0.242225,0.465101,0.175224,0.118086
1.708835,1.131976,0.381879,0.609813,0.744988,0.588395,0.590392,0.828576,0.496892,1.866704,0.602009,0.941879,0.654697,1.709266,0.558563,0.347027,0.941649,1.875409,0.729602,0.502907,0.521454,0.758478,0.576195,1.135100,0.599332,1.837741,0.362137,0.390107,1.830313,0.431202,1.598790,0.558563,0.578162,1.834264,0.491947,0.000000,0.618137,1.731530,0.691925,0.730246,0.364062,1.071741,0.767540,0.531464,0.539881,0.604601,0.335707,0.395673,0.550391,1.550224,1.403909,0.431202,0.335707,1.761690,0.682927,0.708413,1.686777,0.400639,0.733609,0.458361,0.577156,1.895057,0.422049,1.214442,0.582808,0.555831,0.669187,0.459253,1.670109,0.600778,0.362137,0.591042,0.627154,0.507105,0.571720,0.588044,1.713958,0.532725,0.670608,1.903804,0.680685,1.741653,1.915215,0.724090,0.594798,0.635331,0.532763,0.610739,1.505955,0.385374,1.841166,0.767100,0.491390,0.506052,0.507105,0.637501,0.622592,0.429620,0.592755,0.530520
1.422438,0.732703,0.481032,1.012603,1.155562,0.998692,0.985903,0.355720,0.435749,1.742567,0.954725,1.142032,0.797818,1.657897,0.959726,0.576129,1.054447,1.685409,1.132011,0.912786,0.928129,1.152568,0.996650,1.483656,1.026089,1.596244,0.668363,0.687443,1.604262,0.809250,1.769010,0.959726,1.009893,1.765149,0.900634,0.618137,0.000000,1.454563,1.095873,1.133611,0.586335,0.714980,1.171094,0.941556,0.946717,0.379847,0.601728,0.720668,0.932191,1.339612,1.176247,0.809250,0.601728,1.484872,1.052393,1.119156,1.432869,0.459396,1.120249,0.437703,0.960482,1.732604,0.603788,0.918416,0.983645,0.940268,1.106006,0.270822,1.428397,1.027652,0.668363,0.988286,1.001364,0.906177,0.155692,0.448717,1.445974,0.930592,1.056399,1.758936,1.068759,1.460310,1.758960,1.144023,1.031090,1.066883,0.949841,0.535514,1.453280,0.369690,1.635668,1.189069,0.877930,0.899221,0.906177,1.072664,1.017241,0.653125,1.015983,0.922153
0.310632,1.096249,1.673403,1.901953,1.934768,1.898285,1.892478,1.272909,1.537150,0.801437,1.881741,1.740940,1.700638,1.082112,1.894395,1.733273,1.667339,0.573199,1.918810,1.880470,1.885442,1.917384,1.903911,1.897671,1.916317,0.472226,1.791453,1.768226,0.564412,1.846743,1.575644,1.894395,1.912294,0.966583,1.875794,1.731530,1.454563,0.000000,1.920198,1.929021,1.745900,1.129390,1.933248,1.890977,1.888354,1.470371,1.767134,1.786408,1.874218,0.794690,0.849977,1.846743,1.767134,0.484997,1.900004,1.909032,0.539306,1.703008,1.911197,1.559926,1.880057,0.663229,1.704066,1.062001,1.897111,1.871983,1.936891,1.592963,0.637977,1.914800,1.791453,1.898479,1.889640,1.880572,1.472172,1.461990,0.699279,1.880565,1.910728,0.723218,1.896002,0.459006,0.674262,1.917517,1.918931,1.924979,1.891404,1.568922,1.326050,1.625856,0.609477,1.942840,1.867314,1.877066,1.880572,1.927659,1.908640,1.752966,1.910756,1.880247
1.920821,1.486535,0.770239,0.199404,0.211578,0.163489,0.246776,1.315098,1.001983,1.930937,0.296823,0.900216,0.818071,1.775148,0.232601,0.680728,0.984706,1.970216,0.279218,0.339432,0.309700,0.403555,0.272526,0.678332,0.272965,1.975914,0.537668,0.618680,1.952260,0.405435,1.370999,0.232601,0.268765,1.859272,0.349063,0.691925,1.095873,1.920198,0.000000,0.079018,0.642142,1.468867,0.262955,0.299945,0.301183,1.080585,0.592573,0.534292,0.241617,1.793945,1.583413,0.405435,0.592573,1.936214,0.327177,0.374432,1.891331,0.718338,0.323008,0.937849,0.329220,1.968027,0.725107,1.550512,0.287682,0.279480,0.255111,0.911137,1.888965,0.251168,0.537668,0.333930,0.306774,0.329850,1.076567,1.104564,1.869406,0.287551,0.195625,1.960965,0.284289,1.929026,1.976230,0.343202,0.285372,0.239149,0.316959,0.983341,1.569618,0.844674,1.962482,0.303805,0.360141,0.335947,0.329850,0.257484,0.317894,0.648828,0.258653,0.325350
1.933057,1.513081,0.813535,0.216502,0.187306,0.195780,0.266892,1.347907,1.032285,1.926452,0.321168,0.896984,0.854217,1.771806,0.257009,0.717054,0.987668,1.969271,0.262359,0.364044,0.332697,0.385494,0.285991,0.648773,0.284978,1.979436,0.579887,0.651170,1.952075,0.441852,1.358214,0.257009,0.284260,1.855811,0.374435,0.730246,1.133611,1.929021,0.079018,0.000000,0.683991,1.497478,0.250517,0.325060,0.321848,1.115957,0.634146,0.570976,0.292493,1.811361,1.608221,0.441852,0.634146,1.941525,0.328125,0.349699,1.905434,0.760151,0.308927,0.981330,0.347651,1.966057,0.754458,1.574089,0.311019,0.314276,0.242053,0.953533,1.899784,0.262851,0.579887,0.347232,0.318305,0.357766,1.115483,1.138977,1.873165,0.312567,0.192884,1.956437,0.289578,1.937706,1.972448,0.339884,0.291347,0.242119,0.337155,1.016287,1.576218,0.885656,1.964046,0.283304,0.388519,0.364953,0.357766,0.251863,0.328046,0.689343,0.271511,0.349003
1.726710,1.128633,0.178673,0.557729,0.700873,0.548052,0.526449,0.852407,0.587815,1.903335,0.510952,0.992012,0.541717,1.765797,0.484745,0.295601,0.980724,1.896007,0.686379,0.439495,0.472714,0.728604,0.544590,1.093270,0.550910,1.849495,0.129716,0.351578,1.860108,0.283997,1.610206,0.484745,0.535140,1.877517,0.429178,0.364062,0.586335,1.745900,0.642142,0.683991,0.000000,1.103580,0.721011,0.465692,0.456617,0.599665,0.141956,0.215211,0.484792,1.606519,1.366776,0.283997,0.141956,1.782933,0.609013,0.709580,1.712331,0.253877,0.688601,0.493275,0.499381,1.923705,0.370804,1.218415,0.510068,0.497017,0.649159,0.356762,1.712255,0.563000,0.129716,0.524968,0.555105,0.434732,0.544846,0.656889,1.715697,0.466672,0.606633,1.931430,0.631214,1.754535,1.943081,0.679251,0.563060,0.600114,0.479382,0.576646,1.484058,0.267802,1.864727,0.727237,0.415403,0.427090,0.434732,0.616382,0.549562,0.277715,0.553168,0.462559
1.087658,0.758164,1.022143,1.419586,1.533293,1.401307,1.397412,0.613894,0.814008,1.507598,1.375852,1.320127,1.229906,1.549230,1.385477,1.098159,1.193690,1.372320,1.504597,1.344158,1.347811,1.514376,1.393031,1.748842,1.436804,1.247393,1.173624,1.180120,1.279511,1.274278,1.827679,1.385477,1.419769,1.602783,1.334597,1.071741,0.714980,1.129390,1.468867,1.497478,1.103580,0.000000,1.529872,1.364054,1.367069,0.842171,1.127021,1.202584,1.343622,1.153609,1.036709,1.274278,1.127021,1.121209,1.454566,1.476585,1.165940,1.030054,1.483026,0.854895,1.366638,1.413666,1.045107,0.945843,1.403150,1.352670,1.479815,0.878938,1.207805,1.419822,1.173624,1.397325,1.418561,1.337472,0.762321,0.810221,1.102066,1.353678,1.455802,1.482102,1.443184,1.122457,1.461699,1.495581,1.434069,1.451414,1.371392,0.781695,1.379164,0.945204,1.306428,1.537045,1.309240,1.329064,1.337472,1.459898,1.425870,1.166051,1.410086,1.337370
1.932588,1.543432,0.838305,0.266834,0.183850,0.293785,0.293216,1.375991,1.061402,1.898233,0.453798,0.962411,0.819574,1.730604,0.299631,0.738108,1.065782,1.968348,0.299332,0.403258,0.409533,0.392057,0.361440,0.554352,0.299215,1.978857,0.621599,0.661033,1.955517,0.488376,1.288670,0.299631,0.312309,1.807706,0.416425,0.767540,1.171094,1.933248,0.262955,0.250517,0.721011,1.529872,0.000000,0.376571,0.375032,1.131740,0.677019,0.597800,0.424179,1.773971,1.613710,0.488376,0.677019,1.963655,0.402294,0.413924,1.878396,0.815094,0.368126,1.019773,0.390391,1.959706,0.787761,1.591168,0.347661,0.428215,0.288091,0.986524,1.891391,0.316483,0.621599,0.376342,0.412980,0.412168,1.139335,1.136981,1.890796,0.348506,0.345272,1.935937,0.398775,1.940864,1.957242,0.341043,0.315994,0.283888,0.373205,1.053687,1.531464,0.914406,1.959062,0.271382,0.451829,0.423088,0.412168,0.312595,0.349949,0.672117,0.328508,0.423476
1.885959,1.378496,0.604138,0.189704,0.358257,0.194473,0.167544,1.169351,0.827042,1.941131,0.250955,0.891807,0.757663,1.788776,0.188041,0.500687,0.954523,1.969960,0.286398,0.083098,0.099065,0.375667,0.121394,0.806737,0.131610,1.958250,0.357465,0.449188,1.930778,0.220058,1.482442,0.188041,0.153737,1.887753,0.096495,0.531464,0.941556,1.890977,0.299945,0.325060,0.465692,1.364054,0.376571,0.000000,0.135696,0.925870,0.409684,0.345992,0.252873,1.762538,1.552985,0.220058,0.409684,1.905601,0.287549,0.357841,1.869265,0.544390,0.304635,0.791462,0.180538,1.979398,0.537792,1.469798,0.193298,0.256159,0.238501,0.752677,1.848276,0.117896,0.357465,0.199223,0.249128,0.058692,0.920016,0.954165,1.825476,0.131729,0.247041,1.970393,0.343655,1.898839,1.993028,0.393633,0.151626,0.166082,0.076004,0.843972,1.586265,0.671710,1.958261,0.346392,0.094435,0.062903,0.058692,0.210489,0.210889,0.489026,0.109083,0.081932
