0.000000,1.026673,1.673602,1.890521,1.913188,1.878061,1.883752,1.185767,1.411045,0.862148,1.856913,1.612831,1.735202,1.101174,1.871547,1.708057,1.492167,0.646432,1.904403,1.854147,1.864230,1.898893,1.882177,1.885597,1.894617,0.532054,1.777378,1.737643,0.628968,1.836088,1.570467,1.871547,1.882512,0.939214,1.849455,1.611982,1.415618,0.265117,1.899776,1.914734,1.740013,1.025825,1.931466,1.866879,1.878356,1.430574,1.745698,1.787258,1.837795,0.627105,0.753034,1.836088,1.745698,0.507735,1.893426,1.912454,0.463593,1.668202,1.899064,1.484526,1.866511,0.663231,1.689698,0.909236,1.862925,1.838739,1.915614,1.568233,0.743181,1.891320,1.777378,1.865459,1.874545,1.856156,1.472963,1.362460,0.694561,1.867039,1.896332,0.759829,1.882797,0.527279,0.681379,1.869691,1.895908,1.902935,1.866549,1.470387,1.153224,1.629368,0.586686,1.915062,1.840885,1.851193,1.856156,1.912136,1.875878,1.769484,1.887611,1.858017
1.026673,0.000000,1.155436,1.457831,1.569908,1.441964,1.434801,0.565978,0.814286,1.456047,1.372600,1.291073,1.411401,1.452425,1.442433,1.162021,1.195855,1.331113,1.490966,1.375743,1.388224,1.523699,1.430909,1.769611,1.462960,1.208058,1.257956,1.228995,1.186148,1.349285,1.844313,1.442433,1.443825,1.493669,1.367134,1.112614,0.738291,1.040294,1.504142,1.535115,1.213878,0.805276,1.598521,1.396206,1.434744,0.914900,1.198989,1.315560,1.358102,1.090577,1.089713,1.349285,1.198989,1.030467,1.456669,1.520819,1.152951,1.046831,1.468013,0.958829,1.423827,1.357505,1.126663,0.710546,1.415370,1.353404,1.510333,0.953497,1.057877,1.451863,1.257956,1.419157,1.419705,1.370356,0.862796,0.885244,1.105127,1.392784,1.468752,1.419002,1.442988,1.166958,1.393558,1.520101,1.465587,1.483741,1.402665,0.969375,1.419788,1.066074,1.244519,1.535423,1.345022,1.362962,1.370356,1.501830,1.446128,1.271165,1.443863,1.376765
1.673602,1.155436,0.000000,0.636935,0.761975,0.629199,0.598683,0.860801,0.697839,1.843135,0.629030,1.269251,0.501140,1.669967,0.564889,0.320671,1.315393,1.887213,0.747108,0.543076,0.567719,0.779186,0.620772,1.172846,0.626520,1.820714,0.272422,0.378509,1.847929,0.410314,1.600107,0.564889,0.582904,1.809153,0.536414,0.515817,0.559614,1.668536,0.703722,0.751539,0.182054,1.189189,0.773756,0.549775,0.559618,0.498024,0.258764,0.293641,0.548038,1.633148,1.382768,0.410314,0.258764,1.775773,0.755455,0.831817,1.710104,0.404400,0.762046,0.513727,0.582681,1.896012,0.337014,1.203319,0.575101,0.544385,0.729850,0.302457,1.686570,0.623384,0.272422,0.612512,0.698697,0.536864,0.403558,0.614092,1.741259,0.557032,0.709220,1.884199,0.670240,1.742119,1.910467,0.769753,0.654279,0.658989,0.574513,0.735708,1.385873,0.137470,1.829932,0.726341,0.520234,0.525418,0.536864,0.704888,0.629332,0.334512,0.612706,0.560913
1.890521,1.457831,0.636935,0.000000,0.260574,0.084743,0.091248,1.230991,0.977444,1.900453,0.298099,1.065653,0.758502,1.722839,0.143428,0.518939,1.195379,1.974138,0.211568,0.221177,0.184893,0.314223,0.168488,0.776270,0.174578,1.965217,0.411249,0.458055,1.954806,0.280047,1.466027,0.143428,0.199105,1.865021,0.229837,0.725042,0.990919,1.881496,0.177370,0.196680,0.500065,1.462996,0.309869,0.191700,0.187496,0.937583,0.465578,0.392671,0.290646,1.839620,1.660344,0.280047,0.465578,1.921622,0.302175,0.303214,1.924043,0.615455,0.265187,0.922146,0.225381,1.982155,0.576310,1.533390,0.225805,0.311116,0.206825,0.804344,1.843599,0.157182,0.411249,0.246375,0.285249,0.220885,0.926741,1.033242,1.879986,0.147164,0.199779,1.954918,0.310161,1.927640,1.982732,0.373725,0.181314,0.159105,0.196420,0.949548,1.523139,0.686815,1.963442,0.289492,0.247423,0.233136,0.220885,0.194241,0.251869,0.471225,0.163763,0.217639
1.913188,1.569908,0.761975,0.260574,0.000000,0.283193,0.313317,1.356294,1.112151,1.841348,0.479390,1.123246,0.741216,1.645362,0.253167,0.666677,1.277883,1.958838,0.316144,0.428610,0.397065,0.314928,0.362416,0.591568,0.311067,1.971081,0.574117,0.585213,1.967272,0.445447,1.326839,0.253167,0.312016,1.790510,0.441073,0.860257,1.143984,1.907926,0.235013,0.203506,0.649486,1.546033,0.243044,0.394379,0.355355,1.049198,0.638486,0.525802,0.470913,1.838059,1.701563,0.445447,0.638486,1.960760,0.436935,0.367331,1.918501,0.800238,0.410644,1.063164,0.405255,1.961924,0.731557,1.580363,0.368388,0.487065,0.278219,0.957231,1.852731,0.327124,0.574117,0.374785,0.450272,0.433115,1.061009,1.131729,1.915156,0.370531,0.347695,1.914084,0.426518,1.940152,1.953025,0.366328,0.307644,0.283327,0.391779,1.077109,1.442672,0.828863,1.962043,0.280190,0.469672,0.447210,0.433115,0.287985,0.353980,0.582956,0.341470,0.437973
1.878061,1.441964,0.629199,0.084743,0.283193,0.000000,0.137440,1.211487,0.960771,1.903336,0.284659,1.063413,0.765583,1.728949,0.159036,0.506754,1.188017,1.971844,0.227452,0.219860,0.186565,0.341785,0.170274,0.800769,0.196011,1.960096,0.405960,0.449179,1.950967,0.281576,1.481526,0.159036,0.222758,1.870456,0.226573,0.711924,0.973110,1.872812,0.150066,0.188285,0.493610,1.447899,0.346485,0.197493,0.198273,0.920658,0.456245,0.392647,0.259427,1.838212,1.649816,0.281576,0.456245,1.912779,0.315874,0.325273,1.920315,0.599934,0.274451,0.906898,0.230728,1.979451,0.568852,1.515160,0.241119,0.291564,0.223569,0.790126,1.842924,0.171053,0.405960,0.257998,0.284574,0.221147,0.911762,1.017666,1.875317,0.167776,0.190047,1.956759,0.309335,1.922671,1.980748,0.380515,0.203904,0.180338,0.199608,0.939213,1.520840,0.674874,1.959429,0.316707,0.240784,0.231844,0.221147,0.211432,0.272906,0.477030,0.175100,0.215061
1.883752,1.434801,0.598683,0.091248,0.313317,0.137440,0.000000,1.207680,0.953717,1.905387,0.290826,1.074421,0.737506,1.730246,0.151910,0.492233,1.196170,1.975269,0.232973,0.188387,0.160076,0.333523,0.155827,0.810339,0.170732,1.960492,0.369864,0.440504,1.948961,0.238383,1.491311,0.151910,0.185317,1.872154,0.195956,0.694969,0.957147,1.871998,0.232027,0.256525,0.458669,1.437188,0.325303,0.158766,0.149576,0.910815,0.424563,0.355304,0.271003,1.835226,1.641014,0.238383,0.424563,1.914541,0.312087,0.326486,1.918280,0.577996,0.270552,0.886836,0.180993,1.983996,0.540990,1.519299,0.208604,0.281383,0.229562,0.764108,1.838863,0.147321,0.369864,0.234650,0.288467,0.185548,0.892395,1.010199,1.866295,0.094362,0.227690,1.956215,0.298673,1.920160,1.986786,0.395739,0.184712,0.164765,0.171563,0.921132,1.522897,0.649176,1.960297,0.297633,0.210252,0.195556,0.185548,0.213325,0.241978,0.432171,0.148651,0.184810
1.185767,0.565978,0.860801,1.230991,1.356294,1.211487,1.207680,0.000000,0.450728,1.572884,1.161939,1.203395,1.183179,1.491331,1.199010,0.846868,1.138448,1.530425,1.283773,1.131538,1.160167,1.315157,1.208356,1.623479,1.237609,1.427275,0.989574,0.920493,1.436674,1.102979,1.818117,1.199010,1.218837,1.596171,1.119973,0.799515,0.390543,1.202464,1.298324,1.337233,0.941234,0.789049,1.398431,1.166074,1.210642,0.574273,0.918625,1.036331,1.126730,1.197089,1.116601,1.102979,0.918625,1.280364,1.257404,1.336459,1.302303,0.756928,1.273682,0.644385,1.202226,1.554353,0.830745,0.751083,1.178230,1.119859,1.301738,0.658820,1.260699,1.230601,0.989574,1.192841,1.208339,1.136986,0.526887,0.462445,1.317625,1.158328,1.261919,1.577737,1.230468,1.350759,1.581082,1.304529,1.241521,1.266568,1.163804,0.781074,1.329268,0.752715,1.425385,1.334385,1.108220,1.130724,1.136986,1.287637,1.222760,1.025179,1.220236,1.151652
1.411045,0.814286,0.697839,0.977444,1.112151,0.960771,0.953717,0.450728,0.000000,1.705193,0.931684,1.063977,1.058653,1.579364,0.941763,0.628098,1.042584,1.703391,1.029750,0.870398,0.902091,1.045156,0.948808,1.433768,0.977339,1.614287,0.769847,0.692998,1.617312,0.868688,1.777563,0.941763,0.960050,1.699538,0.860176,0.480034,0.413865,1.404013,1.059137,1.095140,0.738284,0.850083,1.173481,0.906670,0.966667,0.483064,0.702034,0.813288,0.888573,1.383667,1.227559,0.868688,0.702034,1.496053,1.010082,1.094536,1.501525,0.569281,1.021754,0.480087,0.951218,1.718600,0.631965,0.937235,0.902612,0.871091,1.046841,0.554411,1.455445,0.973424,0.769847,0.915143,0.966945,0.875705,0.502415,0.386852,1.500674,0.908082,1.024150,1.729276,0.984331,1.553669,1.745661,1.043436,0.979633,1.010030,0.900565,0.642017,1.349643,0.604291,1.614295,1.079407,0.849797,0.872012,0.875705,1.032502,0.945766,0.823430,0.963742,0.894801
0.862148,1.456047,1.843135,1.900453,1.841348,1.903336,1.905387,1.572884,1.705193,0.000000,1.920741,1.595099,1.758923,0.499343,1.888792,1.849627,1.573385,0.646961,1.889158,1.914861,1.919263,1.856495,1.916408,1.639708,1.897442,0.685962,1.893852,1.843710,0.781577,1.905655,1.135353,1.888792,1.890448,0.455436,1.915668,1.827277,1.745944,0.898446,1.896212,1.889172,1.879823,1.434470,1.860320,1.918410,1.911077,1.720706,1.890098,1.880662,1.915704,0.755552,1.261968,1.905655,1.890098,0.894875,1.899586,1.890996,0.683363,1.873664,1.909704,1.761010,1.913228,0.633028,1.829467,1.267222,1.899685,1.913339,1.885201,1.821469,0.792120,1.909651,1.893852,1.895409,1.912621,1.921263,1.753404,1.650594,0.824563,1.912270,1.910360,0.275294,1.902608,0.681322,0.555508,1.834247,1.892131,1.899048,1.909396,1.744997,1.081323,1.832406,0.695314,1.863876,1.926434,1.925366,1.921263,1.893742,1.891022,1.868085,1.913464,1.929946
1.856913,1.372600,0.629030,0.298099,0.479390,0.284659,0.290826,1.161939,0.931684,1.920741,0.000000,1.002352,0.821060,1.764936,0.345484,0.520058,1.105186,1.965236,0.311889,0.274993,0.258447,0.428276,0.274402,0.898441,0.321872,1.935069,0.403887,0.498219,1.927199,0.306127,1.560133,0.345484,0.341876,1.899703,0.273115,0.699426,0.908166,1.850070,0.330128,0.369654,0.485286,1.389442,0.498143,0.271990,0.277792,0.907051,0.437481,0.433931,0.215388,1.833145,1.628305,0.306127,0.437481,1.868291,0.224692,0.421353,1.911086,0.521398,0.298482,0.887955,0.311487,1.964870,0.571606,1.498101,0.281441,0.261552,0.349223,0.735909,1.827175,0.280279,0.403887,0.292710,0.161887,0.273943,0.879166,1.015613,1.833162,0.249503,0.237753,1.959926,0.284325,1.901692,1.974286,0.441803,0.326283,0.306583,0.285222,0.871847,1.547122,0.660776,1.931588,0.419964,0.269587,0.271294,0.273943,0.339851,0.313554,0.514740,0.278835,0.254919
1.612831,1.291073,1.269251,1.065653,1.123246,1.063413,1.074421,1.203395,1.063977,1.595099,1.002352,0.000000,1.449659,1.483190,1.109922,1.135001,0.286437,1.645240,1.002306,1.054567,1.078303,1.059377,1.076862,1.196711,1.073205,1.634200,1.156695,1.134569,1.588008,1.131319,1.560147,1.109922,1.107890,1.600698,1.052628,1.087473,1.200498,1.606778,1.084278,1.091391,1.195337,1.296258,1.182075,1.079542,1.108971,1.258767,1.143769,1.196739,1.030014,1.523374,1.609963,1.131319,1.143769,1.510138,0.976188,1.053500,1.644180,1.066988,1.019453,1.265440,1.090912,1.653657,1.105216,1.423147,1.067899,1.033078,1.060792,1.227534,1.496880,1.078114,1.156695,1.049833,0.994717,1.066805,1.280017,1.269805,1.524958,1.065972,1.050390,1.639984,1.043640,1.629308,1.652851,0.956157,1.056565,1.083740,1.055683,1.094942,1.481484,1.242035,1.607121,1.111541,1.071028,1.076886,1.066805,1.065555,1.059272,1.238772,1.080741,1.078319
1.735202,1.411401,0.501140,0.758502,0.741216,0.765583,0.737506,1.183179,1.058653,1.758923,0.821060,1.449659,0.000000,1.564616,0.667829,0.676576,1.520831,1.868656,0.860598,0.746289,0.756449,0.824034,0.774116,1.021146,0.731678,1.816582,0.581334,0.665795,1.878479,0.610316,1.333124,0.667829,0.683880,1.692364,0.750191,0.827961,0.941864,1.729003,0.767407,0.793832,0.548247,1.364966,0.726743,0.722216,0.689308,0.835905,0.629672,0.530651,0.751593,1.645335,1.434187,0.610316,0.629672,1.856644,0.890547,0.933936,1.691359,0.797947,0.904669,0.855265,0.732135,1.862699,0.704322,1.336738,0.716273,0.753044,0.800965,0.716731,1.712074,0.743394,0.581334,0.747596,0.865863,0.738770,0.768871,0.906513,1.803775,0.741412,0.833501,1.820275,0.792924,1.741792,1.861915,0.820602,0.761660,0.745617,0.750713,1.017686,1.269886,0.604759,1.828292,0.741225,0.750989,0.733527,0.738770,0.783777,0.732694,0.531480,0.742841,0.762432
1.101174,1.452425,1.669967,1.722839,1.645362,1.728949,1.730246,1.491331,1.579364,0.499343,1.764936,1.483190,1.564616,0.000000,1.701286,1.667069,1.521784,1.017876,1.722971,1.747889,1.755173,1.671115,1.753023,1.467568,1.717437,1.023844,1.716319,1.652313,1.108895,1.725354,0.990551,1.701286,1.705378,0.594063,1.750072,1.661987,1.628571,1.139540,1.723536,1.718249,1.703291,1.406625,1.674061,1.751509,1.738040,1.576153,1.717587,1.700369,1.751530,0.820557,1.344766,1.725354,1.717587,1.199415,1.743036,1.737992,0.913624,1.722035,1.762845,1.627158,1.749902,1.008369,1.651393,1.249881,1.723521,1.753332,1.705294,1.671830,0.940164,1.738491,1.716319,1.717370,1.758424,1.756886,1.609749,1.507033,1.135213,1.738477,1.752974,0.737923,1.745536,0.960764,0.936451,1.640994,1.712570,1.723277,1.739942,1.603854,0.923158,1.666551,1.035745,1.676310,1.769602,1.764753,1.756886,1.716075,1.709429,1.679197,1.745564,1.775666
1.871547,1.442433,0.564889,0.143428,0.253167,0.159036,0.151910,1.199010,0.941763,1.888792,0.345484,1.109922,0.667829,1.701286,0.000000,0.472873,1.233210,1.971771,0.296709,0.245970,0.219800,0.349285,0.222592,0.793153,0.211790,1.957317,0.356890,0.413013,1.956777,0.238195,1.462851,0.000000,0.188422,1.851273,0.253843,0.676881,0.949893,1.863666,0.220488,0.246626,0.436195,1.427470,0.322042,0.213553,0.196074,0.880577,0.417728,0.332318,0.295297,1.817866,1.623631,0.238195,0.417728,1.921819,0.378015,0.384778,1.901160,0.584990,0.355479,0.877354,0.250846,1.979528,0.529532,1.499342,0.225445,0.303246,0.274296,0.750547,1.840917,0.203165,0.356890,0.255207,0.355165,0.243053,0.869556,0.975271,1.876768,0.180029,0.286012,1.947985,0.319383,1.912086,1.980901,0.385926,0.228574,0.207018,0.230332,0.912246,1.462223,0.624348,1.955850,0.296319,0.266657,0.249886,0.243053,0.258218,0.258754,0.396965,0.205035,0.250468
1.708057,1.162021,0.320671,0.518939,0.666677,0.506754,0.492233,0.846868,0.628098,1.849627,0.520058,1.135001,0.676576,1.667069,0.472873,0.000000,1.210248,1.907317,0.616406,0.419114,0.435344,0.646747,0.491001,1.093348,0.513136,1.858313,0.271745,0.120999,1.862064,0.366795,1.613653,0.472873,0.483209,1.814733,0.410259,0.495363,0.593603,1.712363,0.615344,0.660008,0.291197,1.229281,0.705003,0.444140,0.489944,0.532537,0.213691,0.305938,0.472971,1.658886,1.487858,0.366795,0.213691,1.791545,0.630701,0.697708,1.761531,0.349190,0.630141,0.567621,0.514906,1.913018,0.316083,1.237729,0.468460,0.477376,0.606872,0.419634,1.688326,0.511259,0.271745,0.495865,0.570230,0.422708,0.505583,0.613404,1.768988,0.444601,0.592187,1.897843,0.592154,1.796300,1.926786,0.687868,0.527225,0.548889,0.446335,0.759851,1.425936,0.299907,1.850869,0.634775,0.405189,0.420377,0.422708,0.585464,0.523520,0.372754,0.497664,0.448140
1.492167,1.195855,1.315393,1.195379,1.277883,1.188017,1.196170,1.138448,1.042584,1.573385,1.105186,0.286437,1.520831,1.521784,1.233210,1.210248,0.000000,1.560389,1.143320,1.159589,1.188399,1.211034,1.193618,1.361963,1.202724,1.520156,1.232644,1.228751,1.489813,1.230876,1.650777,1.233210,1.234919,1.602544,1.155136,1.113083,1.168838,1.482021,1.214655,1.227954,1.257480,1.171802,1.325414,1.186969,1.221553,1.255915,1.209614,1.280790,1.122258,1.465524,1.499298,1.230876,1.209614,1.367839,1.102695,1.193593,1.554236,1.101095,1.147608,1.256019,1.193717,1.572839,1.166345,1.349415,1.184437,1.119628,1.203161,1.234775,1.435301,1.199888,1.232644,1.172376,1.111018,1.169606,1.276390,1.262886,1.393707,1.181271,1.174345,1.586820,1.147975,1.517098,1.582316,1.091353,1.190239,1.213979,1.168753,1.068374,1.489352,1.276452,1.502263,1.254832,1.163564,1.174116,1.169606,1.202626,1.186213,1.322204,1.199195,1.175902
0.646432,1.331113,1.887213,1.974138,1.958838,1.971844,1.975269,1.530425,1.703391,0.646961,1.965236,1.645240,1.868656,1.017876,1.971771,1.907317,1.560389,0.000000,1.965993,1.970079,1.971606,1.957491,1.974783,1.831988,1.977467,0.461297,1.944466,1.920039,0.390872,1.968110,1.410567,1.971771,1.977946,0.767788,1.968890,1.851057,1.711389,0.673192,1.972059,1.968135,1.926534,1.364801,1.967259,1.975057,1.976971,1.746317,1.929229,1.945543,1.967576,0.791533,1.146487,1.968110,1.929229,0.536223,1.960553,1.956186,0.583285,1.880199,1.959915,1.776787,1.971270,0.373339,1.890514,1.243863,1.972184,1.964318,1.970535,1.821326,0.750816,1.979103,1.944466,1.967876,1.960624,1.970417,1.751688,1.682810,0.715882,1.972544,1.964244,0.467212,1.967309,0.614358,0.302612,1.946777,1.973832,1.979346,1.971774,1.739867,1.308485,1.861693,0.442304,1.973111,1.965843,1.969897,1.970417,1.972629,1.972239,1.934541,1.978997,1.970187
1.904403,1.490966,0.747108,0.211568,0.316144,0.227452,0.232973,1.283773,1.029750,1.889158,0.311889,1.002306,0.860598,1.722971,0.296709,0.616406,1.143320,1.965993,0.000000,0.281585,0.279614,0.275394,0.241404,0.731374,0.225917,1.968769,0.526570,0.557522,1.946924,0.392681,1.465484,0.296709,0.282907,1.855632,0.290328,0.793575,1.065172,1.897557,0.267728,0.263254,0.611819,1.483832,0.359414,0.284690,0.283927,1.020034,0.574024,0.504544,0.368265,1.851085,1.697343,0.392681,0.574024,1.916290,0.233325,0.262583,1.933606,0.692552,0.155121,1.001812,0.304169,1.968370,0.669913,1.562315,0.273369,0.383259,0.199660,0.895433,1.846659,0.229664,0.526570,0.271706,0.240080,0.306585,1.017098,1.107231,1.876223,0.260325,0.218917,1.941707,0.345472,1.941883,1.971791,0.358621,0.201446,0.211224,0.250730,0.990921,1.539960,0.789389,1.951556,0.301954,0.334077,0.323260,0.306585,0.210709,0.270810,0.600511,0.241331,0.304594
1.854147,1.375743,0.543076,0.221177,0.428610,0.219860,0.188387,1.131538,0.870398,1.914861,0.274993,1.054567,0.746289,1.747889,0.245970,0.419114,1.159589,1.970079,0.281585,0.000000,0.142093,0.387510,0.158559,0.901923,0.161340,1.944196,0.317803,0.388209,1.937252,0.220386,1.546152,0.245970,0.212637,1.885490,0.021137,0.616206,0.875354,1.844239,0.330213,0.364262,0.404610,1.374284,0.441729,0.099332,0.200935,0.842200,0.354512,0.324413,0.258331,1.809345,1.603699,0.220386,0.354512,1.885156,0.322249,0.403002,1.895605,0.496633,0.294802,0.803411,0.227067,1.974644,0.475622,1.459476,0.207130,0.266156,0.270904,0.685272,1.818507,0.163211,0.317803,0.226224,0.282755,0.082301,0.817961,0.938967,1.843980,0.160351,0.287219,1.959333,0.325424,1.902135,1.985373,0.454601,0.175651,0.208703,0.055783,0.859078,1.536761,0.581284,1.934944,0.350005,0.112311,0.104031,0.082301,0.245757,0.252992,0.435747,0.155182,0.134346
1.864230,1.388224,0.567719,0.184893,0.397065,0.186565,0.160076,1.160167,0.902091,1.919263,0.258447,1.078303,0.756449,1.755173,0.219800,0.435344,1.188399,1.971606,0.279614,0.142093,0.000000,0.377071,0.080783,0.880018,0.180660,1.949882,0.330683,0.395553,1.936794,0.221060,1.535228,0.219800,0.178079,1.891195,0.148471,0.662232,0.902297,1.855708,0.289326,0.319193,0.425867,1.407345,0.413840,0.093817,0.179154,0.870677,0.369488,0.338051,0.256536,1.830168,1.624911,0.221060,0.369488,1.892653,0.305732,0.375562,1.912584,0.523833,0.273612,0.830547,0.226832,1.974437,0.507214,1.491976,0.209939,0.275096,0.261331,0.711187,1.832042,0.124367,0.330683,0.225109,0.265654,0.106568,0.844211,0.969451,1.849396,0.138493,0.242876,1.963494,0.318807,1.908847,1.987892,0.466016,0.196465,0.176202,0.134727,0.892526,1.553739,0.606723,1.944709,0.319934,0.110365,0.105120,0.106568,0.238106,0.255253,0.430366,0.106169,0.072437
1.898893,1.523699,0.779186,0.314223,0.314928,0.341785,0.333523,1.315157,1.045156,1.856495,0.428276,1.059377,0.824034,1.671115,0.349285,0.646747,1.211034,1.957491,0.275394,0.387510,0.377071,0.000000,0.338805,0.664766,0.299378,1.960335,0.575901,0.576531,1.944821,0.454290,1.398259,0.349285,0.324535,1.806754,0.398156,0.808482,1.110081,1.882355,0.362367,0.346456,0.654557,1.475024,0.360874,0.380224,0.367313,1.039361,0.625446,0.537797,0.474069,1.825635,1.672544,0.454290,0.625446,1.932461,0.348430,0.373609,1.913247,0.757184,0.327569,1.020779,0.396468,1.955872,0.726770,1.559623,0.289616,0.483859,0.272848,0.939860,1.836506,0.321048,0.575901,0.250431,0.375713,0.405754,1.055077,1.105218,1.891541,0.366688,0.355308,1.917909,0.406804,1.940665,1.952999,0.401341,0.281448,0.288081,0.353045,1.015829,1.479165,0.831425,1.944452,0.272232,0.439625,0.423250,0.405754,0.290597,0.218515,0.631808,0.334374,0.412518
1.882177,1.430909,0.620772,0.168488,0.362416,0.170274,0.155827,1.208356,0.948808,1.916408,0.274402,1.076862,0.774116,1.753023,0.222592,0.491001,1.193618,1.974783,0.241404,0.158559,0.080783,0.338805,0.000000,0.841596,0.145393,1.958686,0.386533,0.445662,1.943174,0.263000,1.507664,0.222592,0.160617,1.888498,0.169266,0.700192,0.959192,1.873361,0.260269,0.280220,0.480175,1.438693,0.368577,0.116569,0.176894,0.921779,0.430681,0.381472,0.278134,1.846452,1.645317,0.263000,0.430681,1.906179,0.287998,0.342107,1.926160,0.584810,0.238609,0.877799,0.222675,1.975669,0.559315,1.523059,0.215615,0.296393,0.203906,0.769667,1.848309,0.079891,0.386533,0.218838,0.261246,0.142452,0.901193,1.016098,1.860733,0.161594,0.218218,1.961512,0.309578,1.920808,1.987314,0.442678,0.155241,0.123442,0.130893,0.936286,1.563174,0.664658,1.950459,0.273211,0.163223,0.150900,0.142452,0.182662,0.242910,0.481411,0.062170,0.117355
1.885597,1.769611,1.172846,0.776270,0.591568,0.800769,0.810339,1.623479,1.433768,1.639708,0.898441,1.196711,1.021146,1.467568,0.793153,1.093348,1.361963,1.831988,0.731374,0.901923,0.880018,0.664766,0.841596,0.000000,0.785722,1.873115,1.033527,1.010936,1.887160,0.926557,1.046309,0.793153,0.790147,1.568506,0.913198,1.248915,1.496874,1.882948,0.733503,0.697136,1.093607,1.685027,0.641051,0.875735,0.835939,1.385656,1.089891,0.967669,0.927542,1.789913,1.768499,0.926557,1.089891,1.930550,0.802330,0.723763,1.843998,1.225379,0.803762,1.416061,0.861833,1.816195,1.163893,1.685327,0.822720,0.939811,0.723127,1.351934,1.767694,0.805500,1.033527,0.815089,0.849936,0.910845,1.425703,1.429375,1.870186,0.862290,0.796343,1.733641,0.842883,1.880844,1.794556,0.688661,0.772406,0.755966,0.865214,1.371108,1.341507,1.238489,1.864364,0.675030,0.944578,0.923856,0.910845,0.747582,0.784552,1.013298,0.821949,0.912747
1.894617,1.462960,0.626520,0.174578,0.311067,0.196011,0.170732,1.237609,0.977339,1.897442,0.321872,1.073205,0.731678,1.717437,0.211790,0.513136,1.202724,1.977467,0.225917,0.161340,0.180660,0.299378,0.145393,0.785722,0.000000,1.964912,0.404596,0.458928,1.956417,0.271922,1.457598,0.211790,0.150094,1.856909,0.179751,0.711078,0.993310,1.884625,0.260657,0.275907,0.493086,1.455507,0.328757,0.138218,0.187153,0.937239,0.459716,0.383294,0.318119,1.830600,1.651769,0.271922,0.459716,1.925303,0.308714,0.354122,1.916977,0.624509,0.275787,0.904403,0.239452,1.977099,0.575231,1.520236,0.211076,0.335029,0.162856,0.795619,1.838187,0.100542,0.404596,0.210947,0.299172,0.168581,0.922034,1.029405,1.880060,0.201351,0.258847,1.951560,0.333916,1.926781,1.983656,0.403602,0.067238,0.101469,0.114996,0.957931,1.526622,0.682680,1.951655,0.235218,0.222506,0.193136,0.168581,0.140849,0.213112,0.484748,0.114895,0.204815
0.532054,1.208058,1.820714,1.965217,1.971081,1.960096,1.960492,1.427275,1.614287,0.685962,1.935069,1.634200,1.816582,1.023844,1.957317,1.858313,1.520156,0.461297,1.968769,1.944196,1.949882,1.960335,1.958686,1.873115,1.964912,0.000000,1.896352,1.882078,0.469388,1.937043,1.448956,1.957317,1.958711,0.816386,1.941893,1.772959,1.612286,0.538516,1.964062,1.969278,1.869301,1.187134,1.974639,1.948588,1.961110,1.657230,1.875766,1.907467,1.924159,0.699952,1.001513,1.937043,1.875766,0.439068,1.952147,1.966219,0.477018,1.816106,1.962675,1.660469,1.951094,0.454496,1.826619,1.137333,1.947410,1.918395,1.971222,1.731774,0.658423,1.962003,1.896352,1.948349,1.948516,1.942631,1.661935,1.599391,0.548581,1.952654,1.962078,0.540095,1.935414,0.351360,0.463552,1.926497,1.965230,1.967755,1.951068,1.632190,1.265490,1.790735,0.435597,1.965871,1.933975,1.939089,1.942631,1.971203,1.952496,1.885071,1.960499,1.942772
1.777378,1.257956,0.272422,0.411249,0.574117,0.405960,0.369864,0.989574,0.769847,1.893852,0.403887,1.156695,0.581334,1.716319,0.356890,0.271745,1.232644,1.944466,0.526570,0.317803,0.330683,0.575901,0.386533,1.033527,0.404596,1.896352,0.000000,0.294709,1.906571,0.171702,1.577888,0.356890,0.365667,1.866177,0.311862,0.531417,0.688745,1.771082,0.486643,0.536027,0.110057,1.279823,0.588219,0.317591,0.327877,0.659482,0.098897,0.175994,0.322861,1.740561,1.504397,0.171702,0.098897,1.842930,0.532024,0.622358,1.821100,0.356176,0.537015,0.640812,0.368600,1.950806,0.329048,1.348628,0.354469,0.327505,0.509051,0.443586,1.768452,0.392200,0.000000,0.391222,0.475551,0.304687,0.595222,0.775290,1.799183,0.325580,0.478277,1.938866,0.448570,1.831160,1.964688,0.583024,0.434224,0.432989,0.349413,0.763033,1.460862,0.327476,1.899538,0.515769,0.290850,0.293359,0.304687,0.483292,0.411988,0.269906,0.379676,0.325454
1.737643,1.228995,0.378509,0.458055,0.585213,0.449179,0.440504,0.920493,0.692998,1.843710,0.498219,1.134569,0.665795,1.652313,0.413013,0.120999,1.228751,1.920039,0.557522,0.388209,0.395553,0.576531,0.445662,1.010936,0.458928,1.882078,0.294709,0.000000,1.885381,0.345031,1.567806,0.413013,0.428399,1.801363,0.381977,0.543931,0.689672,1.741313,0.557181,0.598269,0.334778,1.287193,0.637305,0.409035,0.446997,0.593105,0.269129,0.286846,0.460025,1.677973,1.522673,0.345031,0.269129,1.826396,0.590672,0.635638,1.783426,0.424915,0.585227,0.645007,0.478146,1.926600,0.362402,1.275680,0.421076,0.468505,0.545008,0.521287,1.705272,0.462068,0.294709,0.449098,0.535238,0.396187,0.595967,0.668384,1.801616,0.403102,0.543323,1.899882,0.563546,1.825857,1.933814,0.634204,0.470007,0.491612,0.405625,0.809128,1.414111,0.382250,1.875486,0.573514,0.386761,0.398076,0.396187,0.526596,0.472775,0.365027,0.451097,0.421699
0.628968,1.186148,1.847929,1.954806,1.967272,1.950967,1.948961,1.436674,1.617312,0.781577,1.927199,1.588008,1.878479,1.108895,1.956777,1.862064,1.489813,0.390872,1.946924,1.937252,1.936794,1.944821,1.943174,1.887160,1.956417,0.469388,1.906571,1.885381,0.000000,1.936531,1.516213,1.956777,1.954297,0.866248,1.934821,1.792000,1.623716,0.665228,1.960109,1.959993,1.886856,1.294816,1.964764,1.943304,1.952195,1.694231,1.884255,1.919270,1.928361,0.756874,1.138516,1.936531,1.884255,0.408912,1.930026,1.935885,0.593819,1.815555,1.929100,1.696121,1.943423,0.455121,1.837641,1.227900,1.943341,1.922596,1.955324,1.754082,0.718520,1.952337,1.906571,1.938587,1.928291,1.934447,1.684428,1.625128,0.632063,1.940068,1.941733,0.603266,1.938656,0.588626,0.469614,1.947921,1.954795,1.958490,1.942564,1.688804,1.409801,1.812789,0.500697,1.960620,1.926838,1.933074,1.934447,1.954695,1.946335,1.902526,1.950310,1.933124
1.836088,1.349285,0.410314,0.280047,0.445447,0.281576,0.238383,1.102979,0.868688,1.905655,0.306127,1.131319,0.610316,1.725354,0.238195,0.366795,1.230876,1.968110,0.392681,0.220386,0.221060,0.454290,0.263000,0.926557,0.271922,1.937043,0.171702,0.345031,1.936531,0.000000,1.534456,0.238195,0.239881,1.873941,0.220520,0.601353,0.817606,1.828615,0.356736,0.401569,0.258487,1.361646,0.456525,0.201966,0.171194,0.778795,0.250009,0.197974,0.255629,1.790686,1.571884,0.000000,0.250009,1.887159,0.407329,0.492423,1.871658,0.451137,0.409454,0.760898,0.244185,1.970034,0.423048,1.432896,0.245308,0.276165,0.369065,0.590299,1.809832,0.257351,0.171702,0.280123,0.356887,0.207216,0.732475,0.889754,1.841591,0.206435,0.348601,1.954059,0.359659,1.881682,1.980708,0.493899,0.302858,0.292626,0.238090,0.834804,1.486869,0.472749,1.933154,0.387908,0.212100,0.201267,0.207216,0.345518,0.299385,0.305125,0.248849,0.225792
1.570467,1.844313,1.600107,1.466027,1.326839,1.481526,1.491311,1.818117,1.777563,1.135353,1.560133,1.560147,1.333124,0.990551,1.462851,1.613653,1.650777,1.410567,1.465484,1.546152,1.535228,1.398259,1.507664,1.046309,1.457598,1.448956,1.577888,1.567806,1.516213,1.534456,0.000000,1.462851,1.452751,1.010821,1.555031,1.647885,1.800069,1.582645,1.422612,1.403020,1.591817,1.741591,1.314347,1.523719,1.494833,1.680047,1.616181,1.534596,1.548498,1.391399,1.565390,1.534456,1.616181,1.649938,1.509747,1.461725,1.406941,1.713145,1.516367,1.697418,1.510140,1.365061,1.628772,1.656233,1.493602,1.562771,1.424615,1.713019,1.463179,1.477974,1.577888,1.494407,1.539790,1.547496,1.727160,1.694397,1.626303,1.528940,1.493608,1.256217,1.509547,1.428537,1.317287,1.359021,1.458947,1.445699,1.523163,1.700147,1.208143,1.656837,1.461181,1.373702,1.573604,1.554965,1.547496,1.435015,1.460461,1.527130,1.488304,1.556845
1.871547,1.442433,0.564889,0.143428,0.253167,0.159036,0.151910,1.199010,0.941763,1.888792,0.345484,1.109922,0.667829,1.701286,0.000000,0.472873,1.233210,1.971771,0.296709,0.245970,0.219800,0.349285,0.222592,0.793153,0.211790,1.957317,0.356890,0.413013,1.956777,0.238195,1.462851,0.000000,0.188422,1.851273,0.253843,0.676881,0.949893,1.863666,0.220488,0.246626,0.436195,1.427470,0.322042,0.213553,0.196074,0.880577,0.417728,0.332318,0.295297,1.817866,1.623631,0.238195,0.417728,1.921819,0.378015,0.384778,1.901160,0.584990,0.355479,0.877354,0.250846,1.979528,0.529532,1.499342,0.225445,0.303246,0.274296,0.750547,1.840917,0.203165,0.356890,0.255207,0.355165,0.243053,0.869556,0.975271,1.876768,0.180029,0.286012,1.947985,0.319383,1.912086,1.980901,0.385926,0.228574,0.207018,0.230332,0.912246,1.462223,0.624348,1.955850,0.296319,0.266657,0.249886,0.243053,0.258218,0.258754,0.396965,0.205035,0.250468
1.882512,1.443825,0.582904,0.199105,0.312016,0.222758,0.185317,1.218837,0.960050,1.890448,0.341876,1.107890,0.683880,1.705378,0.188422,0.483209,1.234919,1.977946,0.282907,0.212637,0.178079,0.324535,0.160617,0.790147,0.150094,1.958711,0.365667,0.428399,1.954297,0.239881,1.452751,0.188422,0.000000,1.851873,0.225325,0.692004,0.965846,1.873559,0.278780,0.297833,0.450118,1.440176,0.323061,0.170469,0.192813,0.903972,0.425526,0.346243,0.323271,1.821445,1.633413,0.239881,0.425526,1.925451,0.348640,0.380686,1.907047,0.602529,0.325074,0.872246,0.263149,1.971286,0.553014,1.504193,0.206397,0.337457,0.217139,0.758940,1.835519,0.131879,0.365667,0.216593,0.337641,0.208097,0.888517,1.001747,1.874070,0.200672,0.300484,1.948208,0.341362,1.915259,1.983147,0.412396,0.161870,0.133147,0.188740,0.936380,1.505508,0.643734,1.948405,0.196063,0.241908,0.216582,0.208097,0.203505,0.221187,0.428179,0.132214,0.218171
0.939214,1.493669,1.809153,1.865021,1.790510,1.870456,1.872154,1.596171,1.699538,0.455436,1.899703,1.600698,1.692364,0.594063,1.851273,1.814733,1.602544,0.767788,1.855632,1.885490,1.891195,1.806754,1.888498,1.568506,1.856909,0.816386,1.866177,1.801363,0.866248,1.873941,1.010821,1.851273,1.851873,0.000000,1.887983,1.784245,1.749922,0.976559,1.858646,1.853629,1.853054,1.469515,1.808686,1.886742,1.882233,1.691475,1.865446,1.844721,1.892722,0.695768,1.286925,1.873941,1.865446,1.027989,1.880447,1.850700,0.682856,1.862216,1.889518,1.748538,1.886462,0.715182,1.823572,1.271380,1.861367,1.896636,1.846367,1.807893,0.763592,1.875847,1.866177,1.858880,1.891298,1.891560,1.739237,1.623954,1.090739,1.881719,1.889247,0.546625,1.887937,0.875827,0.615480,1.795352,1.853700,1.862520,1.878145,1.742140,1.014660,1.808760,0.814119,1.823896,1.901769,1.896925,1.891560,1.853710,1.846781,1.818080,1.881046,1.905620
1.849455,1.367134,0.536414,0.229837,0.441073,0.226573,0.195956,1.119973,0.860176,1.915668,0.273115,1.052628,0.750191,1.750072,0.253843,0.410259,1.155136,1.968890,0.290328,0.021137,0.148471,0.398156,0.169266,0.913198,0.179751,1.941893,0.311862,0.381977,1.934821,0.220520,1.555031,0.253843,0.225325,1.887983,0.000000,0.608838,0.863234,1.839591,0.339760,0.374987,0.397879,1.366969,0.452725,0.112674,0.208641,0.832354,0.345463,0.322237,0.255754,1.807013,1.599347,0.220520,0.345463,1.880656,0.326782,0.407004,1.893265,0.483724,0.300444,0.793871,0.232021,1.973975,0.467205,1.453807,0.214050,0.261554,0.285507,0.674784,1.816308,0.178449,0.311862,0.235521,0.284893,0.090821,0.807829,0.929686,1.839740,0.161295,0.293268,1.959224,0.325859,1.899309,1.984806,0.462247,0.192835,0.224454,0.074147,0.850784,1.537654,0.571923,1.932982,0.364308,0.111470,0.109211,0.090821,0.260499,0.263051,0.432648,0.168933,0.138316
1.611982,1.112614,0.515817,0.725042,0.860257,0.711924,0.694969,0.799515,0.480034,1.827277,0.699426,1.087473,0.827961,1.661987,0.676881,0.495363,1.113083,1.851057,0.793575,0.616206,0.662232,0.808482,0.700192,1.248915,0.711078,1.772959,0.531417,0.543931,1.792000,0.601353,1.647885,0.676881,0.692004,1.784245,0.608838,0.000000,0.582396,1.589815,0.797346,0.839147,0.510019,1.024522,0.895420,0.647073,0.694277,0.516230,0.494351,0.574980,0.635064,1.562452,1.296797,0.601353,0.494351,1.704054,0.785466,0.870197,1.669734,0.444103,0.801674,0.466406,0.680171,1.847517,0.515410,1.154012,0.638314,0.622376,0.788090,0.493310,1.635919,0.711782,0.531417,0.660916,0.739546,0.623356,0.570994,0.594121,1.701874,0.654071,0.790243,1.864254,0.730263,1.715317,1.870751,0.771961,0.721476,0.745703,0.648130,0.606686,1.361619,0.492310,1.769316,0.814987,0.608039,0.619562,0.623356,0.769705,0.678025,0.568312,0.704881,0.651052
1.415618,0.738291,0.559614,0.990919,1.143984,0.973110,0.957147,0.390543,0.413865,1.745944,0.908166,1.200498,0.941864,1.628571,0.949893,0.593603,1.168838,1.711389,1.065172,0.875354,0.902297,1.110081,0.959192,1.496874,0.993310,1.612286,0.688745,0.689672,1.623716,0.817606,1.800069,0.949893,0.965846,1.749922,0.863234,0.582396,0.000000,1.419632,1.060850,1.105968,0.631852,0.894162,1.170349,0.902586,0.947355,0.431820,0.615195,0.763411,0.861532,1.418294,1.219302,0.817606,0.615195,1.492043,1.029113,1.126903,1.509018,0.455370,1.048654,0.448269,0.949755,1.725507,0.575715,0.956481,0.927776,0.853662,1.075145,0.304261,1.462028,0.980000,0.688745,0.948818,0.972291,0.872469,0.232545,0.445236,1.497359,0.899772,1.024500,1.755552,0.980086,1.535118,1.754997,1.102706,1.006442,1.023717,0.914762,0.638636,1.403581,0.444026,1.617933,1.102543,0.840545,0.861245,0.872469,1.054908,0.980897,0.737608,0.966885,0.886445
0.265117,1.040294,1.668536,1.881496,1.907926,1.872812,1.871998,1.202464,1.404013,0.898446,1.850070,1.606778,1.729003,1.139540,1.863666,1.712363,1.482021,0.673192,1.897557,1.844239,1.855708,1.882355,1.873361,1.882948,1.884625,0.538516,1.771082,1.741313,0.665228,1.828615,1.582645,1.863666,1.873559,0.976559,1.839591,1.589815,1.419632,0.000000,1.896599,1.910178,1.732912,1.006943,1.920117,1.855572,1.868888,1.425792,1.740886,1.780015,1.832692,0.691120,0.638043,1.828615,1.740886,0.540745,1.886837,1.898012,0.529881,1.662676,1.891779,1.472076,1.853791,0.703887,1.685143,0.900590,1.851982,1.828710,1.908108,1.566153,0.767665,1.882489,1.771082,1.853982,1.870308,1.844964,1.478368,1.373620,0.686808,1.856033,1.892300,0.787380,1.866394,0.567208,0.713416,1.859486,1.886454,1.894316,1.856831,1.453213,1.177722,1.626735,0.617893,1.904934,1.829364,1.839429,1.844964,1.904080,1.861080,1.757357,1.879033,1.846593
1.899776,1.504142,0.703722,0.177370,0.235013,0.150066,0.232027,1.298324,1.059137,1.896212,0.330128,1.084278,0.767407,1.723536,0.220488,0.615344,1.214655,1.972059,0.267728,0.330213,0.289326,0.362367,0.260269,0.733503,0.260657,1.964062,0.486643,0.557181,1.960109,0.356736,1.422612,0.220488,0.278780,1.858646,0.339760,0.797346,1.060850,1.896599,0.000000,0.082813,0.569537,1.495962,0.311560,0.289721,0.261272,1.003896,0.547766,0.475126,0.301863,1.859919,1.673841,0.356736,0.547766,1.931928,0.346534,0.350133,1.932925,0.692448,0.324781,0.991402,0.304989,1.974875,0.664680,1.567208,0.308689,0.342399,0.248936,0.870574,1.862959,0.238767,0.486643,0.317578,0.334698,0.321430,0.996815,1.108762,1.891511,0.273998,0.209453,1.953069,0.315789,1.930267,1.974322,0.353926,0.272191,0.222957,0.306021,1.005700,1.510285,0.762506,1.966157,0.306973,0.346987,0.328638,0.321430,0.245307,0.316797,0.538273,0.248926,0.311030
1.914734,1.535115,0.751539,0.196680,0.203506,0.188285,0.256525,1.337233,1.095140,1.889172,0.369654,1.091391,0.793832,1.718249,0.246626,0.660008,1.227954,1.968135,0.263254,0.364262,0.319193,0.346456,0.280220,0.697136,0.275907,1.969278,0.536027,0.598269,1.959993,0.401569,1.403020,0.246626,0.297833,1.853629,0.374987,0.839147,1.105968,1.910178,0.082813,0.000000,0.619070,1.525060,0.288589,0.322390,0.293019,1.049468,0.597527,0.517766,0.362669,1.870649,1.696699,0.401569,0.597527,1.939421,0.347879,0.327257,1.941803,0.742491,0.320013,1.036297,0.340146,1.971967,0.706691,1.595923,0.332376,0.391286,0.239280,0.919746,1.872469,0.257295,0.536027,0.336141,0.352412,0.356223,1.041612,1.148112,1.896640,0.305697,0.212886,1.946735,0.338498,1.938577,1.969809,0.366486,0.281773,0.230202,0.333945,1.048087,1.523025,0.809966,1.968676,0.296169,0.385016,0.365852,0.356223,0.241728,0.332345,0.583208,0.270421,0.344104
1.740013,1.213878,0.182054,0.500065,0.649486,0.493610,0.458669,0.941234,0.738284,1.879823,0.485286,1.195337,0.548247,1.703291,0.436195,0.291197,1.257480,1.926534,0.611819,0.404610,0.425867,0.654557,0.480175,1.093607,0.493086,1.869301,0.110057,0.334778,1.886856,0.258487,1.591817,0.436195,0.450118,1.853054,0.397879,0.510019,0.631852,1.732912,0.569537,0.619070,0.000000,1.234503,0.659759,0.408708,0.413132,0.603130,0.132712,0.207951,0.401747,1.706159,1.452761,0.258487,0.132712,1.817185,0.615171,0.703429,1.784229,0.350337,0.623429,0.587585,0.443651,1.934716,0.312038,1.299238,0.437661,0.401540,0.597656,0.373013,1.744690,0.483537,0.110057,0.474044,0.559655,0.395101,0.522310,0.723410,1.774698,0.414245,0.568250,1.922953,0.527431,1.797051,1.948382,0.648645,0.522550,0.522556,0.438025,0.723377,1.432305,0.247970,1.877616,0.595961,0.378657,0.382602,0.395101,0.573314,0.492555,0.274214,0.472121,0.416116
1.025825,0.805276,1.189189,1.462996,1.546033,1.447899,1.437188,0.789049,0.850083,1.434470,1.389442,1.296258,1.364966,1.406625,1.427470,1.229281,1.171802,1.364801,1.483832,1.374284,1.407345,1.475024,1.438693,1.685027,1.455507,1.187134,1.279823,1.287193,1.294816,1.361646,1.741591,1.427470,1.440176,1.469515,1.366969,1.024522,0.894162,1.006943,1.495962,1.525060,1.234503,0.000000,1.575070,1.399673,1.429448,0.990119,1.236335,1.315151,1.353924,1.086531,0.870212,1.361646,1.236335,1.119925,1.452820,1.531028,1.124425,1.104706,1.477217,0.941795,1.408700,1.366194,1.186154,0.832636,1.380743,1.341462,1.495497,1.034911,1.204737,1.446576,1.279823,1.384358,1.429781,1.381596,0.995758,0.926333,1.155501,1.404071,1.486448,1.429916,1.408513,1.153870,1.407150,1.424568,1.454064,1.470845,1.401020,0.793649,1.125638,1.132602,1.240549,1.501356,1.359070,1.372843,1.381596,1.489773,1.400054,1.304473,1.442392,1.388328
1.931466,1.598521,0.773756,0.309869,0.243044,0.346485,0.325303,1.398431,1.173481,1.860320,0.498143,1.182075,0.726743,1.674061,0.322042,0.705003,1.325414,1.967259,0.359414,0.441729,0.413840,0.360874,0.368577,0.641051,0.328757,1.974639,0.588219,0.637305,1.964764,0.456525,1.314347,0.322042,0.323061,1.808686,0.452725,0.895420,1.170349,1.920117,0.311560,0.288589,0.659759,1.575070,0.000000,0.408607,0.355096,1.089542,0.654975,0.546477,0.492757,1.861908,1.699807,0.456525,0.654975,1.969726,0.459673,0.369205,1.935407,0.830178,0.420377,1.072844,0.408619,1.965014,0.762172,1.634321,0.409098,0.502096,0.302995,0.966980,1.873448,0.335547,0.588219,0.417599,0.478399,0.444677,1.082892,1.180651,1.919009,0.374675,0.387686,1.923076,0.428848,1.941452,1.957214,0.444574,0.336621,0.294507,0.410291,1.113145,1.493057,0.847639,1.967400,0.268327,0.481239,0.456595,0.444677,0.311236,0.387179,0.582158,0.346079,0.445111
1.866879,1.396206,0.549775,0.191700,0.394379,0.197493,0.158766,1.166074,0.906670,1.918410,0.271990,1.079542,0.722216,1.751509,0.213553,0.444140,1.186969,1.975057,0.284690,0.099332,0.093817,0.380224,0.116569,0.875735,0.138218,1.948588,0.317591,0.409035,1.943304,0.201966,1.523719,0.213553,0.170469,1.886742,0.112674,0.647073,0.902586,1.855572,0.289721,0.322390,0.408708,1.399673,0.408607,0.000000,0.163770,0.867701,0.365631,0.320698,0.252992,1.824930,1.611849,0.201966,0.365631,1.896671,0.318783,0.397735,1.906471,0.524243,0.295212,0.824991,0.209259,1.975934,0.499393,1.483178,0.199998,0.269823,0.256048,0.702585,1.828596,0.110175,0.317591,0.218675,0.283651,0.055182,0.837917,0.970201,1.852284,0.150156,0.262294,1.963591,0.320182,1.905973,1.989417,0.450197,0.169121,0.164657,0.091139,0.886706,1.542843,0.596880,1.942989,0.316805,0.095006,0.062872,0.055182,0.227741,0.242606,0.419590,0.101619,0.085748
