0.000000,1.011514,1.651906,1.876421,1.896908,1.866650,1.869123,1.190533,1.417378,0.876350,1.853856,1.596002,1.721410,1.161582,1.855247,1.687765,1.468858,0.624362,1.895121,1.842990,1.852009,1.885974,1.871236,1.893962,1.883913,0.573464,1.753224,1.719692,0.643615,1.817557,1.608034,1.855247,1.866231,0.982908,1.838648,1.611086,1.405556,0.319452,1.894478,1.907825,1.716971,1.036260,1.918417,1.856927,1.864378,1.417094,1.718905,1.765421,1.834700,0.647890,0.869573,1.817557,1.718905,0.538426,1.884196,1.909298,0.459315,1.655271,1.887672,1.459980,1.855897,0.681128,1.667355,0.896089,1.847379,1.836386,1.904964,1.543414,0.758794,1.881541,1.753224,1.849773,1.866086,1.844420,1.457887,1.348591,0.736036,1.851899,1.889997,0.765118,1.880630,0.566863,0.672439,1.863526,1.884458,1.893877,1.855055,1.504202,1.149910,1.606285,0.610802,1.904178,1.830176,1.840502,1.844420,1.900643,1.861351,1.760041,1.876535,1.847278
1.011514,0.000000,1.138846,1.422331,1.530357,1.409658,1.402190,0.635438,0.883209,1.481849,1.383161,1.248672,1.389721,1.501409,1.405725,1.145841,1.153150,1.316586,1.463849,1.364664,1.369935,1.492421,1.409330,1.716037,1.447851,1.233910,1.228134,1.210728,1.214393,1.320507,1.851437,1.405725,1.421127,1.538631,1.356634,1.152976,0.772024,1.004163,1.477350,1.504020,1.188390,0.882424,1.552598,1.384956,1.404810,0.920452,1.172182,1.281263,1.353290,1.070536,1.090763,1.320507,1.172182,1.059180,1.448383,1.522702,1.147078,1.054581,1.440306,0.989828,1.394414,1.385570,1.115249,0.780802,1.384127,1.356640,1.491974,0.954578,1.081813,1.436208,1.228134,1.385579,1.403346,1.356209,0.877825,0.905222,1.133786,1.363780,1.446657,1.432660,1.454069,1.208898,1.385754,1.477862,1.453499,1.469456,1.388445,1.024996,1.398091,1.053100,1.291660,1.514809,1.332320,1.350638,1.356209,1.479581,1.420529,1.279510,1.422985,1.360445
1.651906,1.138846,0.000000,0.639961,0.766373,0.636216,0.606380,0.829369,0.672919,1.841362,0.674334,1.284276,0.486674,1.640522,0.566019,0.321631,1.345655,1.867392,0.755050,0.559240,0.568753,0.755592,0.620656,1.124897,0.637362,1.804835,0.263189,0.383320,1.836977,0.407653,1.603640,0.566019,0.566172,1.807601,0.553309,0.553313,0.536504,1.609664,0.724893,0.766585,0.177096,1.173190,0.759228,0.559648,0.562668,0.475964,0.247636,0.276125,0.593844,1.559050,1.302353,0.407653,0.247636,1.769154,0.778231,0.843389,1.672199,0.398833,0.761923,0.519555,0.598531,1.886575,0.336848,1.193510,0.566385,0.591391,0.741800,0.299046,1.639650,0.628312,0.263189,0.607329,0.714637,0.547058,0.388488,0.608465,1.719320,0.558689,0.728488,1.876198,0.740058,1.749434,1.897567,0.748798,0.666081,0.665555,0.585995,0.768980,1.377352,0.132188,1.832881,0.706173,0.529765,0.535477,0.547058,0.711622,0.621155,0.359799,0.611625,0.567244
1.876421,1.422331,0.639961,0.000000,0.274472,0.077800,0.085497,1.200537,0.947346,1.897184,0.312400,1.067920,0.752399,1.665331,0.141008,0.526927,1.215632,1.964334,0.217940,0.226910,0.170991,0.290353,0.158762,0.697783,0.181785,1.955548,0.418071,0.467582,1.951142,0.276774,1.445735,0.141008,0.217267,1.855668,0.234743,0.740391,0.971713,1.835123,0.173538,0.197608,0.503596,1.456906,0.296677,0.183021,0.175955,0.926714,0.476933,0.409379,0.278857,1.790149,1.564625,0.276774,0.476933,1.916862,0.329349,0.293121,1.906616,0.600228,0.273868,0.959044,0.232044,1.983097,0.579939,1.525495,0.227588,0.290048,0.221434,0.806293,1.790182,0.159608,0.418071,0.238314,0.304160,0.216118,0.917648,1.033427,1.859788,0.148815,0.219927,1.952996,0.319606,1.925271,1.982966,0.311220,0.193016,0.168422,0.200574,0.919053,1.541349,0.691216,1.964404,0.288849,0.234845,0.221802,0.216118,0.204674,0.247350,0.429825,0.161614,0.203551
1.896908,1.530357,0.766373,0.274472,0.000000,0.295424,0.327022,1.325094,1.088215,1.832167,0.502761,1.145871,0.742208,1.564696,0.259905,0.670646,1.319559,1.946288,0.347032,0.436301,0.396068,0.312005,0.366876,0.528581,0.320261,1.962100,0.588168,0.585313,1.960334,0.456965,1.282356,0.259905,0.335545,1.766129,0.447708,0.886155,1.129057,1.862646,0.247955,0.212032,0.658083,1.541457,0.240780,0.397424,0.374088,1.040254,0.656366,0.547885,0.485291,1.782751,1.606672,0.456965,0.656366,1.956754,0.478278,0.357398,1.903085,0.796935,0.438272,1.097164,0.438041,1.957421,0.738405,1.570760,0.386190,0.494780,0.288535,0.964045,1.775239,0.340449,0.588168,0.397578,0.486839,0.439089,1.051267,1.127524,1.907781,0.384408,0.372235,1.910757,0.440114,1.937595,1.951290,0.352649,0.313562,0.301590,0.399555,1.058272,1.478733,0.832863,1.955325,0.322771,0.470179,0.449329,0.439089,0.293900,0.370970,0.532706,0.353821,0.439716
1.866650,1.409658,0.636216,0.077800,0.295424,0.000000,0.132361,1.186355,0.937043,1.899518,0.299668,1.070403,0.761705,1.672791,0.163319,0.516104,1.214068,1.961807,0.221341,0.234243,0.176503,0.307123,0.164931,0.721374,0.207092,1.951565,0.416393,0.457259,1.947426,0.280897,1.458235,0.163319,0.242920,1.858887,0.240246,0.736736,0.960967,1.827168,0.156603,0.197181,0.500506,1.450462,0.328299,0.199535,0.189458,0.915794,0.471663,0.408803,0.259340,1.791581,1.558459,0.280897,0.471663,1.909415,0.331879,0.306124,1.904869,0.595039,0.271210,0.951668,0.236334,1.981294,0.576674,1.511196,0.237400,0.287573,0.238255,0.799497,1.791320,0.177376,0.416393,0.245844,0.291616,0.227494,0.907856,1.022275,1.857123,0.172046,0.205299,1.954329,0.335544,1.922344,1.979842,0.325366,0.216362,0.189841,0.210317,0.911420,1.540982,0.683230,1.962720,0.311653,0.237257,0.231327,0.227494,0.225456,0.262366,0.442078,0.178733,0.208080
1.869123,1.402190,0.606380,0.085497,0.327022,0.132361,0.000000,1.179310,0.926071,1.904458,0.314122,1.070710,0.733538,1.678082,0.156848,0.505840,1.210812,1.965352,0.235579,0.204793,0.150822,0.317427,0.149624,0.732672,0.186213,1.949832,0.383058,0.456848,1.945868,0.244304,1.469560,0.156848,0.206918,1.864928,0.211614,0.712588,0.939357,1.824910,0.229534,0.255702,0.468215,1.431894,0.314426,0.155890,0.144901,0.900464,0.440543,0.378878,0.268417,1.782870,1.545939,0.244304,0.440543,1.908610,0.342717,0.324325,1.899158,0.564305,0.280677,0.925414,0.193501,1.984370,0.546165,1.514833,0.217881,0.271788,0.249147,0.767784,1.787630,0.153303,0.383058,0.236118,0.310393,0.185051,0.885675,1.013804,1.847316,0.103017,0.247802,1.955801,0.329862,1.917641,1.985777,0.325884,0.206138,0.178249,0.186492,0.894554,1.543002,0.657236,1.961951,0.300179,0.201037,0.187681,0.185051,0.227022,0.246127,0.404105,0.148356,0.173394
1.190533,0.635438,0.829369,1.200537,1.325094,1.186355,1.179310,0.000000,0.455353,1.574209,1.174031,1.195618,1.149195,1.489426,1.165439,0.811898,1.148464,1.525096,1.257219,1.104485,1.133381,1.271470,1.179445,1.565575,1.207813,1.437166,0.948317,0.886637,1.458221,1.063362,1.836240,1.165439,1.177591,1.610648,1.094192,0.800247,0.387795,1.170034,1.289031,1.321149,0.903877,0.801954,1.357288,1.142232,1.176549,0.542819,0.876583,0.988293,1.138366,1.147898,1.116698,1.063362,0.876583,1.304485,1.245437,1.330662,1.284702,0.741941,1.241823,0.612538,1.180419,1.570715,0.792393,0.765533,1.141746,1.129828,1.274788,0.638508,1.278942,1.203333,0.948317,1.153198,1.192654,1.108691,0.513755,0.431439,1.315505,1.127094,1.247636,1.577796,1.247065,1.377783,1.583509,1.264896,1.212692,1.239993,1.133529,0.811141,1.295876,0.723891,1.461492,1.291404,1.084219,1.106079,1.108691,1.258920,1.186821,1.016573,1.189264,1.127510
1.417378,0.883209,0.672919,0.947346,1.088215,0.937043,0.926071,0.455353,0.000000,1.712289,0.927845,1.101843,1.023921,1.564884,0.912310,0.596877,1.103119,1.704264,0.999812,0.831915,0.869170,0.990787,0.915391,1.361908,0.939306,1.627081,0.729257,0.660048,1.647606,0.828260,1.773146,0.912310,0.914695,1.714352,0.823001,0.472292,0.424307,1.374040,1.049664,1.081843,0.703096,0.860913,1.131221,0.874759,0.931678,0.476344,0.661683,0.764525,0.891758,1.338090,1.191690,0.828260,0.661683,1.521355,0.982884,1.087439,1.485120,0.537691,0.982250,0.463142,0.930813,1.737575,0.597875,0.957700,0.863327,0.869487,1.014074,0.548830,1.478957,0.939601,0.729257,0.866380,0.937661,0.838394,0.516785,0.398853,1.502746,0.874023,1.004822,1.737028,0.983747,1.575244,1.757227,0.991258,0.942853,0.976929,0.860803,0.614455,1.311887,0.590612,1.649073,1.026699,0.816363,0.837511,0.838394,0.997919,0.902311,0.809449,0.926499,0.862269
0.876350,1.481849,1.841362,1.897184,1.832167,1.899518,1.904458,1.574209,1.712289,0.000000,1.925867,1.590911,1.777581,0.598981,1.884112,1.843439,1.558548,0.652584,1.892163,1.906103,1.913540,1.863949,1.910562,1.686501,1.890869,0.698921,1.891667,1.836665,0.776096,1.904681,1.173574,1.884112,1.887552,0.483954,1.906973,1.833412,1.747665,0.972461,1.893774,1.881222,1.878244,1.434128,1.866613,1.912572,1.912047,1.724792,1.887123,1.877875,1.923296,0.846576,1.368992,1.904681,1.887123,0.883512,1.905976,1.889969,0.753632,1.874305,1.910874,1.744492,1.918073,0.618317,1.824259,1.288895,1.902656,1.918316,1.876983,1.820680,0.846904,1.904739,1.891667,1.899340,1.919969,1.913553,1.753208,1.642677,0.864668,1.909968,1.906795,0.294574,1.897388,0.675529,0.559592,1.850200,1.882340,1.894735,1.900929,1.758308,1.151284,1.828637,0.660603,1.871605,1.919518,1.918841,1.913553,1.884928,1.895948,1.873810,1.908655,1.923495
1.853856,1.383161,0.674334,0.312400,0.502761,0.299668,0.314122,1.174031,0.927845,1.925867,0.000000,1.053164,0.849923,1.726657,0.372958,0.562696,1.170906,1.962993,0.321922,0.291818,0.270394,0.384636,0.278010,0.821333,0.327917,1.936719,0.452020,0.537660,1.935285,0.347924,1.538603,0.372958,0.364964,1.901433,0.290074,0.722574,0.935757,1.821712,0.332613,0.374154,0.529431,1.402065,0.495582,0.283780,0.293163,0.941613,0.488350,0.484827,0.215176,1.801779,1.560134,0.347924,0.488350,1.870011,0.208272,0.386247,1.903465,0.558305,0.283428,0.941497,0.323049,1.967731,0.625007,1.529019,0.301763,0.253213,0.355353,0.782051,1.799022,0.288485,0.452020,0.291100,0.160982,0.289105,0.917175,1.052681,1.823147,0.281682,0.261337,1.962542,0.283877,1.908546,1.974508,0.434937,0.338285,0.315461,0.297731,0.862563,1.572694,0.709912,1.941253,0.410331,0.281071,0.282121,0.289105,0.345508,0.315999,0.536982,0.285515,0.260315
1.596002,1.248672,1.284276,1.067920,1.145871,1.070403,1.070710,1.195618,1.101843,1.590911,1.053164,0.000000,1.471542,1.471077,1.120079,1.161724,0.294440,1.637779,1.014095,1.066699,1.083068,1.081285,1.080640,1.185861,1.087734,1.607263,1.175454,1.163092,1.568488,1.139210,1.574654,1.120079,1.133030,1.607798,1.064459,1.154685,1.200309,1.564798,1.096464,1.097913,1.209856,1.341834,1.187833,1.087619,1.112812,1.277128,1.165931,1.208920,1.053675,1.513353,1.567648,1.139210,1.165931,1.475452,1.015065,1.070240,1.656204,1.078545,1.019679,1.297245,1.092513,1.665476,1.104865,1.478806,1.093460,1.056524,1.085910,1.245351,1.485155,1.090956,1.175454,1.068893,1.024807,1.066431,1.284967,1.298681,1.467027,1.069191,1.058436,1.633550,1.072374,1.586628,1.656051,1.006294,1.075496,1.102854,1.066657,1.080403,1.604701,1.254990,1.614324,1.151670,1.068410,1.076390,1.066431,1.088919,1.085753,1.242773,1.090176,1.074575
1.721410,1.389721,0.486674,0.752399,0.742208,0.761705,0.733538,1.149195,1.023921,1.777581,0.849923,1.471542,0.000000,1.560407,0.663278,0.666493,1.554777,1.853943,0.864838,0.744916,0.736250,0.805105,0.752939,1.004296,0.730604,1.801732,0.569089,0.659866,1.862948,0.603463,1.353014,0.663278,0.650798,1.702283,0.748535,0.825512,0.909842,1.682375,0.779780,0.800911,0.536351,1.328022,0.717533,0.711596,0.681404,0.805679,0.612974,0.518640,0.777579,1.585804,1.353627,0.603463,0.612974,1.849365,0.912743,0.923289,1.667128,0.777166,0.905220,0.830355,0.726628,1.847466,0.686352,1.319569,0.702181,0.778445,0.801889,0.696944,1.655934,0.731573,0.569089,0.744173,0.882959,0.731711,0.742949,0.892212,1.795520,0.734523,0.850798,1.830080,0.851753,1.762759,1.859654,0.813252,0.758178,0.737136,0.746834,1.038132,1.299231,0.584731,1.822214,0.712460,0.739796,0.723840,0.731711,0.778851,0.721383,0.530153,0.724686,0.747788
1.161582,1.501409,1.640522,1.665331,1.564696,1.672791,1.678082,1.489426,1.564884,0.598981,1.726657,1.471077,1.560407,0.000000,1.637802,1.623158,1.524252,1.083451,1.678592,1.686872,1.698209,1.621020,1.694850,1.432539,1.654751,1.119334,1.673995,1.602148,1.197476,1.680146,1.007164,1.637802,1.646836,0.687493,1.689457,1.651953,1.620476,1.239358,1.665542,1.649174,1.665345,1.406978,1.625909,1.695503,1.692312,1.567733,1.678359,1.661468,1.715247,0.919273,1.428123,1.680146,1.678359,1.273201,1.705450,1.676171,1.040402,1.691467,1.718947,1.605224,1.714193,1.069007,1.608744,1.310974,1.674049,1.707031,1.635358,1.654117,0.985924,1.683295,1.673995,1.671435,1.728055,1.699473,1.601045,1.488229,1.246190,1.686885,1.702970,0.846130,1.674453,1.063610,1.026243,1.593355,1.642259,1.666913,1.677965,1.606844,1.032749,1.640222,1.075078,1.633754,1.715652,1.709878,1.699473,1.645357,1.662381,1.638962,1.689822,1.721222
1.855247,1.405725,0.566019,0.141008,0.259905,0.163319,0.156848,1.165439,0.912310,1.884112,0.372958,1.120079,0.663278,1.637802,0.000000,0.475623,1.263114,1.959089,0.306891,0.252097,0.213669,0.318739,0.223478,0.720367,0.217647,1.947926,0.362291,0.414707,1.951044,0.238166,1.436763,0.000000,0.200831,1.837322,0.259399,0.698894,0.929143,1.813180,0.234454,0.255811,0.438595,1.421446,0.305337,0.211252,0.205884,0.866328,0.427843,0.346527,0.312034,1.758212,1.526931,0.238166,0.427843,1.917101,0.409238,0.379823,1.878956,0.571572,0.364670,0.911944,0.282311,1.978119,0.531198,1.489917,0.224885,0.311518,0.282454,0.751471,1.777372,0.211482,0.362291,0.253000,0.379101,0.243512,0.857448,0.974012,1.862070,0.181972,0.306651,1.944829,0.354524,1.912043,1.977651,0.332149,0.235625,0.220328,0.235289,0.891902,1.484970,0.625568,1.956596,0.305344,0.261435,0.245974,0.243512,0.261416,0.252779,0.346962,0.210632,0.247255
1.687765,1.145841,0.321631,0.526927,0.670646,0.516104,0.505840,0.811898,0.596877,1.843439,0.562696,1.161724,0.666493,1.623158,0.475623,0.000000,1.252130,1.890821,0.628313,0.427331,0.442630,0.625409,0.497647,1.037330,0.518780,1.845155,0.264322,0.123187,1.858699,0.363889,1.612353,0.475623,0.477782,1.805872,0.419317,0.535491,0.576306,1.658708,0.633422,0.672387,0.285639,1.214718,0.694781,0.453091,0.498110,0.527946,0.215020,0.301299,0.512931,1.597119,1.412385,0.363889,0.215020,1.786631,0.656037,0.712354,1.731902,0.351624,0.633823,0.588659,0.541578,1.908678,0.332707,1.224014,0.463504,0.509778,0.612242,0.426858,1.642240,0.519091,0.264322,0.491849,0.591814,0.430202,0.498999,0.608508,1.748747,0.451411,0.610416,1.890295,0.634786,1.799279,1.917267,0.662550,0.533502,0.557298,0.451392,0.758934,1.412854,0.307163,1.854758,0.625344,0.413802,0.428582,0.430202,0.586908,0.519818,0.375660,0.502099,0.457009
1.468858,1.153150,1.345655,1.215632,1.319559,1.214068,1.210812,1.148464,1.103119,1.558548,1.170906,0.294440,1.554777,1.524252,1.263114,1.252130,0.000000,1.537315,1.168681,1.191362,1.211883,1.239464,1.215925,1.366358,1.235181,1.479765,1.266649,1.272425,1.446756,1.254972,1.670650,1.263114,1.274888,1.606897,1.186914,1.194742,1.185935,1.428652,1.248065,1.256716,1.287953,1.234514,1.344245,1.214511,1.241154,1.289988,1.245564,1.304949,1.166467,1.455793,1.469718,1.254972,1.245564,1.312810,1.150703,1.229542,1.555302,1.132409,1.157873,1.299188,1.209881,1.573772,1.182399,1.410285,1.224051,1.167152,1.245417,1.266977,1.436631,1.229683,1.266649,1.201948,1.150757,1.189389,1.296635,1.308547,1.311282,1.201922,1.198834,1.563701,1.203439,1.457348,1.569853,1.159013,1.227633,1.248910,1.198811,1.070928,1.609162,1.304023,1.504701,1.301109,1.181290,1.193903,1.189389,1.244287,1.222904,1.349053,1.226245,1.191918
0.624362,1.316586,1.867392,1.964334,1.946288,1.961807,1.965352,1.525096,1.704264,0.652584,1.962993,1.637779,1.853943,1.083451,1.959089,1.890821,1.537315,0.000000,1.960739,1.962213,1.963001,1.956815,1.967159,1.873309,1.971593,0.499445,1.928505,1.905129,0.394598,1.955510,1.434542,1.959089,1.968602,0.809029,1.960911,1.845923,1.697877,0.722145,1.964974,1.960640,1.909224,1.364211,1.960266,1.968334,1.968972,1.724215,1.911851,1.928916,1.961998,0.842607,1.212027,1.955510,1.911851,0.541424,1.954978,1.956307,0.610355,1.869498,1.954742,1.741296,1.964894,0.391010,1.870866,1.246218,1.963948,1.960603,1.964688,1.800083,0.797398,1.972009,1.928505,1.961170,1.955794,1.962850,1.731759,1.659712,0.744608,1.962548,1.959286,0.468763,1.962899,0.590401,0.301226,1.952152,1.967105,1.972854,1.964435,1.762736,1.308106,1.839994,0.439892,1.972187,1.957992,1.962557,1.962850,1.966590,1.966322,1.922852,1.971455,1.962307
1.895121,1.463849,0.755050,0.217940,0.347032,0.221341,0.235579,1.257219,0.999812,1.892163,0.321922,1.014095,0.864838,1.678592,0.306891,0.628313,1.168681,1.960739,0.000000,0.281064,0.271989,0.265185,0.235345,0.671667,0.232017,1.961218,0.539425,0.571061,1.942867,0.396825,1.448191,0.306891,0.318255,1.850244,0.289081,0.805076,1.050799,1.857555,0.256450,0.257821,0.621401,1.481924,0.360213,0.275593,0.282512,1.019825,0.590508,0.523368,0.347626,1.814460,1.613592,0.396825,0.590508,1.907381,0.268933,0.252814,1.923714,0.682825,0.149091,1.034821,0.311100,1.973189,0.680325,1.567415,0.300954,0.357702,0.222304,0.903119,1.807467,0.228594,0.539425,0.283770,0.260854,0.295253,1.013031,1.108966,1.854708,0.265377,0.219781,1.945437,0.340538,1.935040,1.974055,0.333410,0.219694,0.220632,0.250949,0.946972,1.573813,0.798203,1.957552,0.319619,0.316005,0.307454,0.295253,0.226048,0.290437,0.579854,0.240297,0.285839
1.842990,1.364664,0.559240,0.226910,0.436301,0.234243,0.204793,1.104485,0.831915,1.906103,0.291818,1.066699,0.744916,1.686872,0.252097,0.427331,1.191362,1.962213,0.281064,0.000000,0.157990,0.346344,0.179127,0.808893,0.158803,1.937806,0.337939,0.391438,1.939614,0.229292,1.526901,0.252097,0.224525,1.871945,0.019326,0.620687,0.864620,1.800811,0.347670,0.375642,0.422691,1.364281,0.427200,0.112683,0.209580,0.833822,0.378790,0.345809,0.283602,1.756359,1.521988,0.229292,0.378790,1.884735,0.329809,0.389699,1.873105,0.487587,0.292416,0.841357,0.265184,1.975942,0.491051,1.451901,0.207212,0.266828,0.271323,0.699954,1.784214,0.175826,0.337939,0.212003,0.290350,0.093124,0.820500,0.939144,1.825808,0.166857,0.301936,1.953783,0.334153,1.903235,1.983849,0.386216,0.177978,0.217145,0.054635,0.815247,1.520631,0.599729,1.940744,0.332134,0.124131,0.114222,0.093124,0.243272,0.240256,0.414531,0.169250,0.151888
1.852009,1.369935,0.568753,0.170991,0.396068,0.176503,0.150822,1.133381,0.869170,1.913540,0.270394,1.083068,0.736250,1.698209,0.213669,0.442630,1.211883,1.963001,0.271989,0.157990,0.000000,0.330739,0.077777,0.787660,0.185257,1.940224,0.337677,0.400261,1.939531,0.215189,1.510995,0.213669,0.180538,1.879284,0.163092,0.672615,0.886726,1.810711,0.283662,0.313088,0.428947,1.406460,0.390130,0.096711,0.165253,0.860486,0.383713,0.346795,0.256137,1.778843,1.536893,0.215189,0.383713,1.891875,0.312215,0.362106,1.892376,0.515909,0.270779,0.867615,0.236067,1.977256,0.523840,1.484679,0.192562,0.260732,0.265640,0.716493,1.781124,0.121895,0.337677,0.202125,0.265686,0.116331,0.836613,0.968459,1.832573,0.128265,0.244347,1.959202,0.336616,1.909750,1.984734,0.391355,0.208795,0.174056,0.146095,0.869982,1.554926,0.610553,1.951548,0.298386,0.111506,0.107811,0.116331,0.239266,0.234833,0.404958,0.100325,0.073615
1.885974,1.492421,0.755592,0.290353,0.312005,0.307123,0.317427,1.271470,0.990787,1.863949,0.384636,1.081285,0.805105,1.621020,0.318739,0.625409,1.239464,1.956815,0.265185,0.346344,0.330739,0.000000,0.297232,0.617219,0.262235,1.955095,0.554073,0.556022,1.954599,0.428517,1.377920,0.318739,0.307301,1.807246,0.357142,0.781555,1.074636,1.849976,0.320100,0.313401,0.630480,1.453765,0.360688,0.329296,0.344249,1.011010,0.608180,0.529953,0.421762,1.781434,1.586676,0.428517,0.608180,1.929206,0.334122,0.346820,1.898610,0.715211,0.325204,1.012125,0.390085,1.962580,0.717800,1.541666,0.264712,0.425204,0.250275,0.920067,1.788706,0.274864,0.554073,0.229992,0.354702,0.360543,1.027544,1.086261,1.877952,0.343053,0.332637,1.927923,0.354811,1.933650,1.963630,0.321359,0.244250,0.246473,0.313222,0.957010,1.496809,0.812223,1.947245,0.258294,0.388581,0.371618,0.360543,0.261314,0.195612,0.572812,0.290586,0.361802
1.871236,1.409330,0.620656,0.158762,0.366876,0.164931,0.149624,1.179445,0.915391,1.910562,0.278010,1.080640,0.752939,1.694850,0.223478,0.497647,1.215925,1.967159,0.235345,0.179127,0.077777,0.297232,0.000000,0.749560,0.159977,1.947498,0.394375,0.450038,1.945746,0.260624,1.481923,0.223478,0.170867,1.874800,0.187823,0.706514,0.940905,1.830473,0.255341,0.276095,0.483161,1.436221,0.350935,0.120127,0.167470,0.910579,0.444256,0.392819,0.273608,1.797584,1.557697,0.260624,0.444256,1.904613,0.294613,0.325125,1.907525,0.573246,0.244897,0.911401,0.233724,1.978433,0.573319,1.512149,0.205586,0.281051,0.218394,0.772894,1.796531,0.079283,0.394375,0.204911,0.261863,0.153364,0.890925,1.014523,1.843575,0.157864,0.221564,1.958181,0.325643,1.919595,1.986024,0.367079,0.176841,0.123000,0.151294,0.906508,1.567236,0.666857,1.956165,0.252040,0.163835,0.153306,0.153364,0.197096,0.226906,0.451361,0.061610,0.116543
1.893962,1.716037,1.124897,0.697783,0.528581,0.721374,0.732672,1.565575,1.361908,1.686501,0.821333,1.185861,1.004296,1.432539,0.720367,1.037330,1.366358,1.873309,0.671667,0.808893,0.787660,0.617219,0.749560,0.000000,0.693120,1.897665,0.977613,0.956679,1.915255,0.862123,1.042757,0.720367,0.715514,1.605692,0.819658,1.182457,1.431116,1.881061,0.644640,0.609186,1.037658,1.646950,0.588272,0.779749,0.763764,1.336874,1.034453,0.927053,0.841313,1.770675,1.698511,0.862123,1.034453,1.941039,0.745919,0.625349,1.867637,1.140499,0.742058,1.376340,0.793793,1.850774,1.092559,1.692125,0.768947,0.844698,0.632944,1.293372,1.752103,0.716351,0.977613,0.762058,0.796788,0.815688,1.372155,1.394822,1.878797,0.785569,0.727943,1.783812,0.737966,1.895637,1.849326,0.630978,0.678713,0.670546,0.774938,1.272918,1.431110,1.188774,1.879871,0.626078,0.849060,0.826709,0.815688,0.652922,0.729875,0.914527,0.731839,0.817532
1.883913,1.447851,0.637362,0.181785,0.320261,0.207092,0.186213,1.207813,0.939306,1.890869,0.327917,1.087734,0.730604,1.654751,0.217647,0.518780,1.235181,1.971593,0.232017,0.158803,0.185257,0.262235,0.159977,0.693120,0.000000,1.958518,0.421424,0.460660,1.958555,0.282165,1.436042,0.217647,0.172324,1.843174,0.175686,0.715030,0.977930,1.845290,0.270487,0.279247,0.506382,1.442613,0.320717,0.136739,0.199899,0.929503,0.479847,0.406082,0.326698,1.782678,1.571142,0.282165,0.479847,1.924069,0.323619,0.329079,1.899709,0.612785,0.283150,0.936355,0.272784,1.978446,0.587054,1.512394,0.218352,0.320120,0.165049,0.804975,1.799416,0.115660,0.421424,0.215979,0.314609,0.168229,0.918276,1.025705,1.864143,0.205838,0.270479,1.949326,0.324304,1.927482,1.984158,0.336253,0.068203,0.115691,0.113827,0.913604,1.523150,0.693913,1.954699,0.229964,0.220114,0.190396,0.168229,0.136560,0.211730,0.456796,0.130996,0.207763
0.573464,1.233910,1.804835,1.955548,1.962100,1.951565,1.949832,1.437166,1.627081,0.698921,1.936719,1.607263,1.801732,1.119334,1.947926,1.845155,1.479765,0.499445,1.961218,1.937806,1.940224,1.955095,1.947498,1.897665,1.958518,0.000000,1.880756,1.870434,0.476280,1.923327,1.481723,1.947926,1.944314,0.855620,1.935554,1.766255,1.607648,0.634773,1.960032,1.963790,1.854077,1.203352,1.965570,1.942508,1.947322,1.646299,1.857514,1.887828,1.924593,0.789836,1.122882,1.923327,1.857514,0.461007,1.945509,1.966780,0.540081,1.809487,1.954089,1.628254,1.936290,0.478634,1.808024,1.145369,1.937093,1.923824,1.966035,1.714505,0.788115,1.953273,1.880756,1.937684,1.940519,1.935280,1.649927,1.583806,0.575800,1.942255,1.954854,0.543945,1.946419,0.359090,0.485551,1.929356,1.958727,1.959438,1.944084,1.650109,1.265246,1.772866,0.465675,1.952672,1.927010,1.932546,1.935280,1.965199,1.942960,1.887126,1.949867,1.934571
1.753224,1.228134,0.263189,0.418071,0.588168,0.416393,0.383058,0.948317,0.729257,1.891667,0.452020,1.175454,0.569089,1.673995,0.362291,0.264322,1.266649,1.928505,0.539425,0.337939,0.337677,0.554073,0.394375,0.977613,0.421424,1.880756,0.000000,0.291832,1.898537,0.176091,1.573806,0.362291,0.360715,1.860415,0.332239,0.552827,0.657812,1.713312,0.512629,0.557245,0.104976,1.262788,0.577712,0.331461,0.338712,0.629932,0.099524,0.163302,0.372004,1.668759,1.414149,0.176091,0.099524,1.834269,0.558750,0.632023,1.784856,0.339239,0.542625,0.651665,0.393100,1.946831,0.323219,1.333051,0.350568,0.370947,0.526497,0.436094,1.715666,0.403849,0.000000,0.390249,0.495682,0.319030,0.571320,0.761962,1.778623,0.329759,0.504960,1.932978,0.518523,1.832206,1.954263,0.556993,0.452707,0.447292,0.364975,0.761957,1.458128,0.316175,1.904218,0.510243,0.301658,0.306252,0.319030,0.495039,0.410401,0.262033,0.386251,0.336047
1.719692,1.210728,0.383320,0.467582,0.585313,0.457259,0.456848,0.886637,0.660048,1.836665,0.537660,1.163092,0.659866,1.602148,0.414707,0.123187,1.272425,1.905129,0.571061,0.391438,0.400261,0.556022,0.450038,0.956679,0.460660,1.870434,0.291832,0.000000,1.882607,0.344588,1.562960,0.414707,0.423586,1.789541,0.385780,0.580469,0.675405,1.690847,0.571296,0.605954,0.332949,1.270945,0.628382,0.414155,0.457696,0.593106,0.277108,0.294115,0.496135,1.621143,1.446654,0.344588,0.277108,1.822319,0.618204,0.648098,1.758855,0.427881,0.590711,0.665205,0.509593,1.920796,0.385165,1.259741,0.417009,0.495291,0.546123,0.530809,1.655022,0.467759,0.291832,0.447917,0.560292,0.400277,0.592241,0.663282,1.783573,0.412639,0.559731,1.893533,0.596903,1.828650,1.926728,0.606311,0.471539,0.497776,0.406385,0.805039,1.405543,0.392981,1.875733,0.564158,0.391610,0.402538,0.400277,0.523718,0.469975,0.357894,0.453905,0.427713
0.643615,1.214393,1.836977,1.951142,1.960334,1.947426,1.945868,1.458221,1.647606,0.776096,1.935285,1.568488,1.862948,1.197476,1.951044,1.858699,1.446756,0.394598,1.942867,1.939614,1.939531,1.954599,1.945746,1.915255,1.958555,0.476280,1.898537,1.882607,0.000000,1.930317,1.530080,1.951044,1.955658,0.885712,1.937398,1.798970,1.631967,0.741248,1.957350,1.956515,1.878444,1.324358,1.961446,1.945843,1.948428,1.688373,1.876777,1.906767,1.930503,0.855421,1.241729,1.930317,1.876777,0.413448,1.934476,1.945429,0.633157,1.822747,1.929675,1.680290,1.938450,0.471919,1.833935,1.235972,1.941414,1.929447,1.958968,1.749291,0.839517,1.953472,1.898537,1.939759,1.929058,1.936365,1.679853,1.617948,0.640068,1.938588,1.938846,0.585432,1.948328,0.542695,0.439838,1.951253,1.957640,1.959486,1.944613,1.709028,1.397296,1.802560,0.514270,1.965228,1.929208,1.935594,1.936365,1.958231,1.947964,1.907947,1.951703,1.935332
1.817557,1.320507,0.407653,0.276774,0.456965,0.280897,0.244304,1.063362,0.828260,1.904681,0.347924,1.139210,0.603463,1.680146,0.238166,0.363889,1.254972,1.955510,0.396825,0.229292,0.215189,0.428517,0.260624,0.862123,0.282165,1.923327,0.176091,0.344588,1.930317,0.000000,1.525566,0.238166,0.233017,1.868369,0.228747,0.612475,0.788229,1.778153,0.371839,0.412335,0.259712,1.348309,0.447453,0.200238,0.178444,0.754037,0.255021,0.202772,0.288171,1.730494,1.484337,0.000000,0.255021,1.879365,0.436587,0.490229,1.844755,0.428538,0.410167,0.777524,0.267277,1.968465,0.419666,1.418151,0.234744,0.294281,0.381355,0.585055,1.759281,0.258983,0.176091,0.276199,0.377760,0.207513,0.712657,0.881934,1.820880,0.202016,0.367815,1.951508,0.415313,1.881859,1.975768,0.447310,0.314107,0.298841,0.243821,0.817523,1.499236,0.467469,1.937166,0.381479,0.204994,0.197191,0.207513,0.351432,0.292955,0.282732,0.246186,0.221443
1.608034,1.851437,1.603640,1.445735,1.282356,1.458235,1.469560,1.836240,1.773146,1.173574,1.538603,1.574654,1.353014,1.007164,1.436763,1.612353,1.670650,1.434542,1.448191,1.526901,1.510995,1.377920,1.481923,1.042757,1.436042,1.481723,1.573806,1.562960,1.530080,1.525566,0.000000,1.436763,1.435874,1.027943,1.535287,1.670162,1.813497,1.617261,1.387116,1.360790,1.588821,1.745530,1.292059,1.503331,1.478718,1.703790,1.615918,1.537286,1.522599,1.471610,1.569750,1.525566,1.615918,1.676913,1.496083,1.403994,1.482603,1.717310,1.499686,1.725677,1.493066,1.372298,1.629610,1.694048,1.477410,1.527803,1.393775,1.725334,1.451887,1.457652,1.573806,1.482627,1.534190,1.529933,1.743833,1.703765,1.662556,1.513505,1.469126,1.298584,1.453564,1.479122,1.352443,1.351027,1.431318,1.422854,1.502801,1.717805,1.284310,1.662698,1.455398,1.354735,1.554698,1.536420,1.529933,1.405672,1.443895,1.508266,1.467974,1.533992
1.855247,1.405725,0.566019,0.141008,0.259905,0.163319,0.156848,1.165439,0.912310,1.884112,0.372958,1.120079,0.663278,1.637802,0.000000,0.475623,1.263114,1.959089,0.306891,0.252097,0.213669,0.318739,0.223478,0.720367,0.217647,1.947926,0.362291,0.414707,1.951044,0.238166,1.436763,0.000000,0.200831,1.837322,0.259399,0.698894,0.929143,1.813180,0.234454,0.255811,0.438595,1.421446,0.305337,0.211252,0.205884,0.866328,0.427843,0.346527,0.312034,1.758212,1.526931,0.238166,0.427843,1.917101,0.409238,0.379823,1.878956,0.571572,0.364670,0.911944,0.282311,1.978119,0.531198,1.489917,0.224885,0.311518,0.282454,0.751471,1.777372,0.211482,0.362291,0.253000,0.379101,0.243512,0.857448,0.974012,1.862070,0.181972,0.306651,1.944829,0.354524,1.912043,1.977651,0.332149,0.235625,0.220328,0.235289,0.891902,1.484970,0.625568,1.956596,0.305344,0.261435,0.245974,0.243512,0.261416,0.252779,0.346962,0.210632,0.247255
1.866231,1.421127,0.566172,0.217267,0.335545,0.242920,0.206918,1.177591,0.914695,1.887552,0.364964,1.133030,0.650798,1.646836,0.200831,0.477782,1.274888,1.968602,0.318255,0.224525,0.180538,0.307301,0.170867,0.715514,0.172324,1.944314,0.360715,0.423586,1.955658,0.233017,1.435874,0.200831,0.000000,1.838390,0.235541,0.680984,0.932860,1.828244,0.304129,0.322126,0.438173,1.417599,0.322249,0.171672,0.199950,0.880768,0.425230,0.346228,0.340773,1.762123,1.543295,0.233017,0.425230,1.921808,0.384869,0.386639,1.881251,0.577050,0.359147,0.881363,0.290959,1.971360,0.552899,1.484465,0.214232,0.338813,0.241794,0.745042,1.779234,0.147010,0.360715,0.231385,0.369190,0.212866,0.861641,0.984043,1.859214,0.209367,0.335389,1.946562,0.370742,1.915006,1.980773,0.366328,0.188570,0.156167,0.203732,0.893341,1.502509,0.629606,1.950855,0.193132,0.239605,0.214377,0.212866,0.220284,0.227741,0.378349,0.140759,0.219980
0.982908,1.538631,1.807601,1.855668,1.766129,1.858887,1.864928,1.610648,1.714352,0.483954,1.901433,1.607798,1.702283,0.687493,1.837322,1.805872,1.606897,0.809029,1.850244,1.871945,1.879284,1.807246,1.874800,1.605692,1.843174,0.855620,1.860415,1.789541,0.885712,1.868369,1.027943,1.837322,1.838390,0.000000,1.874271,1.792069,1.762317,1.069759,1.845648,1.835157,1.848678,1.467749,1.801881,1.876593,1.877107,1.704369,1.860657,1.838375,1.894087,0.832658,1.391825,1.868369,1.860657,1.057906,1.883070,1.838405,0.795741,1.866650,1.883348,1.729487,1.882909,0.709639,1.816040,1.291633,1.853079,1.896146,1.828338,1.813064,0.868048,1.865360,1.860415,1.857897,1.894659,1.881062,1.746393,1.613979,1.153800,1.874773,1.876939,0.600798,1.874109,0.917374,0.665621,1.801313,1.835238,1.851164,1.864277,1.753883,1.049401,1.807606,0.791856,1.818684,1.892592,1.887720,1.881062,1.834207,1.842466,1.818274,1.869486,1.895771
1.838648,1.356634,0.553309,0.234743,0.447708,0.240246,0.211614,1.094192,0.823001,1.906973,0.290074,1.064459,0.748535,1.689457,0.259399,0.419317,1.186914,1.960911,0.289081,0.019326,0.163092,0.357142,0.187823,0.819658,0.175686,1.935554,0.332239,0.385780,1.937398,0.228747,1.535287,0.259399,0.235541,1.874271,0.000000,0.614430,0.853957,1.796144,0.356474,0.385890,0.416492,1.357667,0.437071,0.124036,0.216072,0.824826,0.370515,0.343330,0.282270,1.753937,1.517625,0.228747,0.370515,1.880577,0.333402,0.395273,1.870626,0.475805,0.297404,0.833448,0.269479,1.975164,0.483666,1.446523,0.212602,0.265181,0.284566,0.690671,1.782081,0.188795,0.332239,0.219098,0.291038,0.100114,0.811835,0.931384,1.822073,0.168042,0.307166,1.953616,0.337183,1.900800,1.983185,0.393233,0.193807,0.231094,0.071557,0.807446,1.520196,0.591764,1.938925,0.344966,0.123538,0.118551,0.100114,0.256892,0.248878,0.412136,0.180619,0.155040
1.611086,1.152976,0.553313,0.740391,0.886155,0.736736,0.712588,0.800247,0.472292,1.833412,0.722574,1.154685,0.825512,1.651953,0.698894,0.535491,1.194742,1.845923,0.805076,0.620687,0.672615,0.781555,0.706514,1.182457,0.715030,1.766255,0.552827,0.580469,1.798970,0.612475,1.670162,0.698894,0.680984,1.792069,0.614430,0.000000,0.595765,1.558891,0.833533,0.872130,0.535817,0.983887,0.888606,0.656352,0.700584,0.568445,0.519456,0.586742,0.676025,1.520245,1.248508,0.612475,0.519456,1.708619,0.792145,0.876010,1.642297,0.440821,0.798366,0.483507,0.694950,1.846856,0.530447,1.156593,0.644052,0.645461,0.790612,0.532914,1.671987,0.715714,0.552827,0.655048,0.750834,0.632613,0.613192,0.635060,1.682769,0.665682,0.816643,1.865996,0.750107,1.733312,1.874763,0.758341,0.723663,0.748175,0.651752,0.533443,1.302798,0.542720,1.784280,0.779916,0.621865,0.630206,0.632613,0.772858,0.671159,0.602456,0.705530,0.661827
1.405556,0.772024,0.536504,0.971713,1.129057,0.960967,0.939357,0.387795,0.424307,1.747665,0.935757,1.200309,0.909842,1.620476,0.929143,0.576306,1.185935,1.697877,1.050799,0.864620,0.886726,1.074636,0.940905,1.431116,0.977930,1.607648,0.657812,0.675405,1.631967,0.788229,1.813497,0.929143,0.932860,1.762317,0.853957,0.595765,0.000000,1.375082,1.064312,1.103751,0.604303,0.896880,1.137441,0.890306,0.920730,0.405058,0.582120,0.723217,0.885294,1.353778,1.183521,0.788229,0.582120,1.500545,1.030984,1.130300,1.476622,0.448305,1.028987,0.443523,0.932812,1.732916,0.548917,0.964807,0.901502,0.875529,1.063293,0.289031,1.455600,0.964010,0.657812,0.919379,0.969211,0.856983,0.225121,0.446267,1.482011,0.878993,1.026127,1.751266,1.019216,1.552327,1.749127,1.068307,0.993455,1.008879,0.899676,0.671483,1.375124,0.422571,1.642448,1.067678,0.828279,0.848194,0.856983,1.040348,0.955375,0.745991,0.946169,0.873069
0.319452,1.004163,1.609664,1.835123,1.862646,1.827168,1.824910,1.170034,1.374040,0.972461,1.821712,1.564798,1.682375,1.239358,1.813180,1.658708,1.428652,0.722145,1.857555,1.800811,1.810711,1.849976,1.830473,1.881061,1.845290,0.634773,1.713312,1.690847,0.741248,1.778153,1.617261,1.813180,1.828244,1.069759,1.796144,1.558891,1.375082,0.000000,1.859867,1.873008,1.675353,0.999716,1.878435,1.814404,1.823195,1.354873,1.679072,1.721965,1.798979,0.716168,0.682053,1.778153,1.679072,0.624281,1.853595,1.874523,0.573363,1.612124,1.853362,1.410671,1.809781,0.780697,1.621273,0.864090,1.805564,1.799214,1.873653,1.506212,0.826397,1.842564,1.713312,1.809142,1.832128,1.800371,1.428234,1.315595,0.767791,1.808754,1.854807,0.862631,1.845217,0.641066,0.784093,1.812571,1.847822,1.856604,1.814154,1.462886,1.171933,1.566737,0.694979,1.866782,1.784694,1.795680,1.800371,1.866757,1.818654,1.714331,1.836369,1.802483
1.894478,1.477350,0.724893,0.173538,0.247955,0.156603,0.229534,1.289031,1.049664,1.893774,0.332613,1.096464,0.779780,1.665542,0.234454,0.633422,1.248065,1.964974,0.256450,0.347670,0.283662,0.320100,0.255341,0.644640,0.270487,1.960032,0.512629,0.571296,1.957350,0.371839,1.387116,0.234454,0.304129,1.845648,0.356474,0.833533,1.064312,1.859867,0.000000,0.086057,0.591048,1.510824,0.287582,0.295191,0.260148,1.016057,0.577241,0.503540,0.303316,1.820865,1.593937,0.371839,0.577241,1.931031,0.348409,0.299230,1.924969,0.705679,0.312787,1.050822,0.304770,1.978263,0.684059,1.578422,0.313262,0.341821,0.255255,0.894655,1.809871,0.244590,0.512629,0.316350,0.333972,0.333426,1.006144,1.127121,1.880221,0.282959,0.217007,1.951982,0.337070,1.934501,1.973641,0.323747,0.281305,0.229847,0.318761,0.986498,1.547698,0.782762,1.971196,0.311512,0.349801,0.334447,0.333426,0.253536,0.312410,0.516416,0.254624,0.308230
1.907825,1.504020,0.766585,0.197608,0.212032,0.197181,0.255702,1.321149,1.081843,1.881222,0.374154,1.097913,0.800911,1.649174,0.255811,0.672387,1.256716,1.960640,0.257821,0.375642,0.313088,0.313401,0.276095,0.609186,0.279247,1.963790,0.557245,0.605954,1.956515,0.412335,1.360790,0.255811,0.322126,1.835157,0.385890,0.872130,1.103751,1.873008,0.086057,0.000000,0.635889,1.538776,0.267305,0.323029,0.292829,1.054065,0.622918,0.541506,0.365889,1.829003,1.615587,0.412335,0.622918,1.937791,0.358026,0.288735,1.933379,0.749562,0.316647,1.091457,0.346804,1.974044,0.721432,1.601739,0.341193,0.391359,0.245783,0.938490,1.812868,0.261444,0.557245,0.339574,0.357474,0.361786,1.044350,1.158785,1.883961,0.313740,0.217599,1.942560,0.353727,1.938091,1.969472,0.338303,0.286234,0.235759,0.341156,1.026284,1.559839,0.824388,1.969951,0.308839,0.383630,0.366582,0.361786,0.249992,0.333074,0.551194,0.275228,0.339899
1.716971,1.188390,0.177096,0.503596,0.658083,0.500506,0.468215,0.903877,0.703096,1.878244,0.529431,1.209856,0.536351,1.665345,0.438595,0.285639,1.287953,1.909224,0.621401,0.422691,0.428947,0.630480,0.483161,1.037658,0.506382,1.854077,0.104976,0.332949,1.878444,0.259712,1.588821,0.438595,0.438173,1.848678,0.416492,0.535817,0.604303,1.675353,0.591048,0.635889,0.000000,1.218840,0.645935,0.420167,0.420461,0.575164,0.126971,0.192440,0.447491,1.631860,1.366308,0.259712,0.126971,1.809928,0.637341,0.713523,1.746182,0.335764,0.625590,0.597679,0.464405,1.928980,0.309194,1.285107,0.429874,0.446303,0.610969,0.368027,1.693448,0.490861,0.104976,0.469051,0.574378,0.407284,0.502747,0.714171,1.755820,0.415561,0.589345,1.916888,0.596640,1.801716,1.936969,0.620163,0.537344,0.532092,0.451407,0.737550,1.425101,0.240513,1.882162,0.582076,0.388963,0.394025,0.407284,0.580822,0.486653,0.282738,0.473807,0.424443
1.036260,0.882424,1.173190,1.456906,1.541457,1.450462,1.431894,0.801954,0.860913,1.434128,1.402065,1.341834,1.328022,1.406978,1.421446,1.214718,1.234514,1.364211,1.481924,1.364281,1.406460,1.453765,1.436221,1.646950,1.442613,1.203352,1.262788,1.270945,1.324358,1.348309,1.745530,1.421446,1.417599,1.467749,1.357667,0.983887,0.896880,0.999716,1.510824,1.538776,1.218840,0.000000,1.552768,1.395875,1.420609,0.969002,1.217524,1.291267,1.375487,1.005796,0.915720,1.348309,1.217524,1.159780,1.449771,1.539007,1.066149,1.095403,1.471510,0.898694,1.405192,1.367178,1.175333,0.802228,1.368793,1.360626,1.484906,1.020816,1.240267,1.440780,1.262788,1.371959,1.424673,1.375746,0.991078,0.910762,1.197961,1.395135,1.493121,1.427431,1.428476,1.199026,1.403925,1.407568,1.443814,1.464344,1.390883,0.806310,0.996128,1.120265,1.264943,1.476069,1.359450,1.370488,1.375746,1.476876,1.386362,1.301883,1.434126,1.390394
1.918417,1.552598,0.759228,0.296677,0.240780,0.328299,0.314426,1.357288,1.131221,1.866613,0.495582,1.187833,0.717533,1.625909,0.305337,0.694781,1.344245,1.960266,0.360213,0.427200,0.390130,0.360688,0.350935,0.588272,0.320717,1.965570,0.577712,0.628382,1.961446,0.447453,1.292059,0.305337,0.322249,1.801881,0.437071,0.888606,1.137441,1.878435,0.287582,0.267305,0.645935,1.552768,0.000000,0.385237,0.353286,1.062174,0.647558,0.549563,0.471659,1.819452,1.603966,0.447453,0.647558,1.964357,0.484145,0.346529,1.922222,0.799255,0.430993,1.082733,0.414976,1.965269,0.749847,1.613121,0.401064,0.472637,0.301485,0.951117,1.814382,0.322558,0.577712,0.419714,0.492589,0.426364,1.058339,1.167124,1.907033,0.362511,0.387127,1.931196,0.414995,1.941665,1.963397,0.385696,0.328565,0.287007,0.398197,1.071599,1.515909,0.833377,1.964116,0.281929,0.456932,0.432922,0.426364,0.303384,0.383436,0.520599,0.332347,0.421396
1.856927,1.384956,0.559648,0.183021,0.397424,0.199535,0.155890,1.142232,0.874759,1.912572,0.283780,1.087619,0.711596,1.695503,0.211252,0.453091,1.214511,1.968334,0.275593,0.112683,0.096711,0.329296,0.120127,0.779749,0.136739,1.942508,0.331461,0.414155,1.945843,0.200238,1.503331,0.211252,0.171672,1.876593,0.124036,0.656352,0.890306,1.814404,0.295191,0.323029,0.420167,1.395875,0.385237,0.000000,0.147958,0.862440,0.384878,0.334746,0.262690,1.775941,1.531543,0.200238,0.384878,1.896843,0.324284,0.377633,1.887596,0.516641,0.287250,0.866314,0.221078,1.979022,0.515986,1.481482,0.189982,0.258208,0.258267,0.713512,1.791249,0.108981,0.331461,0.197127,0.286440,0.064543,0.836082,0.971362,1.834380,0.141923,0.269652,1.959686,0.333283,1.908534,1.987683,0.381043,0.175085,0.161803,0.097615,0.853556,1.538606,0.608201,1.950422,0.289163,0.096959,0.064892,0.064543,0.227108,0.221598,0.400196,0.099113,0.089443
