0.000000,1.114139,1.690789,1.906352,1.927891,1.896825,1.898805,1.235153,1.448727,0.828975,1.886503,1.673179,1.738078,1.087603,1.888288,1.730122,1.557708,0.583073,1.920768,1.868912,1.884091,1.917038,1.901191,1.904277,1.906012,0.508772,1.795506,1.758991,0.589238,1.852333,1.516007,1.888288,1.901276,0.920735,1.864917,1.632847,1.449793,0.270582,1.918307,1.930952,1.757841,1.037349,1.947538,1.882971,1.892665,1.464467,1.766224,1.803016,1.867024,0.611841,0.680746,1.852333,1.766224,0.477344,1.911214,1.931763,0.403945,1.697167,1.917151,1.500745,1.877707,0.639021,1.702526,0.986590,1.885280,1.861851,1.927361,1.593689,0.724619,1.908092,1.795506,1.887704,1.896013,1.871180,1.495471,1.386837,0.680086,1.887208,1.915633,0.724093,1.901634,0.501171,0.639099,1.886727,1.907378,1.918517,1.880255,1.489779,1.140472,1.649562,0.546215,1.930448,1.859661,1.868287,1.871180,1.922677,1.896477,1.787143,1.905530,1.877275
1.114139,0.000000,1.090385,1.399060,1.515886,1.391712,1.367984,0.559890,0.764551,1.499422,1.353820,1.325494,1.356821,1.474328,1.375913,1.098301,1.245102,1.369894,1.444345,1.311506,1.331159,1.475479,1.374145,1.712874,1.398079,1.285110,1.197974,1.163577,1.228858,1.288805,1.838988,1.375913,1.390360,1.529478,1.304115,1.050516,0.709471,1.097391,1.470168,1.496692,1.151482,0.813472,1.538397,1.334822,1.373531,0.850676,1.140148,1.238896,1.327067,1.130821,1.078458,1.288805,1.140148,1.096923,1.427393,1.470259,1.186100,1.003575,1.432160,0.925276,1.357635,1.417946,1.063567,0.738154,1.379163,1.306970,1.455184,0.908615,1.127674,1.396445,1.197974,1.376365,1.396945,1.306722,0.810654,0.822330,1.158635,1.330862,1.440952,1.475181,1.396290,1.229390,1.444853,1.500318,1.399259,1.427780,1.336268,0.942009,1.457290,1.003323,1.311340,1.492880,1.285571,1.302813,1.306722,1.443366,1.403924,1.176918,1.389488,1.320096
1.690789,1.090385,0.000000,0.644455,0.769973,0.637866,0.605683,0.822808,0.667918,1.846746,0.626096,1.193690,0.497129,1.665473,0.572225,0.322502,1.236775,1.884347,0.746793,0.543431,0.574920,0.786798,0.628698,1.159516,0.625729,1.821903,0.272880,0.383000,1.834775,0.413450,1.628376,0.572225,0.593265,1.800069,0.537107,0.504136,0.533610,1.682625,0.717200,0.763920,0.181868,1.173179,0.783391,0.554877,0.563569,0.492797,0.256381,0.292406,0.548363,1.607849,1.431613,0.413450,0.256381,1.767325,0.749066,0.840515,1.687619,0.390300,0.773674,0.511186,0.584739,1.895137,0.345640,1.137720,0.584802,0.545220,0.727976,0.285685,1.677297,0.630253,0.272880,0.619120,0.696158,0.540754,0.395333,0.612773,1.736198,0.564746,0.718421,1.888507,0.670497,1.741078,1.907652,0.775758,0.649759,0.664725,0.573793,0.749021,1.407746,0.134401,1.832887,0.738445,0.527102,0.531980,0.540754,0.700690,0.635927,0.330553,0.621130,0.569135
1.906352,1.399060,0.644455,0.000000,0.257093,0.080873,0.090821,1.206621,0.955286,1.905270,0.267827,0.951486,0.765540,1.720674,0.134847,0.525551,1.088017,1.974331,0.200230,0.218765,0.182676,0.307165,0.164237,0.743133,0.170016,1.967030,0.415836,0.468719,1.946365,0.286534,1.506062,0.134847,0.202981,1.859940,0.227286,0.714482,0.978505,1.893082,0.185617,0.207226,0.504753,1.454957,0.299484,0.187981,0.190241,0.940055,0.467993,0.399027,0.262322,1.827282,1.707776,0.286534,0.467993,1.919240,0.283626,0.296044,1.915000,0.598167,0.270139,0.931419,0.218947,1.979890,0.598117,1.485320,0.221432,0.297776,0.201576,0.799186,1.845155,0.154019,0.415836,0.235617,0.271087,0.218148,0.928057,1.039697,1.878154,0.141337,0.206619,1.960017,0.316621,1.927360,1.982761,0.381619,0.175355,0.156609,0.194667,0.966682,1.545617,0.693391,1.967930,0.303066,0.244364,0.230256,0.218148,0.185801,0.242430,0.477269,0.161226,0.214992
1.927891,1.515886,0.769973,0.257093,0.000000,0.271185,0.314407,1.333971,1.092105,1.847438,0.431234,1.010953,0.751914,1.645530,0.259337,0.670569,1.176691,1.963137,0.293581,0.425300,0.389367,0.310230,0.353543,0.565732,0.310813,1.973580,0.573799,0.592409,1.962501,0.445906,1.370575,0.259337,0.302909,1.784654,0.436910,0.848081,1.131388,1.921340,0.215458,0.191452,0.652053,1.543551,0.224512,0.393591,0.352352,1.050857,0.635805,0.536486,0.431201,1.829550,1.752788,0.445906,0.635805,1.960916,0.404109,0.344620,1.914072,0.781043,0.401907,1.066715,0.401943,1.963111,0.747012,1.536442,0.354252,0.461882,0.261273,0.950634,1.855739,0.319942,0.573799,0.364253,0.415851,0.433321,1.063064,1.139290,1.918153,0.362464,0.322398,1.920152,0.403732,1.942105,1.954371,0.341614,0.302211,0.274509,0.389860,1.087647,1.463575,0.835020,1.969240,0.266307,0.466955,0.445811,0.433321,0.274670,0.339964,0.591562,0.334357,0.433425
1.896825,1.391712,0.637866,0.080873,0.271185,0.000000,0.133650,1.192563,0.943823,1.906949,0.262515,0.955334,0.764263,1.725494,0.146946,0.517716,1.086236,1.972710,0.216833,0.217155,0.185616,0.331185,0.164523,0.762186,0.181555,1.963381,0.413055,0.463134,1.945155,0.288784,1.514636,0.146946,0.220224,1.863750,0.225038,0.702479,0.966714,1.886578,0.158521,0.194789,0.500836,1.443034,0.329584,0.189736,0.196550,0.927896,0.462843,0.397367,0.241629,1.827110,1.696890,0.288784,0.462843,1.913705,0.297220,0.321361,1.911783,0.588856,0.280260,0.916880,0.217566,1.977822,0.592787,1.467995,0.233621,0.288066,0.210465,0.789737,1.847255,0.160127,0.413055,0.247326,0.271532,0.217500,0.917198,1.026677,1.874950,0.167450,0.196840,1.961095,0.321943,1.923681,1.981297,0.384078,0.189030,0.167033,0.194323,0.963859,1.541199,0.684702,1.964447,0.319333,0.239177,0.228570,0.217500,0.195222,0.260865,0.483708,0.167494,0.213556
1.898805,1.367984,0.605683,0.090821,0.314407,0.133650,0.000000,1.178080,0.926506,1.910587,0.260817,0.952376,0.750615,1.728288,0.143047,0.494732,1.079438,1.973976,0.220602,0.184923,0.157720,0.326523,0.153926,0.781318,0.171050,1.960735,0.373068,0.447706,1.937752,0.244321,1.535607,0.143047,0.200299,1.868286,0.191770,0.686421,0.939695,1.883048,0.240577,0.267489,0.461853,1.424862,0.325745,0.155731,0.154847,0.911566,0.424601,0.361115,0.239621,1.820400,1.690771,0.244321,0.424601,1.908449,0.294785,0.322970,1.907328,0.555805,0.274700,0.897825,0.175685,1.980928,0.559449,1.468612,0.205641,0.267683,0.230282,0.756189,1.835991,0.151123,0.373068,0.218273,0.276487,0.180258,0.890354,1.014313,1.861616,0.086118,0.237360,1.961401,0.310872,1.918832,1.985962,0.406243,0.183396,0.172080,0.170071,0.934408,1.548632,0.653539,1.963671,0.325234,0.204279,0.190947,0.180258,0.209301,0.232691,0.440502,0.150647,0.180433
1.235153,0.559890,0.822808,1.206621,1.333971,1.192563,1.178080,0.000000,0.444120,1.597910,1.160814,1.206145,1.147544,1.501189,1.168325,0.817453,1.141621,1.540097,1.267827,1.103743,1.138650,1.301445,1.188111,1.601016,1.207480,1.462105,0.959205,0.890413,1.441361,1.073484,1.811336,1.168325,1.201133,1.607491,1.093064,0.767002,0.373209,1.235806,1.288178,1.324751,0.907709,0.784054,1.371678,1.140253,1.181894,0.541668,0.889124,0.997068,1.120838,1.196744,1.124862,1.073484,0.889124,1.301733,1.248318,1.316920,1.300631,0.744040,1.266224,0.618853,1.168343,1.579863,0.798233,0.748580,1.171451,1.104191,1.278315,0.632043,1.287139,1.209367,0.959205,1.184354,1.203312,1.109300,0.492251,0.432001,1.346376,1.132664,1.255623,1.608419,1.215989,1.378104,1.598711,1.304590,1.211776,1.244515,1.134925,0.777442,1.348590,0.716307,1.458908,1.321626,1.085025,1.106175,1.109300,1.261045,1.213193,0.968409,1.200595,1.130493
1.448727,0.764551,0.667918,0.955286,1.092105,0.943823,0.926506,0.444120,0.000000,1.729733,0.924604,1.028920,1.037125,1.590293,0.913336,0.605247,1.003285,1.711336,1.013695,0.847517,0.883394,1.037338,0.932322,1.406559,0.953494,1.642474,0.741565,0.668576,1.613674,0.839102,1.782780,0.913336,0.946361,1.706964,0.837537,0.451181,0.402349,1.430130,1.050669,1.084290,0.707724,0.862292,1.147536,0.886699,0.937178,0.459754,0.674252,0.775540,0.874760,1.384677,1.258860,0.839102,0.674252,1.506892,1.000498,1.070095,1.503690,0.557288,1.015914,0.480430,0.920170,1.734029,0.607194,0.926158,0.904390,0.846924,1.025376,0.533783,1.474437,0.956842,0.741565,0.913877,0.961749,0.854271,0.484059,0.376554,1.526174,0.881648,1.019052,1.757367,0.957944,1.574488,1.756917,1.048687,0.953494,0.992000,0.877402,0.634477,1.377896,0.574945,1.645824,1.070505,0.832599,0.853903,0.854271,1.008097,0.944014,0.764807,0.948937,0.878279
0.828975,1.499422,1.846746,1.905270,1.847438,1.906949,1.910587,1.597910,1.729733,0.000000,1.923561,1.666324,1.765519,0.509294,1.894745,1.855070,1.654772,0.639939,1.896847,1.922133,1.926221,1.870447,1.924199,1.670858,1.906138,0.692504,1.897381,1.848596,0.781445,1.909533,1.088625,1.894745,1.898919,0.469225,1.922562,1.833807,1.756141,0.880468,1.896825,1.891320,1.882603,1.455413,1.859812,1.927471,1.915366,1.724899,1.893286,1.889369,1.917622,0.782367,1.214884,1.909533,1.893286,0.906217,1.908708,1.887127,0.713672,1.882667,1.916079,1.765011,1.917870,0.659988,1.834592,1.340258,1.911435,1.912622,1.893184,1.824948,0.813754,1.918472,1.897381,1.910555,1.917928,1.929126,1.757817,1.660289,0.870796,1.915641,1.912578,0.289177,1.901199,0.702200,0.545786,1.839393,1.902387,1.907781,1.917767,1.736973,1.042638,1.835931,0.724262,1.869691,1.934732,1.933604,1.929126,1.901974,1.904431,1.863376,1.922168,1.937838
1.886503,1.353820,0.626096,0.267827,0.431234,0.262515,0.260817,1.160814,0.924604,1.923561,0.000000,0.929416,0.777275,1.753840,0.300286,0.527681,1.039886,1.968664,0.299971,0.252461,0.230466,0.395817,0.240458,0.832016,0.269195,1.946952,0.401217,0.501977,1.934735,0.291581,1.561787,0.300286,0.294013,1.889122,0.255355,0.684335,0.916188,1.871477,0.312023,0.343380,0.485203,1.392438,0.446628,0.228121,0.246956,0.918041,0.441530,0.412551,0.222836,1.829269,1.671748,0.291581,0.441530,1.886890,0.209136,0.403164,1.907923,0.528519,0.305699,0.895711,0.281415,1.965002,0.597650,1.459850,0.261644,0.277451,0.307636,0.740526,1.842509,0.231586,0.401217,0.274977,0.164697,0.242914,0.885865,1.025154,1.849108,0.228322,0.226136,1.967875,0.303700,1.909371,1.979067,0.439050,0.276336,0.252115,0.254009,0.916455,1.553875,0.666078,1.940721,0.376109,0.248520,0.241666,0.242914,0.297234,0.288192,0.491689,0.237723,0.230740
1.673179,1.325494,1.193690,0.951486,1.010953,0.955334,0.952376,1.206145,1.028920,1.666324,0.929416,0.000000,1.382854,1.522938,0.984501,1.061484,0.303697,1.705514,0.909110,0.958886,0.966754,0.951246,0.961799,1.118688,0.974746,1.709562,1.068650,1.055057,1.653348,1.032117,1.542152,0.984501,0.996513,1.663447,0.956787,0.992388,1.170636,1.641310,0.988140,0.993118,1.110199,1.301944,1.049127,0.974951,0.997934,1.207303,1.060364,1.099985,0.941842,1.601212,1.587846,1.032117,1.060364,1.598991,0.907518,0.919702,1.723409,0.999772,0.918200,1.206979,0.972441,1.706867,1.040943,1.461442,0.978412,0.945707,0.958220,1.171499,1.605725,0.966712,1.068650,0.958861,0.926545,0.965717,1.237626,1.236751,1.607669,0.945231,0.965747,1.720816,0.968284,1.688616,1.721415,0.887016,0.959912,0.971766,0.961320,1.039871,1.493668,1.174306,1.688101,1.001179,0.967769,0.974175,0.965717,0.963919,0.967340,1.125211,0.969113,0.969856
1.738078,1.356821,0.497129,0.765540,0.751914,0.764263,0.750615,1.147544,1.037125,1.765519,0.777275,1.382854,0.000000,1.566233,0.683290,0.669678,1.454700,1.875839,0.851720,0.746817,0.756243,0.835077,0.776735,1.020348,0.735514,1.815164,0.573881,0.660536,1.875869,0.609158,1.379772,0.683290,0.682461,1.680314,0.749764,0.816884,0.913011,1.742141,0.761124,0.792276,0.542950,1.366241,0.739080,0.727954,0.693456,0.819125,0.617131,0.541106,0.716775,1.622576,1.491285,0.609158,0.617131,1.851315,0.865014,0.931223,1.675473,0.776199,0.904561,0.842467,0.744691,1.868384,0.710532,1.268486,0.706884,0.727184,0.796442,0.695458,1.702148,0.746900,0.573881,0.745458,0.833291,0.745099,0.757336,0.900776,1.808339,0.742833,0.815662,1.824641,0.759322,1.748389,1.861108,0.793770,0.760323,0.748638,0.751635,1.013033,1.275424,0.595702,1.833992,0.736167,0.754299,0.738728,0.745099,0.780878,0.728444,0.530269,0.746604,0.765413
1.087603,1.474328,1.665473,1.720674,1.645530,1.725494,1.728288,1.501189,1.590293,0.509294,1.753840,1.522938,1.566233,0.000000,1.701191,1.662936,1.572138,1.031699,1.722541,1.747476,1.753519,1.678344,1.752889,1.492724,1.719342,1.039812,1.709993,1.647474,1.117859,1.719657,0.953773,1.701191,1.704454,0.600301,1.749113,1.658569,1.627898,1.133874,1.717180,1.713920,1.697228,1.420094,1.666780,1.753257,1.734062,1.566518,1.710489,1.700707,1.741091,0.836403,1.322055,1.719657,1.710489,1.213053,1.741744,1.727577,0.939026,1.720598,1.762639,1.618194,1.748212,1.030031,1.643869,1.303273,1.727822,1.741658,1.705014,1.665497,0.947001,1.739185,1.709993,1.725735,1.753202,1.757898,1.605913,1.507958,1.175614,1.732935,1.745523,0.760493,1.730083,0.976106,0.944107,1.637806,1.714379,1.723586,1.740798,1.583357,0.890952,1.661276,1.063137,1.671019,1.770500,1.765926,1.757898,1.716900,1.715900,1.664321,1.746456,1.776017
1.888288,1.375913,0.572225,0.134847,0.259337,0.146946,0.143047,1.168325,0.913336,1.894745,0.300286,0.984501,0.683290,1.701191,0.000000,0.475548,1.113566,1.973066,0.272973,0.234551,0.209548,0.343000,0.212452,0.769886,0.205279,1.958872,0.354692,0.421060,1.946691,0.235808,1.508358,0.000000,0.191123,1.847374,0.241733,0.663186,0.931521,1.877537,0.222058,0.253371,0.436580,1.417627,0.322418,0.207231,0.187029,0.881650,0.413026,0.338590,0.247202,1.804051,1.676952,0.235808,0.413026,1.916040,0.346388,0.377543,1.891093,0.557304,0.349033,0.882586,0.234359,1.978820,0.542314,1.447455,0.210857,0.272992,0.260281,0.741612,1.839329,0.195927,0.354692,0.235178,0.326379,0.235752,0.869029,0.980526,1.871146,0.165634,0.277647,1.953590,0.306809,1.911336,1.981419,0.379323,0.214977,0.201784,0.219933,0.921732,1.491319,0.629198,1.960602,0.307752,0.258034,0.242894,0.235752,0.241416,0.241137,0.408294,0.197490,0.241674
1.730122,1.098301,0.322502,0.525551,0.670569,0.517716,0.494732,0.817453,0.605247,1.855070,0.527681,1.061484,0.669678,1.662936,0.475548,0.000000,1.137520,1.902854,0.621935,0.421141,0.444970,0.658913,0.501636,1.074392,0.510692,1.863858,0.272986,0.118810,1.849278,0.368820,1.635457,0.475548,0.500676,1.804546,0.413547,0.486977,0.580144,1.724973,0.632313,0.674756,0.293134,1.217934,0.703369,0.450559,0.489939,0.528329,0.213819,0.296604,0.487151,1.638846,1.530069,0.368820,0.213819,1.788088,0.633455,0.702709,1.743748,0.348459,0.652107,0.576540,0.509213,1.915451,0.322225,1.186844,0.493218,0.488350,0.608085,0.415637,1.685069,0.520401,0.272986,0.517167,0.578003,0.427859,0.503365,0.612327,1.773341,0.451014,0.608481,1.905189,0.602916,1.798053,1.923740,0.704640,0.522506,0.555648,0.445728,0.786339,1.448743,0.303527,1.859590,0.652697,0.415888,0.429866,0.427859,0.583525,0.543238,0.340466,0.509434,0.459959
1.557708,1.245102,1.236775,1.088017,1.176691,1.086236,1.079438,1.141621,1.003285,1.654772,1.039886,0.303697,1.454700,1.572138,1.113566,1.137520,0.000000,1.626378,1.056427,1.065489,1.081323,1.111860,1.083729,1.296596,1.108727,1.603017,1.144952,1.152347,1.563075,1.134568,1.636580,1.113566,1.131931,1.677405,1.060777,1.009837,1.134608,1.518106,1.125914,1.137465,1.170636,1.169235,1.205050,1.084365,1.114005,1.202864,1.125879,1.183877,1.040274,1.553233,1.457157,1.134568,1.125879,1.465012,1.037826,1.071823,1.642255,1.030156,1.050502,1.189765,1.074797,1.633725,1.098684,1.394357,1.097000,1.036021,1.108137,1.175291,1.559726,1.093730,1.144952,1.083680,1.046277,1.069385,1.230099,1.224502,1.480074,1.066839,1.096382,1.676348,1.079936,1.585531,1.659375,1.023950,1.099072,1.108881,1.076567,1.000289,1.501966,1.205213,1.590992,1.155968,1.060177,1.071804,1.069385,1.106781,1.097630,1.211960,1.092343,1.068527
0.583073,1.369894,1.884347,1.974331,1.963137,1.972710,1.973976,1.540097,1.711336,0.639939,1.968664,1.705514,1.875839,1.031699,1.973066,1.902854,1.626378,0.000000,1.967044,1.968206,1.971889,1.959390,1.975508,1.850317,1.977977,0.449188,1.942225,1.915632,0.387010,1.967025,1.386088,1.973066,1.980410,0.789799,1.966879,1.851338,1.713666,0.617932,1.973963,1.970727,1.923772,1.362593,1.970139,1.975191,1.977211,1.737008,1.926456,1.944489,1.969628,0.811049,1.064875,1.967025,1.926456,0.512997,1.963679,1.957708,0.600683,1.881096,1.959271,1.770015,1.970675,0.394795,1.880730,1.297202,1.973423,1.962571,1.972914,1.820009,0.740983,1.980295,1.942225,1.969540,1.962617,1.969522,1.749526,1.676670,0.693641,1.971154,1.966171,0.447776,1.964789,0.601468,0.302282,1.949857,1.974941,1.981048,1.970386,1.723346,1.291099,1.858103,0.421586,1.975223,1.965039,1.969380,1.969522,1.974813,1.973909,1.931547,1.980082,1.969970
1.920768,1.444345,0.746793,0.200230,0.293581,0.216833,0.220602,1.267827,1.013695,1.896847,0.299971,0.909110,0.851720,1.722541,0.272973,0.621935,1.056427,1.967044,0.000000,0.285056,0.270344,0.262787,0.228716,0.692418,0.222742,1.973218,0.526414,0.564517,1.943324,0.389713,1.497603,0.272973,0.273593,1.852567,0.293684,0.781662,1.056906,1.907441,0.264464,0.258865,0.610773,1.481787,0.325704,0.277535,0.270289,1.023916,0.574446,0.498457,0.354971,1.845631,1.735014,0.389713,0.574446,1.920915,0.232428,0.233159,1.930504,0.682297,0.163415,1.009561,0.286530,1.966589,0.689850,1.522024,0.268938,0.380472,0.191335,0.890813,1.857328,0.217726,0.526414,0.263633,0.241888,0.303897,1.016294,1.110277,1.883472,0.248496,0.225994,1.949789,0.360747,1.945180,1.973464,0.370229,0.199911,0.197125,0.255186,1.010333,1.557762,0.790827,1.960347,0.303567,0.329627,0.318461,0.303897,0.199996,0.263784,0.592014,0.229776,0.297258
1.868912,1.311506,0.543431,0.218765,0.425300,0.217155,0.184923,1.103743,0.847517,1.922133,0.252461,0.958886,0.746817,1.747476,0.234551,0.421141,1.065489,1.968206,0.285056,0.000000,0.144581,0.398890,0.163839,0.869455,0.156625,1.948873,0.319256,0.392275,1.927716,0.225509,1.584553,0.234551,0.223844,1.880081,0.020150,0.602561,0.858182,1.854753,0.338768,0.373237,0.404115,1.371699,0.429333,0.099301,0.200572,0.837663,0.352351,0.319350,0.231325,1.796394,1.648197,0.225509,0.352351,1.883342,0.318224,0.394613,1.884881,0.476871,0.316405,0.816500,0.216423,1.976057,0.504182,1.407483,0.229581,0.244742,0.275960,0.675169,1.824538,0.172497,0.319256,0.243997,0.280845,0.080957,0.813308,0.939203,1.845878,0.147164,0.302681,1.966471,0.326530,1.904925,1.985143,0.471807,0.173308,0.215785,0.054688,0.880471,1.559499,0.580985,1.943204,0.372347,0.112521,0.105155,0.080957,0.247449,0.268161,0.413192,0.166304,0.138579
1.884091,1.331159,0.574920,0.182676,0.389367,0.185616,0.157720,1.138650,0.883394,1.926221,0.230466,0.966754,0.756243,1.753519,0.209548,0.444970,1.081323,1.971889,0.270344,0.144581,0.000000,0.371596,0.080920,0.848260,0.169806,1.953159,0.335107,0.408062,1.929587,0.222263,1.569071,0.209548,0.185887,1.885564,0.152278,0.654963,0.892540,1.871478,0.293002,0.322164,0.430612,1.401960,0.404691,0.085382,0.169941,0.878121,0.373772,0.340747,0.235375,1.817410,1.677042,0.222263,0.373772,1.891305,0.289504,0.369622,1.903684,0.510540,0.282632,0.843081,0.212894,1.972980,0.527900,1.445236,0.209795,0.269126,0.253454,0.708638,1.832683,0.120148,0.335107,0.216593,0.254850,0.103053,0.846471,0.977125,1.851390,0.137080,0.247298,1.970851,0.328939,1.911763,1.988019,0.469599,0.183491,0.171477,0.133532,0.913213,1.573602,0.614157,1.950615,0.333741,0.112242,0.104356,0.103053,0.226045,0.249379,0.431312,0.105160,0.075055
1.917038,1.475479,0.786798,0.307165,0.310230,0.331185,0.326523,1.301445,1.037338,1.870447,0.395817,0.951246,0.835077,1.678344,0.343000,0.658913,1.111860,1.959390,0.262787,0.398890,0.371596,0.000000,0.332868,0.652267,0.315076,1.964598,0.577334,0.591820,1.939004,0.451025,1.437742,0.343000,0.332487,1.808261,0.408088,0.807422,1.102730,1.897504,0.349554,0.338231,0.656590,1.477938,0.337016,0.385791,0.352150,1.051640,0.627172,0.545012,0.447677,1.823752,1.720618,0.451025,0.627172,1.933741,0.334538,0.341199,1.914877,0.745328,0.316503,1.032169,0.375782,1.956135,0.743132,1.530871,0.289937,0.473604,0.273830,0.938466,1.845704,0.320880,0.577334,0.248852,0.360591,0.412097,1.059299,1.118317,1.900946,0.357145,0.341588,1.930178,0.413872,1.946015,1.954679,0.396936,0.297366,0.289905,0.367803,1.026411,1.506051,0.839118,1.956299,0.289170,0.441137,0.426598,0.412097,0.291736,0.220729,0.632424,0.331787,0.409293
1.901191,1.374145,0.628698,0.164237,0.353543,0.164523,0.153926,1.188111,0.932322,1.924199,0.240458,0.961799,0.776735,1.752889,0.212452,0.501636,1.083729,1.975508,0.228716,0.163839,0.080920,0.332868,0.000000,0.809333,0.137487,1.961780,0.391624,0.459391,1.936313,0.265109,1.545458,0.212452,0.171494,1.884009,0.174946,0.694754,0.949864,1.889294,0.258531,0.279528,0.485249,1.435711,0.357514,0.111411,0.167116,0.930737,0.435435,0.386721,0.250714,1.834898,1.698434,0.265109,0.435435,1.904812,0.268042,0.332241,1.918697,0.571068,0.243111,0.892459,0.207507,1.974520,0.581423,1.477970,0.211449,0.285690,0.197855,0.767445,1.850267,0.075534,0.391624,0.206535,0.245342,0.140729,0.903965,1.025047,1.863224,0.158580,0.217984,1.969093,0.318761,1.924641,1.987782,0.443846,0.146724,0.120153,0.134819,0.956086,1.583496,0.672542,1.956759,0.292058,0.163464,0.149684,0.140729,0.171888,0.234113,0.484902,0.060057,0.116862
1.904277,1.712874,1.159516,0.743133,0.565732,0.762186,0.781318,1.601016,1.406559,1.670858,0.832016,1.118688,1.020348,1.492724,0.769886,1.074392,1.296596,1.850317,0.692418,0.869455,0.848260,0.652267,0.809333,0.000000,0.757491,1.892265,1.008046,0.994338,1.891790,0.901162,1.114398,0.769886,0.757096,1.583274,0.879807,1.212363,1.471419,1.903837,0.689378,0.658209,1.071226,1.691034,0.590773,0.849650,0.806950,1.372100,1.061769,0.956208,0.865095,1.801034,1.815697,0.901162,1.061769,1.943755,0.756308,0.659591,1.858478,1.185946,0.771582,1.408012,0.832656,1.842203,1.164712,1.662405,0.797078,0.879272,0.686888,1.324171,1.795543,0.776504,1.008046,0.796895,0.797510,0.883120,1.411192,1.427821,1.897672,0.824828,0.749219,1.762619,0.780217,1.900970,1.812240,0.647527,0.743732,0.725960,0.834942,1.362043,1.366140,1.223699,1.894291,0.635893,0.916553,0.896197,0.883120,0.713646,0.760371,0.985910,0.792884,0.883597
1.906012,1.398079,0.625729,0.170016,0.310813,0.181555,0.171050,1.207480,0.953494,1.906138,0.269195,0.974746,0.735514,1.719342,0.205279,0.510692,1.108727,1.977977,0.222742,0.156625,0.169806,0.315076,0.137487,0.757491,0.000000,1.968144,0.401389,0.459139,1.949330,0.273886,1.504686,0.205279,0.149379,1.852094,0.173883,0.694878,0.972141,1.894841,0.257523,0.279162,0.490006,1.453647,0.312100,0.134665,0.188394,0.928032,0.451774,0.384811,0.268837,1.818302,1.698098,0.273886,0.451774,1.923852,0.292007,0.334128,1.907970,0.599246,0.290124,0.911091,0.236457,1.980151,0.599720,1.466933,0.216490,0.299459,0.169485,0.780782,1.844082,0.104628,0.401389,0.220421,0.275520,0.165828,0.914522,1.028467,1.883794,0.181078,0.254063,1.959405,0.316501,1.930620,1.984307,0.408918,0.070303,0.108397,0.112006,0.971842,1.546960,0.679718,1.959659,0.254589,0.214962,0.187797,0.165828,0.147816,0.219697,0.464703,0.117053,0.197998
0.508772,1.285110,1.821903,1.967030,1.973580,1.963381,1.960735,1.462105,1.642474,0.692504,1.946952,1.709562,1.815164,1.039812,1.958872,1.863858,1.603017,0.449188,1.973218,1.948873,1.953159,1.964598,1.961780,1.892265,1.968144,0.000000,1.898797,1.886367,0.491250,1.937852,1.403977,1.958872,1.963405,0.837051,1.946862,1.783619,1.630362,0.523506,1.966783,1.971368,1.871050,1.205962,1.974566,1.952251,1.960440,1.667159,1.880020,1.908966,1.934817,0.738606,0.919977,1.937852,1.880020,0.453738,1.961557,1.967291,0.515255,1.829122,1.965235,1.661125,1.948821,0.465265,1.823272,1.218337,1.953262,1.927065,1.974522,1.741790,0.673540,1.965139,1.898797,1.954455,1.957720,1.946157,1.669182,1.606337,0.567601,1.955152,1.966214,0.542968,1.942921,0.378745,0.459260,1.930831,1.968974,1.970769,1.955163,1.626635,1.249021,1.794103,0.436918,1.968938,1.938023,1.942851,1.946157,1.974331,1.958281,1.882370,1.963589,1.946030
1.795506,1.197974,0.272880,0.415836,0.573799,0.413055,0.373068,0.959205,0.741565,1.897381,0.401217,1.068650,0.573881,1.709993,0.354692,0.272986,1.144952,1.942225,0.526414,0.319256,0.335107,0.577334,0.391624,1.008046,0.401389,1.898797,0.000000,0.297296,1.896737,0.171665,1.604740,0.354692,0.373186,1.857511,0.314046,0.520783,0.671394,1.783109,0.499688,0.546617,0.111301,1.266268,0.588767,0.319764,0.327710,0.656720,0.097121,0.160556,0.324008,1.722228,1.550655,0.171665,0.097121,1.839200,0.527337,0.627760,1.805664,0.343413,0.550605,0.644803,0.366983,1.947768,0.341778,1.293214,0.365533,0.335447,0.505882,0.435500,1.763628,0.395780,0.000000,0.395756,0.477016,0.307652,0.591098,0.774338,1.797869,0.330708,0.489851,1.944179,0.458331,1.830077,1.962789,0.593614,0.427100,0.434839,0.348827,0.781622,1.481295,0.328023,1.903569,0.527111,0.297051,0.299097,0.307652,0.477606,0.417912,0.255452,0.385230,0.332315
1.758991,1.163577,0.383000,0.468719,0.592409,0.463134,0.447706,0.890413,0.668576,1.848596,0.501977,1.055057,0.660536,1.647474,0.421060,0.118810,1.152347,1.915632,0.564517,0.392275,0.408062,0.591820,0.459391,0.994338,0.459139,1.886367,0.297296,0.000000,1.872426,0.350215,1.592178,0.421060,0.449833,1.789957,0.387196,0.534881,0.674988,1.754029,0.575828,0.615198,0.338660,1.274544,0.638390,0.418811,0.450591,0.589522,0.268906,0.285136,0.472551,1.656636,1.567601,0.350215,0.268906,1.822613,0.592389,0.641711,1.765131,0.420582,0.609785,0.652112,0.476564,1.928887,0.369684,1.223483,0.448047,0.479090,0.547859,0.515333,1.700028,0.474431,0.297296,0.473067,0.540735,0.404151,0.592699,0.667554,1.807174,0.413500,0.559346,1.906797,0.574623,1.827230,1.930196,0.650269,0.467575,0.501510,0.407375,0.834468,1.435696,0.386400,1.883757,0.593990,0.400099,0.410364,0.404151,0.526170,0.494935,0.340717,0.466150,0.436383
0.589238,1.228858,1.834775,1.946365,1.962501,1.945155,1.937752,1.441361,1.613674,0.781445,1.934735,1.653348,1.875869,1.117859,1.946691,1.849278,1.563075,0.387010,1.943324,1.927716,1.929587,1.939004,1.936313,1.891790,1.949330,0.491250,1.896737,1.872426,0.000000,1.927176,1.490853,1.946691,1.949823,0.900925,1.925177,1.785172,1.619663,0.605485,1.958801,1.957958,1.875486,1.283851,1.960104,1.934990,1.943646,1.678841,1.874593,1.904556,1.930558,0.790108,1.039612,1.927176,1.874593,0.400280,1.931753,1.933620,0.622508,1.811328,1.923354,1.684927,1.932742,0.474161,1.817987,1.282002,1.941115,1.919304,1.951462,1.746861,0.724805,1.946132,1.896737,1.934342,1.931784,1.924984,1.672450,1.606153,0.602174,1.931058,1.943254,0.604534,1.936154,0.572040,0.493380,1.952845,1.948277,1.952996,1.933582,1.670014,1.408875,1.799258,0.503943,1.959339,1.917851,1.924287,1.924984,1.949776,1.943466,1.888816,1.943917,1.925053
1.852333,1.288805,0.413450,0.286534,0.445906,0.288784,0.244321,1.073484,0.839102,1.909533,0.291581,1.032117,0.609158,1.719657,0.235808,0.368820,1.134568,1.967025,0.389713,0.225509,0.222263,0.451025,0.265109,0.901162,0.273886,1.937852,0.171665,0.350215,1.927176,0.000000,1.565333,0.235808,0.244657,1.866605,0.225467,0.589502,0.800271,1.839134,0.370093,0.412839,0.259813,1.347009,0.457433,0.206397,0.171657,0.776887,0.248191,0.193567,0.242748,1.774758,1.618300,0.000000,0.248191,1.883326,0.398711,0.494794,1.859182,0.434520,0.420176,0.762975,0.246068,1.965174,0.435785,1.379586,0.250350,0.279098,0.364231,0.581890,1.805115,0.259927,0.171665,0.275697,0.354270,0.213732,0.728996,0.890022,1.839745,0.211250,0.358406,1.959348,0.368490,1.879261,1.979090,0.502235,0.297832,0.293864,0.242536,0.847619,1.506896,0.474388,1.936261,0.397906,0.218068,0.208681,0.213732,0.338336,0.298877,0.306755,0.252608,0.230909
1.516007,1.838988,1.628376,1.506062,1.370575,1.514636,1.535607,1.811336,1.782780,1.088625,1.561787,1.542152,1.379772,0.953773,1.508358,1.635457,1.636580,1.386088,1.497603,1.584553,1.569071,1.437742,1.545458,1.114398,1.504686,1.403977,1.604740,1.592178,1.490853,1.565333,0.000000,1.508358,1.489321,0.960927,1.591620,1.676537,1.801535,1.540023,1.445782,1.430805,1.620244,1.732892,1.365695,1.563712,1.533254,1.687129,1.638917,1.574835,1.560382,1.366478,1.566510,1.565333,1.638917,1.614900,1.526228,1.495757,1.391858,1.729606,1.542585,1.704094,1.557608,1.314147,1.642843,1.663462,1.522698,1.583672,1.465992,1.724612,1.398443,1.516712,1.604740,1.528099,1.550672,1.587342,1.737686,1.705280,1.614026,1.564244,1.507513,1.214606,1.524777,1.383143,1.273434,1.377377,1.504205,1.486056,1.565037,1.693867,1.164537,1.677505,1.420913,1.404737,1.609190,1.592749,1.587342,1.479370,1.496530,1.569639,1.526248,1.591999
1.888288,1.375913,0.572225,0.134847,0.259337,0.146946,0.143047,1.168325,0.913336,1.894745,0.300286,0.984501,0.683290,1.701191,0.000000,0.475548,1.113566,1.973066,0.272973,0.234551,0.209548,0.343000,0.212452,0.769886,0.205279,1.958872,0.354692,0.421060,1.946691,0.235808,1.508358,0.000000,0.191123,1.847374,0.241733,0.663186,0.931521,1.877537,0.222058,0.253371,0.436580,1.417627,0.322418,0.207231,0.187029,0.881650,0.413026,0.338590,0.247202,1.804051,1.676952,0.235808,0.413026,1.916040,0.346388,0.377543,1.891093,0.557304,0.349033,0.882586,0.234359,1.978820,0.542314,1.447455,0.210857,0.272992,0.260281,0.741612,1.839329,0.195927,0.354692,0.235178,0.326379,0.235752,0.869029,0.980526,1.871146,0.165634,0.277647,1.953590,0.306809,1.911336,1.981419,0.379323,0.214977,0.201784,0.219933,0.921732,1.491319,0.629198,1.960602,0.307752,0.258034,0.242894,0.235752,0.241416,0.241137,0.408294,0.197490,0.241674
1.901276,1.390360,0.593265,0.202981,0.302909,0.220224,0.200299,1.201133,0.946361,1.898919,0.294013,0.996513,0.682461,1.704454,0.191123,0.500676,1.131931,1.980410,0.273593,0.223844,0.185887,0.332487,0.171494,0.757096,0.149379,1.963405,0.373186,0.449833,1.949823,0.244657,1.489321,0.191123,0.000000,1.844752,0.235991,0.683974,0.957405,1.892927,0.270248,0.290819,0.458002,1.444103,0.310924,0.177971,0.190037,0.914690,0.431748,0.360667,0.280505,1.809326,1.693255,0.244657,0.431748,1.926388,0.324592,0.365806,1.900276,0.590222,0.332067,0.886497,0.265152,1.970668,0.583739,1.458627,0.211340,0.309589,0.207295,0.756096,1.838036,0.137996,0.373186,0.222938,0.314590,0.217344,0.892275,1.014344,1.883299,0.202586,0.287924,1.957400,0.319287,1.921849,1.984108,0.405556,0.154133,0.133404,0.200044,0.954201,1.521400,0.653277,1.956157,0.200147,0.252179,0.225741,0.217344,0.193975,0.223182,0.429915,0.143371,0.228151
0.920735,1.529478,1.800069,1.859940,1.784654,1.863750,1.868286,1.607491,1.706964,0.469225,1.889122,1.663447,1.680314,0.600301,1.847374,1.804546,1.677405,0.789799,1.852567,1.880081,1.885564,1.808261,1.884009,1.583274,1.852094,0.837051,1.857511,1.789957,0.900925,1.866605,0.960927,1.847374,1.844752,0.000000,1.882454,1.778718,1.748123,0.972014,1.849084,1.844936,1.844887,1.483904,1.799384,1.882847,1.877088,1.678155,1.855850,1.839966,1.884288,0.717806,1.251100,1.866605,1.855850,1.056961,1.876536,1.839316,0.713886,1.859941,1.887714,1.737919,1.884800,0.758904,1.814948,1.318927,1.859368,1.886191,1.841427,1.799482,0.772071,1.871624,1.857511,1.860878,1.883312,1.887385,1.730481,1.615998,1.149111,1.874965,1.878739,0.573754,1.872163,0.906536,0.633684,1.786507,1.849119,1.857666,1.872991,1.729561,0.967685,1.799056,0.843352,1.813229,1.897847,1.892947,1.887385,1.849680,1.846935,1.800936,1.877103,1.901707
1.864917,1.304115,0.537107,0.227286,0.436910,0.225038,0.191770,1.093064,0.837537,1.922562,0.255355,0.956787,0.749764,1.749113,0.241733,0.413547,1.060777,1.966879,0.293684,0.020150,0.152278,0.408088,0.174946,0.879807,0.173883,1.946862,0.314046,0.387196,1.925177,0.225467,1.591620,0.241733,0.235991,1.882454,0.000000,0.595389,0.847229,1.850248,0.349017,0.383966,0.397926,1.364100,0.440450,0.111660,0.207328,0.829193,0.344597,0.316053,0.233018,1.794222,1.643530,0.225467,0.344597,1.879043,0.323125,0.400167,1.882576,0.465385,0.321567,0.807475,0.220036,1.974922,0.495806,1.402481,0.236544,0.243202,0.289107,0.665815,1.822356,0.186296,0.314046,0.252531,0.285032,0.088824,0.804045,0.930483,1.841348,0.150067,0.310105,1.966187,0.329149,1.901771,1.984581,0.480029,0.188961,0.230084,0.072345,0.873244,1.560431,0.572370,1.941197,0.385338,0.113008,0.110579,0.088824,0.260429,0.277660,0.411366,0.179033,0.143559
1.632847,1.050516,0.504136,0.714482,0.848081,0.702479,0.686421,0.767002,0.451181,1.833807,0.684335,0.992388,0.816884,1.658569,0.663186,0.486977,1.009837,1.851338,0.781662,0.602561,0.654963,0.807422,0.694754,1.212363,0.694878,1.783619,0.520783,0.534881,1.785172,0.589502,1.676537,0.663186,0.683974,1.778718,0.595389,0.000000,0.558667,1.612962,0.793583,0.833147,0.498700,1.032807,0.890398,0.635341,0.682908,0.511395,0.482620,0.554159,0.616169,1.543245,1.357713,0.589502,0.482620,1.701181,0.769287,0.862761,1.655793,0.424613,0.800942,0.490292,0.671300,1.851133,0.523610,1.092175,0.639989,0.599183,0.774995,0.479307,1.634255,0.704757,0.520783,0.658554,0.728501,0.610907,0.558431,0.589594,1.705799,0.643581,0.786833,1.872982,0.705900,1.724237,1.873500,0.773109,0.702260,0.737458,0.633263,0.622176,1.390135,0.478332,1.778930,0.815019,0.599311,0.609726,0.610907,0.754517,0.676578,0.541838,0.699589,0.644629
1.449793,0.709471,0.533610,0.978505,1.131388,0.966714,0.939695,0.373209,0.402349,1.756141,0.916188,1.170636,0.913011,1.627898,0.931521,0.580144,1.134608,1.713666,1.056906,0.858182,0.892540,1.102730,0.949864,1.471419,0.972141,1.630362,0.671394,0.674988,1.619663,0.800271,1.801535,0.931521,0.957405,1.748123,0.847229,0.558667,0.000000,1.441752,1.062712,1.104613,0.611493,0.886103,1.155452,0.886971,0.929948,0.417482,0.600011,0.734164,0.866932,1.404815,1.243537,0.800271,0.600011,1.498800,1.024686,1.121694,1.495120,0.456100,1.050305,0.433703,0.927143,1.734669,0.557303,0.918675,0.928138,0.850667,1.059444,0.293065,1.471203,0.968123,0.671394,0.946719,0.974162,0.856086,0.216107,0.433975,1.502851,0.887191,1.028655,1.769217,0.975926,1.545526,1.761335,1.108272,0.984310,1.010350,0.895628,0.656008,1.422660,0.421593,1.632811,1.097090,0.829067,0.848069,0.856086,1.036324,0.977498,0.696536,0.957180,0.876927
0.270582,1.097391,1.682625,1.893082,1.921340,1.886578,1.883048,1.235806,1.430130,0.880468,1.871477,1.641310,1.742141,1.133874,1.877537,1.724973,1.518106,0.617932,1.907441,1.854753,1.871478,1.897504,1.889294,1.903837,1.894841,0.523506,1.783109,1.754029,0.605485,1.839134,1.540023,1.877537,1.892927,0.972014,1.850248,1.612962,1.441752,0.000000,1.910246,1.922574,1.745330,1.006018,1.937251,1.869350,1.878753,1.453456,1.754210,1.791509,1.854556,0.684401,0.582923,1.839134,1.754210,0.480853,1.896755,1.913283,0.500074,1.683705,1.903416,1.489136,1.861758,0.688022,1.685930,0.987485,1.871566,1.845655,1.917431,1.584666,0.723128,1.897365,1.783109,1.872031,1.883944,1.856690,1.493705,1.390534,0.663184,1.871501,1.906052,0.766692,1.879792,0.537450,0.676193,1.873224,1.896237,1.908796,1.867289,1.460192,1.182113,1.641114,0.598993,1.922970,1.844353,1.853509,1.856690,1.911646,1.879647,1.773991,1.894513,1.862045
1.918307,1.470168,0.717200,0.185617,0.215458,0.158521,0.240577,1.288178,1.050669,1.896825,0.312023,0.988140,0.761124,1.717180,0.222058,0.632313,1.125914,1.973963,0.264464,0.338768,0.293002,0.349554,0.258531,0.689378,0.257523,1.966783,0.499688,0.575828,1.958801,0.370093,1.445782,0.222058,0.270248,1.849084,0.349017,0.793583,1.062712,1.910246,0.000000,0.079679,0.583270,1.495233,0.286580,0.291446,0.267617,1.016452,0.560988,0.486978,0.294246,1.852915,1.718633,0.370093,0.560988,1.937501,0.330232,0.350049,1.927573,0.691565,0.329937,1.000331,0.304560,1.971391,0.691760,1.526181,0.299254,0.353204,0.236827,0.877086,1.869928,0.230236,0.499688,0.310666,0.322867,0.329147,1.008607,1.122597,1.893051,0.283378,0.206285,1.955045,0.336988,1.930375,1.974479,0.347879,0.268006,0.208363,0.312811,1.035407,1.524792,0.778161,1.969916,0.290290,0.353652,0.334232,0.329147,0.235682,0.305019,0.554003,0.243381,0.315662
1.930952,1.496692,0.763920,0.207226,0.191452,0.194789,0.267489,1.324751,1.084290,1.891320,0.343380,0.993118,0.792276,1.713920,0.253371,0.674756,1.137465,1.970727,0.258865,0.373237,0.322164,0.338231,0.279528,0.658209,0.279162,1.971368,0.546617,0.615198,1.957958,0.412839,1.430805,0.253371,0.290819,1.844936,0.383966,0.833147,1.104613,1.922574,0.079679,0.000000,0.630590,1.524797,0.266697,0.327047,0.299390,1.059254,0.607499,0.530515,0.346009,1.864110,1.741750,0.412839,0.607499,1.943492,0.329452,0.321432,1.937544,0.737798,0.323284,1.043713,0.343026,1.968620,0.731651,1.555199,0.323947,0.391792,0.229814,0.923196,1.878942,0.252870,0.546617,0.330895,0.336083,0.365508,1.051053,1.159974,1.898568,0.312310,0.203754,1.949585,0.346736,1.938915,1.969947,0.358057,0.282158,0.221002,0.342755,1.071834,1.536944,0.823342,1.972916,0.279993,0.391825,0.372598,0.365508,0.236067,0.322659,0.597782,0.267898,0.348808
1.757841,1.151482,0.181868,0.504753,0.652053,0.500836,0.461853,0.907709,0.707724,1.882603,0.485203,1.110199,0.542950,1.697228,0.436580,0.293134,1.170636,1.923772,0.610773,0.404115,0.430612,0.656590,0.485249,1.071226,0.490006,1.871050,0.111301,0.338660,1.875486,0.259813,1.620244,0.436580,0.458002,1.844887,0.397926,0.498700,0.611493,1.745330,0.583270,0.630590,0.000000,1.219072,0.664346,0.410469,0.414054,0.600421,0.132236,0.194996,0.403787,1.685550,1.499226,0.259813,0.132236,1.811191,0.609758,0.711172,1.766149,0.335008,0.634607,0.590317,0.441807,1.931642,0.323345,1.239488,0.446435,0.407101,0.594528,0.363235,1.738484,0.487340,0.111301,0.476734,0.560489,0.396586,0.517394,0.721897,1.769406,0.419770,0.579926,1.927125,0.534708,1.795057,1.946301,0.658220,0.515717,0.525193,0.436028,0.740400,1.455551,0.247916,1.880459,0.607877,0.383126,0.386710,0.396586,0.567576,0.496679,0.266374,0.477525,0.421909
1.037349,0.813472,1.173179,1.454957,1.543551,1.443034,1.424862,0.784054,0.862292,1.455413,1.392438,1.301944,1.366241,1.420094,1.417627,1.217934,1.169235,1.362593,1.481787,1.371699,1.401960,1.477938,1.435711,1.691034,1.453647,1.205962,1.266268,1.274544,1.283851,1.347009,1.732892,1.417627,1.444103,1.483904,1.364100,1.032807,0.886103,1.006018,1.495233,1.524797,1.219072,0.000000,1.569629,1.396787,1.414694,0.973616,1.223834,1.296896,1.354293,1.094972,0.836305,1.347009,1.223834,1.110433,1.455486,1.526610,1.131300,1.105101,1.476305,0.928775,1.390325,1.374049,1.154952,0.878643,1.388743,1.341099,1.495227,1.028283,1.205254,1.444790,1.266268,1.390763,1.434316,1.377814,0.982389,0.910306,1.158020,1.393718,1.487717,1.451962,1.409687,1.155609,1.411330,1.433974,1.451812,1.469637,1.398564,0.752006,1.157377,1.116458,1.261847,1.508830,1.355242,1.369851,1.377814,1.488300,1.408664,1.275016,1.440554,1.383833
1.947538,1.538397,0.783391,0.299484,0.224512,0.329584,0.325745,1.371678,1.147536,1.859812,0.446628,1.049127,0.739080,1.666780,0.322418,0.703369,1.205050,1.970139,0.325704,0.429333,0.404691,0.337016,0.357514,0.590773,0.312100,1.974566,0.588767,0.638390,1.960104,0.457433,1.365695,0.322418,0.310924,1.799384,0.440450,0.890398,1.155452,1.937251,0.286580,0.266697,0.664346,1.569629,0.000000,0.397610,0.355368,1.093317,0.652975,0.555060,0.453159,1.846490,1.763793,0.457433,0.652975,1.966317,0.413191,0.362823,1.926103,0.808028,0.405018,1.085001,0.411320,1.964558,0.773859,1.583224,0.381967,0.478051,0.281136,0.961023,1.865010,0.322144,0.588767,0.386981,0.436911,0.434395,1.083118,1.185948,1.915636,0.369571,0.358469,1.923733,0.409271,1.942023,1.957633,0.411001,0.316682,0.279960,0.396292,1.128940,1.515667,0.853718,1.968531,0.263203,0.471340,0.446496,0.434395,0.291182,0.356040,0.603467,0.332913,0.436149
1.882971,1.334822,0.554877,0.187981,0.393591,0.189736,0.155731,1.140253,0.886699,1.927471,0.228121,0.974951,0.727954,1.753257,0.207231,0.450559,1.084365,1.975191,0.277535,0.099301,0.085382,0.385791,0.111411,0.849650,0.134665,1.952251,0.319764,0.418811,1.934990,0.206397,1.563712,0.207231,0.177971,1.882847,0.111660,0.635341,0.886971,1.869350,0.291446,0.327047,0.410469,1.396787,0.397610,0.000000,0.159894,0.868159,0.364580,0.326189,0.208419,1.813228,1.661614,0.206397,0.364580,1.894649,0.303010,0.384395,1.897629,0.503113,0.304175,0.835554,0.195884,1.977316,0.527111,1.433452,0.206525,0.242736,0.253612,0.694244,1.833586,0.113066,0.319764,0.222222,0.266758,0.055590,0.836974,0.976193,1.853700,0.134177,0.263760,1.971786,0.316126,1.909494,1.989896,0.455618,0.165081,0.167107,0.092025,0.903927,1.565297,0.600997,1.950571,0.333003,0.090897,0.061134,0.055590,0.222870,0.244510,0.409979,0.104683,0.080155
