0.000000,1.134013,1.681394,1.905604,1.929203,1.895478,1.897771,1.234903,1.452440,0.838197,1.881299,1.668621,1.731027,1.101437,1.888744,1.726948,1.544973,0.601588,1.918974,1.868128,1.881861,1.916716,1.900127,1.901727,1.906691,0.497926,1.785566,1.757920,0.611630,1.845953,1.523552,1.888744,1.901846,0.955644,1.863722,1.643194,1.446872,0.261385,1.915742,1.928487,1.746421,1.020944,1.948025,1.881839,1.886998,1.468123,1.755605,1.794679,1.866611,0.641306,0.687478,1.845953,1.755605,0.478560,1.905614,1.928245,0.432641,1.690422,1.913930,1.485576,1.873588,0.652434,1.704109,1.012711,1.884365,1.864060,1.927640,1.582377,0.732484,1.906783,1.785566,1.885756,1.889997,1.870426,1.491273,1.390031,0.665010,1.884955,1.909942,0.733721,1.901861,0.504270,0.650020,1.887034,1.908643,1.917517,1.880278,1.468335,1.128996,1.639600,0.574151,1.930342,1.857409,1.866657,1.870426,1.922362,1.894978,1.779486,1.904068,1.874252
1.134013,0.000000,1.054438,1.390529,1.506182,1.380096,1.359627,0.562423,0.785739,1.508894,1.338644,1.361592,1.315937,1.475349,1.364623,1.080384,1.277198,1.383579,1.437273,1.305217,1.321149,1.469159,1.368232,1.708051,1.393542,1.300874,1.163246,1.151172,1.267675,1.261983,1.826888,1.364623,1.383969,1.566354,1.297032,1.064842,0.680464,1.128640,1.452350,1.478833,1.111945,0.781703,1.521221,1.326590,1.354466,0.830362,1.105524,1.208691,1.321524,1.140708,1.083800,1.261983,1.105524,1.116373,1.408400,1.472075,1.186708,0.976890,1.418955,0.884186,1.347408,1.433822,1.053185,0.708825,1.370446,1.310717,1.447871,0.865633,1.147246,1.388705,1.163246,1.365940,1.374697,1.298520,0.782638,0.830365,1.154944,1.317708,1.417413,1.494470,1.397855,1.221030,1.461965,1.497693,1.396101,1.420365,1.332454,0.886983,1.419321,0.969320,1.324492,1.491488,1.275666,1.293059,1.298520,1.434860,1.391969,1.142712,1.381236,1.309842
1.681394,1.054438,0.000000,0.664315,0.782923,0.650978,0.626065,0.811103,0.671194,1.839292,0.643462,1.244843,0.494132,1.655563,0.589149,0.323529,1.286295,1.876832,0.756361,0.560506,0.590249,0.800161,0.647866,1.171514,0.646093,1.824960,0.271909,0.384182,1.837276,0.416658,1.629463,0.589149,0.616275,1.804389,0.553389,0.526444,0.522149,1.687860,0.727575,0.772192,0.177268,1.166707,0.792554,0.576657,0.572660,0.476762,0.257041,0.294120,0.577383,1.597809,1.425862,0.416658,0.257041,1.756507,0.758446,0.865665,1.672912,0.386623,0.781491,0.513168,0.605189,1.887331,0.337843,1.092133,0.610003,0.580161,0.737801,0.287010,1.675856,0.651400,0.271909,0.634682,0.700131,0.559593,0.385345,0.603535,1.722733,0.579859,0.719712,1.885646,0.703254,1.728389,1.902644,0.806225,0.668242,0.684355,0.592733,0.752320,1.410188,0.133923,1.823485,0.762792,0.544932,0.551615,0.559593,0.711485,0.653450,0.329208,0.642112,0.587751
1.905604,1.390529,0.664315,0.000000,0.249265,0.080402,0.091085,1.218008,0.959926,1.904811,0.265275,0.985694,0.781020,1.718695,0.131843,0.547116,1.119845,1.970807,0.186158,0.220065,0.185769,0.303479,0.164981,0.741939,0.170521,1.973077,0.437139,0.487182,1.947930,0.294151,1.499877,0.131843,0.201035,1.861789,0.229287,0.708293,0.986874,1.896138,0.181366,0.198685,0.526929,1.472009,0.296966,0.187398,0.185238,0.941885,0.492603,0.414196,0.258774,1.832206,1.696328,0.294151,0.492603,1.918729,0.277067,0.308044,1.915092,0.609874,0.261922,0.950827,0.218971,1.979580,0.603017,1.468753,0.221842,0.289673,0.193868,0.819483,1.850374,0.153684,0.437139,0.236183,0.262119,0.217964,0.942187,1.052196,1.871919,0.144224,0.192308,1.959532,0.318138,1.922295,1.982898,0.386749,0.174505,0.154690,0.194840,0.999899,1.568490,0.714766,1.967037,0.304153,0.245362,0.230400,0.217964,0.181817,0.242532,0.499832,0.160931,0.215991
1.929203,1.506182,0.782923,0.249265,0.000000,0.268508,0.307913,1.342719,1.091264,1.850219,0.429599,1.026298,0.768895,1.647251,0.256393,0.686053,1.190946,1.960087,0.287221,0.421813,0.386713,0.309150,0.347871,0.564424,0.304384,1.976011,0.587587,0.605923,1.963039,0.453511,1.364647,0.256393,0.294882,1.786069,0.434250,0.830641,1.137174,1.922471,0.215533,0.191685,0.666833,1.555847,0.226324,0.385922,0.355400,1.051628,0.652073,0.546681,0.417610,1.833596,1.741464,0.453511,0.652073,1.961333,0.403703,0.356634,1.914142,0.791462,0.397859,1.077666,0.398636,1.963799,0.748975,1.524886,0.350270,0.441133,0.260786,0.964654,1.859612,0.315432,0.587587,0.366143,0.416833,0.426016,1.073526,1.147752,1.915010,0.361320,0.322830,1.921669,0.392839,1.938159,1.956197,0.326465,0.298155,0.271413,0.384893,1.113452,1.491587,0.849967,1.967499,0.264743,0.461486,0.438851,0.426016,0.272984,0.338508,0.609818,0.328763,0.428250
1.895478,1.380096,0.650978,0.080402,0.268508,0.000000,0.131454,1.200031,0.943497,1.907124,0.259864,0.989091,0.775444,1.723399,0.141447,0.533037,1.116837,1.969765,0.211906,0.216490,0.185981,0.330713,0.165283,0.765053,0.182978,1.967938,0.427432,0.476189,1.946897,0.290857,1.509237,0.141447,0.218129,1.866281,0.224803,0.688687,0.970218,1.888512,0.156948,0.191206,0.515899,1.456592,0.327855,0.186570,0.190189,0.923957,0.480736,0.406173,0.233733,1.830361,1.683389,0.290857,0.480736,1.912758,0.293710,0.335123,1.910647,0.596838,0.277051,0.928077,0.215324,1.977773,0.593335,1.449254,0.233132,0.276125,0.208707,0.803960,1.850873,0.161654,0.427432,0.247815,0.264603,0.213802,0.925973,1.034369,1.868102,0.165228,0.186446,1.961362,0.322674,1.917032,1.982027,0.387901,0.190581,0.168966,0.193836,0.992276,1.561698,0.699883,1.962949,0.324628,0.236838,0.225332,0.213802,0.195783,0.260488,0.499952,0.168339,0.212295
1.897771,1.359627,0.626065,0.091085,0.307913,0.131454,0.000000,1.188766,0.930127,1.910061,0.259273,0.987810,0.766042,1.726249,0.140665,0.514728,1.112336,1.970881,0.206153,0.184515,0.158927,0.321505,0.153479,0.779901,0.170688,1.967005,0.394987,0.463779,1.939575,0.251992,1.529860,0.140665,0.199882,1.870061,0.192122,0.680791,0.948330,1.886699,0.237139,0.260397,0.484992,1.442631,0.322725,0.155607,0.146953,0.912847,0.449558,0.376269,0.238212,1.825100,1.680036,0.251992,0.449558,1.907474,0.288920,0.333863,1.907277,0.567859,0.266627,0.917123,0.175534,1.980447,0.562704,1.450849,0.207580,0.260921,0.221110,0.777400,1.840927,0.151690,0.394987,0.217069,0.267035,0.179311,0.904478,1.025333,1.855226,0.088850,0.223440,1.961034,0.314230,1.913854,1.986077,0.413152,0.181372,0.170637,0.168358,0.968884,1.571212,0.675266,1.962942,0.326600,0.204784,0.191080,0.179311,0.203288,0.232341,0.463395,0.151192,0.181164
1.234903,0.562423,0.811103,1.218008,1.342719,1.200031,1.188766,0.000000,0.460072,1.590353,1.167954,1.250156,1.136365,1.491884,1.178344,0.813394,1.181696,1.540495,1.274796,1.114602,1.145795,1.309312,1.198729,1.604508,1.220558,1.461323,0.947469,0.889450,1.454326,1.067665,1.813027,1.178344,1.214921,1.623659,1.103026,0.791433,0.380519,1.249626,1.292501,1.328346,0.892229,0.763459,1.373781,1.153045,1.180424,0.546103,0.877818,0.987739,1.137968,1.196211,1.134391,1.067665,0.877818,1.292652,1.251627,1.324113,1.292768,0.748199,1.271362,0.591518,1.175086,1.571906,0.805295,0.725347,1.186939,1.127554,1.285000,0.622983,1.289980,1.221847,0.947469,1.193178,1.202671,1.121018,0.488630,0.433143,1.329141,1.137929,1.253095,1.607512,1.234409,1.366839,1.595523,1.321652,1.224606,1.255951,1.147666,0.760405,1.324752,0.704364,1.453290,1.336712,1.095640,1.118012,1.121018,1.267652,1.223251,0.959689,1.213115,1.140356
1.452440,0.785739,0.671194,0.959926,1.091264,0.943497,0.930127,0.460072,0.000000,1.722821,0.921524,1.075909,1.042559,1.581516,0.916284,0.607798,1.049250,1.713328,1.005432,0.849827,0.882627,1.034489,0.933832,1.400939,0.959182,1.654701,0.734388,0.668219,1.626955,0.827058,1.791948,0.916284,0.952037,1.723425,0.838656,0.468127,0.429468,1.444922,1.048641,1.080438,0.700271,0.870171,1.146164,0.893346,0.923718,0.483006,0.671385,0.766184,0.885630,1.398332,1.267784,0.827058,0.671385,1.502847,0.992574,1.058089,1.509808,0.563347,1.007693,0.486830,0.916422,1.729157,0.618681,0.919305,0.913399,0.863060,1.020450,0.551230,1.490195,0.960584,0.734388,0.914928,0.949508,0.860597,0.504817,0.391215,1.512169,0.878740,1.006155,1.755497,0.966904,1.576018,1.755981,1.061225,0.956769,0.993702,0.881317,0.651843,1.374490,0.578380,1.646275,1.074998,0.837193,0.860773,0.860597,1.004776,0.948740,0.765827,0.953531,0.881165
0.838197,1.508894,1.839292,1.904811,1.850219,1.907124,1.910061,1.590353,1.722821,0.000000,1.924759,1.639933,1.760885,0.512095,1.895615,1.847602,1.627503,0.654755,1.899492,1.922025,1.925429,1.870830,1.923570,1.668716,1.905899,0.662627,1.892876,1.842364,0.779167,1.909708,1.093106,1.895615,1.899399,0.455446,1.922386,1.830315,1.754160,0.872519,1.898440,1.893885,1.876790,1.436297,1.860336,1.927372,1.917069,1.723985,1.887225,1.885657,1.916925,0.770424,1.229436,1.909708,1.887225,0.909977,1.911382,1.884306,0.714966,1.882737,1.918844,1.751165,1.917394,0.660410,1.832723,1.363151,1.911958,1.911526,1.895357,1.817672,0.797793,1.919063,1.892876,1.910925,1.921180,1.928640,1.751874,1.648692,0.889730,1.915215,1.915969,0.295475,1.899308,0.715003,0.549577,1.833983,1.902823,1.908687,1.917647,1.720905,1.019379,1.828034,0.722948,1.870136,1.934422,1.933402,1.928640,1.903100,1.904747,1.858988,1.922647,1.937608
1.881299,1.338644,0.643462,0.265275,0.429599,0.259864,0.259273,1.167954,0.921524,1.924759,0.000000,0.962188,0.792070,1.753831,0.298000,0.544816,1.066326,1.963314,0.292013,0.247595,0.228882,0.395284,0.238445,0.837793,0.267262,1.951730,0.420238,0.516126,1.934749,0.300880,1.554671,0.298000,0.290075,1.891640,0.251374,0.671374,0.918085,1.871266,0.309557,0.338589,0.506438,1.411309,0.449510,0.219042,0.248653,0.911844,0.461630,0.427180,0.207372,1.831550,1.654709,0.300880,0.461630,1.884249,0.203975,0.426038,1.904861,0.533980,0.296133,0.908695,0.282804,1.966081,0.595613,1.436833,0.253214,0.257034,0.305856,0.755267,1.843671,0.226563,0.420238,0.270639,0.157936,0.233366,0.894768,1.032298,1.839950,0.231716,0.217409,1.968232,0.305450,1.899866,1.979756,0.445572,0.275259,0.249805,0.248741,0.949012,1.583120,0.684256,1.939830,0.377155,0.238440,0.230615,0.233366,0.297084,0.282693,0.510080,0.231023,0.222417
1.668621,1.361592,1.244843,0.985694,1.026298,0.989091,0.987810,1.250156,1.075909,1.639933,0.962188,0.000000,1.416467,1.502728,1.016503,1.117999,0.310564,1.682552,0.930064,0.997724,1.006230,0.975696,0.997226,1.114061,1.006655,1.711939,1.119065,1.105401,1.634426,1.070881,1.536325,1.016503,1.028480,1.638144,0.996319,1.033485,1.224674,1.640850,1.014798,1.015723,1.160454,1.340358,1.071822,1.013931,1.030174,1.261335,1.117477,1.144727,0.983788,1.600208,1.598909,1.070881,1.117477,1.589163,0.934141,0.939333,1.719884,1.054463,0.943926,1.275860,1.009030,1.681945,1.087272,1.482901,1.016734,0.987849,0.980002,1.230317,1.615637,1.000030,1.119065,0.996870,0.953462,1.007157,1.288575,1.286471,1.602783,0.982068,0.989964,1.695894,1.001655,1.694318,1.696226,0.917190,0.988985,1.000887,0.997977,1.097751,1.487822,1.227241,1.672281,1.024063,1.011310,1.016393,1.007157,0.988609,1.004300,1.171808,1.003919,1.011138
1.731027,1.315937,0.494132,0.781020,0.768895,0.775444,0.766042,1.136365,1.042559,1.760885,0.792070,1.416467,0.000000,1.560530,0.698613,0.670619,1.487844,1.868221,0.862230,0.758785,0.767666,0.849839,0.791773,1.034444,0.751822,1.813754,0.572503,0.662811,1.876823,0.615118,1.380900,0.698613,0.702347,1.684326,0.761195,0.830851,0.901939,1.745832,0.772363,0.802625,0.540016,1.351961,0.751439,0.742512,0.705938,0.809432,0.615310,0.543244,0.735748,1.610582,1.486475,0.615118,0.615310,1.841184,0.874874,0.958686,1.659442,0.771730,0.912703,0.841341,0.761858,1.861425,0.705222,1.227506,0.727416,0.748520,0.808282,0.690761,1.698350,0.764750,0.572503,0.760100,0.839377,0.756491,0.749694,0.895840,1.798104,0.755070,0.820014,1.823642,0.785633,1.736052,1.857132,0.817515,0.776511,0.767222,0.765452,1.005623,1.285055,0.593499,1.823773,0.762244,0.764741,0.750314,0.756491,0.791965,0.743914,0.528385,0.763334,0.777636
1.101437,1.475349,1.655563,1.718695,1.647251,1.723399,1.726249,1.491884,1.581516,0.512095,1.753831,1.502728,1.560530,0.000000,1.700427,1.652700,1.552976,1.041095,1.722696,1.745550,1.750481,1.677386,1.750210,1.489729,1.717735,1.028158,1.702657,1.638256,1.124398,1.717061,0.962952,1.700427,1.703311,0.607610,1.747014,1.651231,1.624009,1.137174,1.716650,1.714356,1.688367,1.398049,1.664911,1.751551,1.733388,1.564034,1.701955,1.694196,1.738718,0.827891,1.338735,1.717061,1.701955,1.217131,1.742557,1.722821,0.939957,1.719158,1.761867,1.602458,1.745923,1.030233,1.640593,1.318857,1.727626,1.739394,1.705162,1.656523,0.941494,1.738286,1.702657,1.725039,1.754324,1.755501,1.598377,1.493843,1.190376,1.730313,1.746224,0.769772,1.727458,0.986727,0.950449,1.630787,1.713315,1.723079,1.739075,1.565859,0.874888,1.651100,1.058589,1.671256,1.768230,1.763938,1.755501,1.715866,1.715264,1.658013,1.745397,1.773915
1.888744,1.364623,0.589149,0.131843,0.256393,0.141447,0.140665,1.178344,0.916284,1.895615,0.298000,1.016503,0.698613,1.700427,0.000000,0.494349,1.142370,1.969822,0.261113,0.233202,0.206850,0.340051,0.209482,0.768263,0.204946,1.964149,0.371335,0.436819,1.949620,0.240897,1.502993,0.000000,0.190347,1.851620,0.240800,0.654611,0.939149,1.881770,0.216474,0.245258,0.454682,1.431691,0.319874,0.203500,0.181178,0.883256,0.433008,0.349439,0.240778,1.808509,1.667116,0.240897,0.433008,1.915283,0.340030,0.389898,1.890477,0.568792,0.339466,0.897589,0.232717,1.978628,0.545381,1.429684,0.213552,0.261865,0.255210,0.759605,1.844691,0.195491,0.371335,0.236090,0.317806,0.230938,0.882106,0.991192,1.865380,0.164690,0.263804,1.954760,0.309138,1.906350,1.982524,0.382384,0.215383,0.201561,0.218300,0.951088,1.514714,0.648021,1.959145,0.311986,0.254130,0.238518,0.230938,0.236831,0.241071,0.429332,0.195812,0.237910
1.726948,1.080384,0.323529,0.547116,0.686053,0.533037,0.514728,0.813394,0.607798,1.847602,0.544816,1.117999,0.670619,1.652700,0.494349,0.000000,1.189183,1.901952,0.633496,0.439777,0.459770,0.672307,0.520831,1.082485,0.533584,1.864102,0.265204,0.121269,1.856652,0.361865,1.635831,0.494349,0.524260,1.812709,0.430726,0.502356,0.575914,1.732130,0.644586,0.685947,0.284904,1.213738,0.710115,0.474694,0.488426,0.516088,0.210708,0.290081,0.514078,1.638820,1.526238,0.361865,0.210708,1.780304,0.645289,0.714327,1.737609,0.353549,0.663137,0.567953,0.520608,1.909343,0.329836,1.153196,0.521201,0.519576,0.618430,0.421210,1.684623,0.543679,0.265204,0.533903,0.583326,0.449755,0.503512,0.609810,1.756513,0.462833,0.611657,1.901718,0.628647,1.784970,1.920938,0.730246,0.543634,0.576676,0.467152,0.800539,1.453460,0.305708,1.853790,0.677221,0.436310,0.452705,0.449755,0.595621,0.562729,0.343504,0.533048,0.479295
1.544973,1.277198,1.286295,1.119845,1.190946,1.116837,1.112336,1.181696,1.049250,1.627503,1.066326,0.310564,1.487844,1.552976,1.142370,1.189183,0.000000,1.600484,1.074916,1.101323,1.117759,1.133353,1.117291,1.298761,1.139339,1.607104,1.191488,1.198741,1.540138,1.168746,1.636033,1.142370,1.162987,1.655413,1.097041,1.054854,1.184048,1.512879,1.149493,1.156935,1.217842,1.208073,1.226913,1.121279,1.141704,1.253074,1.178104,1.225460,1.081099,1.550868,1.461093,1.168746,1.178104,1.448049,1.057361,1.090001,1.637336,1.075288,1.072648,1.259536,1.108612,1.606876,1.140284,1.410880,1.131365,1.079651,1.127720,1.230780,1.569422,1.124343,1.191488,1.115636,1.065287,1.108610,1.278029,1.273397,1.467771,1.099593,1.114831,1.650064,1.114010,1.587659,1.631295,1.055870,1.126311,1.135502,1.110854,1.052326,1.494627,1.255597,1.574469,1.178466,1.100856,1.111633,1.108610,1.129664,1.129896,1.254313,1.124682,1.106964
0.601588,1.383579,1.876832,1.970807,1.960087,1.969765,1.970881,1.540495,1.713328,0.654755,1.963314,1.682552,1.868221,1.041095,1.969822,1.901952,1.600484,0.000000,1.964891,1.966671,1.969724,1.958375,1.972961,1.848493,1.975734,0.446812,1.936653,1.916063,0.387954,1.963422,1.390572,1.969822,1.976491,0.806137,1.965331,1.851669,1.710861,0.607933,1.969375,1.966354,1.916190,1.348661,1.967809,1.971636,1.974816,1.740024,1.920957,1.940064,1.964979,0.813613,1.075532,1.963422,1.920957,0.537490,1.957934,1.954221,0.612205,1.877020,1.954275,1.762551,1.967751,0.419632,1.882242,1.327430,1.968952,1.959587,1.972171,1.810484,0.749688,1.976119,1.936653,1.967672,1.958557,1.966860,1.744998,1.679722,0.714706,1.968259,1.962416,0.465692,1.960767,0.625271,0.325563,1.944250,1.973096,1.977286,1.968940,1.701551,1.262370,1.850677,0.435429,1.971465,1.962007,1.965969,1.966860,1.973462,1.970790,1.925586,1.975914,1.966537
1.918974,1.437273,0.756361,0.186158,0.287221,0.211906,0.206153,1.274796,1.005432,1.899492,0.292013,0.930064,0.862230,1.722696,0.261113,0.633496,1.074916,1.964891,0.000000,0.277113,0.264690,0.257906,0.219602,0.696980,0.211163,1.975941,0.539503,0.573977,1.942482,0.393548,1.491024,0.261113,0.260899,1.851964,0.287063,0.751802,1.059840,1.905525,0.262656,0.257517,0.624351,1.498786,0.322694,0.264199,0.268508,1.016693,0.590490,0.505816,0.335979,1.848547,1.716639,0.393548,0.590490,1.921319,0.230889,0.246059,1.930351,0.691629,0.168976,1.015070,0.277873,1.968117,0.686616,1.508640,0.255462,0.353310,0.190576,0.903219,1.859290,0.208377,0.539503,0.257934,0.240182,0.291494,1.022935,1.113847,1.879259,0.240121,0.226412,1.951013,0.346089,1.939088,1.975247,0.358108,0.190040,0.189203,0.245001,1.041873,1.580594,0.803337,1.959881,0.300389,0.320675,0.307087,0.291494,0.199720,0.254728,0.606664,0.220311,0.289136
1.868128,1.305217,0.560506,0.220065,0.421813,0.216490,0.184515,1.114602,0.849827,1.922025,0.247595,0.997724,0.758785,1.745550,0.233202,0.439777,1.101323,1.966671,0.277113,0.000000,0.143149,0.394712,0.164431,0.868541,0.159685,1.954611,0.336489,0.406828,1.930805,0.224460,1.579564,0.233202,0.226503,1.883546,0.020688,0.593214,0.867033,1.858658,0.336291,0.368478,0.422731,1.389239,0.425733,0.102050,0.185601,0.837289,0.375108,0.327832,0.232207,1.802153,1.636239,0.224460,0.375108,1.882370,0.311549,0.400026,1.885594,0.489964,0.312629,0.830856,0.211673,1.975758,0.506577,1.390235,0.233603,0.241597,0.270047,0.695993,1.829698,0.176346,0.336489,0.241697,0.267722,0.080752,0.826888,0.949438,1.838590,0.142420,0.288861,1.966689,0.330596,1.899420,1.985744,0.479231,0.175155,0.217110,0.056236,0.915251,1.578640,0.600769,1.943337,0.376531,0.113912,0.107247,0.080752,0.243759,0.267858,0.432477,0.170492,0.139305
1.881861,1.321149,0.590249,0.185769,0.386713,0.185981,0.158927,1.145795,0.882627,1.925429,0.228882,1.006230,0.767666,1.750481,0.206850,0.459770,1.117759,1.969724,0.264690,0.143149,0.000000,0.369320,0.085066,0.850830,0.173327,1.958494,0.351852,0.419408,1.931935,0.221758,1.564172,0.206850,0.187225,1.888128,0.150977,0.644640,0.896571,1.874290,0.292375,0.319367,0.448319,1.417328,0.402531,0.087541,0.155601,0.873167,0.394456,0.350129,0.234708,1.821268,1.664145,0.221758,0.394456,1.889576,0.286113,0.378353,1.902934,0.518424,0.279937,0.855119,0.210197,1.972595,0.527590,1.424405,0.212092,0.264540,0.248390,0.725415,1.836001,0.125757,0.351852,0.214361,0.245187,0.101614,0.855974,0.983841,1.842997,0.134247,0.236290,1.970449,0.333582,1.904587,1.988321,0.478597,0.184980,0.174244,0.133014,0.945590,1.593143,0.631162,1.949822,0.339338,0.111907,0.104824,0.101614,0.224439,0.249321,0.448770,0.111713,0.077532
1.916716,1.469159,0.800161,0.303479,0.309150,0.330713,0.321505,1.309312,1.034489,1.870830,0.395284,0.975696,0.849839,1.677386,0.340051,0.672307,1.133353,1.958375,0.257906,0.394712,0.369320,0.000000,0.328245,0.652949,0.310542,1.967057,0.590540,0.602986,1.940665,0.454470,1.431798,0.340051,0.325354,1.809540,0.404444,0.789727,1.106653,1.898415,0.351558,0.340506,0.671490,1.494813,0.337436,0.380257,0.347864,1.048780,0.642959,0.554651,0.437246,1.829820,1.707818,0.454470,0.642959,1.933573,0.338147,0.342059,1.916375,0.753613,0.316568,1.041444,0.368793,1.956945,0.745471,1.517452,0.285745,0.456301,0.270649,0.952122,1.847946,0.317385,0.590540,0.250466,0.363227,0.407043,1.068443,1.125477,1.893698,0.355103,0.344243,1.929453,0.402979,1.939557,1.955974,0.390095,0.293163,0.286997,0.362525,1.059933,1.535200,0.853663,1.956034,0.286799,0.437161,0.421982,0.407043,0.290787,0.220793,0.648936,0.327925,0.405417
1.900127,1.368232,0.647866,0.164981,0.347871,0.165283,0.153479,1.198729,0.933832,1.923570,0.238445,0.997226,0.791773,1.750210,0.209482,0.520831,1.117291,1.972961,0.219602,0.164431,0.085066,0.328245,0.000000,0.809211,0.138091,1.967464,0.413496,0.474762,1.937832,0.271691,1.539683,0.209482,0.169434,1.885140,0.176242,0.683868,0.958433,1.891909,0.257502,0.275529,0.507579,1.453843,0.354481,0.112176,0.158015,0.930504,0.461033,0.400891,0.247616,1.839815,1.686036,0.271691,0.461033,1.904194,0.263910,0.337014,1.919272,0.584187,0.238849,0.908987,0.204816,1.974054,0.585320,1.462028,0.212060,0.277218,0.189975,0.788644,1.854844,0.078130,0.413496,0.205442,0.237494,0.140971,0.917571,1.034893,1.856669,0.158380,0.207941,1.968380,0.318930,1.919252,1.987877,0.448998,0.144812,0.118790,0.133924,0.991570,1.603629,0.693473,1.956121,0.293569,0.166039,0.151671,0.140971,0.168520,0.234108,0.506863,0.065200,0.120495
1.901727,1.708051,1.171514,0.741939,0.564424,0.765053,0.779901,1.604508,1.400939,1.668716,0.837793,1.114061,1.034444,1.489729,0.768263,1.082485,1.298761,1.848493,0.696980,0.868541,0.850830,0.652949,0.809211,0.000000,0.753478,1.891154,1.023213,0.999857,1.885724,0.911596,1.104967,0.768263,0.752926,1.566817,0.879742,1.193851,1.474660,1.899582,0.696763,0.667173,1.087458,1.704917,0.593957,0.848246,0.815306,1.368885,1.077564,0.968864,0.859791,1.799462,1.805252,0.911596,1.077564,1.944640,0.767740,0.662657,1.857846,1.194519,0.780993,1.419359,0.834628,1.841353,1.164196,1.657695,0.795130,0.866409,0.687731,1.336537,1.792110,0.776582,1.023213,0.799465,0.809464,0.881985,1.417145,1.427660,1.899459,0.827527,0.763368,1.758542,0.770706,1.898920,1.810579,0.634074,0.739681,0.726152,0.832236,1.388219,1.399843,1.236189,1.891831,0.631862,0.917660,0.896065,0.881985,0.715310,0.761567,1.000525,0.793019,0.885700
1.906691,1.393542,0.646093,0.170521,0.304384,0.182978,0.170688,1.220558,0.959182,1.905899,0.267262,1.006655,0.751822,1.717735,0.204946,0.533584,1.139339,1.975734,0.211163,0.159685,0.173327,0.310542,0.138091,0.753478,0.000000,1.973765,0.423236,0.478397,1.951392,0.281757,1.498666,0.204946,0.148965,1.853583,0.177669,0.687175,0.983625,1.898703,0.255741,0.274199,0.512416,1.471455,0.308480,0.136214,0.182069,0.932502,0.477977,0.399523,0.267003,1.824484,1.687991,0.281757,0.477977,1.923979,0.287469,0.339664,1.909389,0.614720,0.286050,0.930242,0.234798,1.979645,0.606051,1.453993,0.220865,0.291756,0.159963,0.803798,1.850123,0.108608,0.423236,0.223381,0.267971,0.167263,0.930881,1.042071,1.878596,0.182455,0.243570,1.959028,0.316061,1.927020,1.984588,0.411740,0.068708,0.108424,0.113450,1.006334,1.568139,0.702171,1.959432,0.256155,0.218454,0.190456,0.167263,0.141553,0.222233,0.488739,0.120868,0.200904
0.497926,1.300874,1.824960,1.973077,1.976011,1.967938,1.967005,1.461323,1.654701,0.662627,1.951730,1.711939,1.813754,1.028158,1.964149,1.864102,1.607104,0.446812,1.975941,1.954611,1.958494,1.967057,1.967464,1.891154,1.973765,0.000000,1.900802,1.887050,0.484115,1.940494,1.409163,1.964149,1.969928,0.826065,1.952392,1.806698,1.634959,0.531437,1.970275,1.974037,1.872981,1.198195,1.976963,1.959805,1.962926,1.676605,1.880939,1.911725,1.945545,0.730776,0.953995,1.940494,1.880939,0.438143,1.964270,1.966727,0.513117,1.829641,1.968424,1.668888,1.954385,0.435081,1.829134,1.234412,1.959749,1.940715,1.976436,1.743564,0.668287,1.970573,1.900802,1.957996,1.959648,1.953921,1.671407,1.608774,0.570226,1.960182,1.967988,0.513802,1.951697,0.402581,0.422864,1.940255,1.973478,1.975132,1.960977,1.617859,1.220856,1.795290,0.432408,1.972582,1.945460,1.950806,1.953921,1.977065,1.963227,1.882502,1.969517,1.952829
1.785566,1.163246,0.271909,0.437139,0.587587,0.427432,0.394987,0.947469,0.734388,1.892876,0.420238,1.119065,0.572503,1.702657,0.371335,0.265204,1.191488,1.936653,0.539503,0.336489,0.351852,0.590540,0.413496,1.023213,0.423236,1.900802,0.000000,0.291172,1.897535,0.174811,1.603659,0.371335,0.399186,1.859718,0.330434,0.522147,0.656170,1.784854,0.512003,0.556867,0.113600,1.265284,0.597907,0.343927,0.338971,0.632497,0.096608,0.160808,0.355503,1.713645,1.537079,0.174811,0.096608,1.829806,0.538830,0.658014,1.793339,0.332886,0.562796,0.642132,0.389860,1.942783,0.319836,1.249157,0.391414,0.370113,0.517256,0.433965,1.760031,0.420490,0.000000,0.409656,0.481260,0.326765,0.579943,0.762574,1.785198,0.346739,0.492590,1.942749,0.492823,1.816234,1.959633,0.624144,0.446909,0.457669,0.368388,0.793402,1.491019,0.327492,1.896673,0.554672,0.315410,0.319769,0.326765,0.490346,0.434212,0.253397,0.409753,0.353056
1.757920,1.151172,0.384182,0.487182,0.605923,0.476189,0.463779,0.889450,0.668219,1.842364,0.516126,1.105401,0.662811,1.638256,0.436819,0.121269,1.198741,1.916063,0.573977,0.406828,0.419408,0.602986,0.474762,0.999857,0.478397,1.887050,0.291172,0.000000,1.879852,0.341194,1.592233,0.436819,0.469482,1.797098,0.400342,0.538409,0.674374,1.761120,0.586649,0.625341,0.332736,1.273348,0.642820,0.438694,0.446119,0.580204,0.269656,0.277006,0.493301,1.658481,1.564026,0.341194,0.269656,1.817138,0.603082,0.648611,1.761456,0.428458,0.619589,0.645178,0.483490,1.923982,0.375369,1.196824,0.473344,0.501940,0.555806,0.522990,1.700856,0.494695,0.291172,0.488107,0.545244,0.421585,0.595380,0.665800,1.793265,0.421427,0.562012,1.904050,0.594070,1.816788,1.928547,0.670474,0.485359,0.519791,0.424777,0.851994,1.443083,0.389937,1.879166,0.615484,0.416437,0.428913,0.421585,0.535741,0.512455,0.345846,0.486670,0.452046
0.611630,1.267675,1.837276,1.947930,1.963039,1.946897,1.939575,1.454326,1.626955,0.779167,1.934749,1.634426,1.876823,1.124398,1.949620,1.856652,1.540138,0.387954,1.942482,1.930805,1.931935,1.940665,1.937832,1.885724,1.951392,0.484115,1.897535,1.879852,0.000000,1.928429,1.494787,1.949620,1.951240,0.911214,1.928227,1.799606,1.630846,0.611268,1.958714,1.957498,1.875465,1.281719,1.961635,1.937097,1.944001,1.696854,1.876225,1.906440,1.932787,0.809827,1.070266,1.928429,1.876225,0.415795,1.930456,1.929886,0.645185,1.816175,1.921568,1.689715,1.933439,0.472503,1.828361,1.321376,1.943336,1.922643,1.952484,1.749328,0.739259,1.946792,1.897535,1.937586,1.931794,1.928113,1.680994,1.621614,0.608199,1.933256,1.942780,0.596832,1.936520,0.602442,0.488258,1.953049,1.950343,1.953369,1.936503,1.660824,1.385062,1.801653,0.516459,1.958288,1.920548,1.926899,1.928113,1.950703,1.946029,1.890517,1.944644,1.926664
1.845953,1.261983,0.416658,0.294151,0.453511,0.290857,0.251992,1.067665,0.827058,1.909708,0.300880,1.070881,0.615118,1.717061,0.240897,0.361865,1.168746,1.963422,0.393548,0.224460,0.221758,0.454470,0.271691,0.911596,0.281757,1.940494,0.174811,0.341194,1.928429,0.000000,1.562078,0.240897,0.258219,1.869166,0.223872,0.573257,0.791902,1.840665,0.374914,0.416206,0.267643,1.352724,0.460943,0.211431,0.177791,0.757676,0.249885,0.191552,0.250548,1.770672,1.603616,0.000000,0.249885,1.877515,0.403635,0.520336,1.851587,0.430205,0.423948,0.761342,0.256739,1.963721,0.415089,1.344915,0.260688,0.283612,0.367934,0.585780,1.803187,0.272360,0.174811,0.275553,0.352951,0.210302,0.724950,0.880417,1.831297,0.214752,0.355004,1.960928,0.386672,1.868572,1.979150,0.518745,0.305747,0.306465,0.244460,0.867163,1.525423,0.478769,1.932443,0.415579,0.214138,0.206950,0.210302,0.342184,0.301549,0.311267,0.263589,0.232894
1.523552,1.826888,1.629463,1.499877,1.364647,1.509237,1.529860,1.813027,1.791948,1.093106,1.554671,1.536325,1.380900,0.962952,1.502993,1.635831,1.636033,1.390572,1.491024,1.579564,1.564172,1.431798,1.539683,1.104967,1.498666,1.409163,1.603659,1.592233,1.494787,1.562078,0.000000,1.502993,1.482802,0.967734,1.586772,1.683842,1.798109,1.543402,1.439932,1.424843,1.620310,1.729385,1.360883,1.557853,1.528002,1.688573,1.637747,1.573305,1.554191,1.377061,1.567966,1.562078,1.637747,1.621644,1.518964,1.488903,1.401455,1.722521,1.535672,1.712332,1.551859,1.322548,1.642438,1.663490,1.515408,1.577958,1.460416,1.723531,1.404394,1.509746,1.603659,1.521868,1.544296,1.582457,1.738368,1.711921,1.619213,1.559616,1.501792,1.217922,1.517600,1.389214,1.279129,1.368482,1.498241,1.479124,1.559603,1.691255,1.192265,1.678364,1.428579,1.396834,1.604104,1.587448,1.582457,1.473947,1.490227,1.568602,1.519375,1.586246
1.888744,1.364623,0.589149,0.131843,0.256393,0.141447,0.140665,1.178344,0.916284,1.895615,0.298000,1.016503,0.698613,1.700427,0.000000,0.494349,1.142370,1.969822,0.261113,0.233202,0.206850,0.340051,0.209482,0.768263,0.204946,1.964149,0.371335,0.436819,1.949620,0.240897,1.502993,0.000000,0.190347,1.851620,0.240800,0.654611,0.939149,1.881770,0.216474,0.245258,0.454682,1.431691,0.319874,0.203500,0.181178,0.883256,0.433008,0.349439,0.240778,1.808509,1.667116,0.240897,0.433008,1.915283,0.340030,0.389898,1.890477,0.568792,0.339466,0.897589,0.232717,1.978628,0.545381,1.429684,0.213552,0.261865,0.255210,0.759605,1.844691,0.195491,0.371335,0.236090,0.317806,0.230938,0.882106,0.991192,1.865380,0.164690,0.263804,1.954760,0.309138,1.906350,1.982524,0.382384,0.215383,0.201561,0.218300,0.951088,1.514714,0.648021,1.959145,0.311986,0.254130,0.238518,0.230938,0.236831,0.241071,0.429332,0.195812,0.237910
1.901846,1.383969,0.616275,0.201035,0.294882,0.218129,0.199882,1.214921,0.952037,1.899399,0.290075,1.028480,0.702347,1.703311,0.190347,0.524260,1.162987,1.976491,0.260899,0.226503,0.187225,0.325354,0.169434,0.752926,0.148965,1.969928,0.399186,0.469482,1.951240,0.258219,1.482802,0.190347,0.000000,1.846643,0.239365,0.676508,0.970557,1.896554,0.264987,0.281447,0.484446,1.462291,0.306516,0.177968,0.188787,0.920392,0.460588,0.377953,0.278093,1.814552,1.682263,0.258219,0.460588,1.926488,0.315533,0.373735,1.900929,0.607209,0.322769,0.908034,0.266120,1.970070,0.590233,1.445380,0.213058,0.303336,0.199605,0.781572,1.844764,0.137348,0.399186,0.222145,0.304379,0.217040,0.910425,1.027758,1.879726,0.204425,0.273725,1.957935,0.321225,1.918649,1.984351,0.408445,0.153077,0.129969,0.200977,0.988759,1.543792,0.678249,1.955167,0.201459,0.253719,0.226446,0.217040,0.188282,0.222305,0.458051,0.143052,0.228995
0.955644,1.566354,1.804389,1.861789,1.786069,1.866281,1.870061,1.623659,1.723425,0.455446,1.891640,1.638144,1.684326,0.607610,1.851620,1.812709,1.655413,0.806137,1.851964,1.883546,1.888128,1.809540,1.885140,1.566817,1.853583,0.826065,1.859718,1.797098,0.911214,1.869166,0.967734,1.851620,1.846643,0.000000,1.885940,1.790863,1.765900,0.989131,1.850892,1.846862,1.846322,1.480010,1.799901,1.886031,1.877981,1.703446,1.859914,1.842451,1.887381,0.750355,1.294413,1.869166,1.859914,1.070305,1.878793,1.829946,0.748379,1.871151,1.888444,1.745625,1.884889,0.751163,1.828085,1.373036,1.864693,1.888911,1.841871,1.808071,0.793056,1.873684,1.859718,1.866519,1.886631,1.891420,1.744512,1.632392,1.165623,1.877329,1.881136,0.561860,1.870170,0.943188,0.630045,1.781017,1.850722,1.858983,1.875910,1.726691,0.949676,1.804246,0.849300,1.812045,1.902203,1.897174,1.891420,1.849736,1.851976,1.805700,1.879267,1.904691
1.863722,1.297032,0.553389,0.229287,0.434250,0.224803,0.192122,1.103026,0.838656,1.922386,0.251374,0.996319,0.761195,1.747014,0.240800,0.430726,1.097041,1.965331,0.287063,0.020688,0.150977,0.404444,0.176242,0.879742,0.177669,1.952392,0.330434,0.400342,1.928227,0.223872,1.586772,0.240800,0.239365,1.885940,0.000000,0.585180,0.855158,1.853941,0.347202,0.379983,0.415836,1.381202,0.437309,0.115110,0.193204,0.827503,0.366367,0.323760,0.234551,1.799532,1.631200,0.223872,0.366367,1.877756,0.317388,0.406329,1.882908,0.477788,0.318663,0.820569,0.215909,1.974551,0.497153,1.384271,0.240874,0.240848,0.284187,0.685808,1.827043,0.190880,0.330434,0.250198,0.272738,0.088992,0.816658,0.939457,1.833743,0.145654,0.297273,1.966408,0.334127,1.895798,1.985141,0.488171,0.191580,0.232312,0.074451,0.907654,1.579303,0.591329,1.941154,0.390302,0.114351,0.112957,0.088992,0.257705,0.277562,0.429742,0.183935,0.144694
1.643194,1.064842,0.526444,0.708293,0.830641,0.688687,0.680791,0.791433,0.468127,1.830315,0.671374,1.033485,0.830851,1.651231,0.654611,0.502356,1.054854,1.851669,0.751802,0.593214,0.644640,0.789727,0.683868,1.193851,0.687175,1.806698,0.522147,0.538409,1.799606,0.573257,1.683842,0.654611,0.676508,1.790863,0.585180,0.000000,0.598234,1.634119,0.777689,0.813760,0.504344,1.052536,0.878533,0.632108,0.659732,0.553080,0.494771,0.548237,0.618316,1.557042,1.372874,0.573257,0.494771,1.704746,0.746736,0.840490,1.664514,0.441052,0.772945,0.542752,0.659493,1.848109,0.538734,1.090300,0.639238,0.606928,0.751864,0.524228,1.660034,0.695462,0.522147,0.648775,0.702279,0.607753,0.596798,0.613919,1.707226,0.632119,0.758841,1.874735,0.705842,1.738546,1.874727,0.774753,0.690066,0.724690,0.624520,0.654336,1.392373,0.503746,1.779961,0.804149,0.595511,0.608037,0.607753,0.733768,0.670986,0.551815,0.691875,0.638823
1.446872,0.680464,0.522149,0.986874,1.137174,0.970218,0.948330,0.380519,0.429468,1.754160,0.918085,1.224674,0.901939,1.624009,0.939149,0.575914,1.184048,1.710861,1.059840,0.867033,0.896571,1.106653,0.958433,1.474660,0.983625,1.634959,0.656170,0.674374,1.630846,0.791902,1.798109,0.939149,0.970557,1.765900,0.855158,0.598234,0.000000,1.453474,1.061900,1.102163,0.594063,0.878707,1.154953,0.897071,0.925973,0.412296,0.583346,0.721582,0.883159,1.405456,1.238912,0.791902,0.583346,1.491559,1.020495,1.134787,1.486972,0.449751,1.049625,0.416104,0.933138,1.731795,0.558431,0.875778,0.939667,0.875634,1.063839,0.279353,1.475352,0.977769,0.656170,0.949789,0.965260,0.864692,0.215959,0.445957,1.487495,0.890394,1.017726,1.772546,0.997114,1.531920,1.760950,1.126920,0.995872,1.019213,0.906574,0.642974,1.416351,0.410957,1.630854,1.111266,0.835738,0.856231,0.864692,1.040450,0.982139,0.684739,0.966602,0.882920
0.261385,1.128640,1.687860,1.896138,1.922471,1.888512,1.886699,1.249626,1.444922,0.872519,1.871266,1.640850,1.745832,1.137174,1.881770,1.732130,1.512879,0.607933,1.905525,1.858658,1.874290,1.898415,1.891909,1.899582,1.898703,0.531437,1.784854,1.761120,0.611268,1.840665,1.543402,1.881770,1.896554,0.989131,1.853941,1.634119,1.453474,0.000000,1.909945,1.921120,1.747236,1.012001,1.939768,1.873148,1.878425,1.471908,1.755931,1.794028,1.859779,0.707458,0.610737,1.840665,1.755931,0.476742,1.893469,1.911288,0.519276,1.686243,1.899775,1.497414,1.863532,0.683635,1.696566,1.025016,1.874392,1.853716,1.918301,1.589137,0.736806,1.898822,1.784854,1.873806,1.881466,1.861347,1.504238,1.405783,0.651815,1.874836,1.902952,0.757489,1.884489,0.550800,0.666258,1.878473,1.899611,1.909770,1.871267,1.454343,1.177428,1.645569,0.609068,1.923165,1.847849,1.857493,1.861347,1.912940,1.881996,1.776843,1.896184,1.864335
1.915742,1.452350,0.727575,0.181366,0.215533,0.156948,0.237139,1.292501,1.048641,1.898440,0.309557,1.014798,0.772363,1.716650,0.216474,0.644586,1.149493,1.969375,0.262656,0.336291,0.292375,0.351558,0.257502,0.696763,0.255741,1.970275,0.512003,0.586649,1.958714,0.374914,1.439932,0.216474,0.264987,1.850892,0.347202,0.777689,1.061900,1.909945,0.000000,0.077470,0.596354,1.506249,0.289140,0.284332,0.270277,1.009739,0.575117,0.495495,0.280034,1.853673,1.702539,0.374914,0.575117,1.936132,0.327833,0.373246,1.924389,0.695099,0.326561,1.009413,0.304995,1.972005,0.689233,1.505048,0.293595,0.335174,0.239671,0.886535,1.871880,0.227764,0.512003,0.310511,0.319887,0.322086,1.013613,1.128166,1.886881,0.282993,0.202336,1.956113,0.334970,1.922682,1.975553,0.347586,0.267923,0.208764,0.310074,1.058209,1.548345,0.790075,1.967488,0.295861,0.347780,0.326761,0.322086,0.238716,0.302087,0.567462,0.239562,0.311251
1.928487,1.478833,0.772192,0.198685,0.191685,0.191206,0.260397,1.328346,1.080438,1.893885,0.338589,1.015723,0.802625,1.714356,0.245258,0.685947,1.156935,1.966354,0.257517,0.368478,0.319367,0.340506,0.275529,0.667173,0.274199,1.974037,0.556867,0.625341,1.957498,0.416206,1.424843,0.245258,0.281447,1.846862,0.379983,0.813760,1.102163,1.921120,0.077470,0.000000,0.641534,1.535036,0.269970,0.316384,0.301009,1.051085,0.619609,0.537486,0.327647,1.864996,1.724272,0.416206,0.619609,1.942507,0.326739,0.346125,1.934545,0.739823,0.319758,1.050230,0.340352,1.970049,0.728279,1.534688,0.314263,0.368419,0.233604,0.930304,1.880299,0.246566,0.556867,0.329359,0.333812,0.355575,1.054520,1.164841,1.892322,0.309663,0.202532,1.951051,0.338853,1.930801,1.971684,0.352186,0.279721,0.218105,0.337480,1.093133,1.561180,0.833335,1.970733,0.282989,0.383215,0.362041,0.355575,0.239181,0.317330,0.609554,0.260235,0.341384
1.746421,1.111945,0.177268,0.526929,0.666833,0.515899,0.484992,0.892229,0.700271,1.876790,0.506438,1.160454,0.540016,1.688367,0.454682,0.284904,1.217842,1.916190,0.624351,0.422731,0.448319,0.671490,0.507579,1.087458,0.512416,1.872981,0.113600,0.332736,1.875465,0.267643,1.620310,0.454682,0.484446,1.846322,0.415836,0.504344,0.594063,1.747236,0.596354,0.641534,0.000000,1.214559,0.675029,0.435057,0.429029,0.575034,0.131774,0.198945,0.436440,1.673189,1.487436,0.267643,0.131774,1.800095,0.622695,0.743318,1.750526,0.325577,0.646651,0.587469,0.467699,1.924829,0.299882,1.191684,0.473857,0.444391,0.606864,0.359150,1.734279,0.512275,0.113600,0.493164,0.567084,0.416600,0.502110,0.706034,1.756950,0.437617,0.584240,1.925153,0.571564,1.780981,1.941819,0.690793,0.536122,0.548512,0.456607,0.747025,1.460812,0.243647,1.871104,0.636233,0.402673,0.408206,0.416600,0.580899,0.515148,0.263050,0.502190,0.443661
1.020944,0.781703,1.166707,1.472009,1.555847,1.456592,1.442631,0.763459,0.870171,1.436297,1.411309,1.340358,1.351961,1.398049,1.431691,1.213738,1.208073,1.348661,1.498786,1.389239,1.417328,1.494813,1.453843,1.704917,1.471455,1.198195,1.265284,1.273348,1.281719,1.352724,1.729385,1.431691,1.462291,1.480010,1.381202,1.052536,0.878707,1.012001,1.506249,1.535036,1.214559,0.000000,1.575748,1.415782,1.427256,0.966319,1.221394,1.298919,1.378763,1.057989,0.855797,1.352724,1.221394,1.092404,1.470027,1.546989,1.096277,1.110543,1.490477,0.913008,1.410053,1.355002,1.159952,0.842309,1.410149,1.371444,1.508746,1.018522,1.187981,1.463594,1.265284,1.408247,1.445702,1.395401,0.968693,0.896972,1.145559,1.407682,1.496086,1.442095,1.437693,1.134298,1.396215,1.459125,1.469281,1.487599,1.417163,0.738827,1.121123,1.108707,1.238151,1.530611,1.373109,1.388052,1.395401,1.501657,1.426162,1.269422,1.459322,1.402362
1.948025,1.521221,0.792554,0.296966,0.226324,0.327855,0.322725,1.373781,1.146164,1.860336,0.449510,1.071822,0.751439,1.664911,0.319874,0.710115,1.226913,1.967809,0.322694,0.425733,0.402531,0.337436,0.354481,0.593957,0.308480,1.976963,0.597907,0.642820,1.961635,0.460943,1.360883,0.319874,0.306516,1.799901,0.437309,0.878533,1.154953,1.939768,0.289140,0.269970,0.675029,1.575748,0.000000,0.393399,0.356676,1.088076,0.663538,0.561549,0.445806,1.847281,1.754591,0.460943,0.663538,1.965301,0.417508,0.375920,1.923802,0.811730,0.404148,1.093668,0.410189,1.964207,0.771355,1.562653,0.381565,0.465083,0.279149,0.970029,1.866698,0.321919,0.597907,0.388394,0.439641,0.429074,1.087549,1.188568,1.911179,0.368509,0.360601,1.924344,0.405507,1.936422,1.958743,0.407507,0.313889,0.281174,0.392079,1.148649,1.536428,0.863658,1.965566,0.268862,0.467526,0.442093,0.429074,0.289496,0.356535,0.615342,0.331674,0.433622
1.881839,1.326590,0.576657,0.187398,0.385922,0.186570,0.155607,1.153045,0.893346,1.927372,0.219042,1.013931,0.742512,1.751551,0.203500,0.474694,1.121279,1.971636,0.264199,0.102050,0.087541,0.380257,0.112176,0.848246,0.136214,1.959805,0.343927,0.438694,1.937097,0.211431,1.557853,0.203500,0.177968,1.886031,0.115110,0.632108,0.897071,1.873148,0.284332,0.316384,0.435057,1.415782,0.393399,0.000000,0.145852,0.870681,0.393181,0.340853,0.208418,1.818699,1.649163,0.211431,0.393181,1.894024,0.289681,0.393976,1.897898,0.515583,0.293140,0.857048,0.195113,1.977154,0.531782,1.415873,0.206389,0.240787,0.244752,0.717690,1.840005,0.111223,0.343927,0.218145,0.247800,0.056105,0.852980,0.990343,1.847194,0.133169,0.242158,1.971914,0.321905,1.904588,1.990119,0.464252,0.164438,0.163272,0.093718,0.938577,1.585948,0.624843,1.950478,0.334398,0.092801,0.062019,0.056105,0.216733,0.241673,0.433435,0.103453,0.080437
