0.000000,1.063001,1.644009,1.900053,1.932044,1.894759,1.889466,1.205804,1.496021,0.825558,1.879119,1.711631,1.651020,1.080430,1.884420,1.701150,1.620022,0.644005,1.929778,1.866457,1.871574,1.918914,1.893170,1.920490,1.903247,0.466891,1.771718,1.739762,0.608702,1.831130,1.624366,1.884420,1.897054,0.987318,1.861636,1.705569,1.405889,0.325975,1.917694,1.929820,1.723398,1.014640,1.927328,1.875654,1.876340,1.421796,1.743400,1.761776,1.862567,0.747196,0.868344,1.831130,1.743400,0.498510,1.908631,1.910489,0.514270,1.672309,1.920412,1.491759,1.867837,0.698278,1.669142,0.974706,1.892292,1.867825,1.930511,1.552315,0.615556,1.903382,1.771718,1.892922,1.896842,1.864936,1.421281,1.389808,0.676510,1.874183,1.914519,0.749090,1.904193,0.459095,0.684670,1.921080,1.906788,1.915014,1.878550,1.547679,1.195935,1.595938,0.630095,1.937758,1.850839,1.860455,1.864936,1.920549,1.902630,1.722555,1.898901,1.866085
1.063001,0.000000,1.068660,1.440740,1.542915,1.437055,1.422696,0.674676,0.899892,1.429678,1.387497,1.361845,1.258438,1.421154,1.408312,1.123857,1.290014,1.341826,1.515450,1.374928,1.384700,1.500222,1.434612,1.718302,1.452326,1.262851,1.208947,1.196816,1.291421,1.306293,1.823968,1.408312,1.447456,1.527287,1.365562,1.161067,0.758037,1.079481,1.504507,1.529728,1.147257,0.782500,1.550921,1.399657,1.402151,0.849800,1.161763,1.233429,1.376699,1.117858,1.092378,1.306293,1.161763,1.125326,1.447740,1.491085,1.150275,1.056902,1.504759,0.988455,1.411872,1.407985,1.145946,0.849088,1.433728,1.378261,1.505757,0.919807,1.108861,1.459699,1.208947,1.420948,1.427408,1.368842,0.808994,0.893285,1.156703,1.385412,1.479139,1.430970,1.465317,1.144908,1.427272,1.553230,1.455602,1.485520,1.399184,1.002698,1.361902,0.990594,1.330718,1.565583,1.350940,1.367209,1.368842,1.484509,1.443599,1.171175,1.453024,1.381820
1.644009,1.068660,0.000000,0.681314,0.818234,0.671441,0.651114,0.746417,0.526986,1.866323,0.656060,1.151740,0.536399,1.734582,0.610086,0.326509,1.151380,1.858711,0.816419,0.568793,0.598776,0.835761,0.669872,1.191323,0.672607,1.802966,0.291047,0.398919,1.830277,0.434830,1.591965,0.610086,0.654068,1.835674,0.557969,0.427704,0.479788,1.668906,0.768077,0.809540,0.188626,1.078708,0.827973,0.594140,0.591660,0.479370,0.264718,0.304867,0.611789,1.548618,1.290096,0.434830,0.264718,1.739941,0.751697,0.822281,1.645325,0.290333,0.827447,0.395073,0.624720,1.890478,0.400020,1.134251,0.639064,0.626911,0.774777,0.259827,1.660256,0.690200,0.291047,0.655055,0.704600,0.565759,0.416722,0.560263,1.713996,0.594993,0.746254,1.895787,0.766484,1.699964,1.904605,0.799284,0.686698,0.725473,0.606201,0.566045,1.460999,0.135745,1.829041,0.845033,0.545219,0.558032,0.565759,0.741589,0.678485,0.317188,0.679114,0.592246
1.900053,1.440740,0.681314,0.000000,0.253663,0.080854,0.074834,1.232088,0.904543,1.930206,0.273777,0.965468,0.820223,1.776199,0.133854,0.576662,1.066103,1.974249,0.214398,0.207868,0.188502,0.358565,0.168040,0.746347,0.176084,1.971398,0.443718,0.512996,1.943079,0.313225,1.375818,0.133854,0.193927,1.865984,0.217303,0.632722,1.009871,1.893022,0.199639,0.220345,0.550868,1.468849,0.264259,0.182803,0.205503,0.995927,0.493627,0.433712,0.242122,1.781519,1.568557,0.313225,0.493627,1.924916,0.306784,0.318849,1.883097,0.616421,0.272649,0.892807,0.221865,1.972305,0.614521,1.539048,0.224360,0.253978,0.218754,0.827527,1.879424,0.165717,0.443718,0.247290,0.280334,0.205717,0.993604,1.036206,1.871699,0.131296,0.207220,1.962958,0.314222,1.915195,1.987610,0.337604,0.187315,0.177323,0.187345,0.898783,1.629726,0.746722,1.962760,0.317369,0.236560,0.215985,0.205717,0.205180,0.250020,0.551762,0.164205,0.206321
1.932044,1.542915,0.818234,0.253663,0.000000,0.255924,0.305377,1.355998,1.055616,1.894107,0.400903,1.017441,0.829399,1.725473,0.265052,0.717229,1.143602,1.961724,0.259088,0.387120,0.375137,0.387623,0.332679,0.566453,0.279061,1.979243,0.605361,0.636133,1.954587,0.478632,1.233596,0.265052,0.282399,1.797237,0.399041,0.751598,1.154403,1.928285,0.200193,0.181607,0.705132,1.577643,0.185853,0.360174,0.381341,1.111919,0.658838,0.593612,0.379751,1.785508,1.629309,0.478632,0.658838,1.963660,0.396104,0.377727,1.889435,0.788858,0.363012,1.028021,0.417386,1.951435,0.767328,1.579684,0.334677,0.391255,0.245845,0.971247,1.884805,0.296395,0.605361,0.376481,0.390535,0.395984,1.124507,1.144301,1.922392,0.350823,0.276178,1.938122,0.349514,1.946386,1.961967,0.276328,0.280923,0.258723,0.357482,1.044739,1.564653,0.892036,1.949986,0.267439,0.433230,0.406240,0.395984,0.261855,0.352049,0.661115,0.307875,0.403787
1.894759,1.437055,0.671441,0.080854,0.255924,0.000000,0.130316,1.220594,0.898573,1.931667,0.260242,0.970177,0.806430,1.779260,0.131869,0.567855,1.065677,1.973819,0.242809,0.214486,0.183755,0.382339,0.163732,0.759370,0.191084,1.969202,0.438731,0.506219,1.944398,0.315143,1.380987,0.131869,0.203234,1.866823,0.222853,0.612192,1.000062,1.891423,0.165553,0.199865,0.544383,1.456897,0.280707,0.191614,0.217713,0.984271,0.486327,0.431631,0.197109,1.777712,1.558839,0.315143,0.486327,1.922035,0.318245,0.329908,1.878716,0.608892,0.296793,0.875525,0.236139,1.972294,0.609137,1.524161,0.227324,0.220897,0.225979,0.817440,1.881013,0.174606,0.438731,0.263257,0.279728,0.211627,0.982990,1.021413,1.872411,0.159603,0.196463,1.963204,0.297022,1.914197,1.986771,0.339480,0.201569,0.187980,0.194999,0.895008,1.625375,0.737290,1.959805,0.333610,0.237875,0.220209,0.211627,0.207747,0.266824,0.553512,0.170813,0.208543
1.889466,1.422696,0.651114,0.074834,0.305377,0.130316,0.000000,1.206059,0.873503,1.932968,0.283682,0.978335,0.818150,1.780351,0.150111,0.547818,1.074014,1.972605,0.235095,0.185154,0.170423,0.359208,0.165412,0.775097,0.179791,1.966697,0.410110,0.487501,1.939320,0.280764,1.396560,0.150111,0.194800,1.873971,0.193572,0.622018,0.981402,1.881095,0.254771,0.276619,0.517602,1.449271,0.292633,0.161114,0.174142,0.965927,0.460569,0.396999,0.255194,1.776501,1.552054,0.280764,0.460569,1.917620,0.316463,0.335330,1.875893,0.585043,0.285295,0.864722,0.180313,1.973558,0.582984,1.521889,0.213406,0.260004,0.244215,0.798040,1.872917,0.171451,0.410110,0.225601,0.291790,0.179480,0.966772,1.008077,1.861825,0.086725,0.248497,1.964630,0.338758,1.905836,1.988825,0.364665,0.192237,0.193994,0.168923,0.875006,1.633309,0.716327,1.962197,0.339104,0.205976,0.188448,0.179480,0.227715,0.235615,0.522254,0.165107,0.180822
1.205804,0.674676,0.746417,1.232088,1.355998,1.220594,1.206059,0.000000,0.524319,1.576806,1.198750,1.295335,1.019447,1.511040,1.188577,0.780261,1.230417,1.541261,1.333965,1.137733,1.143634,1.322670,1.203399,1.623804,1.233933,1.438679,0.934484,0.865723,1.449830,1.054038,1.771636,1.188577,1.220439,1.631196,1.126242,0.875022,0.367200,1.261653,1.317852,1.350253,0.861394,0.704002,1.365689,1.166323,1.166633,0.456068,0.869132,0.941127,1.167574,1.200664,1.121918,1.054038,0.869132,1.315992,1.283271,1.299430,1.283474,0.757585,1.324612,0.617967,1.171844,1.583373,0.802025,0.806245,1.217419,1.176506,1.308146,0.590666,1.268068,1.240476,0.934484,1.209227,1.241396,1.135293,0.399370,0.442134,1.337005,1.156738,1.286698,1.598616,1.293124,1.295522,1.604814,1.351915,1.233996,1.274133,1.165385,0.770418,1.370469,0.636909,1.491075,1.387498,1.108364,1.131271,1.135293,1.278528,1.240532,0.899646,1.227673,1.147114
1.496021,0.899892,0.526986,0.904543,1.055616,0.898573,0.873503,0.524319,0.000000,1.742242,0.890749,1.098643,0.890003,1.627601,0.869719,0.506292,1.073792,1.741984,1.014325,0.804724,0.813226,1.019346,0.875421,1.373986,0.913443,1.682516,0.646021,0.578510,1.670970,0.740986,1.706975,0.869719,0.895586,1.765060,0.791739,0.541544,0.440393,1.519101,1.017014,1.048165,0.600438,0.880441,1.061111,0.842171,0.838495,0.455735,0.589670,0.629626,0.864787,1.431073,1.301937,0.740986,0.589670,1.561620,0.977161,0.977219,1.539175,0.538333,1.011869,0.498234,0.847504,1.769661,0.515797,1.087325,0.906868,0.862587,0.981517,0.483515,1.510257,0.915452,0.646021,0.892372,0.931131,0.811174,0.424083,0.374553,1.538424,0.819646,0.980355,1.771052,0.981570,1.547213,1.791333,1.043190,0.903218,0.950217,0.833202,0.589699,1.497333,0.431658,1.712743,1.072421,0.783612,0.809238,0.811174,0.949450,0.932095,0.641374,0.903965,0.820892
0.825558,1.429678,1.866323,1.930206,1.894107,1.931667,1.932968,1.576806,1.742242,0.000000,1.937017,1.677250,1.791583,0.493832,1.935922,1.855284,1.670886,0.532849,1.907114,1.935608,1.934064,1.885553,1.932045,1.720896,1.921429,0.615461,1.921623,1.858169,0.647941,1.936378,1.276813,1.935922,1.920445,0.451890,1.935639,1.851483,1.737507,0.814944,1.925269,1.922526,1.909843,1.462948,1.899054,1.938939,1.944394,1.711568,1.907683,1.914491,1.940581,0.828523,1.384335,1.936378,1.907683,0.791139,1.922208,1.905778,0.747695,1.892876,1.915466,1.782071,1.947216,0.454211,1.872092,1.316180,1.930180,1.940870,1.916543,1.819887,0.690776,1.931434,1.921623,1.926136,1.927205,1.939085,1.732204,1.669315,0.829941,1.934325,1.929796,0.249133,1.919906,0.701863,0.447387,1.888209,1.918773,1.924594,1.931669,1.824759,1.082331,1.838353,0.509812,1.902675,1.942426,1.942555,1.939085,1.921727,1.924152,1.872266,1.932058,1.945157
1.879119,1.387497,0.656060,0.273777,0.400903,0.260242,0.283682,1.198750,0.890749,1.937017,0.000000,0.956616,0.826814,1.792964,0.276085,0.591397,1.041178,1.964393,0.337708,0.277436,0.250887,0.412436,0.260167,0.839181,0.282657,1.960694,0.421397,0.552304,1.934952,0.304651,1.440491,0.276085,0.273967,1.890550,0.281184,0.631148,0.966238,1.876044,0.292000,0.314699,0.514508,1.448065,0.439006,0.252085,0.253474,0.977743,0.475698,0.447259,0.217693,1.796389,1.546496,0.304651,0.475698,1.896562,0.220008,0.401266,1.889093,0.565561,0.329706,0.876855,0.307887,1.966288,0.626842,1.512191,0.276616,0.232943,0.306102,0.788252,1.866550,0.263134,0.421397,0.299554,0.185782,0.256245,0.960375,1.038588,1.846794,0.264120,0.209323,1.961961,0.298574,1.900859,1.984165,0.442941,0.285754,0.280892,0.269020,0.884987,1.644649,0.719766,1.950690,0.390271,0.269626,0.259197,0.256245,0.287934,0.296414,0.570712,0.270547,0.253684
1.711631,1.361845,1.151740,0.965468,1.017441,0.970177,0.978335,1.295335,1.098643,1.677250,0.956616,0.000000,1.330606,1.570754,0.993988,1.067114,0.279314,1.717492,0.967472,0.984048,0.968700,1.037101,0.960923,1.213656,0.998421,1.720000,1.041670,1.054590,1.629206,0.995483,1.501681,0.993988,1.014977,1.697322,0.982172,0.998344,1.220065,1.708842,1.001625,1.000704,1.081707,1.363105,1.061949,0.997262,0.969508,1.268978,1.047625,1.065199,0.998744,1.592587,1.625873,0.995483,1.047625,1.606209,0.937130,0.949184,1.732698,1.080367,0.913239,1.241093,0.988159,1.688160,1.028465,1.611027,1.054381,1.021227,0.953028,1.174435,1.607834,0.977406,1.041670,1.023620,0.922885,0.989616,1.238061,1.292634,1.583526,0.979906,0.947700,1.697644,1.045327,1.682919,1.722959,0.962380,0.981183,0.985422,0.986735,1.054033,1.666452,1.145625,1.689817,1.028896,0.992227,0.996915,0.989616,0.948608,1.052319,1.160064,0.973543,0.981310
1.651020,1.258438,0.536399,0.820223,0.829399,0.806430,0.818150,1.019447,0.890003,1.791583,0.826814,1.330606,0.000000,1.657677,0.745497,0.703685,1.339690,1.828823,0.925332,0.773670,0.814476,0.948445,0.849032,1.064536,0.800252,1.780100,0.644379,0.713464,1.840379,0.701504,1.368507,0.745497,0.771467,1.685231,0.772426,0.636943,0.814061,1.701400,0.830045,0.862953,0.608127,1.240898,0.835194,0.781442,0.798640,0.793193,0.658312,0.640479,0.779841,1.488576,1.291078,0.701504,0.658312,1.794730,0.884451,0.969155,1.575035,0.693793,0.962938,0.689809,0.838198,1.839982,0.759729,1.174170,0.754293,0.796745,0.874852,0.651693,1.643081,0.834576,0.644379,0.813025,0.848001,0.780300,0.710756,0.809798,1.774555,0.794647,0.847194,1.832365,0.856022,1.707264,1.837124,0.825866,0.822825,0.841632,0.793864,0.861418,1.279197,0.602573,1.771212,0.879894,0.785642,0.775213,0.780300,0.858751,0.801725,0.547468,0.832978,0.813863
1.080430,1.421154,1.734582,1.776199,1.725473,1.779260,1.780351,1.511040,1.627601,0.493832,1.792964,1.570754,1.657677,0.000000,1.782839,1.695705,1.621001,0.895364,1.751249,1.786537,1.783772,1.734793,1.782581,1.548856,1.757945,0.985758,1.777648,1.686323,0.987312,1.783556,1.104371,1.782839,1.753395,0.550051,1.787490,1.705888,1.650890,1.080384,1.773328,1.772131,1.776757,1.514850,1.739819,1.788766,1.799225,1.593352,1.764841,1.769267,1.795834,0.830206,1.492436,1.783556,1.764841,1.116862,1.776193,1.755827,0.930515,1.771144,1.774326,1.656433,1.816137,0.828364,1.743523,1.268723,1.783909,1.800952,1.757816,1.704166,0.867568,1.778284,1.777648,1.780005,1.778591,1.790435,1.631216,1.542378,1.150595,1.780697,1.783086,0.709551,1.778484,0.977825,0.846831,1.725176,1.754753,1.767579,1.779833,1.754397,0.981212,1.713585,0.831809,1.744666,1.801475,1.797793,1.790435,1.765942,1.777509,1.708697,1.779820,1.806684
1.884420,1.408312,0.610086,0.133854,0.265052,0.131869,0.150111,1.188577,0.869719,1.935922,0.276085,0.993988,0.745497,1.782839,0.000000,0.521790,1.083215,1.971379,0.295702,0.191053,0.191921,0.401185,0.203034,0.780462,0.191399,1.965647,0.378611,0.463829,1.945640,0.256068,1.395699,0.000000,0.194650,1.870572,0.197461,0.579972,0.954563,1.885404,0.231050,0.257332,0.480949,1.436733,0.295029,0.176278,0.189021,0.935104,0.432296,0.377162,0.219977,1.764176,1.546840,0.256068,0.432296,1.922313,0.343785,0.367200,1.865298,0.558505,0.350821,0.838373,0.235295,1.973696,0.561255,1.493474,0.217468,0.236363,0.253979,0.761457,1.866869,0.198340,0.378611,0.252969,0.313933,0.190820,0.932895,0.984107,1.873192,0.153436,0.252740,1.968311,0.326675,1.907432,1.988739,0.356352,0.207060,0.214708,0.187159,0.856070,1.598993,0.681900,1.955676,0.350891,0.216459,0.196384,0.190820,0.228964,0.256891,0.478001,0.196446,0.205485
1.701150,1.123857,0.326509,0.576662,0.717229,0.567855,0.547818,0.780261,0.506292,1.855284,0.591397,1.067114,0.703685,1.695705,0.521790,0.000000,1.112234,1.887735,0.699048,0.466374,0.475080,0.710605,0.547396,1.108818,0.564180,1.840467,0.290218,0.123726,1.842608,0.389782,1.562620,0.521790,0.558729,1.825264,0.454692,0.460661,0.571171,1.712049,0.689860,0.727008,0.307828,1.171105,0.734921,0.498969,0.512280,0.506761,0.223871,0.300071,0.548612,1.596637,1.417233,0.389782,0.223871,1.774539,0.684106,0.676178,1.714483,0.338031,0.723133,0.527604,0.545535,1.905097,0.351229,1.208036,0.570194,0.559907,0.659966,0.410713,1.680772,0.580935,0.290218,0.562966,0.637612,0.470006,0.540114,0.573526,1.747058,0.489314,0.662402,1.899068,0.688841,1.751530,1.919946,0.717022,0.565060,0.615007,0.493437,0.672626,1.488273,0.318687,1.860696,0.759130,0.449719,0.470490,0.470006,0.629222,0.598106,0.332251,0.569612,0.493497
1.620022,1.290014,1.151380,1.066103,1.143602,1.065677,1.074014,1.230417,1.073792,1.670886,1.041178,0.279314,1.339690,1.621001,1.083215,1.112234,0.000000,1.666689,1.092239,1.066092,1.057367,1.161763,1.058771,1.360159,1.107289,1.640103,1.083552,1.121965,1.558780,1.062119,1.599457,1.083215,1.123127,1.717200,1.061876,1.014696,1.166672,1.627315,1.105048,1.108471,1.100526,1.237961,1.176979,1.084553,1.051948,1.250135,1.082226,1.108110,1.076757,1.558053,1.527846,1.062119,1.082226,1.500035,1.037791,1.068645,1.668100,1.082756,1.025529,1.215547,1.059504,1.648034,1.038166,1.564016,1.139975,1.098608,1.073815,1.151295,1.554480,1.080514,1.083552,1.113500,1.014374,1.071697,1.191849,1.269762,1.476179,1.069648,1.047048,1.664674,1.145375,1.588079,1.675393,1.080461,1.094653,1.096835,1.077775,0.986471,1.691922,1.134596,1.635595,1.154086,1.064438,1.074057,1.071697,1.061070,1.145486,1.206727,1.074268,1.058498
0.644005,1.341826,1.858711,1.974249,1.961724,1.973819,1.972605,1.541261,1.741984,0.532849,1.964393,1.717492,1.828823,0.895364,1.971379,1.887735,1.666689,0.000000,1.966131,1.967563,1.969204,1.946006,1.972918,1.841561,1.974062,0.438088,1.930941,1.906008,0.422502,1.957227,1.487246,1.971379,1.972694,0.750989,1.966221,1.872354,1.695743,0.618783,1.970879,1.968877,1.904237,1.324302,1.966496,1.972215,1.971644,1.701328,1.916824,1.927713,1.963133,0.881785,1.248054,1.957227,1.916824,0.540248,1.960633,1.955813,0.647247,1.878919,1.961290,1.779490,1.966100,0.425247,1.875747,1.253330,1.970092,1.961022,1.971808,1.796258,0.686301,1.975536,1.930941,1.963766,1.963586,1.967979,1.707698,1.682487,0.698867,1.970224,1.971490,0.427924,1.959914,0.593443,0.340766,1.960606,1.971750,1.975893,1.969919,1.755687,1.181671,1.828816,0.440059,1.964501,1.964243,1.967595,1.967979,1.971177,1.967046,1.903044,1.974057,1.968506
1.929778,1.515450,0.816419,0.214398,0.259088,0.242809,0.235095,1.333965,1.014325,1.907114,0.337708,0.967472,0.925332,1.751249,0.295702,0.699048,1.092239,1.966131,0.000000,0.313936,0.289301,0.283876,0.226847,0.638787,0.221553,1.979742,0.578613,0.622556,1.938812,0.438970,1.315272,0.295702,0.253923,1.836940,0.325261,0.751801,1.140866,1.913754,0.266983,0.254087,0.684946,1.566461,0.280456,0.286381,0.302001,1.107006,0.631364,0.558808,0.373921,1.817305,1.620961,0.438970,0.631364,1.940850,0.276614,0.308895,1.916463,0.759801,0.164565,1.023060,0.310872,1.959422,0.730319,1.600616,0.288170,0.366772,0.182469,0.968915,1.892936,0.208178,0.578613,0.293360,0.280545,0.319321,1.123416,1.141657,1.889258,0.281330,0.223354,1.943724,0.340185,1.940819,1.975585,0.308246,0.214805,0.182286,0.276009,1.023479,1.651485,0.881147,1.964365,0.264748,0.350672,0.331886,0.319321,0.194998,0.275470,0.689192,0.216819,0.310259
1.866457,1.374928,0.568793,0.207868,0.387120,0.214486,0.185154,1.137733,0.804724,1.935608,0.277436,0.984048,0.773670,1.786537,0.191053,0.466374,1.066092,1.967563,0.313936,0.000000,0.126085,0.395807,0.160486,0.840946,0.154364,1.955521,0.330161,0.415966,1.933334,0.214380,1.448177,0.191053,0.203011,1.886528,0.021376,0.533210,0.910948,1.869679,0.337560,0.363763,0.432459,1.398406,0.394959,0.087432,0.159341,0.892422,0.376818,0.316412,0.263141,1.764526,1.536158,0.214380,0.376818,1.903221,0.330778,0.355203,1.865877,0.510642,0.343846,0.792854,0.191223,1.977293,0.510262,1.470325,0.231344,0.252145,0.266535,0.721057,1.855382,0.173257,0.330161,0.226238,0.298825,0.067562,0.892783,0.937262,1.847792,0.139807,0.290571,1.965113,0.355765,1.893927,1.991153,0.395171,0.170988,0.212569,0.058374,0.817564,1.620869,0.634528,1.958719,0.384980,0.098094,0.085370,0.067562,0.235924,0.247119,0.461739,0.164906,0.114393
1.871574,1.384700,0.598776,0.188502,0.375137,0.183755,0.170423,1.143634,0.813226,1.934064,0.250887,0.968700,0.814476,1.783772,0.191921,0.475080,1.057367,1.969204,0.289301,0.126085,0.000000,0.371945,0.087811,0.846429,0.172928,1.955917,0.352440,0.418913,1.932999,0.230406,1.448725,0.191921,0.179188,1.887397,0.130233,0.565181,0.924854,1.871831,0.310776,0.335984,0.461845,1.412657,0.394641,0.096074,0.141105,0.900393,0.395671,0.342966,0.238052,1.776075,1.552609,0.230406,0.395671,1.899778,0.326643,0.334015,1.877214,0.524326,0.318421,0.808385,0.179604,1.973964,0.521622,1.478857,0.227381,0.247507,0.247973,0.744908,1.858211,0.142451,0.352440,0.216244,0.287785,0.104783,0.912156,0.949278,1.848252,0.129241,0.261938,1.964807,0.356038,1.897621,1.990508,0.396000,0.172409,0.187536,0.110268,0.840626,1.627230,0.658148,1.960559,0.374816,0.106048,0.108201,0.104783,0.216167,0.242974,0.496499,0.127516,0.079169
1.918914,1.500222,0.835761,0.358565,0.387623,0.382339,0.359208,1.322670,1.019346,1.885553,0.412436,1.037101,0.948445,1.734793,0.401185,0.710605,1.161763,1.946006,0.283876,0.395807,0.371945,0.000000,0.332971,0.688579,0.326000,1.957851,0.608110,0.640769,1.924779,0.489561,1.338629,0.401185,0.336151,1.832511,0.405891,0.787841,1.136844,1.901318,0.409709,0.396225,0.708751,1.561547,0.398042,0.373848,0.382239,1.110160,0.653820,0.600966,0.465512,1.829462,1.646272,0.489561,0.653820,1.926042,0.363024,0.345562,1.917833,0.780114,0.327273,1.030893,0.400362,1.942140,0.773728,1.595638,0.305785,0.442019,0.300666,0.974335,1.868982,0.319696,0.608110,0.262304,0.397852,0.400043,1.123900,1.145295,1.862363,0.372487,0.368076,1.920600,0.406639,1.925550,1.960340,0.413699,0.312070,0.299565,0.358846,1.048549,1.630220,0.891726,1.952134,0.317013,0.421280,0.410510,0.400043,0.321287,0.240386,0.721293,0.331535,0.390877
1.893170,1.434612,0.669872,0.168040,0.332679,0.163732,0.165412,1.203399,0.875421,1.932045,0.260167,0.960923,0.849032,1.782581,0.203034,0.547396,1.058771,1.972918,0.226847,0.160486,0.087811,0.332971,0.000000,0.795587,0.143318,1.965195,0.425532,0.485183,1.937420,0.293519,1.416566,0.203034,0.164267,1.879768,0.170827,0.609269,0.993492,1.891626,0.273096,0.289535,0.533754,1.455535,0.347261,0.121108,0.163644,0.967787,0.471465,0.414213,0.257034,1.793111,1.577457,0.293519,0.471465,1.914725,0.299706,0.297559,1.893761,0.597958,0.260832,0.870829,0.186605,1.973239,0.584158,1.520848,0.218142,0.261321,0.187333,0.816620,1.877391,0.090264,0.425532,0.207948,0.268800,0.149887,0.980241,1.008640,1.861620,0.156298,0.223848,1.962453,0.333354,1.915412,1.989191,0.354853,0.138794,0.129373,0.123451,0.894899,1.640446,0.730986,1.964308,0.323751,0.166569,0.157008,0.149887,0.162944,0.225087,0.561910,0.072771,0.121605
1.920490,1.718302,1.191323,0.746347,0.566453,0.759370,0.775097,1.623804,1.373986,1.720896,0.839181,1.213656,1.064536,1.548856,0.780462,1.108818,1.360159,1.841561,0.638787,0.840946,0.846429,0.688579,0.795587,0.000000,0.726194,1.907017,1.033879,1.022363,1.883170,0.926595,0.922455,0.780462,0.732545,1.572424,0.852571,1.125243,1.490589,1.896508,0.683766,0.654021,1.112442,1.772159,0.579984,0.825080,0.840793,1.404570,1.084137,1.006477,0.852837,1.751749,1.702372,0.926595,1.084137,1.950808,0.768408,0.746536,1.830690,1.209690,0.730681,1.372364,0.861774,1.818684,1.161963,1.659069,0.766161,0.839390,0.675343,1.339869,1.818697,0.754973,1.033879,0.793519,0.790435,0.859985,1.447331,1.415995,1.924054,0.818851,0.725566,1.786984,0.719617,1.915337,1.814272,0.610529,0.725768,0.707505,0.808871,1.388457,1.463726,1.261505,1.845924,0.595351,0.896756,0.871613,0.859985,0.706071,0.757527,1.032918,0.769096,0.870339
1.903247,1.452326,0.672607,0.176084,0.279061,0.191084,0.179791,1.233933,0.913443,1.921429,0.282657,0.998421,0.800252,1.757945,0.191399,0.564180,1.107289,1.974062,0.221553,0.154364,0.172928,0.326000,0.143318,0.726194,0.000000,1.972750,0.434037,0.495074,1.951041,0.298887,1.361988,0.191399,0.121296,1.855308,0.171827,0.620767,1.019041,1.904849,0.263866,0.279389,0.540867,1.484953,0.293892,0.126514,0.195417,0.985304,0.487254,0.422162,0.287890,1.779956,1.587638,0.298887,0.487254,1.938302,0.293856,0.315601,1.885816,0.624521,0.290499,0.886980,0.241306,1.974229,0.620449,1.519960,0.207634,0.282636,0.167529,0.828441,1.874070,0.110426,0.434037,0.214682,0.280461,0.160141,0.996254,1.026239,1.884707,0.178962,0.235299,1.958785,0.312716,1.924881,1.988071,0.312210,0.077901,0.112033,0.111813,0.924481,1.602364,0.744891,1.963368,0.266373,0.208368,0.177480,0.160141,0.160280,0.208315,0.530616,0.116631,0.189709
0.466891,1.262851,1.802966,1.971398,1.979243,1.969202,1.966697,1.438679,1.682516,0.615461,1.960694,1.720000,1.780100,0.985758,1.965647,1.840467,1.640103,0.438088,1.979742,1.955521,1.955917,1.957851,1.965195,1.907017,1.972750,0.000000,1.894070,1.868139,0.434589,1.934448,1.542712,1.965647,1.971958,0.819075,1.953369,1.836583,1.609979,0.517347,1.977188,1.980875,1.859264,1.209768,1.975955,1.960453,1.959032,1.627518,1.872836,1.892843,1.954411,0.826571,1.117875,1.934448,1.872836,0.415106,1.969646,1.963294,0.587119,1.826364,1.971119,1.684357,1.953558,0.448981,1.820546,1.188792,1.965005,1.957624,1.981988,1.725393,0.576604,1.971640,1.894070,1.958246,1.966461,1.954459,1.623548,1.603982,0.573454,1.959247,1.975749,0.483629,1.965398,0.433608,0.393963,1.963747,1.973927,1.976410,1.960615,1.696799,1.195308,1.765545,0.433807,1.976795,1.946136,1.952196,1.954459,1.979797,1.963778,1.867508,1.969397,1.953136
1.771718,1.208947,0.291047,0.443718,0.605361,0.438731,0.410110,0.934484,0.646021,1.921623,0.421397,1.041670,0.644379,1.777648,0.378611,0.290218,1.083552,1.930941,0.578613,0.330161,0.352440,0.608110,0.425532,1.033879,0.434037,1.894070,0.000000,0.310405,1.898782,0.172854,1.537350,0.378611,0.425133,1.887404,0.320406,0.443628,0.670904,1.780764,0.543047,0.582539,0.127468,1.239479,0.617064,0.349245,0.337439,0.668171,0.098671,0.164228,0.388355,1.682707,1.423486,0.172854,0.098671,1.828625,0.521757,0.594442,1.779715,0.286052,0.589832,0.577181,0.387134,1.946768,0.383351,1.311751,0.411488,0.403202,0.536707,0.450663,1.770055,0.447874,0.000000,0.417213,0.478112,0.318751,0.648631,0.750773,1.788949,0.350578,0.511594,1.951628,0.546928,1.808533,1.965276,0.594514,0.448288,0.486045,0.365027,0.651518,1.551755,0.366695,1.909068,0.620435,0.302249,0.313268,0.318751,0.505081,0.443582,0.295606,0.437133,0.345929
1.739762,1.196816,0.398919,0.512996,0.636133,0.506219,0.487501,0.865723,0.578510,1.858169,0.552304,1.054590,0.713464,1.686323,0.463829,0.123726,1.121965,1.906008,0.622556,0.415966,0.418913,0.640769,0.485183,1.022363,0.495074,1.868139,0.310405,0.000000,1.865994,0.362969,1.504939,0.463829,0.487816,1.812500,0.406172,0.489862,0.678085,1.746717,0.627240,0.661321,0.358835,1.246687,0.660655,0.445329,0.463526,0.586457,0.274168,0.290837,0.513127,1.619165,1.458043,0.362969,0.274168,1.812968,0.634562,0.607067,1.743683,0.415348,0.660548,0.604712,0.502054,1.917450,0.381824,1.255792,0.517367,0.524732,0.587530,0.519078,1.705523,0.515495,0.310405,0.512688,0.588516,0.425256,0.640576,0.640069,1.789759,0.433996,0.601754,1.908279,0.637388,1.790465,1.931417,0.638490,0.492124,0.543411,0.435158,0.736110,1.485004,0.413384,1.880593,0.683806,0.410827,0.428263,0.425256,0.559508,0.545621,0.340908,0.505732,0.448578
0.608702,1.291421,1.830277,1.943079,1.954587,1.944398,1.939320,1.449830,1.670970,0.647941,1.934952,1.629206,1.840379,0.987312,1.945640,1.842608,1.558780,0.422502,1.938812,1.933334,1.932999,1.924779,1.937420,1.883170,1.951041,0.434589,1.898782,1.865994,0.000000,1.926584,1.565771,1.945640,1.953701,0.849973,1.930714,1.831772,1.626449,0.608510,1.956508,1.955934,1.872926,1.266266,1.953306,1.941005,1.937271,1.664360,1.876826,1.897763,1.936680,0.874774,1.210890,1.926584,1.876826,0.420117,1.931992,1.924337,0.703254,1.823788,1.921756,1.724664,1.926908,0.520118,1.806254,1.305747,1.950527,1.935126,1.950460,1.749328,0.668134,1.946224,1.898782,1.938645,1.932510,1.933780,1.649206,1.635002,0.585417,1.934370,1.946419,0.526841,1.941778,0.561791,0.471274,1.957322,1.948185,1.951401,1.937837,1.703190,1.345518,1.785360,0.536653,1.958374,1.926415,1.933546,1.933780,1.947702,1.945104,1.886215,1.943504,1.931194
1.831130,1.306293,0.434830,0.313225,0.478632,0.315143,0.280764,1.054038,0.740986,1.936378,0.304651,0.995483,0.701504,1.783556,0.256068,0.389782,1.062119,1.957227,0.438970,0.214380,0.230406,0.489561,0.293519,0.926595,0.298887,1.934448,0.172854,0.362969,1.926584,0.000000,1.478995,0.256068,0.289054,1.892911,0.209275,0.488777,0.805922,1.835198,0.416978,0.450154,0.278093,1.334627,0.494659,0.218139,0.183324,0.796123,0.249478,0.207418,0.293308,1.727762,1.483132,0.000000,0.249478,1.875178,0.391545,0.470022,1.830225,0.397139,0.454437,0.690848,0.266711,1.963578,0.442197,1.401803,0.298142,0.313099,0.393336,0.599836,1.818937,0.308373,0.172854,0.298378,0.351669,0.198317,0.787024,0.865062,1.831757,0.225337,0.377576,1.967818,0.440485,1.858992,1.984821,0.473640,0.311729,0.344648,0.240430,0.735972,1.584109,0.513349,1.937382,0.481777,0.195019,0.195344,0.198317,0.363350,0.326282,0.366781,0.299557,0.225627
1.624366,1.823968,1.591965,1.375818,1.233596,1.380987,1.396560,1.771636,1.706975,1.276813,1.440491,1.501681,1.368507,1.104371,1.395699,1.562620,1.599457,1.487246,1.315272,1.448177,1.448725,1.338629,1.416566,0.922455,1.361988,1.542712,1.537350,1.504939,1.565771,1.478995,0.000000,1.395699,1.359382,1.056748,1.456758,1.554480,1.752035,1.633402,1.307309,1.292981,1.574979,1.805419,1.235368,1.428068,1.440598,1.680694,1.566823,1.515518,1.439891,1.423580,1.607825,1.478995,1.566823,1.684317,1.387978,1.399358,1.482247,1.635765,1.360116,1.628473,1.456076,1.398360,1.576901,1.624475,1.388956,1.450810,1.336470,1.673180,1.490340,1.381255,1.537350,1.416200,1.401641,1.456014,1.706736,1.648161,1.718749,1.427597,1.356584,1.375500,1.371757,1.556938,1.383100,1.234646,1.366688,1.349502,1.428674,1.666660,1.172024,1.639350,1.447763,1.258638,1.481785,1.461150,1.456014,1.359605,1.388785,1.487146,1.389975,1.466880
1.884420,1.408312,0.610086,0.133854,0.265052,0.131869,0.150111,1.188577,0.869719,1.935922,0.276085,0.993988,0.745497,1.782839,0.000000,0.521790,1.083215,1.971379,0.295702,0.191053,0.191921,0.401185,0.203034,0.780462,0.191399,1.965647,0.378611,0.463829,1.945640,0.256068,1.395699,0.000000,0.194650,1.870572,0.197461,0.579972,0.954563,1.885404,0.231050,0.257332,0.480949,1.436733,0.295029,0.176278,0.189021,0.935104,0.432296,0.377162,0.219977,1.764176,1.546840,0.256068,0.432296,1.922313,0.343785,0.367200,1.865298,0.558505,0.350821,0.838373,0.235295,1.973696,0.561255,1.493474,0.217468,0.236363,0.253979,0.761457,1.866869,0.198340,0.378611,0.252969,0.313933,0.190820,0.932895,0.984107,1.873192,0.153436,0.252740,1.968311,0.326675,1.907432,1.988739,0.356352,0.207060,0.214708,0.187159,0.856070,1.598993,0.681900,1.955676,0.350891,0.216459,0.196384,0.190820,0.228964,0.256891,0.478001,0.196446,0.205485
1.897054,1.447456,0.654068,0.193927,0.282399,0.203234,0.194800,1.220439,0.895586,1.920445,0.273967,1.014977,0.771467,1.753395,0.194650,0.558729,1.123127,1.972694,0.253923,0.203011,0.179188,0.336151,0.164267,0.732545,0.121296,1.971958,0.425133,0.487816,1.953701,0.289054,1.359382,0.194650,0.000000,1.850919,0.216065,0.608237,1.004404,1.900413,0.267169,0.285072,0.529157,1.473514,0.303435,0.155488,0.199145,0.966892,0.482097,0.408159,0.272057,1.770912,1.579923,0.289054,0.482097,1.938351,0.313326,0.344000,1.877441,0.611131,0.320071,0.866932,0.259816,1.969733,0.615457,1.501640,0.196460,0.276404,0.184615,0.814842,1.868236,0.134359,0.425133,0.223213,0.293970,0.196082,0.978469,1.007150,1.889284,0.185502,0.246588,1.960188,0.313420,1.922903,1.986877,0.321965,0.118947,0.129602,0.169452,0.914984,1.575241,0.728158,1.958558,0.249132,0.231760,0.204465,0.196082,0.176639,0.210686,0.512950,0.144290,0.211497
0.987318,1.527287,1.835674,1.865984,1.797237,1.866823,1.873971,1.631196,1.765060,0.451890,1.890550,1.697322,1.685231,0.550051,1.870572,1.825264,1.717200,0.750989,1.836940,1.886528,1.887397,1.832511,1.879768,1.572424,1.855308,0.819075,1.887404,1.812500,0.849973,1.892911,1.056748,1.870572,1.850919,0.000000,1.888193,1.815002,1.767143,1.003146,1.848834,1.846543,1.882850,1.556893,1.804799,1.886543,1.897689,1.713955,1.880265,1.874629,1.888980,0.811512,1.420475,1.892911,1.880265,1.036477,1.865419,1.853304,0.796754,1.886029,1.863224,1.775050,1.906228,0.680820,1.856782,1.338356,1.870724,1.893061,1.848447,1.818987,0.773931,1.871129,1.887404,1.880526,1.870159,1.893323,1.737538,1.659220,1.148756,1.881632,1.866501,0.583985,1.858175,0.954042,0.606607,1.803043,1.853962,1.857509,1.879800,1.837923,0.954084,1.822107,0.719428,1.821755,1.902929,1.897941,1.893323,1.857089,1.871618,1.819122,1.873265,1.903899
1.861636,1.365562,0.557969,0.217303,0.399041,0.222853,0.193572,1.126242,0.791739,1.935639,0.281184,0.982172,0.772426,1.787490,0.197461,0.454692,1.061876,1.966221,0.325261,0.021376,0.130233,0.405891,0.170827,0.852571,0.171827,1.953369,0.320406,0.406172,1.930714,0.209275,1.456758,0.197461,0.216065,1.888193,0.000000,0.524646,0.898879,1.864850,0.348515,0.375500,0.421826,1.389761,0.408210,0.099770,0.164991,0.881323,0.365365,0.306334,0.264954,1.761954,1.531029,0.209275,0.365365,1.898963,0.337809,0.360183,1.863436,0.499515,0.351911,0.782992,0.195286,1.976683,0.498677,1.463611,0.240853,0.254085,0.279650,0.709563,1.851855,0.186436,0.320406,0.236270,0.304303,0.074825,0.881041,0.926325,1.843809,0.145236,0.300015,1.964788,0.364695,1.890248,1.990608,0.405122,0.185053,0.226671,0.075833,0.807635,1.621628,0.622302,1.957852,0.400770,0.096084,0.089835,0.074825,0.247190,0.258496,0.455944,0.177614,0.117928
1.705569,1.161067,0.427704,0.632722,0.751598,0.612192,0.622018,0.875022,0.541544,1.851483,0.631148,0.998344,0.636943,1.705888,0.579972,0.460661,1.014696,1.872354,0.751801,0.533210,0.565181,0.787841,0.609269,1.125243,0.620767,1.836583,0.443628,0.489862,1.831772,0.488777,1.554480,0.579972,0.608237,1.815002,0.524646,0.000000,0.672490,1.737137,0.707465,0.742901,0.432026,1.123060,0.771339,0.569626,0.575741,0.683086,0.432413,0.447579,0.582161,1.552278,1.400500,0.488777,0.432413,1.764407,0.702888,0.737684,1.681296,0.470717,0.755611,0.535287,0.609963,1.889070,0.467972,1.265795,0.617461,0.587433,0.685309,0.522535,1.684727,0.631931,0.443628,0.623809,0.649871,0.545878,0.616264,0.666640,1.731553,0.574513,0.687292,1.884758,0.702406,1.740320,1.905462,0.716781,0.620151,0.660352,0.562276,0.621796,1.518564,0.441239,1.831818,0.773981,0.538020,0.546640,0.545878,0.655656,0.654311,0.493907,0.623863,0.571781
1.405889,0.758037,0.479788,1.009871,1.154403,1.000062,0.981402,0.367200,0.440393,1.737507,0.966238,1.220065,0.814061,1.650890,0.954563,0.571171,1.166672,1.695743,1.140866,0.910948,0.924854,1.136844,0.993492,1.490589,1.019041,1.609979,0.670904,0.678085,1.626449,0.805922,1.752035,0.954563,1.004404,1.767143,0.898879,0.672490,0.000000,1.443192,1.098892,1.135897,0.588579,0.788063,1.159584,0.937563,0.936522,0.368493,0.604090,0.701250,0.929854,1.375223,1.164651,0.805922,0.604090,1.501508,1.066030,1.113119,1.454575,0.469765,1.130676,0.436129,0.948907,1.739014,0.608385,0.944897,0.988940,0.942398,1.104494,0.270307,1.460725,1.024972,0.670904,0.985826,1.023726,0.902423,0.167765,0.453873,1.481377,0.928266,1.070578,1.752902,1.078876,1.472203,1.756935,1.158314,1.026269,1.063514,0.945633,0.581586,1.432132,0.372315,1.656341,1.184684,0.875409,0.896002,0.902423,1.072570,1.015574,0.653761,1.012630,0.918736
0.325975,1.079481,1.668906,1.893022,1.928285,1.891423,1.881095,1.261653,1.519101,0.814944,1.876044,1.708842,1.701400,1.080384,1.885404,1.712049,1.627315,0.618783,1.913754,1.869679,1.871831,1.901318,1.891626,1.896508,1.904849,0.517347,1.780764,1.746717,0.608510,1.835198,1.633402,1.885404,1.900413,1.003146,1.864850,1.737137,1.443192,0.000000,1.915638,1.924494,1.737901,1.080221,1.922846,1.878458,1.874772,1.454509,1.754063,1.769628,1.864938,0.836792,0.846732,1.835198,1.754063,0.507026,1.893585,1.892293,0.603365,1.696723,1.902835,1.544377,1.864118,0.695992,1.694171,1.040488,1.888892,1.864679,1.927635,1.583004,0.675074,1.902736,1.780764,1.886487,1.886345,1.868348,1.463515,1.435746,0.651395,1.869116,1.908408,0.736712,1.892970,0.500690,0.688866,1.922647,1.906707,1.913436,1.879627,1.570905,1.246317,1.620082,0.664675,1.933316,1.854471,1.864770,1.868348,1.919569,1.897486,1.746285,1.898508,1.866909
1.917694,1.504507,0.768077,0.199639,0.200193,0.165553,0.254771,1.317852,1.017014,1.925269,0.292000,1.001625,0.830045,1.773328,0.231050,0.689860,1.105048,1.970879,0.266983,0.337560,0.310776,0.409709,0.273096,0.683766,0.263866,1.977188,0.543047,0.627240,1.956508,0.416978,1.307309,0.231050,0.267169,1.848834,0.348515,0.707465,1.098892,1.915638,0.000000,0.077309,0.642294,1.522178,0.246339,0.300158,0.319426,1.083996,0.598499,0.546119,0.248078,1.800243,1.581948,0.416978,0.598499,1.942313,0.336616,0.376063,1.893882,0.714057,0.326266,0.963233,0.348030,1.962461,0.722767,1.572153,0.289862,0.283275,0.244354,0.913171,1.900783,0.250051,0.543047,0.338275,0.316268,0.329570,1.080687,1.123625,1.895636,0.294216,0.191977,1.956511,0.284845,1.931734,1.976210,0.317788,0.276100,0.235063,0.313325,0.980501,1.611052,0.843687,1.956805,0.300068,0.360546,0.334957,0.329570,0.248528,0.321331,0.640876,0.258714,0.326269
1.929820,1.529728,0.809540,0.220345,0.181607,0.199865,0.276619,1.350253,1.048165,1.922526,0.314699,1.000704,0.862953,1.772131,0.257332,0.727008,1.108471,1.968877,0.254087,0.363763,0.335984,0.396225,0.289535,0.654021,0.279389,1.980875,0.582539,0.661321,1.955934,0.450154,1.292981,0.257332,0.285072,1.846543,0.375500,0.742901,1.135897,1.924494,0.077309,0.000000,0.681574,1.549087,0.238122,0.326390,0.338368,1.119562,0.638333,0.582740,0.297871,1.816729,1.605413,0.450154,0.638333,1.946971,0.337021,0.360125,1.906844,0.753899,0.313910,1.005741,0.366435,1.960117,0.752152,1.595022,0.314423,0.317039,0.234395,0.954345,1.909899,0.264474,0.582539,0.353420,0.325149,0.358279,1.118798,1.158830,1.900156,0.320283,0.187101,1.953691,0.288070,1.939161,1.973106,0.315794,0.285721,0.241972,0.335602,1.009607,1.620766,0.883511,1.957373,0.282230,0.389236,0.364283,0.358279,0.244583,0.333684,0.678385,0.274394,0.350783
1.723398,1.147257,0.188626,0.550868,0.705132,0.544383,0.517602,0.861394,0.600438,1.909843,0.514508,1.081707,0.608127,1.776757,0.480949,0.307828,1.100526,1.904237,0.684946,0.432459,0.461845,0.708751,0.533754,1.112442,0.540867,1.859264,0.127468,0.358835,1.872926,0.278093,1.574979,0.480949,0.529157,1.882850,0.421826,0.432026,0.588579,1.737901,0.642294,0.681574,0.000000,1.169274,0.714597,0.455130,0.442341,0.599791,0.140319,0.208048,0.481783,1.642029,1.366979,0.278093,0.140319,1.790339,0.613437,0.694366,1.734067,0.245944,0.689620,0.504660,0.483878,1.927030,0.374118,1.248993,0.510222,0.494645,0.642573,0.361348,1.734404,0.555133,0.127468,0.518070,0.570169,0.423594,0.560146,0.691198,1.754335,0.458540,0.611863,1.936031,0.637359,1.765154,1.945619,0.686349,0.555779,0.593328,0.470601,0.593181,1.529262,0.274236,1.878951,0.720304,0.403076,0.415626,0.423594,0.609900,0.543590,0.292874,0.543941,0.449021
1.014640,0.782500,1.078708,1.468849,1.577643,1.456897,1.449271,0.704002,0.880441,1.462948,1.448065,1.363105,1.240898,1.514850,1.436733,1.171105,1.237961,1.324302,1.566461,1.398406,1.412657,1.561547,1.455535,1.772159,1.484953,1.209768,1.239479,1.246687,1.266266,1.334627,1.805419,1.436733,1.473514,1.556893,1.389761,1.123060,0.788063,1.080221,1.522178,1.549087,1.169274,0.000000,1.568558,1.421139,1.418605,0.904665,1.195691,1.250617,1.405839,1.106596,0.997761,1.334627,1.195691,1.090396,1.516672,1.527579,1.098134,1.110013,1.548233,0.910588,1.415685,1.385409,1.121879,0.961908,1.464043,1.416248,1.530629,0.944636,1.156132,1.476741,1.239479,1.457195,1.486105,1.395916,0.820327,0.870481,1.099079,1.412325,1.516346,1.428278,1.508397,1.074677,1.397212,1.542609,1.487063,1.505591,1.425282,0.836249,1.313731,1.009343,1.280961,1.578103,1.372479,1.389040,1.395916,1.511278,1.483951,1.225709,1.467564,1.400248
1.927328,1.550921,0.827973,0.264259,0.185853,0.280707,0.292633,1.365689,1.061111,1.899054,0.439006,1.061949,0.835194,1.739819,0.295029,0.734921,1.176979,1.966496,0.280456,0.394959,0.394641,0.398042,0.347261,0.579984,0.293892,1.975955,0.617064,0.660655,1.953306,0.494659,1.235368,0.295029,0.303435,1.804799,0.408210,0.771339,1.159584,1.922846,0.246339,0.238122,0.714597,1.568558,0.000000,0.365111,0.391195,1.119149,0.669345,0.605899,0.409354,1.785726,1.605062,0.494659,0.669345,1.965353,0.415041,0.415464,1.882546,0.795449,0.364209,1.021571,0.405148,1.954607,0.772437,1.600338,0.332822,0.409540,0.277883,0.974924,1.898893,0.304446,0.617064,0.369200,0.420093,0.401536,1.131148,1.143221,1.910118,0.340242,0.333334,1.937007,0.377266,1.939897,1.960885,0.325123,0.308184,0.273576,0.365434,1.044792,1.586036,0.902175,1.951285,0.274087,0.437312,0.409415,0.401536,0.301514,0.342705,0.656910,0.316395,0.408647
1.875654,1.399657,0.594140,0.182803,0.360174,0.191614,0.161114,1.166323,0.842171,1.938939,0.252085,0.997262,0.781442,1.788766,0.176278,0.498969,1.084553,1.972215,0.286381,0.087432,0.096074,0.373848,0.121108,0.825080,0.126514,1.960453,0.349245,0.445329,1.941005,0.218139,1.428068,0.176278,0.155488,1.886543,0.099770,0.569626,0.937563,1.878458,0.300158,0.326390,0.455130,1.421139,0.365111,0.000000,0.131423,0.916822,0.402084,0.339723,0.245184,1.775201,1.541088,0.218139,0.402084,1.913029,0.309732,0.349687,1.874516,0.530626,0.317734,0.810305,0.176661,1.978043,0.537451,1.486697,0.204562,0.250963,0.240115,0.746696,1.865429,0.119362,0.349245,0.205954,0.281563,0.058107,0.921136,0.968393,1.857959,0.123478,0.257496,1.968828,0.346932,1.902312,1.993515,0.376669,0.150133,0.165323,0.074833,0.841471,1.618576,0.664192,1.962836,0.346523,0.091855,0.059874,0.058107,0.213778,0.218592,0.476080,0.110451,0.079180
