0.000000,1.116371,1.687551,1.903961,1.928988,1.892924,1.897582,1.225690,1.442547,0.839274,1.880940,1.636950,1.725523,1.128542,1.888666,1.737114,1.518360,0.585342,1.922346,1.873862,1.883221,1.936253,1.900926,1.915913,1.912240,0.499804,1.796387,1.767076,0.579503,1.850156,1.601022,1.888666,1.911170,0.983713,1.869006,1.628428,1.439630,0.243476,1.911910,1.923234,1.755485,0.963486,1.945928,1.886618,1.891887,1.440353,1.767651,1.798751,1.866581,0.641175,0.699971,1.850156,1.767651,0.457848,1.907280,1.922672,0.454580,1.686521,1.914639,1.490782,1.884236,0.659678,1.706801,0.929348,1.899773,1.866641,1.929905,1.590601,0.681051,1.910776,1.796387,1.901437,1.889682,1.875238,1.485545,1.402427,0.682639,1.884163,1.905463,0.736335,1.904885,0.518796,0.622781,1.897699,1.914954,1.921820,1.886365,1.496588,1.147402,1.642543,0.567634,1.946772,1.862290,1.871877,1.875238,1.922022,1.914356,1.770457,1.907709,1.877591
1.116371,0.000000,1.090774,1.403420,1.500514,1.395899,1.381712,0.624221,0.807223,1.443535,1.364232,1.297300,1.301987,1.396136,1.375044,1.115609,1.217372,1.379785,1.464992,1.343876,1.357577,1.496843,1.406247,1.697316,1.427010,1.270702,1.199254,1.178688,1.285930,1.292780,1.793924,1.375044,1.420163,1.507217,1.334723,1.053452,0.729132,1.099213,1.457784,1.485040,1.149761,0.724742,1.516465,1.366941,1.390591,0.842548,1.146555,1.240428,1.345172,1.085199,1.047142,1.292780,1.146555,1.119091,1.429099,1.492398,1.157886,1.009259,1.452872,0.933922,1.392419,1.413762,1.111584,0.773636,1.403813,1.337241,1.477789,0.910434,1.103993,1.426336,1.199254,1.396537,1.395313,1.339586,0.827106,0.853991,1.137362,1.343889,1.436503,1.459022,1.422056,1.157142,1.432260,1.489385,1.429410,1.452806,1.372239,0.856181,1.340611,1.009272,1.319146,1.526478,1.320152,1.335532,1.339586,1.464299,1.424745,1.133586,1.420899,1.352117
1.687551,1.090774,0.000000,0.661399,0.767876,0.647567,0.623378,0.814760,0.681771,1.840644,0.655601,1.216698,0.489861,1.651693,0.578277,0.329455,1.240143,1.873778,0.776668,0.579712,0.602434,0.837353,0.662837,1.165851,0.667099,1.816001,0.281183,0.383957,1.842978,0.416346,1.593754,0.578277,0.641202,1.803426,0.571528,0.497868,0.537728,1.689773,0.715970,0.756709,0.181882,1.200341,0.780066,0.591685,0.577665,0.520652,0.272868,0.293820,0.588175,1.585150,1.387818,0.416346,0.272868,1.749863,0.769502,0.878329,1.666197,0.389591,0.803388,0.520604,0.610379,1.896305,0.351769,1.143960,0.637683,0.588782,0.753716,0.294248,1.660821,0.673415,0.281183,0.657427,0.699994,0.575313,0.400040,0.603865,1.704531,0.579674,0.712313,1.886957,0.719629,1.701899,1.898469,0.778960,0.685989,0.704719,0.612070,0.690414,1.395356,0.137138,1.824438,0.810110,0.558797,0.566508,0.575313,0.721866,0.682982,0.303538,0.664885,0.600092
1.903961,1.403420,0.661399,0.000000,0.236967,0.086461,0.090427,1.221873,0.976850,1.914566,0.287035,0.986882,0.799744,1.721331,0.135239,0.530875,1.106393,1.970589,0.212685,0.220028,0.194169,0.308832,0.186054,0.736687,0.197229,1.971012,0.427076,0.471533,1.942180,0.301833,1.434439,0.135239,0.211814,1.852186,0.226889,0.718545,0.992015,1.901686,0.179182,0.195309,0.527963,1.522178,0.281947,0.197210,0.201815,0.987420,0.475375,0.417926,0.264076,1.811793,1.677466,0.301833,0.475375,1.915594,0.293910,0.326553,1.901731,0.619623,0.278763,0.942833,0.225161,1.979266,0.601078,1.541942,0.201418,0.281166,0.209045,0.805858,1.842510,0.175874,0.427076,0.232174,0.273683,0.222930,0.945319,1.050228,1.863680,0.137565,0.198698,1.963190,0.321334,1.911600,1.983980,0.354343,0.191801,0.181079,0.203115,0.975320,1.589332,0.711440,1.968592,0.337076,0.246540,0.234267,0.222930,0.192684,0.230581,0.527691,0.184449,0.221601
1.928988,1.500514,0.767876,0.236967,0.000000,0.258820,0.292321,1.340189,1.103662,1.871604,0.418824,1.030635,0.784428,1.664664,0.247867,0.663234,1.175129,1.961568,0.286757,0.402064,0.375627,0.301931,0.343353,0.575942,0.297545,1.975984,0.562746,0.586394,1.957065,0.441085,1.310559,0.247867,0.285166,1.786173,0.414215,0.838255,1.129635,1.928939,0.209344,0.185763,0.652619,1.605531,0.220042,0.369451,0.346167,1.094567,0.622799,0.536882,0.397659,1.816573,1.726881,0.441085,0.622799,1.954452,0.396673,0.364514,1.902682,0.787963,0.388914,1.069391,0.387449,1.962027,0.748337,1.591931,0.314480,0.415311,0.246838,0.939115,1.856173,0.307357,0.562746,0.352366,0.404251,0.406206,1.064450,1.145389,1.911273,0.343844,0.303201,1.931451,0.379566,1.938633,1.960598,0.307244,0.288484,0.267922,0.367745,1.097569,1.517474,0.834066,1.967041,0.285916,0.441728,0.419466,0.406206,0.260923,0.315461,0.631832,0.323559,0.412053
1.892924,1.395899,0.647567,0.086461,0.258820,0.000000,0.136315,1.200945,0.956121,1.919424,0.270979,0.974246,0.798042,1.728814,0.143031,0.517427,1.087047,1.969124,0.238811,0.213381,0.186009,0.339809,0.177633,0.767134,0.207982,1.966426,0.414897,0.461878,1.940012,0.294219,1.450605,0.143031,0.228153,1.859608,0.219029,0.691767,0.973596,1.894222,0.146629,0.178889,0.514568,1.499978,0.320861,0.193099,0.199057,0.970903,0.460777,0.408582,0.225571,1.809034,1.661002,0.294219,0.460777,1.906520,0.308955,0.346278,1.897828,0.602609,0.291489,0.918148,0.220288,1.978270,0.587459,1.521610,0.221360,0.257623,0.215280,0.789628,1.845067,0.178704,0.414897,0.250651,0.271325,0.214837,0.928934,1.031495,1.859871,0.158045,0.182924,1.965966,0.316846,1.907839,1.982685,0.351572,0.203641,0.190803,0.198918,0.959122,1.584237,0.695901,1.964028,0.358378,0.232910,0.225097,0.214837,0.196352,0.256426,0.533573,0.186124,0.211341
1.897582,1.381712,0.623378,0.090427,0.292321,0.136315,0.000000,1.196770,0.951065,1.916183,0.290379,1.000482,0.783177,1.724836,0.143372,0.497663,1.111808,1.970981,0.228786,0.190016,0.169073,0.325939,0.174712,0.763336,0.197337,1.965802,0.384565,0.445491,1.936092,0.259376,1.460106,0.143372,0.203873,1.858683,0.194937,0.698217,0.959162,1.893356,0.233828,0.255498,0.486106,1.498321,0.301702,0.169118,0.161717,0.956437,0.433466,0.378388,0.257622,1.808548,1.662485,0.259376,0.433466,1.907819,0.303990,0.353720,1.895220,0.582695,0.287788,0.910787,0.174923,1.981033,0.559912,1.525018,0.182705,0.261613,0.238755,0.767574,1.835288,0.174703,0.384565,0.205952,0.280060,0.190639,0.911926,1.023233,1.845554,0.081610,0.231856,1.963085,0.321584,1.900423,1.987447,0.376981,0.199489,0.193650,0.181697,0.949298,1.590760,0.674032,1.965900,0.351039,0.210182,0.199644,0.190639,0.216046,0.214016,0.487497,0.173955,0.189965
1.225690,0.624221,0.814760,1.221873,1.340189,1.200945,1.196770,0.000000,0.444020,1.586784,1.180029,1.193495,1.120290,1.496555,1.180084,0.833236,1.110211,1.534438,1.300040,1.141545,1.157727,1.356979,1.214858,1.621256,1.248540,1.444291,0.960533,0.904154,1.450933,1.073615,1.819044,1.180084,1.243513,1.623151,1.128676,0.750442,0.379094,1.234118,1.282716,1.316265,0.901487,0.737807,1.374691,1.173732,1.190527,0.507125,0.895040,0.994830,1.148042,1.174196,1.086248,1.073615,0.895040,1.269865,1.268736,1.332586,1.279291,0.747128,1.293521,0.611151,1.193737,1.580226,0.818834,0.738036,1.220873,1.140991,1.308793,0.632469,1.255281,1.246205,0.960533,1.223824,1.208229,1.143141,0.478638,0.433478,1.301208,1.148069,1.248904,1.610816,1.254688,1.315546,1.580022,1.315251,1.252541,1.280118,1.175915,0.714639,1.332408,0.705772,1.459241,1.384834,1.114491,1.137947,1.143141,1.284081,1.262233,0.933877,1.236404,1.155434
1.442547,0.807223,0.681771,0.976850,1.103662,0.956121,0.951065,0.444020,0.000000,1.711915,0.951816,1.053036,1.052419,1.576343,0.935426,0.631516,1.015503,1.693031,1.049504,0.891839,0.903355,1.107015,0.959372,1.435173,1.002717,1.639839,0.756861,0.693135,1.598810,0.848920,1.789978,0.935426,0.992391,1.722273,0.879188,0.475856,0.419895,1.439801,1.050898,1.078838,0.722579,0.907962,1.155338,0.927203,0.949635,0.477427,0.693821,0.788620,0.910506,1.377726,1.253448,0.848920,0.693821,1.475648,1.027870,1.079091,1.491980,0.581323,1.046977,0.494953,0.953161,1.729611,0.639794,0.974679,0.965877,0.885160,1.058435,0.549321,1.462850,0.997483,0.756861,0.963958,0.972966,0.895406,0.487873,0.380627,1.462788,0.899116,1.012598,1.744879,0.998476,1.522466,1.738426,1.081023,1.000771,1.031539,0.924293,0.668053,1.428890,0.580781,1.646761,1.136089,0.867223,0.893098,0.895406,1.034852,1.008874,0.760055,0.988484,0.906724
0.839274,1.443535,1.840644,1.914566,1.871604,1.919424,1.916183,1.586784,1.711915,0.000000,1.930497,1.651935,1.756144,0.542121,1.911507,1.854746,1.645285,0.613537,1.898679,1.928234,1.930247,1.873540,1.928951,1.698670,1.910431,0.662136,1.897628,1.851040,0.760010,1.914503,1.204653,1.911507,1.906493,0.449476,1.928895,1.827027,1.743232,0.837848,1.915060,1.910990,1.881300,1.421303,1.876171,1.932736,1.924837,1.693931,1.892545,1.892322,1.931649,0.797843,1.282117,1.914503,1.892545,0.877008,1.912193,1.892269,0.713752,1.883342,1.914882,1.771730,1.928252,0.610611,1.853137,1.282744,1.914913,1.926753,1.904442,1.816431,0.756426,1.925763,1.897628,1.914071,1.922417,1.932975,1.739190,1.648961,0.923800,1.920209,1.920882,0.278746,1.913745,0.774115,0.491266,1.859995,1.911575,1.916367,1.923717,1.768786,1.040753,1.825320,0.706512,1.877830,1.939079,1.937787,1.932975,1.912572,1.909542,1.851168,1.927907,1.942004
1.880940,1.364232,0.655601,0.287035,0.418824,0.270979,0.290379,1.180029,0.951816,1.930497,0.000000,0.943216,0.817122,1.751309,0.309695,0.556968,1.035788,1.964836,0.328887,0.262397,0.256270,0.417794,0.267773,0.834849,0.290077,1.952495,0.424906,0.529066,1.931349,0.315545,1.497386,0.309695,0.311023,1.885968,0.264621,0.692972,0.938968,1.882799,0.293147,0.318747,0.515312,1.466424,0.458685,0.242531,0.267674,0.983155,0.463801,0.445134,0.195358,1.822526,1.635940,0.315545,0.463801,1.880006,0.230751,0.419547,1.902892,0.551194,0.327278,0.916196,0.298981,1.967928,0.621337,1.510219,0.273330,0.233019,0.315056,0.760953,1.849816,0.258064,0.424906,0.296513,0.171555,0.250264,0.917354,1.047527,1.828806,0.265439,0.206865,1.966194,0.286364,1.892522,1.978641,0.418195,0.288151,0.276728,0.266346,0.923502,1.594270,0.700711,1.941138,0.407612,0.256999,0.249700,0.250264,0.307619,0.301093,0.558488,0.267511,0.247112
1.636950,1.297300,1.216698,0.986882,1.030635,0.974246,1.000482,1.193495,1.053036,1.651935,0.943216,0.000000,1.401328,1.525407,1.018671,1.081490,0.289164,1.687033,0.965736,1.007344,1.001232,1.022171,1.000058,1.181380,1.030745,1.705508,1.099464,1.071275,1.605442,1.064857,1.564698,1.018671,1.050137,1.656250,1.003207,1.011194,1.175108,1.641553,0.999808,1.002732,1.143802,1.376493,1.104950,1.026686,1.033081,1.251938,1.089550,1.130150,0.960255,1.592726,1.613902,1.064857,1.089550,1.546126,0.959406,0.932800,1.707556,1.036744,0.961484,1.263927,1.017648,1.671748,1.097055,1.476631,1.035661,0.971011,0.996674,1.191109,1.592992,1.017466,1.099464,1.030151,0.951929,1.016094,1.237869,1.248034,1.576084,0.997796,0.971722,1.689100,1.008354,1.683665,1.687680,0.955025,1.012209,1.021688,1.011186,1.096805,1.551856,1.190294,1.672845,1.075525,1.015057,1.025050,1.016094,1.001388,1.046092,1.173665,1.019643,1.014109
1.725523,1.301987,0.489861,0.799744,0.784428,0.798042,0.783177,1.120290,1.052419,1.756144,0.817122,1.401328,0.000000,1.550530,0.713823,0.672737,1.450441,1.857257,0.892516,0.786177,0.798581,0.898146,0.825247,1.041498,0.782747,1.796745,0.582589,0.668670,1.875353,0.629935,1.346537,0.713823,0.740626,1.673586,0.787677,0.828377,0.896237,1.736382,0.797541,0.824525,0.542461,1.388075,0.769678,0.768940,0.731134,0.839305,0.624037,0.557009,0.770118,1.589224,1.452139,0.629935,0.624037,1.823997,0.891097,0.991550,1.642922,0.775686,0.939865,0.852804,0.784958,1.856332,0.722338,1.239562,0.766743,0.782850,0.838647,0.683263,1.670204,0.800821,0.582589,0.799612,0.849335,0.781553,0.737898,0.892915,1.783009,0.774049,0.833674,1.817770,0.830210,1.714932,1.843493,0.821152,0.805180,0.803244,0.793247,0.981556,1.249130,0.584334,1.808400,0.824555,0.789769,0.775946,0.781553,0.820581,0.787655,0.536302,0.800910,0.805467
1.128542,1.396136,1.651693,1.721331,1.664664,1.728814,1.724836,1.496555,1.576343,0.542121,1.751309,1.525407,1.550530,0.000000,1.714623,1.652709,1.582723,1.017981,1.715357,1.746471,1.746134,1.678540,1.746891,1.519237,1.713889,1.051821,1.699463,1.639248,1.111380,1.714904,1.062358,1.714623,1.701414,0.601027,1.748574,1.642585,1.612836,1.142416,1.724874,1.722939,1.688890,1.454455,1.678308,1.748433,1.735912,1.543072,1.698862,1.699208,1.749019,0.867961,1.420773,1.714904,1.698862,1.201719,1.735052,1.722837,0.952966,1.719721,1.748561,1.627739,1.754472,1.017245,1.673047,1.254004,1.723469,1.748185,1.708861,1.648608,0.903576,1.737573,1.699463,1.723464,1.743581,1.751298,1.579011,1.494106,1.237653,1.728239,1.737189,0.781711,1.738513,1.054718,0.926960,1.661139,1.715948,1.723873,1.738837,1.646536,0.947071,1.642259,1.073546,1.677095,1.765307,1.760102,1.751298,1.720340,1.716369,1.640741,1.742632,1.770270
1.888666,1.375044,0.578277,0.135239,0.247867,0.143031,0.143372,1.180084,0.935426,1.911507,0.309695,1.018671,0.713823,1.714623,0.000000,0.476618,1.126600,1.969452,0.295658,0.236335,0.220230,0.370585,0.234439,0.770435,0.235022,1.961238,0.354040,0.421404,1.943190,0.235312,1.451850,0.000000,0.220445,1.849469,0.241533,0.664828,0.938227,1.888144,0.211470,0.236505,0.447181,1.480971,0.312518,0.212996,0.187601,0.931716,0.411915,0.343691,0.246085,1.789385,1.647541,0.235312,0.411915,1.909664,0.356920,0.402928,1.877100,0.572626,0.360127,0.890899,0.234810,1.977112,0.549776,1.497942,0.212059,0.258649,0.267623,0.739294,1.835328,0.223249,0.354040,0.250315,0.321887,0.234250,0.879333,0.991724,1.856590,0.161968,0.256547,1.961191,0.324975,1.897880,1.982633,0.368309,0.238433,0.232846,0.229801,0.924472,1.540008,0.637571,1.958916,0.364925,0.253796,0.240689,0.234250,0.245006,0.254133,0.454789,0.227383,0.243434
1.737114,1.115609,0.329455,0.530875,0.663234,0.517427,0.497663,0.833236,0.631516,1.854746,0.556968,1.081490,0.672737,1.652709,0.476618,0.000000,1.140468,1.901390,0.640463,0.455624,0.460788,0.698556,0.527347,1.078802,0.550546,1.859366,0.264081,0.114217,1.859208,0.362494,1.585917,0.476618,0.540566,1.806453,0.445700,0.489435,0.594064,1.737982,0.618539,0.656760,0.295213,1.258990,0.683735,0.483102,0.490970,0.563205,0.202030,0.302361,0.515137,1.626094,1.505529,0.362494,0.202030,1.777013,0.649902,0.721669,1.734065,0.368582,0.671047,0.583397,0.524941,1.919138,0.341900,1.237275,0.533792,0.514092,0.629795,0.412501,1.671533,0.557084,0.264081,0.543530,0.578883,0.459381,0.514878,0.622806,1.744623,0.448429,0.594925,1.909623,0.630188,1.763096,1.919371,0.689357,0.557759,0.589333,0.483891,0.759243,1.462513,0.308699,1.859970,0.715068,0.442146,0.459617,0.459381,0.600770,0.577697,0.321758,0.546780,0.481552
1.518360,1.217372,1.240143,1.106393,1.175129,1.087047,1.111808,1.110211,1.015503,1.645285,1.035788,0.289164,1.450441,1.582723,1.126600,1.140468,0.000000,1.617905,1.099264,1.099556,1.100936,1.171500,1.108149,1.344134,1.150730,1.610957,1.159770,1.150152,1.520898,1.145224,1.670654,1.126600,1.171084,1.681064,1.092485,1.016941,1.121777,1.526286,1.118583,1.127285,1.184850,1.237917,1.241482,1.122629,1.128710,1.223107,1.141207,1.190174,1.046949,1.543882,1.480722,1.145224,1.141207,1.415889,1.072859,1.065115,1.628516,1.041798,1.081803,1.234330,1.103678,1.607183,1.130364,1.381320,1.142931,1.055651,1.129308,1.181925,1.541623,1.129509,1.159770,1.138723,1.053418,1.107466,1.211955,1.222778,1.451574,1.101814,1.085033,1.650986,1.113972,1.582237,1.629046,1.079838,1.135731,1.142916,1.112776,1.035695,1.556514,1.202717,1.586379,1.216679,1.095209,1.110452,1.107466,1.126243,1.163063,1.235126,1.128762,1.100119
0.585342,1.379785,1.873778,1.970589,1.961568,1.969124,1.970981,1.534438,1.693031,0.613537,1.964836,1.687033,1.857257,1.017981,1.969452,1.901390,1.617905,0.000000,1.965194,1.968509,1.969109,1.957704,1.972307,1.847466,1.976263,0.435739,1.938434,1.913978,0.388247,1.963312,1.432380,1.969452,1.974615,0.798666,1.967315,1.835690,1.705103,0.558914,1.969312,1.967770,1.916014,1.270213,1.966072,1.972857,1.975400,1.699995,1.923764,1.937510,1.964933,0.795908,1.074486,1.963312,1.923764,0.560451,1.961958,1.954537,0.584212,1.873957,1.956227,1.748560,1.970332,0.413726,1.876035,1.240953,1.970265,1.962012,1.973653,1.812274,0.740132,1.975419,1.938434,1.966637,1.962678,1.969041,1.738717,1.664225,0.744643,1.967980,1.967513,0.463142,1.963367,0.616056,0.327233,1.948982,1.973845,1.976312,1.970595,1.702679,1.240331,1.848103,0.448679,1.965156,1.963979,1.967795,1.969041,1.974577,1.970681,1.911019,1.974821,1.967784
1.922346,1.464992,0.776668,0.212685,0.286757,0.238811,0.228786,1.300040,1.049504,1.898679,0.328887,0.965736,0.892516,1.715357,0.295658,0.640463,1.099264,1.965194,0.000000,0.285711,0.278095,0.242648,0.231657,0.662133,0.217182,1.977855,0.549016,0.579528,1.938373,0.419969,1.411430,0.295658,0.263485,1.833897,0.295435,0.806996,1.093262,1.918934,0.275287,0.267452,0.646092,1.577721,0.309962,0.273416,0.290247,1.080610,0.595016,0.530637,0.363577,1.843631,1.713885,0.419969,0.595016,1.926217,0.237159,0.266990,1.927461,0.730311,0.170611,1.032596,0.289273,1.966494,0.708988,1.593468,0.241355,0.363049,0.196063,0.917838,1.862447,0.217481,0.549016,0.264617,0.260173,0.300280,1.052428,1.131849,1.871012,0.261861,0.230983,1.945194,0.341067,1.935436,1.975506,0.324807,0.197670,0.196498,0.251919,1.066950,1.606400,0.825526,1.963750,0.305944,0.330106,0.316682,0.300280,0.207223,0.240363,0.654157,0.229026,0.299794
1.873862,1.343876,0.579712,0.220028,0.402064,0.213381,0.190016,1.141545,0.891839,1.928234,0.262397,1.007344,0.786177,1.746471,0.236335,0.455624,1.099556,1.968509,0.285711,0.000000,0.149999,0.405561,0.170338,0.845028,0.164741,1.956065,0.345081,0.422218,1.930129,0.242253,1.514997,0.236335,0.229384,1.876930,0.022368,0.630265,0.900561,1.874756,0.311411,0.340904,0.440665,1.456862,0.406485,0.096795,0.192198,0.914015,0.382110,0.348504,0.239701,1.797546,1.624060,0.242253,0.382110,1.886261,0.310745,0.402012,1.884613,0.521818,0.319694,0.844427,0.206765,1.979980,0.528356,1.482258,0.233566,0.227209,0.267195,0.709368,1.836133,0.179155,0.345081,0.244442,0.264558,0.072883,0.859784,0.971397,1.827411,0.151806,0.269107,1.967668,0.316980,1.889912,1.988207,0.442933,0.176458,0.217541,0.057592,0.905350,1.598513,0.624935,1.949395,0.391354,0.107817,0.099116,0.072883,0.238991,0.265845,0.477199,0.177588,0.133765
1.883221,1.357577,0.602434,0.194169,0.375627,0.186009,0.169073,1.157727,0.903355,1.930247,0.256270,1.001232,0.798581,1.746134,0.220230,0.460788,1.100936,1.969109,0.278095,0.149999,0.000000,0.374389,0.087158,0.837516,0.192809,1.958234,0.357699,0.419072,1.928099,0.242385,1.496482,0.220230,0.193036,1.876660,0.155306,0.658021,0.919070,1.882902,0.279224,0.304206,0.464050,1.467422,0.390112,0.104276,0.166858,0.926145,0.394065,0.364238,0.244245,1.805667,1.646192,0.242385,0.394065,1.889355,0.299070,0.384772,1.894408,0.541688,0.292379,0.851071,0.202566,1.975405,0.533993,1.501756,0.206582,0.257199,0.249642,0.731297,1.834166,0.140563,0.357699,0.209989,0.252961,0.116557,0.878074,0.985038,1.833189,0.140434,0.234966,1.971286,0.331900,1.892140,1.988268,0.437099,0.192029,0.186749,0.144069,0.921045,1.611885,0.645426,1.953557,0.365924,0.115558,0.115476,0.116557,0.218271,0.241398,0.489394,0.124617,0.079955
1.936253,1.496843,0.837353,0.308832,0.301931,0.339809,0.325939,1.356979,1.107015,1.873540,0.417794,1.022171,0.898146,1.678540,0.370585,0.698556,1.171500,1.957704,0.242648,0.405561,0.374389,0.000000,0.326417,0.611230,0.309404,1.973610,0.611781,0.632537,1.929983,0.487994,1.352592,0.370585,0.323441,1.801751,0.416888,0.882737,1.153900,1.929755,0.341583,0.318326,0.708204,1.611965,0.309272,0.383301,0.368335,1.142993,0.660149,0.594613,0.452682,1.846443,1.745175,0.487994,0.660149,1.939661,0.335601,0.331940,1.928796,0.807785,0.295844,1.085021,0.385835,1.955585,0.788385,1.633461,0.287286,0.447992,0.263357,0.978086,1.864005,0.313265,0.611781,0.268993,0.371938,0.410012,1.110877,1.177300,1.880140,0.364988,0.319039,1.923724,0.381646,1.940856,1.958302,0.395190,0.298438,0.279465,0.368011,1.141175,1.596778,0.890475,1.963880,0.272027,0.442536,0.426357,0.410012,0.291166,0.229499,0.709004,0.325874,0.406780
1.900926,1.406247,0.662837,0.186054,0.343353,0.177633,0.174712,1.214858,0.959372,1.928951,0.267773,1.000058,0.825247,1.746891,0.234439,0.527347,1.108149,1.972307,0.231657,0.170338,0.087158,0.326417,0.000000,0.793368,0.155953,1.967431,0.420781,0.480234,1.933485,0.293177,1.468292,0.234439,0.170741,1.872343,0.180917,0.704649,0.984482,1.901044,0.249710,0.265900,0.524766,1.507340,0.348703,0.120378,0.170188,0.986402,0.462942,0.418619,0.261407,1.825476,1.668651,0.293177,0.462942,1.904723,0.276528,0.346294,1.911095,0.611382,0.247915,0.907555,0.195361,1.975895,0.594060,1.540249,0.200250,0.274007,0.190702,0.797713,1.854824,0.089985,0.420781,0.197932,0.247472,0.148904,0.942744,1.040136,1.848408,0.174689,0.209693,1.969292,0.316924,1.909276,1.988092,0.407655,0.151868,0.129931,0.142477,0.975408,1.624161,0.711097,1.959752,0.316099,0.166354,0.155428,0.148904,0.162298,0.217673,0.551590,0.071423,0.118749
1.915913,1.697316,1.165851,0.736687,0.575942,0.767134,0.763336,1.621256,1.435173,1.698670,0.834849,1.181380,1.041498,1.519237,0.770435,1.078802,1.344134,1.847466,0.662133,0.845028,0.837516,0.611230,0.793368,0.000000,0.722974,1.900886,1.007280,1.000551,1.884726,0.905347,1.040216,0.770435,0.727029,1.573327,0.858197,1.232826,1.483588,1.914370,0.703683,0.672973,1.079383,1.788577,0.574682,0.823534,0.805797,1.409737,1.060563,0.969053,0.857599,1.809061,1.807462,0.905347,1.060563,1.950524,0.746237,0.677394,1.861002,1.202093,0.750549,1.431311,0.822304,1.842997,1.168658,1.719714,0.754816,0.854785,0.670898,1.325608,1.807730,0.754261,1.007280,0.773519,0.800208,0.855930,1.421095,1.450325,1.910749,0.810144,0.748405,1.770613,0.742809,1.921735,1.822849,0.630002,0.716935,0.704552,0.805576,1.429639,1.438328,1.231927,1.891599,0.591768,0.894645,0.871070,0.855930,0.704141,0.720398,1.018087,0.770805,0.864733
1.912240,1.427010,0.667099,0.197229,0.297545,0.207982,0.197337,1.248540,1.002717,1.910431,0.290077,1.030745,0.782747,1.713889,0.235022,0.550546,1.150730,1.976263,0.217182,0.164741,0.192809,0.309404,0.155953,0.722974,0.000000,1.975031,0.434061,0.496664,1.950337,0.308299,1.422074,0.235022,0.145276,1.841629,0.183933,0.727686,1.017663,1.914996,0.250579,0.265393,0.532922,1.543353,0.295577,0.140316,0.207103,1.009133,0.485847,0.426764,0.285841,1.818302,1.681022,0.308299,0.485847,1.928972,0.284271,0.356654,1.906348,0.649664,0.289123,0.945007,0.245124,1.980360,0.634319,1.544524,0.208094,0.287923,0.158761,0.817947,1.857109,0.115853,0.434061,0.223377,0.270072,0.169869,0.963684,1.063159,1.872686,0.206397,0.236590,1.958506,0.302693,1.922222,1.985975,0.378404,0.071515,0.110888,0.116709,1.012283,1.583913,0.727258,1.962617,0.262509,0.223887,0.193326,0.169869,0.147506,0.205780,0.540748,0.130940,0.208207
0.499804,1.270702,1.816001,1.971012,1.975984,1.966426,1.965802,1.444291,1.639839,0.662136,1.952495,1.705508,1.796745,1.051821,1.961238,1.859366,1.610957,0.435739,1.977855,1.956065,1.958234,1.973610,1.967431,1.900886,1.975031,0.000000,1.898333,1.883108,0.492755,1.936551,1.484947,1.961238,1.971841,0.860258,1.953823,1.795167,1.615157,0.495783,1.970984,1.974174,1.866649,1.128763,1.975988,1.961130,1.962387,1.628800,1.879349,1.906622,1.948521,0.759005,0.975242,1.936551,1.879349,0.432706,1.966866,1.968062,0.526642,1.817254,1.971027,1.668129,1.957342,0.424759,1.820507,1.122944,1.964031,1.945806,1.978999,1.735829,0.637319,1.972144,1.898333,1.960337,1.961846,1.955387,1.653529,1.604256,0.598780,1.958425,1.969172,0.524821,1.953997,0.415654,0.401672,1.949223,1.976272,1.977118,1.962636,1.624680,1.222245,1.784922,0.412523,1.974432,1.946866,1.952203,1.955387,1.978436,1.968318,1.863859,1.970074,1.953643
1.796387,1.199254,0.281183,0.427076,0.562746,0.414897,0.384565,0.960533,0.756861,1.897628,0.424906,1.099464,0.582589,1.699463,0.354040,0.264081,1.159770,1.938434,0.549016,0.345081,0.357699,0.611781,0.420781,1.007280,0.434061,1.898333,0.000000,0.284285,1.902007,0.164228,1.555263,0.354040,0.414798,1.856063,0.338109,0.512943,0.678170,1.796685,0.489489,0.530840,0.125139,1.316637,0.577470,0.350589,0.336312,0.693245,0.101146,0.164026,0.362107,1.706630,1.520103,0.164228,0.101146,1.829431,0.540230,0.659802,1.792710,0.346560,0.573606,0.649700,0.383083,1.949995,0.346475,1.317042,0.405468,0.367620,0.521112,0.438873,1.753630,0.434146,0.000000,0.418478,0.470211,0.333019,0.601833,0.771416,1.773074,0.338326,0.473910,1.945022,0.497015,1.801876,1.958262,0.585632,0.453399,0.468704,0.377119,0.752041,1.491833,0.340173,1.900124,0.592024,0.321421,0.326296,0.333019,0.490747,0.447502,0.256076,0.425021,0.358176
1.767076,1.178688,0.383957,0.471533,0.586394,0.461878,0.445491,0.904154,0.693135,1.851040,0.529066,1.071275,0.668670,1.639248,0.421404,0.114217,1.150152,1.913978,0.579528,0.422218,0.419072,0.632537,0.480234,1.000551,0.496664,1.883108,0.284285,0.000000,1.879901,0.343548,1.538077,0.421404,0.484271,1.791803,0.414776,0.538306,0.687092,1.767532,0.562323,0.597191,0.337876,1.324379,0.615706,0.446982,0.450302,0.627708,0.254096,0.287659,0.490765,1.645125,1.546795,0.343548,0.254096,1.811620,0.606825,0.660867,1.756806,0.441549,0.625245,0.661163,0.489972,1.932064,0.383715,1.284582,0.484527,0.491497,0.567812,0.510011,1.691468,0.508054,0.284285,0.500055,0.541470,0.430442,0.600899,0.679057,1.782032,0.404481,0.544920,1.912186,0.592363,1.796402,1.927571,0.628117,0.500685,0.533131,0.441371,0.824704,1.456643,0.385446,1.882789,0.652863,0.420426,0.434767,0.430442,0.541150,0.529055,0.339298,0.499784,0.452661
0.579503,1.285930,1.842978,1.942180,1.957065,1.940012,1.936092,1.450933,1.598810,0.760010,1.931349,1.605442,1.875353,1.111380,1.943190,1.859208,1.520898,0.388247,1.938373,1.930129,1.928099,1.929983,1.933485,1.884726,1.950337,0.492755,1.902007,1.879901,0.000000,1.928136,1.533075,1.943190,1.948549,0.913460,1.927376,1.772687,1.628724,0.545859,1.951324,1.951662,1.879897,1.169811,1.957828,1.936300,1.940543,1.659536,1.880951,1.908368,1.926272,0.801153,1.035229,1.928136,1.880951,0.445195,1.928743,1.921954,0.643403,1.812736,1.918780,1.673723,1.929604,0.500043,1.814378,1.250955,1.940894,1.920081,1.949313,1.757106,0.746398,1.942811,1.902007,1.932117,1.930463,1.928789,1.682418,1.609021,0.640639,1.930289,1.944354,0.605110,1.932800,0.599962,0.492358,1.946950,1.947177,1.949332,1.935892,1.631678,1.373784,1.806695,0.532087,1.951169,1.920245,1.926975,1.928789,1.946352,1.939991,1.882817,1.940302,1.924808
1.850156,1.292780,0.416346,0.301833,0.441085,0.294219,0.259376,1.073615,0.848920,1.914503,0.315545,1.064857,0.629935,1.714904,0.235312,0.362494,1.145224,1.963312,0.419969,0.242253,0.242385,0.487994,0.293177,0.905347,0.308299,1.936551,0.164228,0.343548,1.928136,0.000000,1.509879,0.235312,0.286389,1.868092,0.239558,0.579615,0.805456,1.850074,0.363861,0.400025,0.263218,1.402890,0.451582,0.231041,0.185450,0.816192,0.241720,0.194719,0.260077,1.761667,1.582663,0.000000,0.241720,1.873004,0.417500,0.534460,1.846643,0.439569,0.448580,0.760000,0.256611,1.968537,0.423289,1.414319,0.285216,0.276470,0.385834,0.581404,1.803717,0.301634,0.164228,0.297672,0.354258,0.226583,0.738180,0.885657,1.813521,0.221779,0.345204,1.961296,0.391574,1.850412,1.978846,0.486287,0.326127,0.332865,0.264174,0.832624,1.531913,0.482000,1.932877,0.462236,0.226868,0.222610,0.226583,0.356363,0.325355,0.339517,0.294638,0.247318
1.601022,1.793924,1.593754,1.434439,1.310559,1.450605,1.460106,1.819044,1.789978,1.204653,1.497386,1.564698,1.346537,1.062358,1.451850,1.585917,1.670654,1.432380,1.411430,1.514997,1.496482,1.352592,1.468292,1.040216,1.422074,1.484947,1.555263,1.538077,1.533075,1.509879,0.000000,1.451850,1.407630,1.031503,1.524390,1.668010,1.783993,1.612645,1.388143,1.371203,1.582889,1.831575,1.297640,1.487203,1.468160,1.682605,1.589560,1.528620,1.507883,1.442389,1.657404,1.509879,1.589560,1.673911,1.448174,1.431197,1.463368,1.697498,1.454629,1.705672,1.494663,1.381728,1.611589,1.668493,1.441936,1.530626,1.384619,1.694357,1.416018,1.435005,1.555263,1.458134,1.477920,1.514225,1.710397,1.713088,1.708598,1.492237,1.430587,1.304340,1.463724,1.503715,1.345853,1.335858,1.425606,1.404250,1.489982,1.751703,1.284247,1.641234,1.488017,1.318998,1.539121,1.520520,1.514225,1.401273,1.421149,1.530720,1.444319,1.519058
1.888666,1.375044,0.578277,0.135239,0.247867,0.143031,0.143372,1.180084,0.935426,1.911507,0.309695,1.018671,0.713823,1.714623,0.000000,0.476618,1.126600,1.969452,0.295658,0.236335,0.220230,0.370585,0.234439,0.770435,0.235022,1.961238,0.354040,0.421404,1.943190,0.235312,1.451850,0.000000,0.220445,1.849469,0.241533,0.664828,0.938227,1.888144,0.211470,0.236505,0.447181,1.480971,0.312518,0.212996,0.187601,0.931716,0.411915,0.343691,0.246085,1.789385,1.647541,0.235312,0.411915,1.909664,0.356920,0.402928,1.877100,0.572626,0.360127,0.890899,0.234810,1.977112,0.549776,1.497942,0.212059,0.258649,0.267623,0.739294,1.835328,0.223249,0.354040,0.250315,0.321887,0.234250,0.879333,0.991724,1.856590,0.161968,0.256547,1.961191,0.324975,1.897880,1.982633,0.368309,0.238433,0.232846,0.229801,0.924472,1.540008,0.637571,1.958916,0.364925,0.253796,0.240689,0.234250,0.245006,0.254133,0.454789,0.227383,0.243434
1.911170,1.420163,0.641202,0.211814,0.285166,0.228153,0.203873,1.243513,0.992391,1.906493,0.311023,1.050137,0.740626,1.701414,0.220445,0.540566,1.171084,1.974615,0.263485,0.229384,0.193036,0.323441,0.170741,0.727029,0.145276,1.971841,0.414798,0.484271,1.948549,0.286389,1.407630,0.220445,0.000000,1.835107,0.243299,0.713183,1.006404,1.910783,0.254712,0.266049,0.512001,1.534084,0.282760,0.173936,0.203711,0.991110,0.472000,0.407790,0.295043,1.807184,1.673943,0.286389,0.472000,1.931617,0.315127,0.379371,1.897684,0.645230,0.323337,0.919712,0.267160,1.973132,0.622263,1.529721,0.194634,0.300439,0.186257,0.799175,1.845564,0.137450,0.414798,0.218786,0.303874,0.214214,0.944085,1.047218,1.876120,0.209640,0.258356,1.958967,0.311713,1.916117,1.985126,0.377095,0.144763,0.127439,0.199887,0.999368,1.564869,0.705390,1.959867,0.226873,0.252884,0.224123,0.214214,0.174880,0.203472,0.507730,0.145508,0.228034
0.983713,1.507217,1.803426,1.852186,1.786173,1.859608,1.858683,1.623151,1.722273,0.449476,1.885968,1.656250,1.673586,0.601027,1.849469,1.806453,1.681064,0.798666,1.833897,1.876930,1.876660,1.801751,1.872343,1.573327,1.841629,0.860258,1.856063,1.791803,0.913460,1.868092,1.031503,1.849469,1.835107,0.000000,1.879602,1.795188,1.758477,1.002813,1.848404,1.844878,1.847621,1.514685,1.791437,1.875932,1.876306,1.684661,1.853795,1.845744,1.884421,0.803738,1.364688,1.868092,1.853795,1.084497,1.861753,1.827730,0.791135,1.872334,1.867768,1.760646,1.886662,0.764923,1.833911,1.337684,1.856158,1.885037,1.834289,1.803706,0.786319,1.861555,1.856063,1.863520,1.874167,1.882036,1.730335,1.633328,1.210452,1.866577,1.869322,0.572186,1.864358,1.008127,0.640691,1.789770,1.842000,1.847548,1.867532,1.791527,0.976266,1.797646,0.866698,1.802181,1.893514,1.888106,1.882036,1.842629,1.848307,1.795911,1.865625,1.894629
1.869006,1.334723,0.571528,0.226889,0.414215,0.219029,0.194937,1.128676,0.879188,1.928895,0.264621,1.003207,0.787677,1.748574,0.241533,0.445700,1.092485,1.967315,0.295435,0.022368,0.155306,0.416888,0.180917,0.858197,0.183933,1.953823,0.338109,0.414776,1.927376,0.239558,1.524390,0.241533,0.243299,1.879602,0.000000,0.620449,0.887359,1.869486,0.321559,0.351936,0.432852,1.447866,0.418972,0.109627,0.197262,0.903375,0.372491,0.342740,0.240547,1.794648,1.618212,0.239558,0.372491,1.880959,0.316167,0.406559,1.881943,0.508269,0.325039,0.833824,0.208118,1.979012,0.518218,1.475437,0.242596,0.226616,0.281918,0.698167,1.832883,0.193856,0.338109,0.254010,0.267631,0.080853,0.848160,0.960528,1.822074,0.152733,0.276508,1.967631,0.323922,1.885910,1.987564,0.452284,0.193783,0.233431,0.077369,0.895465,1.599371,0.614167,1.947465,0.407724,0.105792,0.103690,0.080853,0.252738,0.278054,0.472964,0.190897,0.137247
1.628428,1.053452,0.497868,0.718545,0.838255,0.691767,0.698217,0.750442,0.475856,1.827027,0.692972,1.011194,0.828377,1.642585,0.664828,0.489435,1.016941,1.835690,0.806996,0.630265,0.658021,0.882737,0.704649,1.232826,0.727686,1.795167,0.512943,0.538306,1.772687,0.579615,1.668010,0.664828,0.713183,1.795188,0.620449,0.000000,0.553802,1.640110,0.771229,0.804304,0.492309,1.113586,0.895204,0.656848,0.679231,0.581641,0.476595,0.552606,0.626811,1.530202,1.355412,0.579615,0.476595,1.680001,0.786922,0.861156,1.646256,0.431313,0.815730,0.506589,0.690300,1.852405,0.519847,1.130393,0.702787,0.612651,0.787849,0.468220,1.635713,0.727592,0.512943,0.713722,0.720614,0.632461,0.538556,0.590335,1.669736,0.650100,0.753747,1.870724,0.740116,1.695066,1.865535,0.799780,0.730964,0.760423,0.662343,0.648573,1.447463,0.460617,1.777640,0.874628,0.615264,0.630468,0.632461,0.761569,0.749820,0.549798,0.722850,0.657106
1.439630,0.729132,0.537728,0.992015,1.129635,0.973596,0.959162,0.379094,0.419895,1.743232,0.938968,1.175108,0.896237,1.612836,0.938227,0.594064,1.121777,1.705103,1.093262,0.900561,0.919070,1.153900,0.984482,1.483588,1.017663,1.615157,0.678170,0.687092,1.628724,0.805456,1.783993,0.938227,1.006404,1.758477,0.887359,0.553802,0.000000,1.440593,1.055654,1.093337,0.612850,0.855406,1.153208,0.925795,0.943729,0.413971,0.608524,0.738008,0.901370,1.379244,1.187284,0.805456,0.608524,1.475717,1.045374,1.148073,1.472507,0.452819,1.083592,0.425849,0.955439,1.736720,0.577357,0.913163,0.980617,0.895592,1.091237,0.293628,1.444797,1.009634,0.678170,0.983170,0.979016,0.894902,0.223536,0.441219,1.453150,0.905050,1.023152,1.768038,1.024491,1.481193,1.747210,1.118392,1.027240,1.049503,0.941225,0.537472,1.404411,0.425720,1.632358,1.164224,0.864209,0.885128,0.894902,1.062115,1.023782,0.661846,0.999133,0.908376
0.243476,1.099213,1.689773,1.901686,1.928939,1.894222,1.893356,1.234118,1.439801,0.837848,1.882799,1.641553,1.736382,1.142416,1.888144,1.737982,1.526286,0.558914,1.918934,1.874756,1.882902,1.929755,1.901044,1.914370,1.914996,0.495783,1.796685,1.767532,0.545859,1.850074,1.612645,1.888144,1.910783,1.002813,1.869486,1.640110,1.440593,0.000000,1.916455,1.925688,1.756295,0.975215,1.941384,1.887521,1.890809,1.440476,1.768126,1.798912,1.871022,0.700571,0.690022,1.850074,1.768126,0.434772,1.905189,1.919278,0.497782,1.690426,1.911209,1.504801,1.882863,0.656911,1.698423,0.954085,1.897152,1.865909,1.931688,1.590762,0.665313,1.911576,1.796685,1.897623,1.891373,1.876401,1.487955,1.409247,0.622612,1.880242,1.908143,0.730577,1.900504,0.491547,0.623791,1.902062,1.917025,1.922762,1.887735,1.503272,1.205145,1.642218,0.577893,1.943658,1.862275,1.872608,1.876401,1.924054,1.911467,1.768940,1.908017,1.876691
1.911910,1.457784,0.715970,0.179182,0.209344,0.146629,0.233828,1.282716,1.050898,1.915060,0.293147,0.999808,0.797541,1.724874,0.211470,0.618539,1.118583,1.969312,0.275287,0.311411,0.279224,0.341583,0.249710,0.703683,0.250579,1.970984,0.489489,0.562323,1.951324,0.363861,1.388143,0.211470,0.254712,1.848404,0.321559,0.771229,1.055654,1.916455,0.000000,0.072993,0.583822,1.543557,0.295302,0.269477,0.261749,1.053149,0.546129,0.486170,0.253389,1.832646,1.680699,0.363861,0.546129,1.928474,0.328669,0.370615,1.912372,0.688463,0.327136,0.991650,0.292960,1.972255,0.679710,1.563846,0.265091,0.303903,0.214894,0.865115,1.867425,0.219184,0.489489,0.299316,0.310346,0.302631,1.008999,1.117079,1.882309,0.269505,0.187241,1.961492,0.312572,1.921492,1.977422,0.318836,0.250018,0.205504,0.288452,1.019027,1.568177,0.778120,1.966378,0.313536,0.328420,0.309128,0.302631,0.214853,0.280996,0.601282,0.234883,0.296543
1.923234,1.485040,0.756709,0.195309,0.185763,0.178889,0.255498,1.316265,1.078838,1.910990,0.318747,1.002732,0.824525,1.722939,0.236505,0.656760,1.127285,1.967770,0.267452,0.340904,0.304206,0.318326,0.265900,0.672973,0.265393,1.974174,0.530840,0.597191,1.951662,0.400025,1.371203,0.236505,0.266049,1.844878,0.351936,0.804304,1.093337,1.925688,0.072993,0.000000,0.624153,1.566827,0.283082,0.298675,0.284675,1.088472,0.588073,0.522473,0.299093,1.844394,1.700851,0.400025,0.588073,1.934752,0.326529,0.341946,1.922096,0.729656,0.319888,1.028808,0.317641,1.969998,0.714543,1.588844,0.275967,0.336089,0.204561,0.906646,1.876498,0.234929,0.530840,0.306516,0.322589,0.334072,1.047440,1.149761,1.887295,0.296577,0.189604,1.957540,0.314454,1.928987,1.974580,0.317331,0.257268,0.211052,0.312741,1.047552,1.577235,0.818410,1.969229,0.292418,0.361215,0.341741,0.334072,0.212863,0.283421,0.638077,0.252454,0.323980
1.755485,1.149761,0.181882,0.527963,0.652619,0.514568,0.486106,0.901487,0.722579,1.881300,0.515312,1.143802,0.542461,1.688890,0.447181,0.295213,1.184850,1.916014,0.646092,0.440665,0.464050,0.708204,0.524766,1.079383,0.532922,1.866649,0.125139,0.337876,1.879897,0.263218,1.582889,0.447181,0.512001,1.847621,0.432852,0.492309,0.612850,1.756295,0.583822,0.624153,0.000000,1.259740,0.665341,0.450759,0.432738,0.634668,0.154192,0.197983,0.448970,1.667592,1.464012,0.263218,0.154192,1.795299,0.633019,0.752396,1.748398,0.332693,0.668204,0.597772,0.470322,1.931356,0.332100,1.251292,0.501301,0.449968,0.620981,0.364629,1.726191,0.536324,0.125139,0.515042,0.564096,0.431525,0.521467,0.715803,1.738882,0.441094,0.572529,1.926421,0.583174,1.760716,1.938495,0.665181,0.553409,0.569983,0.474784,0.698721,1.456980,0.254707,1.871728,0.683888,0.417105,0.423234,0.431525,0.590969,0.543471,0.254918,0.527889,0.457393
0.963486,0.724742,1.200341,1.522178,1.605531,1.499978,1.498321,0.737807,0.907962,1.421303,1.466424,1.376493,1.388075,1.454455,1.480971,1.258990,1.237917,1.270213,1.577721,1.456862,1.467422,1.611965,1.507340,1.788577,1.543353,1.128763,1.316637,1.324379,1.169811,1.402890,1.831575,1.480971,1.534084,1.514685,1.447866,1.113586,0.855406,0.975215,1.543557,1.566827,1.259740,0.000000,1.630038,1.474478,1.483107,0.971213,1.270864,1.351729,1.436969,1.065514,0.868620,1.402890,1.270864,0.970851,1.538241,1.596566,1.055286,1.140277,1.561000,0.962976,1.475037,1.313013,1.204888,0.777678,1.500655,1.428404,1.577935,1.032905,1.119560,1.526516,1.316637,1.494788,1.502597,1.453996,0.955600,0.941136,0.998161,1.463259,1.533545,1.392293,1.503887,1.031155,1.332149,1.552318,1.544516,1.553877,1.485517,0.818283,1.241349,1.132513,1.195564,1.622261,1.426987,1.444239,1.453996,1.565329,1.528342,1.298148,1.520654,1.452910
1.945928,1.516465,0.780066,0.281947,0.220042,0.320861,0.301702,1.374691,1.155338,1.876171,0.458685,1.104950,0.769678,1.678308,0.312518,0.683735,1.241482,1.966072,0.309962,0.406485,0.390112,0.309272,0.348703,0.574682,0.295577,1.975988,0.577470,0.615706,1.957828,0.451582,1.297640,0.312518,0.282760,1.791437,0.418972,0.895204,1.153208,1.941384,0.295302,0.283082,0.665341,1.630038,0.000000,0.371503,0.343944,1.121633,0.639327,0.552252,0.452060,1.833375,1.738878,0.451582,0.639327,1.963118,0.411996,0.396697,1.910318,0.817167,0.395241,1.085125,0.379392,1.962943,0.763109,1.620318,0.341068,0.465847,0.271844,0.950826,1.858717,0.305845,0.577470,0.357564,0.433230,0.409030,1.081126,1.178024,1.905369,0.352259,0.361918,1.930850,0.427899,1.934665,1.963283,0.395391,0.298606,0.268492,0.372668,1.129732,1.557100,0.850406,1.968660,0.267518,0.445796,0.420329,0.409030,0.283821,0.317543,0.632792,0.319017,0.414735
1.886618,1.366941,0.591685,0.197210,0.369451,0.193099,0.169118,1.173732,0.927203,1.932736,0.242531,1.026686,0.768940,1.748433,0.212996,0.483102,1.122629,1.972857,0.273416,0.096795,0.104276,0.383301,0.120378,0.823534,0.140316,1.961130,0.350589,0.446982,1.936300,0.231041,1.487203,0.212996,0.173936,1.875932,0.109627,0.656848,0.925795,1.887521,0.269477,0.298675,0.450759,1.474478,0.371503,0.000000,0.159322,0.937772,0.396277,0.358641,0.223303,1.807887,1.633793,0.231041,0.396277,1.899385,0.289029,0.401402,1.892532,0.543111,0.301365,0.858941,0.193339,1.980477,0.545911,1.501422,0.193408,0.230876,0.238755,0.726822,1.843642,0.114143,0.350589,0.211198,0.247605,0.057026,0.881364,1.001657,1.839852,0.142299,0.234852,1.972874,0.309176,1.895509,1.991716,0.424663,0.160244,0.163406,0.091539,0.922595,1.600428,0.644627,1.954452,0.347627,0.094780,0.061937,0.057026,0.208056,0.225385,0.477254,0.108912,0.085685
