0.000000,1.053570,1.587646,1.858546,1.895038,1.855367,1.848296,1.156295,1.435573,0.859382,1.844646,1.544147,1.608788,1.108098,1.846486,1.655538,1.437173,0.724241,1.887885,1.830094,1.831104,1.892707,1.852130,1.901099,1.866799,0.535020,1.719523,1.699698,0.625522,1.783663,1.672702,1.846486,1.856388,1.007920,1.825660,1.608388,1.367021,0.521402,1.884561,1.892666,1.668930,0.951959,1.900738,1.835933,1.832222,1.396696,1.691378,1.710221,1.830002,0.715238,0.859794,1.783663,1.691378,0.555726,1.868385,1.890113,0.566011,1.618729,1.877924,1.427176,1.826059,0.758776,1.605530,1.007924,1.860324,1.832769,1.893158,1.499989,0.655507,1.863847,1.719523,1.854147,1.853364,1.826085,1.379754,1.352698,0.734977,1.836638,1.873685,0.801102,1.875487,0.562928,0.759131,1.867932,1.869646,1.876614,1.841408,1.466518,1.144199,1.541046,0.676641,1.903851,1.812275,1.821742,1.826085,1.881687,1.872560,1.701889,1.857827,1.826827
1.053570,0.000000,1.041282,1.458413,1.556058,1.452090,1.444576,0.687988,0.912669,1.399919,1.395698,1.294665,1.208896,1.386923,1.421564,1.123519,1.222079,1.345859,1.530483,1.390197,1.389973,1.519091,1.439913,1.756128,1.462824,1.208892,1.190855,1.206414,1.309404,1.300763,1.821782,1.421564,1.445629,1.516662,1.381747,1.131070,0.760016,1.051467,1.513354,1.539693,1.123897,0.769740,1.566192,1.406749,1.406796,0.843535,1.144271,1.231259,1.393584,1.089035,1.040508,1.300763,1.144271,1.117925,1.455119,1.511069,1.131095,1.059474,1.503528,0.948335,1.425484,1.375390,1.124518,0.804777,1.441585,1.411321,1.517784,0.901007,1.075831,1.464205,1.190855,1.429365,1.422127,1.379699,0.802565,0.884060,1.130021,1.408202,1.471985,1.401495,1.507482,1.140856,1.416169,1.536257,1.466578,1.490494,1.413297,1.001717,1.235100,0.972850,1.313429,1.562427,1.360155,1.375671,1.379699,1.495571,1.457784,1.190575,1.456160,1.389185
1.587646,1.041282,0.000000,0.697437,0.842356,0.695513,0.664107,0.729883,0.496398,1.851986,0.687729,1.097933,0.504087,1.710219,0.630216,0.343048,1.105042,1.854892,0.830934,0.594144,0.611585,0.849636,0.679495,1.210013,0.694317,1.764149,0.286437,0.423811,1.809117,0.437093,1.644236,0.630216,0.657045,1.817580,0.583743,0.428299,0.453164,1.643534,0.794325,0.830933,0.181577,1.060409,0.850842,0.610949,0.600345,0.459695,0.262837,0.313546,0.652717,1.478324,1.249209,0.437093,0.262837,1.716839,0.769250,0.839131,1.613835,0.263460,0.816633,0.391837,0.632994,1.875243,0.436937,1.141709,0.668005,0.672796,0.793873,0.250437,1.621934,0.699609,0.286437,0.670558,0.721002,0.586840,0.391512,0.547129,1.671742,0.612670,0.760909,1.875920,0.824451,1.695036,1.895117,0.800275,0.706883,0.736516,0.630110,0.553766,1.440256,0.133395,1.817957,0.847420,0.564640,0.576712,0.586840,0.756588,0.708920,0.344502,0.685238,0.607769
1.858546,1.458413,0.697437,0.000000,0.252321,0.084689,0.076501,1.225326,0.901022,1.931154,0.315510,1.014518,0.798742,1.767481,0.137762,0.578059,1.121087,1.977276,0.218456,0.209691,0.204362,0.371234,0.182478,0.735777,0.173184,1.959610,0.465556,0.504709,1.945136,0.328262,1.397355,0.137762,0.193968,1.854827,0.218815,0.686114,1.007193,1.876929,0.200410,0.217701,0.573812,1.456936,0.287628,0.195058,0.219473,0.988090,0.514752,0.436250,0.282475,1.747816,1.549550,0.328262,0.514752,1.916597,0.343221,0.308881,1.873355,0.631991,0.264106,0.903350,0.224773,1.969188,0.660563,1.545695,0.252722,0.297193,0.209602,0.843906,1.868710,0.174363,0.465556,0.270061,0.325679,0.216403,0.984854,1.021485,1.855467,0.138429,0.239582,1.958641,0.358187,1.918901,1.983176,0.327015,0.178971,0.177636,0.188556,0.905360,1.633882,0.756346,1.958955,0.291468,0.248315,0.228405,0.216403,0.197739,0.291288,0.540554,0.178210,0.224021
1.895038,1.556058,0.842356,0.252321,0.000000,0.257897,0.297554,1.355296,1.063878,1.902703,0.441463,1.101715,0.829512,1.725931,0.264888,0.729832,1.223813,1.962185,0.270915,0.392554,0.392744,0.374923,0.348335,0.550774,0.291493,1.974111,0.636001,0.638222,1.954650,0.502729,1.251519,0.264888,0.301678,1.792575,0.402642,0.824494,1.158278,1.918437,0.211088,0.195379,0.734493,1.574452,0.199500,0.375436,0.398646,1.113611,0.688956,0.604785,0.402218,1.763547,1.616167,0.502729,0.688956,1.957276,0.437849,0.363960,1.884219,0.806317,0.366674,1.050530,0.413112,1.955629,0.812231,1.587695,0.338230,0.406598,0.249790,0.994999,1.880144,0.313302,0.636001,0.380006,0.445120,0.407942,1.124722,1.140637,1.911389,0.345433,0.332649,1.939757,0.373874,1.951282,1.959157,0.297096,0.290551,0.274629,0.365771,1.061278,1.593757,0.910258,1.948983,0.275260,0.444720,0.418845,0.407942,0.268807,0.360426,0.647869,0.326768,0.418486
1.855367,1.452090,0.695513,0.084689,0.257897,0.000000,0.135400,1.216474,0.897593,1.932203,0.296336,1.017261,0.796098,1.772414,0.143147,0.575130,1.119452,1.975250,0.244226,0.221416,0.208140,0.388832,0.185748,0.747887,0.197165,1.958888,0.466951,0.503786,1.945096,0.335762,1.402422,0.143147,0.212006,1.857765,0.228861,0.675454,1.001545,1.874807,0.163378,0.196000,0.574188,1.447929,0.300920,0.212954,0.234450,0.983080,0.513020,0.442099,0.231443,1.746506,1.539128,0.335762,0.513020,1.913361,0.345525,0.316204,1.869741,0.628706,0.282581,0.893191,0.241800,1.968940,0.655815,1.532936,0.256698,0.254067,0.219810,0.840042,1.872932,0.193280,0.466951,0.284990,0.320182,0.229451,0.979994,1.011565,1.853150,0.167822,0.226632,1.957774,0.328692,1.916534,1.982074,0.330160,0.198358,0.197147,0.202002,0.903489,1.634971,0.753555,1.955700,0.310390,0.257061,0.241140,0.229451,0.203509,0.305557,0.548707,0.196241,0.234186
1.848296,1.444576,0.664107,0.076501,0.297554,0.135400,0.000000,1.203763,0.873132,1.935808,0.320649,1.029453,0.785886,1.772615,0.145119,0.549483,1.130498,1.977779,0.241942,0.186739,0.176977,0.369848,0.167815,0.764005,0.169264,1.953721,0.427041,0.479674,1.944767,0.289653,1.416252,0.145119,0.177512,1.864098,0.195186,0.671292,0.979319,1.869520,0.249963,0.266208,0.536847,1.440311,0.307211,0.164332,0.184146,0.957154,0.478505,0.396504,0.289982,1.744852,1.536886,0.289653,0.478505,1.912523,0.354386,0.321917,1.868740,0.599664,0.280000,0.873573,0.185328,1.971702,0.633210,1.533090,0.238370,0.298258,0.232365,0.811835,1.863823,0.166731,0.427041,0.245775,0.336445,0.186251,0.957812,0.995461,1.849054,0.087644,0.267787,1.962314,0.372598,1.911951,1.985834,0.349480,0.179420,0.181811,0.168593,0.885680,1.633660,0.724692,1.960064,0.304915,0.214905,0.195379,0.186251,0.216451,0.273742,0.504790,0.164736,0.192628
1.156295,0.687988,0.729883,1.225326,1.355296,1.216474,1.203763,0.000000,0.492500,1.553025,1.205627,1.152691,0.990371,1.484934,1.189425,0.772044,1.089584,1.551811,1.322287,1.139479,1.137884,1.338977,1.196714,1.626059,1.231934,1.394658,0.916749,0.867398,1.440265,1.043785,1.814000,1.189425,1.210487,1.606047,1.129535,0.823215,0.376423,1.230605,1.314548,1.344035,0.843179,0.661403,1.374743,1.162563,1.161035,0.473940,0.851233,0.932484,1.185594,1.136558,1.063136,1.043785,0.851233,1.292766,1.280911,1.308948,1.259910,0.745558,1.301195,0.584447,1.170121,1.552847,0.781038,0.836165,1.231884,1.202935,1.303804,0.585605,1.234584,1.232861,0.916749,1.218118,1.233499,1.134235,0.402891,0.427558,1.297794,1.162711,1.272725,1.574434,1.327952,1.304506,1.594875,1.323810,1.231004,1.266625,1.165174,0.704836,1.291122,0.623821,1.479951,1.372896,1.107159,1.129675,1.134235,1.271765,1.261522,0.934395,1.218816,1.143488
1.435573,0.912669,0.496398,0.901022,1.063878,0.897593,0.873132,0.492500,0.000000,1.731492,0.893601,0.993047,0.843675,1.610885,0.875787,0.497891,0.976478,1.752828,1.008461,0.807234,0.803886,1.040820,0.865570,1.395417,0.911965,1.638858,0.618631,0.585807,1.668057,0.726776,1.757045,0.875787,0.884585,1.756871,0.795753,0.509575,0.398089,1.493833,1.013369,1.043847,0.569802,0.844904,1.077091,0.833719,0.835108,0.452707,0.562548,0.618677,0.882187,1.369462,1.237932,0.726776,0.562548,1.538370,0.977823,0.999456,1.518577,0.495729,0.984080,0.432603,0.843676,1.751247,0.490142,1.105000,0.922626,0.898034,0.985738,0.450000,1.487221,0.905282,0.618631,0.901077,0.921262,0.805877,0.387454,0.378258,1.497705,0.826537,0.960539,1.755655,1.034732,1.551255,1.787702,1.014300,0.905033,0.942384,0.834533,0.532746,1.447421,0.401360,1.702791,1.061716,0.776246,0.801150,0.805877,0.950007,0.956035,0.668856,0.891365,0.811438
0.859382,1.399919,1.851986,1.931154,1.902703,1.932203,1.935808,1.553025,1.731492,0.000000,1.947523,1.654380,1.796417,0.536650,1.938511,1.852288,1.630245,0.533819,1.912055,1.938298,1.936293,1.900972,1.936133,1.747755,1.929848,0.593943,1.918077,1.859321,0.600548,1.939875,1.309693,1.938511,1.928121,0.486952,1.938118,1.827225,1.720963,0.796390,1.928628,1.927709,1.899732,1.431094,1.906879,1.942518,1.950945,1.708365,1.902069,1.912148,1.945645,0.867768,1.369716,1.939875,1.902069,0.759380,1.935659,1.911607,0.741946,1.880607,1.922450,1.756439,1.949801,0.405908,1.855906,1.289014,1.938866,1.945529,1.925267,1.804187,0.712003,1.937126,1.918077,1.936959,1.938093,1.941894,1.720816,1.656853,0.823090,1.938076,1.938473,0.244918,1.930323,0.682637,0.435055,1.896778,1.926752,1.932557,1.935985,1.794414,1.069757,1.824127,0.501289,1.922255,1.943358,1.944488,1.941894,1.928943,1.934223,1.879907,1.936647,1.945988
1.844646,1.395698,0.687729,0.315510,0.441463,0.296336,0.320649,1.205627,0.893601,1.947523,0.000000,1.008362,0.842325,1.815348,0.312430,0.623383,1.088142,1.959625,0.356390,0.292257,0.280516,0.439989,0.281857,0.861566,0.311722,1.947063,0.454806,0.584323,1.933124,0.333103,1.488444,0.312430,0.311896,1.905959,0.293134,0.692999,0.974825,1.854585,0.315600,0.332899,0.547895,1.435059,0.475541,0.280543,0.261055,0.990034,0.509067,0.468197,0.234840,1.777102,1.515887,0.333103,0.509067,1.881258,0.209709,0.402039,1.882892,0.593901,0.311240,0.894711,0.299505,1.963240,0.677207,1.528382,0.312619,0.247196,0.327682,0.817408,1.872918,0.289666,0.454806,0.323865,0.181267,0.281264,0.970733,1.045760,1.811975,0.297716,0.206924,1.957856,0.309803,1.897445,1.981965,0.457050,0.308299,0.305106,0.287561,0.893547,1.677545,0.745813,1.949653,0.390403,0.289466,0.283546,0.281264,0.304821,0.345637,0.597309,0.299699,0.274166
1.544147,1.294665,1.097933,1.014518,1.101715,1.017261,1.029453,1.152691,0.993047,1.654380,1.008362,0.000000,1.280801,1.581183,1.053896,1.047160,0.260678,1.693574,1.021532,1.015517,1.013590,1.153677,1.017798,1.308095,1.049749,1.642045,1.042826,1.050803,1.561450,1.021272,1.640789,1.053896,1.071114,1.661669,1.012384,0.936465,1.119738,1.594076,1.060094,1.059096,1.060019,1.166561,1.164566,1.033354,1.017272,1.212732,1.040670,1.047718,1.061134,1.445787,1.461229,1.021272,1.040670,1.508352,0.989450,1.042189,1.640115,1.040048,0.976176,1.118363,1.028327,1.645806,1.012281,1.561494,1.129068,1.083677,1.025701,1.109904,1.549633,1.031703,1.042826,1.102806,0.961565,1.021082,1.136481,1.201732,1.487368,1.032160,0.998190,1.654056,1.128787,1.623863,1.681076,1.014960,1.035093,1.045228,1.024361,0.921818,1.619423,1.076559,1.640095,1.102881,1.017869,1.026197,1.021082,1.018995,1.146929,1.171177,1.028805,1.016447
1.608788,1.208896,0.504087,0.798742,0.829512,0.796098,0.785886,0.990371,0.843675,1.796417,0.842325,1.280801,0.000000,1.655330,0.725095,0.686964,1.288711,1.830207,0.914815,0.761537,0.797977,0.917726,0.829364,1.067518,0.797106,1.758972,0.613516,0.700275,1.813161,0.675947,1.459971,0.725095,0.751835,1.680883,0.758970,0.606572,0.779560,1.702339,0.836925,0.867251,0.571163,1.226456,0.824828,0.769529,0.776167,0.760574,0.629492,0.609016,0.783909,1.436872,1.282143,0.675947,0.629492,1.779503,0.885137,0.952151,1.557748,0.642320,0.931484,0.685574,0.802523,1.850597,0.758773,1.184531,0.740297,0.787132,0.869300,0.624647,1.616035,0.820327,0.613516,0.784765,0.858470,0.767605,0.679501,0.780211,1.741302,0.764695,0.862783,1.829098,0.871900,1.716830,1.843236,0.816268,0.818087,0.831793,0.784253,0.830867,1.314892,0.573477,1.778066,0.877480,0.770756,0.761040,0.767605,0.846940,0.782114,0.508981,0.813172,0.797834
1.108098,1.386923,1.710219,1.767481,1.725931,1.772414,1.772615,1.484934,1.610885,0.536650,1.815348,1.581183,1.655330,0.000000,1.776514,1.683589,1.617377,0.914631,1.748165,1.782400,1.778529,1.734219,1.778720,1.574173,1.761168,0.977310,1.766029,1.678441,0.975993,1.782695,1.162244,1.776514,1.754752,0.603051,1.782431,1.686036,1.628422,1.074199,1.772782,1.773688,1.756295,1.485028,1.740758,1.786941,1.803699,1.583710,1.750602,1.759289,1.801750,0.905087,1.492743,1.782695,1.750602,1.105145,1.800237,1.750198,0.962911,1.753935,1.770919,1.631094,1.812871,0.834888,1.716280,1.235986,1.783080,1.802541,1.761363,1.682497,0.902153,1.778634,1.766029,1.781524,1.799925,1.786924,1.612379,1.517154,1.161670,1.775223,1.795832,0.742547,1.789035,1.009222,0.854870,1.729843,1.757212,1.771002,1.778483,1.728068,0.983120,1.690295,0.866301,1.764075,1.796273,1.793670,1.786924,1.767966,1.775853,1.705965,1.777239,1.801000
1.846486,1.421564,0.630216,0.137762,0.264888,0.143147,0.145119,1.189425,0.875787,1.938511,0.312430,1.053896,0.725095,1.776514,0.000000,0.529560,1.149007,1.973803,0.302062,0.194639,0.204996,0.392613,0.210648,0.769416,0.190743,1.954196,0.401573,0.461955,1.948102,0.272728,1.413366,0.000000,0.187546,1.862692,0.199707,0.651562,0.956046,1.870668,0.235391,0.258614,0.505828,1.435739,0.302077,0.186657,0.201929,0.928517,0.455355,0.382484,0.255582,1.734907,1.526162,0.272728,0.455355,1.916792,0.374537,0.356592,1.856910,0.575901,0.340207,0.857821,0.231675,1.974105,0.613606,1.501216,0.226640,0.274305,0.250847,0.781015,1.856808,0.202204,0.401573,0.254963,0.352754,0.201607,0.929633,0.977878,1.856638,0.148234,0.277792,1.965102,0.363477,1.911703,1.986451,0.351160,0.205408,0.212869,0.191203,0.878473,1.609525,0.696635,1.954836,0.328017,0.227852,0.207600,0.201607,0.226514,0.275062,0.460005,0.203123,0.219959
1.655538,1.123519,0.343048,0.578059,0.729832,0.575130,0.549483,0.772044,0.497891,1.852288,0.623383,1.047160,0.686964,1.683589,0.529560,0.000000,1.102516,1.892326,0.703644,0.480869,0.479104,0.724863,0.551017,1.121774,0.577566,1.811100,0.292414,0.133508,1.839877,0.393034,1.602833,0.529560,0.558368,1.819455,0.469621,0.512164,0.560690,1.686149,0.699730,0.734807,0.315193,1.160061,0.754086,0.508707,0.520606,0.502094,0.227584,0.308106,0.581793,1.559332,1.385487,0.393034,0.227584,1.756039,0.712733,0.678017,1.701684,0.330347,0.706400,0.539907,0.549398,1.888515,0.386420,1.221044,0.595861,0.603368,0.668489,0.426712,1.656977,0.585968,0.292414,0.580064,0.666775,0.482081,0.530735,0.561026,1.717702,0.498081,0.670937,1.891461,0.741328,1.755066,1.913812,0.711940,0.575061,0.620400,0.507573,0.652463,1.468805,0.330114,1.853143,0.756403,0.460036,0.481236,0.482081,0.635014,0.629692,0.356823,0.573141,0.500497
1.437173,1.222079,1.105042,1.121087,1.223813,1.119452,1.130498,1.089584,0.976478,1.630245,1.088142,0.260678,1.288711,1.617377,1.149007,1.102516,0.000000,1.631504,1.145181,1.104677,1.107630,1.269611,1.118650,1.434710,1.158078,1.552278,1.091431,1.127173,1.479354,1.092862,1.722537,1.149007,1.175997,1.664454,1.100095,0.951154,1.074394,1.505459,1.165931,1.167404,1.087719,1.035386,1.272905,1.124692,1.102916,1.199364,1.083173,1.097658,1.139443,1.386939,1.349020,1.092862,1.083173,1.398640,1.082408,1.165147,1.556876,1.052353,1.089882,1.092382,1.107271,1.595837,1.035764,1.511464,1.216746,1.159900,1.145610,1.092549,1.485538,1.135795,1.091431,1.192205,1.048229,1.109443,1.097716,1.187567,1.370618,1.126984,1.094863,1.604982,1.220129,1.518463,1.625710,1.130056,1.147773,1.155089,1.119663,0.865844,1.627237,1.074048,1.574884,1.218196,1.098450,1.110188,1.109443,1.132253,1.239098,1.224533,1.131310,1.101286
0.724241,1.345859,1.854892,1.977276,1.962185,1.975250,1.977779,1.551811,1.752828,0.533819,1.959625,1.693574,1.830207,0.914631,1.973803,1.892326,1.631504,0.000000,1.971386,1.972852,1.972389,1.955440,1.976751,1.855602,1.978796,0.478723,1.930497,1.912346,0.448503,1.957983,1.446053,1.973803,1.975847,0.774557,1.971718,1.862761,1.703201,0.664435,1.970278,1.968379,1.901748,1.334459,1.968602,1.974551,1.973358,1.716906,1.917162,1.929693,1.960784,0.929683,1.254197,1.957983,1.917162,0.561423,1.959450,1.963437,0.662203,1.880004,1.968661,1.769136,1.969998,0.381785,1.864518,1.246967,1.972232,1.962627,1.975769,1.794240,0.714005,1.977590,1.930497,1.968254,1.959298,1.971839,1.715631,1.696529,0.760575,1.975676,1.967818,0.448539,1.960582,0.575435,0.327235,1.960811,1.976034,1.978180,1.975233,1.748576,1.135618,1.828145,0.400840,1.970386,1.967363,1.970486,1.971839,1.975725,1.970489,1.912438,1.976866,1.970867
1.887885,1.530483,0.830934,0.218456,0.270915,0.244226,0.241942,1.322287,1.008461,1.912055,0.356390,1.021532,0.914815,1.748165,0.302062,0.703644,1.145181,1.971386,0.000000,0.314550,0.295993,0.331893,0.238552,0.638688,0.223422,1.967997,0.598573,0.620353,1.941824,0.450321,1.344947,0.302062,0.260928,1.833065,0.324820,0.797145,1.130455,1.896162,0.253085,0.236226,0.705432,1.545609,0.312196,0.289618,0.314149,1.101595,0.650699,0.567224,0.388763,1.782890,1.598536,0.450321,0.650699,1.931014,0.312969,0.283996,1.907208,0.765287,0.158977,1.022066,0.314989,1.955914,0.772698,1.613874,0.322864,0.390049,0.190348,0.978500,1.888427,0.216044,0.598573,0.330557,0.315225,0.321364,1.112713,1.132386,1.868405,0.283789,0.228371,1.941374,0.373227,1.941095,1.972542,0.313163,0.215838,0.188684,0.278557,1.021803,1.662690,0.889229,1.959786,0.255019,0.352561,0.333627,0.321364,0.205025,0.332610,0.676782,0.230293,0.315027
1.830094,1.390197,0.594144,0.209691,0.392554,0.221416,0.186739,1.139479,0.807234,1.938298,0.292257,1.015517,0.761537,1.782400,0.194639,0.480869,1.104677,1.972852,0.314550,0.000000,0.120680,0.402420,0.151308,0.838995,0.145775,1.940600,0.350285,0.428071,1.937184,0.221617,1.477154,0.194639,0.193153,1.885567,0.020486,0.599370,0.909833,1.850695,0.333536,0.354590,0.458621,1.389497,0.408383,0.079264,0.153895,0.890411,0.398564,0.332972,0.287348,1.736119,1.511952,0.221617,0.398564,1.894487,0.348163,0.338119,1.859000,0.524982,0.320176,0.808019,0.187001,1.971326,0.561313,1.485627,0.260169,0.295694,0.258237,0.739867,1.849219,0.157389,0.350285,0.244622,0.321773,0.065120,0.891132,0.938045,1.822741,0.145527,0.280224,1.961340,0.395297,1.895131,1.989622,0.387058,0.161956,0.196063,0.056018,0.827415,1.629395,0.653090,1.957384,0.352144,0.095783,0.081486,0.065120,0.222439,0.287769,0.465983,0.151604,0.108360
1.831104,1.389973,0.611585,0.204362,0.392744,0.208140,0.176977,1.137884,0.803886,1.936293,0.280516,1.013590,0.797977,1.778529,0.204996,0.479104,1.107630,1.972389,0.295993,0.120680,0.000000,0.385391,0.087653,0.847838,0.171895,1.938998,0.363036,0.420492,1.934399,0.234578,1.484666,0.204996,0.174987,1.886014,0.121792,0.615343,0.914694,1.849767,0.323543,0.341963,0.476011,1.400116,0.415627,0.096120,0.145721,0.885773,0.406632,0.346075,0.270716,1.744696,1.525458,0.234578,0.406632,1.889430,0.354466,0.322449,1.867915,0.529543,0.303413,0.815761,0.175795,1.971215,0.566806,1.489921,0.258900,0.283555,0.253945,0.752251,1.848126,0.143862,0.363036,0.237571,0.320748,0.100730,0.900823,0.938808,1.821731,0.131389,0.269315,1.960407,0.388357,1.897837,1.989147,0.405333,0.173267,0.187308,0.107155,0.847840,1.639759,0.664333,1.960341,0.358159,0.101845,0.104733,0.100730,0.219043,0.285704,0.483204,0.129785,0.079034
1.892707,1.519091,0.849636,0.371234,0.374923,0.388832,0.369848,1.338977,1.040820,1.900972,0.439989,1.153677,0.917726,1.734219,0.392613,0.724863,1.269611,1.955440,0.331893,0.402420,0.385391,0.000000,0.342778,0.691982,0.327581,1.957388,0.624543,0.648665,1.942723,0.500586,1.319845,0.392613,0.337354,1.828930,0.410461,0.847611,1.147941,1.909648,0.401281,0.389629,0.726532,1.564906,0.388777,0.379544,0.394266,1.100823,0.672636,0.615571,0.460798,1.820848,1.650621,0.500586,0.672636,1.934304,0.414343,0.340048,1.923379,0.803353,0.376524,1.045450,0.415487,1.955422,0.814016,1.607723,0.288460,0.438371,0.303774,0.990519,1.877040,0.324352,0.624543,0.259596,0.455943,0.405145,1.124097,1.140430,1.869989,0.373058,0.407946,1.932416,0.396596,1.928492,1.963354,0.420496,0.320114,0.300433,0.371156,1.086252,1.641903,0.908254,1.956471,0.296962,0.429820,0.414926,0.405145,0.323725,0.221363,0.683377,0.338064,0.402802
1.852130,1.439913,0.679495,0.182478,0.348335,0.185748,0.167815,1.196714,0.865570,1.936133,0.281857,1.017798,0.829364,1.778720,0.210648,0.551017,1.118650,1.976751,0.238552,0.151308,0.087653,0.342778,0.000000,0.795733,0.136730,1.950996,0.433841,0.486112,1.940194,0.295304,1.450230,0.210648,0.158717,1.878895,0.159039,0.656551,0.982428,1.872241,0.282901,0.292067,0.545262,1.440181,0.367591,0.114988,0.165523,0.952614,0.480691,0.415512,0.276089,1.763641,1.550979,0.295304,0.480691,1.906096,0.327004,0.285629,1.885916,0.602062,0.252924,0.874435,0.184117,1.973445,0.622483,1.531658,0.242321,0.280963,0.192625,0.821329,1.870198,0.089132,0.433841,0.224313,0.304784,0.141028,0.966771,0.997428,1.837536,0.148885,0.235058,1.960042,0.351306,1.914586,1.988797,0.365528,0.136469,0.125615,0.116583,0.901365,1.656183,0.734729,1.964979,0.302635,0.159981,0.149325,0.141028,0.165329,0.260682,0.542059,0.076658,0.119049
1.901099,1.756128,1.210013,0.735777,0.550774,0.747887,0.764005,1.626059,1.395417,1.747755,0.861566,1.308095,1.067518,1.574173,0.769416,1.121774,1.434710,1.855602,0.638688,0.838995,0.847838,0.691982,0.795733,0.000000,0.727662,1.912260,1.056791,1.024140,1.898806,0.941052,0.919768,0.769416,0.737901,1.586706,0.849949,1.180752,1.496256,1.908705,0.666454,0.641347,1.133364,1.778959,0.568697,0.825563,0.848410,1.418992,1.108585,1.015116,0.854620,1.759708,1.710537,0.941052,1.108585,1.953968,0.803071,0.717154,1.844899,1.217222,0.731960,1.382116,0.851417,1.828410,1.199964,1.680669,0.759726,0.839345,0.672153,1.360432,1.844099,0.756163,1.056791,0.797667,0.830769,0.860315,1.452415,1.416993,1.928749,0.808749,0.750020,1.804192,0.723692,1.927017,1.821390,0.608050,0.726946,0.708693,0.809070,1.390332,1.499351,1.278478,1.846661,0.609942,0.895661,0.870420,0.860315,0.703808,0.756416,1.017165,0.771415,0.868834
1.866799,1.462824,0.694317,0.173184,0.291493,0.197165,0.169264,1.231934,0.911965,1.929848,0.311722,1.049749,0.797106,1.761168,0.190743,0.577566,1.158078,1.978796,0.223422,0.145775,0.171895,0.327581,0.136730,0.727662,0.000000,1.960563,0.454021,0.505610,1.953070,0.311037,1.400498,0.190743,0.130264,1.859702,0.161119,0.684114,1.015086,1.886924,0.265730,0.274655,0.562964,1.472742,0.313697,0.125502,0.196950,0.983349,0.507672,0.433729,0.309359,1.758221,1.565767,0.311037,0.507672,1.928367,0.326932,0.287144,1.882302,0.634154,0.268540,0.901910,0.228733,1.972345,0.663276,1.535292,0.233114,0.308520,0.160554,0.844675,1.872767,0.102119,0.454021,0.230191,0.324660,0.155856,0.992496,1.024180,1.860886,0.169919,0.248587,1.959100,0.342845,1.927250,1.987753,0.324400,0.072584,0.102024,0.106859,0.930006,1.626315,0.759617,1.964763,0.243628,0.203595,0.173503,0.155856,0.146544,0.245285,0.528423,0.110949,0.183704
0.535020,1.208892,1.764149,1.959610,1.974111,1.958888,1.953721,1.394658,1.638858,0.593943,1.947063,1.642045,1.758972,0.977310,1.954196,1.811100,1.552278,0.478723,1.967997,1.940600,1.938998,1.957388,1.950996,1.912260,1.960563,0.000000,1.863663,1.845105,0.411345,1.912044,1.571158,1.954196,1.957399,0.833046,1.938512,1.770415,1.569546,0.525339,1.971390,1.974743,1.824073,1.178409,1.970021,1.944682,1.943448,1.593260,1.839792,1.866802,1.943111,0.817416,1.100386,1.912044,1.839792,0.423400,1.955423,1.958174,0.571746,1.789339,1.960322,1.635600,1.940267,0.471657,1.780879,1.160028,1.957201,1.944551,1.974414,1.679757,0.549890,1.959057,1.863663,1.949096,1.948466,1.938143,1.587259,1.568793,0.577146,1.945708,1.962108,0.486531,1.955707,0.414780,0.456589,1.954086,1.962591,1.965726,1.945974,1.650213,1.155284,1.725283,0.462179,1.973171,1.928978,1.935525,1.938143,1.970649,1.956317,1.849653,1.955489,1.936660
1.719523,1.190855,0.286437,0.465556,0.636001,0.466951,0.427041,0.916749,0.618631,1.918077,0.454806,1.042826,0.613516,1.766029,0.401573,0.292414,1.091431,1.930497,0.598573,0.350285,0.363036,0.624543,0.433841,1.056791,0.454021,1.863663,0.000000,0.319712,1.887944,0.176157,1.582838,0.401573,0.428149,1.879261,0.339905,0.474118,0.644328,1.753170,0.572064,0.607436,0.127381,1.219380,0.643518,0.363208,0.346810,0.639249,0.100138,0.155960,0.431021,1.626614,1.381474,0.176157,0.100138,1.809966,0.544304,0.605493,1.755093,0.265728,0.581940,0.567232,0.391408,1.938555,0.425109,1.313259,0.442780,0.451764,0.557182,0.443970,1.744104,0.455909,0.000000,0.436338,0.499768,0.336409,0.621040,0.727667,1.754289,0.368320,0.530037,1.940305,0.604774,1.804081,1.959759,0.607361,0.467625,0.496383,0.384932,0.646921,1.549592,0.357277,1.903491,0.621848,0.315479,0.327255,0.336409,0.521750,0.480498,0.289361,0.442458,0.357420
1.699698,1.206414,0.423811,0.504709,0.638222,0.503786,0.479674,0.867398,0.585807,1.859321,0.584323,1.050803,0.700275,1.678441,0.461955,0.133508,1.127173,1.912346,0.620353,0.428071,0.420492,0.648665,0.486112,1.024140,0.505610,1.845105,0.319712,0.000000,1.867829,0.367204,1.540181,0.461955,0.484346,1.807799,0.418740,0.556574,0.678120,1.727889,0.626874,0.659653,0.374694,1.242523,0.672197,0.453469,0.469543,0.592058,0.287849,0.303562,0.541687,1.592037,1.435662,0.367204,0.287849,1.799772,0.665060,0.599782,1.736913,0.416398,0.640504,0.628502,0.500431,1.904311,0.429839,1.273833,0.536398,0.562724,0.589808,0.542710,1.687353,0.518035,0.319712,0.523946,0.622544,0.435774,0.641876,0.637493,1.766572,0.434579,0.609498,1.905020,0.683873,1.797742,1.927166,0.623836,0.498518,0.545313,0.447190,0.724685,1.470376,0.434719,1.875298,0.676806,0.420188,0.437670,0.435774,0.559070,0.570824,0.356210,0.507401,0.453801
0.625522,1.309404,1.809117,1.945136,1.954650,1.945096,1.944767,1.440265,1.668057,0.600548,1.933124,1.561450,1.813161,0.975993,1.948102,1.839877,1.479354,0.448503,1.941824,1.937184,1.934399,1.942723,1.940194,1.898806,1.953070,0.411345,1.887944,1.867829,0.000000,1.921031,1.548582,1.948102,1.953643,0.816173,1.935214,1.789406,1.619809,0.626624,1.953756,1.952519,1.857248,1.221245,1.960524,1.940429,1.936448,1.664456,1.866811,1.890687,1.938874,0.859144,1.182697,1.921031,1.866811,0.431493,1.930933,1.937619,0.682031,1.817289,1.928867,1.685321,1.931008,0.468020,1.792867,1.292097,1.954443,1.943382,1.953603,1.730584,0.661977,1.946119,1.887944,1.945329,1.926244,1.934831,1.638325,1.632181,0.604585,1.941751,1.940973,0.484705,1.952581,0.518147,0.451836,1.944483,1.951369,1.951775,1.941593,1.673188,1.259154,1.768128,0.479860,1.960490,1.926770,1.933266,1.934831,1.951902,1.952807,1.892204,1.943445,1.931474
1.783663,1.300763,0.437093,0.328262,0.502729,0.335762,0.289653,1.043785,0.726776,1.939875,0.333103,1.021272,0.675947,1.782695,0.272728,0.393034,1.092862,1.957983,0.450321,0.221617,0.234578,0.500586,0.295304,0.941052,0.311037,1.912044,0.176157,0.367204,1.921031,0.000000,1.522898,0.272728,0.289292,1.889803,0.214229,0.535409,0.789777,1.813576,0.435450,0.464590,0.282961,1.316539,0.518327,0.223198,0.187150,0.778263,0.254732,0.194589,0.328572,1.685530,1.448351,0.000000,0.254732,1.860849,0.410543,0.475128,1.814336,0.390194,0.438227,0.690592,0.256448,1.962156,0.488319,1.410194,0.320229,0.350670,0.409222,0.600801,1.804132,0.310674,0.176157,0.308833,0.370061,0.204669,0.769303,0.852203,1.802360,0.233314,0.389082,1.962215,0.486399,1.858351,1.982314,0.477871,0.325046,0.349354,0.250493,0.738333,1.594174,0.511802,1.935926,0.476746,0.195446,0.196944,0.204669,0.375728,0.357220,0.351171,0.299391,0.226768
1.672702,1.821782,1.644236,1.397355,1.251519,1.402422,1.416252,1.814000,1.757045,1.309693,1.488444,1.640789,1.459971,1.162244,1.413366,1.602833,1.722537,1.446053,1.344947,1.477154,1.484666,1.319845,1.450230,0.919768,1.400498,1.571158,1.582838,1.540181,1.548582,1.522898,0.000000,1.413366,1.404167,1.092657,1.483464,1.649364,1.794711,1.647526,1.333921,1.322198,1.620046,1.852512,1.240131,1.467900,1.475252,1.719249,1.610179,1.561177,1.462109,1.534192,1.675045,1.522898,1.610179,1.685111,1.433404,1.389725,1.523865,1.681968,1.390826,1.715623,1.477888,1.425268,1.621985,1.626938,1.393821,1.457444,1.365387,1.724888,1.531166,1.422144,1.582838,1.424159,1.457113,1.490816,1.756286,1.687133,1.730483,1.446768,1.411926,1.394595,1.372231,1.573508,1.364931,1.286773,1.402518,1.391206,1.461017,1.742746,1.291470,1.690109,1.463423,1.308125,1.516555,1.497785,1.490816,1.388516,1.382905,1.508690,1.429345,1.501213
1.846486,1.421564,0.630216,0.137762,0.264888,0.143147,0.145119,1.189425,0.875787,1.938511,0.312430,1.053896,0.725095,1.776514,0.000000,0.529560,1.149007,1.973803,0.302062,0.194639,0.204996,0.392613,0.210648,0.769416,0.190743,1.954196,0.401573,0.461955,1.948102,0.272728,1.413366,0.000000,0.187546,1.862692,0.199707,0.651562,0.956046,1.870668,0.235391,0.258614,0.505828,1.435739,0.302077,0.186657,0.201929,0.928517,0.455355,0.382484,0.255582,1.734907,1.526162,0.272728,0.455355,1.916792,0.374537,0.356592,1.856910,0.575901,0.340207,0.857821,0.231675,1.974105,0.613606,1.501216,0.226640,0.274305,0.250847,0.781015,1.856808,0.202204,0.401573,0.254963,0.352754,0.201607,0.929633,0.977878,1.856638,0.148234,0.277792,1.965102,0.363477,1.911703,1.986451,0.351160,0.205408,0.212869,0.191203,0.878473,1.609525,0.696635,1.954836,0.328017,0.227852,0.207600,0.201607,0.226514,0.275062,0.460005,0.203123,0.219959
1.856388,1.445629,0.657045,0.193968,0.301678,0.212006,0.177512,1.210487,0.884585,1.928121,0.311896,1.071114,0.751835,1.754752,0.187546,0.558368,1.175997,1.975847,0.260928,0.193153,0.174987,0.337354,0.158717,0.737901,0.130264,1.957399,0.428149,0.484346,1.953643,0.289292,1.404167,0.187546,0.000000,1.851586,0.202910,0.654711,0.989344,1.883805,0.277091,0.292850,0.532784,1.458569,0.319518,0.151791,0.197784,0.948963,0.486204,0.403734,0.295039,1.742844,1.553823,0.289292,0.486204,1.929043,0.348191,0.331050,1.869059,0.605497,0.302930,0.869387,0.235122,1.975420,0.649192,1.508164,0.199305,0.291884,0.201723,0.815518,1.861885,0.137781,0.428149,0.219635,0.337126,0.188038,0.962290,0.990719,1.864034,0.161941,0.277838,1.959498,0.345912,1.924014,1.988108,0.329002,0.136728,0.138834,0.166759,0.918497,1.597184,0.727497,1.961786,0.247726,0.222055,0.194360,0.188038,0.184207,0.226515,0.479789,0.143052,0.203921
1.007920,1.516662,1.817580,1.854827,1.792575,1.857765,1.864098,1.606047,1.756871,0.486952,1.905959,1.661669,1.680883,0.603051,1.862692,1.819455,1.664454,0.774557,1.833065,1.885567,1.886014,1.828930,1.878895,1.586706,1.859702,0.833046,1.879261,1.807799,0.816173,1.889803,1.092657,1.862692,1.851586,0.000000,1.886857,1.792488,1.753448,1.030674,1.845708,1.844996,1.867591,1.529730,1.801868,1.886293,1.896857,1.716805,1.871711,1.865563,1.893035,0.865537,1.420748,1.889803,1.871711,1.030856,1.876367,1.848455,0.821946,1.869516,1.857972,1.753621,1.899194,0.699730,1.840439,1.323720,1.863966,1.894152,1.849375,1.804959,0.809984,1.871924,1.879261,1.876480,1.882335,1.892455,1.725116,1.643391,1.161100,1.875652,1.878436,0.611866,1.868203,0.969624,0.620880,1.793819,1.857201,1.860299,1.880953,1.801355,0.933673,1.805844,0.724288,1.834565,1.900587,1.896216,1.892455,1.857073,1.864119,1.815301,1.872194,1.901202
1.825660,1.381747,0.583743,0.218815,0.402642,0.228861,0.195186,1.129535,0.795753,1.938118,0.293134,1.012384,0.758970,1.782431,0.199707,0.469621,1.100095,1.971718,0.324820,0.020486,0.121792,0.410461,0.159039,0.849949,0.161119,1.938512,0.339905,0.418740,1.935214,0.214229,1.483464,0.199707,0.202910,1.886857,0.000000,0.591696,0.898906,1.846600,0.343007,0.365116,0.448251,1.381731,0.419844,0.088149,0.156661,0.879531,0.387076,0.323298,0.287318,1.733425,1.507162,0.214229,0.387076,1.890917,0.352590,0.344347,1.856758,0.514892,0.327388,0.798619,0.191074,1.970759,0.550115,1.479290,0.265718,0.297478,0.269832,0.728968,1.845360,0.167808,0.339905,0.250370,0.323607,0.069322,0.880254,0.928325,1.819550,0.150696,0.286518,1.961108,0.403402,1.891597,1.989192,0.393792,0.174451,0.207704,0.072449,0.819298,1.628638,0.641781,1.956555,0.365932,0.091778,0.082865,0.069322,0.232370,0.294744,0.460366,0.161195,0.109608
1.608388,1.131070,0.428299,0.686114,0.824494,0.675454,0.671292,0.823215,0.509575,1.827225,0.692999,0.936465,0.606572,1.686036,0.651562,0.512164,0.951154,1.862761,0.797145,0.599370,0.615343,0.847611,0.656551,1.180752,0.684114,1.770415,0.474118,0.556574,1.789406,0.535409,1.649364,0.651562,0.654711,1.792488,0.591696,0.000000,0.619731,1.688952,0.764935,0.794754,0.446318,1.047881,0.840043,0.621420,0.631451,0.681380,0.463394,0.485426,0.658255,1.458252,1.315150,0.535409,0.463394,1.718528,0.752444,0.799403,1.634614,0.445763,0.771938,0.470024,0.655347,1.863383,0.515508,1.276428,0.697420,0.664826,0.751565,0.499633,1.645237,0.679836,0.474118,0.692648,0.702048,0.601916,0.573761,0.661013,1.652029,0.630471,0.733602,1.846154,0.795583,1.716340,1.885019,0.748664,0.686730,0.711584,0.627139,0.566879,1.506820,0.433218,1.809736,0.816740,0.588963,0.597512,0.601916,0.719526,0.735542,0.547647,0.668109,0.618562
1.367021,0.760016,0.453164,1.007193,1.158278,1.001545,0.979319,0.376423,0.398089,1.720963,0.974825,1.119738,0.779560,1.628422,0.956046,0.560690,1.074394,1.703201,1.130455,0.909833,0.914694,1.147941,0.982428,1.496256,1.015086,1.569546,0.644328,0.678120,1.619809,0.789777,1.794711,0.956046,0.989344,1.753448,0.898906,0.619731,0.000000,1.418120,1.101109,1.134748,0.558956,0.779555,1.167730,0.930883,0.927314,0.358678,0.576615,0.684864,0.948172,1.318653,1.123332,0.789777,0.576615,1.484831,1.065243,1.115084,1.435560,0.448673,1.102540,0.402486,0.941632,1.718466,0.603315,0.966695,1.002060,0.966474,1.101228,0.250765,1.428844,1.014855,0.644328,0.991151,1.016372,0.898591,0.162432,0.436004,1.442588,0.931688,1.057561,1.732381,1.111987,1.482309,1.752752,1.136703,1.021352,1.054329,0.942510,0.532544,1.384790,0.347279,1.651520,1.169092,0.870463,0.890825,0.898591,1.066933,1.034214,0.678975,1.000078,0.911140
0.521402,1.051467,1.643534,1.876929,1.918437,1.874807,1.869520,1.230605,1.493833,0.796390,1.854585,1.594076,1.702339,1.074199,1.870668,1.686149,1.505459,0.664435,1.896162,1.850695,1.849767,1.909648,1.872241,1.908705,1.886924,0.525339,1.753170,1.727889,0.626624,1.813576,1.647526,1.870668,1.883805,1.030674,1.846600,1.688952,1.418120,0.000000,1.899663,1.910076,1.709586,1.080574,1.915625,1.857653,1.857083,1.432847,1.723425,1.752359,1.851801,0.849584,0.868387,1.813576,1.723425,0.493808,1.876689,1.883773,0.609531,1.665443,1.881027,1.513250,1.849389,0.659094,1.657794,1.020557,1.886389,1.861913,1.915961,1.551900,0.693836,1.883905,1.753170,1.884315,1.859858,1.847164,1.446545,1.418743,0.632981,1.858609,1.879228,0.737461,1.899772,0.495545,0.728084,1.907902,1.889662,1.896841,1.860190,1.526054,1.194101,1.594212,0.664020,1.924233,1.832169,1.843116,1.847164,1.904895,1.899550,1.745942,1.878395,1.844681
1.884561,1.513354,0.794325,0.200410,0.211088,0.163378,0.249963,1.314548,1.013369,1.928628,0.315600,1.060094,0.836925,1.772782,0.235391,0.699730,1.165931,1.970278,0.253085,0.333536,0.323543,0.401281,0.282901,0.666454,0.265730,1.971390,0.572064,0.626874,1.953756,0.435450,1.333921,0.235391,0.277091,1.845708,0.343007,0.764935,1.101109,1.899663,0.000000,0.078795,0.672413,1.517242,0.257212,0.313191,0.326412,1.086856,0.625424,0.554946,0.256296,1.773794,1.564436,0.435450,0.625424,1.934770,0.346112,0.340990,1.886880,0.730915,0.298187,0.984511,0.338790,1.963992,0.768112,1.582333,0.300824,0.273874,0.234009,0.937247,1.898304,0.265241,0.572064,0.346076,0.341796,0.337332,1.081681,1.116400,1.873335,0.287901,0.225971,1.951181,0.274608,1.934094,1.973879,0.324224,0.268957,0.245461,0.309515,0.989586,1.642065,0.861560,1.956236,0.282274,0.369503,0.346149,0.337332,0.242205,0.339888,0.632757,0.277779,0.339546
1.892666,1.539693,0.830933,0.217701,0.195379,0.196000,0.266208,1.344035,1.043847,1.927709,0.332899,1.059096,0.867251,1.773688,0.258614,0.734807,1.167404,1.968379,0.236226,0.354590,0.341963,0.389629,0.292067,0.641347,0.274655,1.974743,0.607436,0.659653,1.952519,0.464590,1.322198,0.258614,0.292850,1.844996,0.365116,0.794754,1.134748,1.910076,0.078795,0.000000,0.707175,1.539944,0.255191,0.330288,0.340278,1.119617,0.662132,0.586342,0.304296,1.788055,1.586211,0.464590,0.662132,1.938338,0.346200,0.334594,1.899214,0.765121,0.286406,1.020756,0.348485,1.963075,0.794550,1.605497,0.319896,0.309860,0.221378,0.973747,1.906881,0.270753,0.607436,0.354903,0.347558,0.357833,1.116156,1.152131,1.878176,0.309421,0.219245,1.949866,0.284395,1.940334,1.971787,0.322908,0.276174,0.245335,0.326412,1.014727,1.656448,0.897329,1.956134,0.269526,0.389572,0.366121,0.357833,0.235950,0.347737,0.668629,0.284005,0.354877
1.668930,1.123897,0.181577,0.573812,0.734493,0.574188,0.536847,0.843179,0.569802,1.899732,0.547895,1.060019,0.571163,1.756295,0.505828,0.315193,1.087719,1.901748,0.705432,0.458621,0.476011,0.726532,0.545262,1.133364,0.562964,1.824073,0.127381,0.374694,1.857248,0.282961,1.620046,0.505828,0.532784,1.867591,0.448251,0.446318,0.558956,1.709586,0.672413,0.707175,0.000000,1.149123,0.740546,0.472871,0.454266,0.569031,0.142229,0.212577,0.526894,1.575775,1.324761,0.282961,0.142229,1.769917,0.633877,0.710811,1.703689,0.221329,0.684246,0.493656,0.495680,1.914789,0.418648,1.249338,0.543552,0.546543,0.664183,0.349742,1.700179,0.565278,0.127381,0.538962,0.588508,0.446187,0.529931,0.669356,1.716803,0.480212,0.629455,1.919564,0.698860,1.759349,1.937267,0.696294,0.577105,0.605172,0.495099,0.590613,1.515799,0.263867,1.870355,0.721936,0.423113,0.435182,0.446187,0.627796,0.580344,0.300226,0.551233,0.465947
0.951959,0.769740,1.060409,1.456936,1.574452,1.447929,1.440311,0.661403,0.844904,1.431094,1.435059,1.166561,1.226456,1.485028,1.435739,1.160061,1.035386,1.334459,1.545609,1.389497,1.400116,1.564906,1.440181,1.778959,1.472742,1.178409,1.219380,1.242523,1.221245,1.316539,1.852512,1.435739,1.458569,1.529730,1.381731,1.047881,0.779555,1.080574,1.517242,1.539944,1.149123,0.000000,1.574509,1.408060,1.403101,0.926196,1.175242,1.233890,1.406539,0.996297,0.954576,1.316539,1.175242,1.061926,1.486957,1.532491,1.071386,1.081308,1.514352,0.873892,1.405461,1.364983,1.094499,1.007859,1.470768,1.420668,1.518942,0.929058,1.140498,1.461143,1.219380,1.455669,1.451918,1.384202,0.813851,0.874245,1.056917,1.409586,1.490976,1.394201,1.523438,1.086454,1.391605,1.512747,1.473361,1.490740,1.414604,0.790947,1.268581,0.990924,1.265865,1.560381,1.361747,1.377784,1.384202,1.497555,1.493171,1.251969,1.450398,1.388732
1.900738,1.566192,0.850842,0.287628,0.199500,0.300920,0.307211,1.374743,1.077091,1.906879,0.475541,1.164566,0.824828,1.740758,0.302077,0.754086,1.272905,1.968602,0.312196,0.408383,0.415627,0.388777,0.367591,0.568697,0.313697,1.970021,0.643518,0.672197,1.960524,0.518327,1.240131,0.302077,0.319518,1.801868,0.419844,0.840043,1.167730,1.915625,0.257212,0.255191,0.740546,1.574509,0.000000,0.385963,0.413446,1.117044,0.696301,0.622874,0.423162,1.775849,1.595675,0.518327,0.696301,1.965051,0.461767,0.406187,1.881983,0.818028,0.382958,1.043114,0.414513,1.960577,0.821230,1.605310,0.333455,0.416132,0.294058,0.997129,1.900415,0.328246,0.643518,0.375197,0.478757,0.419716,1.135012,1.140728,1.897955,0.345864,0.385858,1.938169,0.379625,1.940808,1.961238,0.341610,0.327414,0.295512,0.382758,1.072760,1.610673,0.922442,1.953593,0.273184,0.455010,0.427166,0.419716,0.316922,0.345051,0.634979,0.341546,0.429013
1.835933,1.406749,0.610949,0.195058,0.375436,0.212954,0.164332,1.162563,0.833719,1.942518,0.280543,1.033354,0.769529,1.786941,0.186657,0.508707,1.124692,1.974551,0.289618,0.079264,0.096120,0.379544,0.114988,0.825563,0.125502,1.944682,0.363208,0.453469,1.940429,0.223198,1.467900,0.186657,0.151791,1.886293,0.088149,0.621420,0.930883,1.857653,0.313191,0.330288,0.472871,1.408060,0.385963,0.000000,0.123864,0.907774,0.417061,0.344429,0.278582,1.744578,1.514878,0.223198,0.417061,1.902042,0.331601,0.335840,1.865919,0.539620,0.294838,0.822098,0.162401,1.975278,0.583955,1.499208,0.234446,0.287514,0.240171,0.758547,1.857635,0.112529,0.363208,0.219792,0.309542,0.054605,0.913547,0.962131,1.830927,0.125953,0.262012,1.964857,0.380366,1.903453,1.992032,0.382267,0.147812,0.158744,0.069710,0.849160,1.634719,0.674191,1.963055,0.323324,0.088057,0.056452,0.054605,0.208569,0.259474,0.472330,0.102858,0.074824
