0.000000,1.072030,1.653887,1.883955,1.905613,1.872294,1.876082,1.186184,1.406730,0.851894,1.856849,1.626642,1.717268,1.115774,1.862586,1.694321,1.510254,0.611264,1.901160,1.850995,1.858454,1.894517,1.876549,1.890688,1.890936,0.535543,1.757192,1.726802,0.624744,1.821803,1.591478,1.862586,1.872282,0.971155,1.846712,1.606079,1.407375,0.278814,1.897621,1.912232,1.720756,1.034188,1.925576,1.862360,1.868049,1.420822,1.722752,1.771771,1.834798,0.629701,0.785143,1.821803,1.722752,0.526467,1.892531,1.912243,0.455792,1.655109,1.897424,1.465688,1.860066,0.658938,1.677912,0.940898,1.853769,1.834863,1.912116,1.545062,0.762456,1.886217,1.757192,1.856492,1.872737,1.851639,1.460779,1.346207,0.699816,1.859507,1.894276,0.745517,1.883224,0.532167,0.661663,1.860410,1.891718,1.898012,1.862621,1.490499,1.136929,1.609358,0.585658,1.905984,1.836818,1.846940,1.851639,1.907787,1.867826,1.762910,1.881579,1.853406
1.072030,0.000000,1.116892,1.408256,1.516312,1.392268,1.385549,0.571320,0.785785,1.495420,1.344352,1.210312,1.380107,1.494090,1.390942,1.114167,1.124313,1.331240,1.443518,1.335959,1.341612,1.473986,1.382034,1.719741,1.422691,1.233886,1.201521,1.183458,1.209118,1.297421,1.870892,1.390942,1.392873,1.541067,1.327965,1.085872,0.723714,1.070557,1.459545,1.487911,1.164484,0.833457,1.553397,1.355263,1.384911,0.902803,1.140052,1.271241,1.318943,1.124309,1.126308,1.297421,1.140052,1.069183,1.425288,1.484597,1.193434,1.005292,1.422883,0.945227,1.380198,1.387460,1.088909,0.728180,1.365882,1.313010,1.464868,0.918723,1.050497,1.406783,1.201521,1.366981,1.383971,1.329380,0.849002,0.868115,1.137837,1.345155,1.425640,1.458345,1.411983,1.232339,1.417750,1.459066,1.421502,1.439122,1.360562,0.978482,1.440865,1.028397,1.284033,1.481353,1.304919,1.323282,1.329380,1.454618,1.398664,1.246496,1.396242,1.334050
1.653887,1.116892,0.000000,0.645386,0.764206,0.637608,0.608339,0.825532,0.669356,1.839034,0.661672,1.208735,0.478462,1.656080,0.569716,0.319627,1.260277,1.857915,0.759716,0.560723,0.576161,0.768006,0.626741,1.144811,0.642740,1.791264,0.260826,0.382729,1.826574,0.407031,1.616319,0.569716,0.579072,1.802475,0.555043,0.517883,0.535194,1.628342,0.719444,0.765319,0.177050,1.173435,0.779679,0.564679,0.562718,0.471979,0.243798,0.288740,0.575735,1.591947,1.334950,0.407031,0.243798,1.761380,0.778548,0.859902,1.682297,0.394225,0.771375,0.504041,0.594939,1.884160,0.328830,1.147938,0.577348,0.577755,0.745187,0.300419,1.618469,0.632264,0.260826,0.608342,0.715142,0.551428,0.383233,0.600242,1.708649,0.564701,0.726916,1.873673,0.724235,1.739527,1.892630,0.760421,0.665735,0.668346,0.588311,0.759391,1.395541,0.133545,1.822020,0.714026,0.535574,0.541441,0.551428,0.715688,0.629184,0.346568,0.617971,0.574771
1.883955,1.408256,0.645386,0.000000,0.259274,0.086189,0.088458,1.213880,0.961280,1.903493,0.307764,1.008763,0.747567,1.705469,0.144913,0.524370,1.145662,1.971698,0.216989,0.214461,0.181331,0.289660,0.164673,0.720416,0.173417,1.951280,0.429440,0.461762,1.952357,0.288179,1.464167,0.144913,0.200462,1.852775,0.221709,0.716656,0.979035,1.860605,0.173222,0.193954,0.511851,1.445121,0.304629,0.186808,0.184313,0.927172,0.487057,0.404114,0.294293,1.818368,1.625777,0.288179,0.487057,1.915884,0.310523,0.310319,1.912949,0.615914,0.266828,0.929891,0.216452,1.984528,0.574174,1.486501,0.229958,0.316328,0.211881,0.812984,1.798769,0.155900,0.429440,0.242701,0.294374,0.214140,0.918346,1.036252,1.862561,0.143715,0.219466,1.956089,0.333160,1.928227,1.983765,0.364868,0.181729,0.160279,0.190416,0.920186,1.529019,0.694758,1.965564,0.282239,0.239841,0.226338,0.214140,0.197060,0.250450,0.447805,0.160996,0.214274
1.905613,1.516312,0.764206,0.259274,0.000000,0.280813,0.312451,1.332976,1.094929,1.843272,0.479986,1.079143,0.737407,1.618513,0.251379,0.661725,1.239990,1.960771,0.314627,0.414340,0.388009,0.290026,0.355333,0.549021,0.301085,1.959574,0.586202,0.575400,1.965060,0.451464,1.319705,0.251379,0.310213,1.771350,0.425496,0.854793,1.127937,1.890299,0.232409,0.203293,0.655358,1.526360,0.240861,0.385526,0.358676,1.035035,0.653324,0.526871,0.471733,1.815868,1.670325,0.451464,0.653324,1.955590,0.435192,0.366627,1.909364,0.797150,0.405078,1.059720,0.400355,1.966827,0.719317,1.530583,0.364367,0.489524,0.273214,0.961555,1.811787,0.322939,0.586202,0.373060,0.449486,0.422789,1.046660,1.127079,1.905742,0.363567,0.353207,1.917098,0.435218,1.940905,1.957686,0.375435,0.296519,0.281554,0.379009,1.041126,1.453248,0.829412,1.965717,0.291691,0.457926,0.436785,0.422789,0.281059,0.349143,0.554306,0.337454,0.430200
1.872294,1.392268,0.637608,0.086189,0.280813,0.000000,0.134620,1.194200,0.943408,1.904922,0.293213,1.006377,0.755929,1.711595,0.162305,0.509774,1.138918,1.968643,0.222612,0.212259,0.182186,0.310058,0.165616,0.746727,0.193204,1.946477,0.422707,0.449000,1.947631,0.288872,1.479388,0.162305,0.223290,1.857328,0.217498,0.705978,0.962895,1.850620,0.148303,0.187155,0.504464,1.431611,0.340836,0.193970,0.196973,0.911014,0.476879,0.401288,0.265988,1.819078,1.615863,0.288872,0.476879,1.906824,0.318091,0.331787,1.910281,0.603460,0.265129,0.915072,0.223240,1.981870,0.566365,1.466547,0.237638,0.299538,0.226357,0.800611,1.796886,0.170303,0.422707,0.248100,0.286341,0.215129,0.904135,1.019194,1.856751,0.163308,0.202770,1.956922,0.332807,1.923094,1.981247,0.369605,0.201624,0.180526,0.191282,0.912302,1.527745,0.682464,1.961742,0.306185,0.233526,0.226524,0.215129,0.214027,0.264743,0.455437,0.173314,0.212386
1.876082,1.385549,0.608339,0.088458,0.312451,0.134620,0.000000,1.190718,0.938642,1.911049,0.306258,1.015550,0.725400,1.718238,0.153006,0.501058,1.143577,1.971361,0.243657,0.187428,0.156978,0.319068,0.151115,0.758166,0.177747,1.945013,0.389179,0.449625,1.946396,0.248905,1.490565,0.153006,0.187875,1.863431,0.193510,0.687472,0.944503,1.850290,0.224221,0.250817,0.471497,1.419057,0.322524,0.155958,0.147085,0.900865,0.446494,0.371590,0.274386,1.813800,1.604459,0.248905,0.446494,1.907900,0.328897,0.340549,1.906649,0.576292,0.279227,0.895007,0.173732,1.985411,0.539790,1.474570,0.220456,0.289329,0.239825,0.772004,1.794773,0.146278,0.389179,0.236911,0.304585,0.180704,0.884601,1.015194,1.848311,0.095488,0.247730,1.958976,0.330619,1.920250,1.987387,0.383484,0.192140,0.167740,0.172464,0.893325,1.530757,0.658484,1.961633,0.290303,0.203562,0.189415,0.180704,0.219384,0.248221,0.411851,0.143701,0.180989
1.186184,0.571320,0.825532,1.213880,1.332976,1.194200,1.190718,0.000000,0.440012,1.580290,1.170084,1.162277,1.138469,1.505768,1.177129,0.827603,1.101772,1.503329,1.273149,1.126350,1.147676,1.294410,1.193892,1.593395,1.230800,1.403758,0.951578,0.906322,1.427948,1.075146,1.838632,1.177129,1.195550,1.609061,1.115741,0.796059,0.380733,1.171621,1.286567,1.323108,0.904738,0.784752,1.379629,1.157343,1.190337,0.554860,0.878379,1.006378,1.125018,1.176380,1.088157,1.075146,0.878379,1.283478,1.262117,1.340139,1.290073,0.739720,1.265672,0.611569,1.189928,1.552942,0.810455,0.713848,1.156833,1.120686,1.294645,0.627634,1.200766,1.217790,0.951578,1.171803,1.207024,1.128575,0.505603,0.437381,1.297623,1.142142,1.253740,1.577678,1.246143,1.365104,1.567385,1.272655,1.232593,1.254067,1.156149,0.829560,1.338626,0.719898,1.434471,1.306961,1.101095,1.123264,1.128575,1.277893,1.202732,1.012599,1.204800,1.142471
1.406730,0.785785,0.669356,0.961280,1.094929,0.943408,0.938642,0.440012,0.000000,1.715582,0.932812,1.028527,1.020608,1.591634,0.924330,0.610946,1.009844,1.687044,1.019866,0.863570,0.887623,1.023640,0.934051,1.406171,0.971352,1.594574,0.736622,0.680873,1.611345,0.844542,1.787709,0.924330,0.939150,1.710723,0.853906,0.491189,0.397716,1.373066,1.045020,1.080516,0.706557,0.841405,1.159144,0.896114,0.950457,0.472949,0.666848,0.787723,0.882046,1.363716,1.187295,0.844542,0.666848,1.493422,1.010526,1.101437,1.491616,0.543875,1.010780,0.447942,0.941696,1.717578,0.613988,0.901019,0.882798,0.871683,1.042614,0.530604,1.403549,0.960078,0.736622,0.894366,0.959794,0.865136,0.486325,0.395223,1.477568,0.892180,1.011816,1.732672,1.002783,1.558538,1.738709,1.014174,0.971835,0.997590,0.892589,0.669675,1.365379,0.578514,1.619328,1.054106,0.838745,0.861194,0.865136,1.025091,0.926227,0.812025,0.948032,0.882244
0.851894,1.495420,1.839034,1.903493,1.843272,1.904922,1.911049,1.580290,1.715582,0.000000,1.928600,1.644085,1.767877,0.548165,1.890378,1.851865,1.614954,0.643756,1.896073,1.918208,1.922963,1.868496,1.920122,1.681133,1.903551,0.687790,1.893459,1.846719,0.782616,1.910918,1.149077,1.890378,1.895395,0.488820,1.918806,1.840483,1.751044,0.926276,1.897732,1.889880,1.877836,1.434566,1.867757,1.923254,1.918305,1.725775,1.888373,1.879056,1.920532,0.787078,1.290613,1.910918,1.888373,0.890479,1.909396,1.894771,0.703144,1.877220,1.917670,1.749321,1.919058,0.621067,1.829391,1.311946,1.903821,1.917987,1.890380,1.819017,0.885922,1.914369,1.893459,1.903072,1.921210,1.925970,1.756464,1.646236,0.869611,1.916896,1.913289,0.285039,1.905803,0.675524,0.541872,1.840764,1.896725,1.904414,1.913686,1.756164,1.090854,1.828934,0.688696,1.874597,1.930213,1.929690,1.925970,1.897874,1.897846,1.880454,1.917823,1.933128
1.856849,1.344352,0.661672,0.307764,0.479986,0.293213,0.306258,1.170084,0.932812,1.928600,0.000000,0.964762,0.832244,1.763774,0.356092,0.544781,1.070586,1.963371,0.313037,0.274298,0.272002,0.407128,0.285610,0.845641,0.322879,1.929575,0.440716,0.518720,1.928375,0.334375,1.558037,0.356092,0.359539,1.896533,0.271360,0.708436,0.926956,1.837004,0.325140,0.364371,0.518085,1.380873,0.498373,0.280124,0.288067,0.923469,0.479611,0.465094,0.219449,1.828745,1.606852,0.334375,0.479611,1.866123,0.222116,0.412139,1.908544,0.555783,0.288300,0.920395,0.311975,1.966622,0.600905,1.470118,0.291898,0.264656,0.347754,0.774240,1.801066,0.288975,0.440716,0.292053,0.167300,0.282072,0.901484,1.038194,1.818501,0.269679,0.248408,1.963330,0.286586,1.908259,1.974332,0.436016,0.325438,0.311700,0.284725,0.847022,1.550153,0.695934,1.933916,0.413804,0.277766,0.279631,0.282072,0.338830,0.316244,0.524646,0.289720,0.265245
1.626642,1.210312,1.208735,1.008763,1.079143,1.006377,1.015550,1.162277,1.028527,1.644085,0.964762,0.000000,1.391883,1.521186,1.057730,1.088941,0.276863,1.682954,0.952584,0.999851,1.021442,1.017307,1.020295,1.167432,1.028842,1.633171,1.104629,1.089452,1.619394,1.081267,1.570883,1.057730,1.056943,1.625546,0.996202,1.049357,1.147135,1.599354,1.031533,1.036993,1.136640,1.257447,1.136433,1.026336,1.061296,1.207577,1.093758,1.137917,0.980994,1.529911,1.568799,1.081267,1.093758,1.523299,0.941304,1.010174,1.665764,1.010340,0.973461,1.205863,1.038346,1.696783,1.039721,1.377203,1.014512,0.984385,1.021208,1.176614,1.476974,1.027946,1.104629,1.003781,0.954242,1.010355,1.222850,1.234205,1.540876,1.006170,0.997996,1.686219,1.002466,1.646247,1.698321,0.904400,1.013412,1.037654,1.004654,1.028203,1.534131,1.181918,1.649414,1.078838,1.011357,1.019528,1.010355,1.025706,1.010222,1.177031,1.028009,1.019165
1.717268,1.380107,0.478462,0.747567,0.737407,0.755929,0.725400,1.138469,1.020608,1.767877,0.832244,1.391883,0.000000,1.562963,0.654673,0.656680,1.466985,1.843960,0.856819,0.734901,0.740689,0.802175,0.757012,1.003242,0.726829,1.797517,0.554588,0.650545,1.862154,0.588535,1.370253,0.654673,0.662447,1.703514,0.738777,0.802110,0.903158,1.696349,0.771177,0.797844,0.523746,1.346578,0.724882,0.711627,0.669734,0.796345,0.599545,0.504343,0.753347,1.612136,1.388223,0.588535,0.599545,1.845379,0.897990,0.942401,1.671432,0.765037,0.896180,0.832068,0.715338,1.860785,0.668792,1.295368,0.702886,0.752637,0.798731,0.690639,1.666326,0.731851,0.554588,0.727896,0.866826,0.726395,0.736822,0.881119,1.778420,0.726238,0.838595,1.821629,0.815640,1.747007,1.856564,0.806706,0.751556,0.737105,0.738322,1.012264,1.301752,0.578203,1.827617,0.719951,0.737653,0.721799,0.726395,0.776144,0.718799,0.517468,0.726614,0.749368
1.115774,1.494090,1.656080,1.705469,1.618513,1.711595,1.718238,1.505768,1.591634,0.548165,1.763774,1.521186,1.562963,0.000000,1.680371,1.659706,1.557576,1.042551,1.715315,1.734715,1.745454,1.661552,1.742437,1.470267,1.706529,1.043876,1.701982,1.643812,1.145570,1.717155,1.000848,1.680371,1.692628,0.619923,1.736645,1.674911,1.635015,1.183331,1.703887,1.695549,1.687805,1.400338,1.660058,1.742605,1.730220,1.582487,1.703853,1.684935,1.743163,0.859454,1.374922,1.717155,1.703853,1.232223,1.744037,1.719778,0.954653,1.720328,1.759348,1.616530,1.739789,1.036825,1.636688,1.291964,1.709336,1.742734,1.690439,1.665516,1.029361,1.729191,1.701982,1.708256,1.760582,1.748035,1.613029,1.505833,1.208134,1.726529,1.742768,0.785872,1.729359,1.013838,0.957143,1.624913,1.698215,1.713809,1.728005,1.600497,0.930261,1.656639,1.072043,1.671428,1.761463,1.756436,1.748035,1.699381,1.697845,1.678522,1.735833,1.766799
1.862586,1.390942,0.569716,0.144913,0.251379,0.162305,0.153006,1.177129,0.924330,1.890378,0.356092,1.057730,0.654673,1.680371,0.000000,0.473175,1.188211,1.967020,0.303362,0.239976,0.217812,0.319930,0.222442,0.743477,0.212955,1.942436,0.369353,0.410752,1.951675,0.241829,1.463130,0.000000,0.182333,1.837839,0.246526,0.669624,0.933865,1.840601,0.222946,0.250041,0.443206,1.407690,0.318790,0.211204,0.197465,0.868010,0.434043,0.337600,0.301696,1.793208,1.586251,0.241829,0.434043,1.915801,0.386648,0.396875,1.887937,0.580476,0.356657,0.878682,0.249541,1.980506,0.522128,1.449182,0.221529,0.313764,0.280411,0.755908,1.794029,0.205382,0.369353,0.245246,0.362475,0.238788,0.857305,0.975509,1.859317,0.173988,0.300949,1.947990,0.348261,1.912968,1.980280,0.379819,0.227835,0.211200,0.225835,0.884549,1.467376,0.628558,1.957193,0.288397,0.261827,0.245836,0.238788,0.261203,0.249157,0.366045,0.205627,0.250933
1.694321,1.114167,0.319627,0.524370,0.661725,0.509774,0.501058,0.827603,0.610946,1.851865,0.544781,1.088941,0.656680,1.659706,0.473175,0.000000,1.168044,1.889272,0.626394,0.433320,0.444860,0.632863,0.499727,1.061067,0.527537,1.834932,0.261704,0.124248,1.850280,0.365768,1.625596,0.473175,0.483590,1.805616,0.424926,0.516576,0.585162,1.680255,0.619005,0.662236,0.282757,1.210144,0.706795,0.457887,0.496521,0.530319,0.210230,0.304281,0.491048,1.633617,1.449224,0.365768,0.210230,1.781753,0.649528,0.718858,1.744528,0.360066,0.638132,0.566179,0.526904,1.906981,0.322897,1.182201,0.464720,0.502655,0.618804,0.430387,1.628595,0.520933,0.261704,0.490934,0.585353,0.436833,0.499900,0.615383,1.746604,0.451372,0.603881,1.894887,0.632418,1.798702,1.914442,0.676254,0.537372,0.558197,0.458525,0.766209,1.428526,0.305878,1.848460,0.626612,0.419240,0.434842,0.436833,0.593906,0.520056,0.372492,0.505749,0.461244
1.510254,1.124313,1.260277,1.145662,1.239990,1.138918,1.143577,1.101772,1.009844,1.614954,1.070586,0.276863,1.466985,1.557576,1.188211,1.168044,0.000000,1.594604,1.096820,1.112043,1.137489,1.167894,1.142742,1.331490,1.163050,1.521749,1.184528,1.187473,1.518240,1.184588,1.657721,1.188211,1.187981,1.629768,1.106291,1.077164,1.120888,1.474398,1.171008,1.182853,1.204274,1.141636,1.283968,1.139725,1.177771,1.209679,1.162663,1.226244,1.079456,1.473506,1.461958,1.184588,1.162663,1.382829,1.068175,1.156924,1.576486,1.047972,1.102102,1.201865,1.146861,1.614576,1.108337,1.311439,1.135406,1.076545,1.168032,1.188158,1.415841,1.154508,1.184528,1.127577,1.070757,1.119712,1.225005,1.230588,1.403517,1.127986,1.126344,1.626399,1.112502,1.532407,1.625994,1.043462,1.151761,1.171719,1.123662,1.012662,1.540381,1.220981,1.544890,1.220178,1.110782,1.123463,1.119712,1.167816,1.139273,1.269480,1.151453,1.123202
0.611264,1.331240,1.857915,1.971698,1.960771,1.968643,1.971361,1.503329,1.687044,0.643756,1.963371,1.682954,1.843960,1.042551,1.967020,1.889272,1.594604,0.000000,1.968698,1.967363,1.966206,1.964966,1.971359,1.870654,1.977126,0.451317,1.924924,1.905718,0.379822,1.955649,1.431253,1.967020,1.971978,0.799018,1.966157,1.837741,1.681383,0.677283,1.972248,1.970083,1.903740,1.346279,1.968356,1.970296,1.971642,1.717733,1.906950,1.927487,1.962765,0.780366,1.152161,1.955649,1.906950,0.520026,1.961889,1.963059,0.563569,1.858107,1.964838,1.734398,1.968197,0.371992,1.872185,1.250005,1.967797,1.960768,1.972881,1.786314,0.780676,1.975510,1.924924,1.966136,1.960206,1.965481,1.718119,1.648921,0.727723,1.966607,1.964917,0.464994,1.969562,0.567180,0.294148,1.948976,1.974350,1.977191,1.969876,1.740533,1.292651,1.830360,0.428236,1.974682,1.959563,1.964006,1.965481,1.974403,1.970369,1.919497,1.975099,1.964416
1.901160,1.443518,0.759716,0.216989,0.314627,0.222612,0.243657,1.273149,1.019866,1.896073,0.313037,0.952584,0.856819,1.715315,0.303362,0.626394,1.096820,1.968698,0.000000,0.280110,0.280529,0.265402,0.242537,0.688744,0.229957,1.957727,0.550155,0.564575,1.947221,0.409541,1.458044,0.303362,0.298443,1.842237,0.287288,0.794910,1.061342,1.882365,0.246602,0.242386,0.628302,1.467510,0.357668,0.284627,0.297798,1.018255,0.602435,0.521186,0.366364,1.838766,1.670676,0.409541,0.602435,1.910001,0.237177,0.267824,1.928423,0.704060,0.154221,1.010406,0.310080,1.971010,0.680297,1.521484,0.285029,0.390069,0.204781,0.912283,1.810246,0.229112,0.550155,0.282706,0.241253,0.306045,1.015591,1.113480,1.864448,0.268446,0.215913,1.947356,0.363698,1.942353,1.974319,0.350096,0.208455,0.211350,0.251471,0.963379,1.544362,0.802852,1.954145,0.304881,0.330056,0.320850,0.306045,0.216815,0.281633,0.592897,0.243384,0.302389
1.850995,1.335959,0.560723,0.214461,0.414340,0.212259,0.187428,1.126350,0.863570,1.918208,0.274298,0.999851,0.734901,1.734715,0.239976,0.433320,1.112043,1.967363,0.280110,0.000000,0.147234,0.354298,0.162409,0.840727,0.156421,1.932367,0.339695,0.399279,1.936046,0.228044,1.543045,0.239976,0.209845,1.874184,0.020243,0.620712,0.875129,1.826593,0.312815,0.347310,0.422759,1.361267,0.430346,0.097465,0.200440,0.846297,0.384612,0.344076,0.255732,1.793767,1.574124,0.228044,0.384612,1.882794,0.321847,0.404550,1.887120,0.508306,0.290187,0.822626,0.230034,1.974766,0.492101,1.418689,0.199902,0.273822,0.267277,0.705308,1.775842,0.159004,0.339695,0.208583,0.282617,0.084054,0.822405,0.953950,1.827396,0.160509,0.286066,1.959900,0.346330,1.906830,1.983084,0.432750,0.171168,0.202103,0.052933,0.842977,1.534283,0.601982,1.936947,0.326658,0.117044,0.105325,0.084054,0.239413,0.237176,0.424715,0.153664,0.141584
1.858454,1.341612,0.576161,0.181331,0.388009,0.182186,0.156978,1.147676,0.887623,1.922963,0.272002,1.021442,0.740689,1.745454,0.217812,0.444860,1.137489,1.966206,0.280529,0.147234,0.000000,0.345052,0.079392,0.821798,0.187249,1.933881,0.347865,0.403074,1.933545,0.226443,1.536002,0.217812,0.176910,1.881110,0.151962,0.664308,0.894790,1.832619,0.279067,0.307262,0.436525,1.391906,0.405408,0.097980,0.176067,0.865580,0.393642,0.347751,0.262873,1.813585,1.589820,0.226443,0.393642,1.886762,0.311824,0.382291,1.902885,0.531234,0.271354,0.842795,0.225003,1.975172,0.515579,1.447146,0.203334,0.285911,0.266842,0.724147,1.783800,0.123939,0.347865,0.208096,0.271458,0.108221,0.840205,0.976941,1.828473,0.135055,0.249231,1.963416,0.349318,1.911017,1.985513,0.446587,0.203409,0.174862,0.139083,0.876094,1.557670,0.616776,1.946660,0.300061,0.107277,0.104607,0.108221,0.242913,0.242685,0.416214,0.104696,0.072349
1.894517,1.473986,0.768006,0.289660,0.290026,0.310058,0.319068,1.294410,1.023640,1.868496,0.407128,1.017307,0.802175,1.661552,0.319930,0.632863,1.167894,1.964966,0.265402,0.354298,0.345052,0.000000,0.309482,0.643382,0.267030,1.954319,0.569827,0.560743,1.951670,0.438659,1.391561,0.319930,0.307529,1.800059,0.364628,0.786548,1.089813,1.872319,0.318626,0.306534,0.644167,1.448430,0.349221,0.344806,0.347620,1.019122,0.625207,0.529428,0.445846,1.809858,1.645552,0.438659,0.625207,1.929896,0.339340,0.370502,1.908323,0.742916,0.321779,1.004292,0.377548,1.962455,0.717676,1.515765,0.273836,0.467120,0.251389,0.934434,1.807617,0.285038,0.569827,0.242377,0.362578,0.372191,1.034950,1.097036,1.883115,0.347406,0.338361,1.929312,0.406563,1.939365,1.961691,0.379876,0.250618,0.253052,0.321724,0.966749,1.477103,0.823076,1.947827,0.257084,0.404030,0.387004,0.372191,0.264035,0.205062,0.594519,0.301740,0.378676
1.876549,1.382034,0.626741,0.164673,0.355333,0.165616,0.151115,1.193892,0.934051,1.920122,0.285610,1.020295,0.757012,1.742437,0.222442,0.499727,1.142742,1.971359,0.242537,0.162409,0.079392,0.309482,0.000000,0.784444,0.154574,1.942947,0.402067,0.453086,1.940964,0.268704,1.506344,0.222442,0.163311,1.877636,0.171111,0.699161,0.948557,1.850644,0.247605,0.266304,0.488658,1.421856,0.360730,0.116783,0.177259,0.914247,0.452485,0.390722,0.281509,1.830345,1.609189,0.268704,0.452485,1.900081,0.295551,0.351236,1.916944,0.588328,0.238161,0.886467,0.221587,1.977319,0.564098,1.477419,0.212509,0.304557,0.214711,0.779023,1.801571,0.080187,0.402067,0.208377,0.268284,0.140383,0.893831,1.021929,1.839866,0.157653,0.224536,1.962129,0.337952,1.921043,1.986762,0.423729,0.167679,0.123931,0.136726,0.915591,1.568061,0.671686,1.952675,0.256709,0.157146,0.146325,0.140383,0.194367,0.233448,0.463137,0.061863,0.113287
1.890688,1.719741,1.144811,0.720416,0.549021,0.746727,0.758166,1.593395,1.406171,1.681133,0.845641,1.167432,1.003242,1.470267,0.743477,1.061067,1.331490,1.870654,0.688744,0.840727,0.821798,0.643382,0.784444,0.000000,0.727920,1.887913,1.005772,0.978037,1.916855,0.890652,1.036115,0.743477,0.744715,1.591290,0.851041,1.206107,1.456440,1.892660,0.669588,0.636517,1.063530,1.659177,0.600590,0.815156,0.788505,1.350548,1.062938,0.938383,0.870051,1.786531,1.742976,0.890652,1.062938,1.940920,0.758480,0.666758,1.858411,1.176656,0.763402,1.386274,0.806107,1.849154,1.115704,1.661178,0.787400,0.884069,0.670775,1.319456,1.777800,0.749427,1.005772,0.784084,0.809550,0.849849,1.390489,1.417072,1.886533,0.810727,0.750575,1.775919,0.784202,1.890180,1.839907,0.658872,0.716120,0.702694,0.807665,1.291169,1.379171,1.210003,1.885777,0.652673,0.882401,0.861027,0.849849,0.691560,0.751992,0.953530,0.765537,0.851364
1.890936,1.422691,0.642740,0.173417,0.301085,0.193204,0.177747,1.230800,0.971352,1.903551,0.322879,1.028842,0.726829,1.706529,0.212955,0.527537,1.163050,1.977126,0.229957,0.156421,0.187249,0.267030,0.154574,0.727920,0.000000,1.954372,0.427991,0.470994,1.956447,0.288426,1.454530,0.212955,0.163374,1.845852,0.173663,0.716361,0.991381,1.868527,0.241994,0.257491,0.510465,1.440672,0.321416,0.139025,0.198460,0.940201,0.488654,0.402968,0.316926,1.817888,1.622346,0.288426,0.488654,1.922495,0.312024,0.353180,1.910564,0.635105,0.274373,0.919528,0.242482,1.979109,0.587195,1.481422,0.212698,0.339066,0.163122,0.813590,1.801608,0.106087,0.427991,0.206278,0.304909,0.169594,0.924586,1.042655,1.866616,0.206285,0.263304,1.954918,0.346393,1.931530,1.984026,0.392154,0.065553,0.104222,0.112782,0.935337,1.529050,0.700397,1.954817,0.224150,0.222495,0.192660,0.169594,0.138294,0.206103,0.474107,0.124003,0.208341
0.535543,1.233886,1.791264,1.951280,1.959574,1.946477,1.945013,1.403758,1.594574,0.687790,1.929575,1.633171,1.797517,1.043876,1.942436,1.834932,1.521749,0.451317,1.957727,1.932367,1.933881,1.954319,1.942947,1.887913,1.954372,0.000000,1.869431,1.862140,0.482914,1.916694,1.464440,1.942436,1.941012,0.865676,1.930150,1.756046,1.586728,0.547449,1.955602,1.960197,1.842374,1.192641,1.965909,1.935600,1.945141,1.626672,1.844600,1.883286,1.914706,0.701857,1.014828,1.916694,1.844600,0.453522,1.945039,1.961470,0.497005,1.789998,1.953072,1.625606,1.938412,0.478396,1.798862,1.162635,1.931755,1.909031,1.962426,1.696162,0.680863,1.949081,1.869431,1.934342,1.938018,1.928444,1.634371,1.565534,0.571419,1.936733,1.949639,0.551017,1.932574,0.325670,0.490771,1.910131,1.954298,1.956167,1.939010,1.641217,1.286713,1.758338,0.445485,1.954235,1.919299,1.925029,1.928444,1.960871,1.939486,1.871680,1.945653,1.927754
1.757192,1.201521,0.260826,0.429440,0.586202,0.422707,0.389179,0.951578,0.736622,1.893459,0.440716,1.104629,0.554588,1.701982,0.369353,0.261704,1.184528,1.924924,0.550155,0.339695,0.347865,0.569827,0.402067,1.005772,0.427991,1.869431,0.000000,0.290617,1.890097,0.176292,1.592873,0.369353,0.370790,1.855939,0.334083,0.522945,0.658202,1.734268,0.509436,0.558616,0.101942,1.251806,0.599720,0.339410,0.338799,0.629369,0.100923,0.171339,0.355829,1.701694,1.456140,0.176292,0.100923,1.828574,0.561233,0.654891,1.794519,0.343112,0.557049,0.627088,0.384212,1.943331,0.312276,1.285630,0.365744,0.367311,0.531778,0.436710,1.704975,0.409399,0.000000,0.394010,0.500294,0.325893,0.565960,0.757335,1.771265,0.340918,0.509852,1.932828,0.510346,1.827661,1.951748,0.586643,0.453117,0.450874,0.368486,0.754587,1.462291,0.315910,1.894228,0.513451,0.311618,0.315711,0.325893,0.501793,0.420245,0.250471,0.394171,0.347711
1.726802,1.183458,0.382729,0.461762,0.575400,0.449000,0.449625,0.906322,0.680873,1.846719,0.518720,1.089452,0.650545,1.643812,0.410752,0.124248,1.187473,1.905718,0.564575,0.399279,0.403074,0.560743,0.453086,0.978037,0.470994,1.862140,0.290617,0.000000,1.876492,0.346374,1.576181,0.410752,0.429611,1.790224,0.393248,0.567179,0.686010,1.714021,0.555180,0.594885,0.331529,1.270348,0.637655,0.420556,0.455318,0.597538,0.274950,0.289680,0.474286,1.657766,1.489358,0.346374,0.274950,1.818577,0.606649,0.654384,1.770585,0.439222,0.590232,0.646675,0.491044,1.922117,0.373977,1.223471,0.414921,0.490869,0.554109,0.535660,1.650826,0.469973,0.290617,0.444335,0.547707,0.408097,0.595058,0.674533,1.783398,0.409543,0.550451,1.899026,0.599048,1.829474,1.923974,0.620294,0.477591,0.499060,0.415390,0.810127,1.416047,0.393029,1.874235,0.565307,0.397864,0.409835,0.408097,0.532152,0.467776,0.364582,0.458053,0.432293
0.624744,1.209118,1.826574,1.952357,1.965060,1.947631,1.946396,1.427948,1.611345,0.782616,1.928375,1.619394,1.862154,1.145570,1.951675,1.850280,1.518240,0.379822,1.947221,1.936046,1.933545,1.951670,1.940964,1.916855,1.956447,0.482914,1.890097,1.876492,0.000000,1.926800,1.533158,1.951675,1.950234,0.897307,1.933695,1.783792,1.610940,0.688388,1.958855,1.958628,1.868621,1.288294,1.965018,1.940765,1.948590,1.678711,1.866176,1.905705,1.926004,0.779615,1.164003,1.926800,1.866176,0.404436,1.933192,1.940387,0.604604,1.804246,1.931788,1.665090,1.942676,0.448696,1.828400,1.249838,1.938733,1.920982,1.956776,1.731653,0.773872,1.950172,1.890097,1.937576,1.929047,1.931747,1.666290,1.600370,0.651325,1.936555,1.939818,0.604909,1.939682,0.557020,0.462784,1.944976,1.955139,1.957141,1.941735,1.697122,1.402248,1.791183,0.488078,1.960991,1.923491,1.929937,1.931747,1.955895,1.944352,1.895763,1.947788,1.929737
1.821803,1.297421,0.407031,0.288179,0.451464,0.288872,0.248905,1.075146,0.844542,1.910918,0.334375,1.081267,0.588535,1.717155,0.241829,0.365768,1.184588,1.955649,0.409541,0.228044,0.226443,0.438659,0.268704,0.890652,0.288426,1.916694,0.176292,0.346374,1.926800,0.000000,1.545629,0.241829,0.238971,1.868401,0.227254,0.593698,0.794798,1.799065,0.367728,0.413144,0.256676,1.336991,0.462225,0.211115,0.175328,0.759397,0.258273,0.196462,0.273716,1.763247,1.527779,0.000000,0.258273,1.876980,0.431963,0.517366,1.853751,0.439602,0.420458,0.755222,0.248275,1.967742,0.411337,1.380372,0.248801,0.298145,0.386650,0.589168,1.759182,0.265846,0.176292,0.275220,0.377907,0.214154,0.713466,0.883745,1.817855,0.211317,0.374159,1.953721,0.407214,1.881426,1.974963,0.490122,0.314690,0.303361,0.246214,0.813276,1.494612,0.469844,1.932218,0.380515,0.215497,0.207139,0.214154,0.358310,0.298726,0.278584,0.253802,0.233095
1.591478,1.870892,1.616319,1.464167,1.319705,1.479388,1.490565,1.838632,1.787709,1.149077,1.558037,1.570883,1.370253,1.000848,1.463130,1.625596,1.657721,1.431253,1.458044,1.543045,1.536002,1.391561,1.506344,1.036115,1.454530,1.464440,1.592873,1.576181,1.533158,1.545629,0.000000,1.463130,1.458870,0.994083,1.551423,1.667932,1.819959,1.605370,1.416464,1.392843,1.605853,1.756467,1.309921,1.525106,1.497750,1.701208,1.632759,1.542589,1.550253,1.436566,1.592533,1.545629,1.632759,1.661179,1.501445,1.436508,1.440204,1.734284,1.508847,1.724445,1.505967,1.381152,1.640076,1.682874,1.492494,1.558680,1.415870,1.734545,1.503369,1.478757,1.592873,1.494242,1.536662,1.548275,1.748485,1.711668,1.655979,1.529685,1.486967,1.271085,1.491978,1.458063,1.329043,1.360767,1.455189,1.445260,1.519997,1.704817,1.228531,1.672839,1.479192,1.379091,1.574136,1.556338,1.548275,1.428423,1.460075,1.544174,1.489702,1.556268
1.862586,1.390942,0.569716,0.144913,0.251379,0.162305,0.153006,1.177129,0.924330,1.890378,0.356092,1.057730,0.654673,1.680371,0.000000,0.473175,1.188211,1.967020,0.303362,0.239976,0.217812,0.319930,0.222442,0.743477,0.212955,1.942436,0.369353,0.410752,1.951675,0.241829,1.463130,0.000000,0.182333,1.837839,0.246526,0.669624,0.933865,1.840601,0.222946,0.250041,0.443206,1.407690,0.318790,0.211204,0.197465,0.868010,0.434043,0.337600,0.301696,1.793208,1.586251,0.241829,0.434043,1.915801,0.386648,0.396875,1.887937,0.580476,0.356657,0.878682,0.249541,1.980506,0.522128,1.449182,0.221529,0.313764,0.280411,0.755908,1.794029,0.205382,0.369353,0.245246,0.362475,0.238788,0.857305,0.975509,1.859317,0.173988,0.300949,1.947990,0.348261,1.912968,1.980280,0.379819,0.227835,0.211200,0.225835,0.884549,1.467376,0.628558,1.957193,0.288397,0.261827,0.245836,0.238788,0.261203,0.249157,0.366045,0.205627,0.250933
1.872282,1.392873,0.579072,0.200462,0.310213,0.223290,0.187875,1.195550,0.939150,1.895395,0.359539,1.056943,0.662447,1.692628,0.182333,0.483590,1.187981,1.971978,0.298443,0.209845,0.176910,0.307529,0.163311,0.744715,0.163374,1.941012,0.370790,0.429611,1.950234,0.238971,1.458870,0.182333,0.000000,1.841930,0.220961,0.683521,0.945999,1.848847,0.278407,0.297671,0.448452,1.415971,0.324243,0.169137,0.191073,0.886286,0.435372,0.346174,0.330063,1.798876,1.593489,0.238971,0.435372,1.918162,0.369484,0.397853,1.893670,0.596257,0.337096,0.868665,0.260002,1.972494,0.544315,1.452868,0.205303,0.346537,0.235575,0.757815,1.788302,0.138797,0.370790,0.213829,0.356043,0.203836,0.870949,0.997477,1.854150,0.197858,0.320744,1.949477,0.374261,1.915297,1.981646,0.403245,0.173904,0.146222,0.189407,0.908859,1.511451,0.640754,1.949819,0.190547,0.234935,0.210604,0.203836,0.216664,0.218258,0.397262,0.135039,0.216097
0.971155,1.541067,1.802475,1.852775,1.771350,1.857328,1.863431,1.609061,1.710723,0.488820,1.896533,1.625546,1.703514,0.619923,1.837839,1.805616,1.629768,0.799018,1.842237,1.874184,1.881110,1.800059,1.877636,1.591290,1.845852,0.865676,1.855939,1.790224,0.897307,1.868401,0.994083,1.837839,1.841930,0.000000,1.876644,1.794618,1.760754,1.035047,1.845323,1.837982,1.843843,1.491559,1.799222,1.878676,1.877749,1.698454,1.854730,1.833868,1.888105,0.763125,1.340440,1.868401,1.854730,1.060652,1.875440,1.836944,0.754513,1.863506,1.877863,1.740150,1.880934,0.742336,1.812856,1.322824,1.848607,1.892067,1.832958,1.806928,0.874953,1.867100,1.855939,1.852025,1.885012,1.883146,1.745921,1.617881,1.170794,1.872789,1.874651,0.603149,1.876894,0.917569,0.653115,1.784288,1.839863,1.853682,1.866929,1.750222,1.049501,1.803268,0.841783,1.820050,1.893838,1.889265,1.883146,1.839124,1.836919,1.820621,1.871684,1.897027
1.846712,1.327965,0.555043,0.221709,0.425496,0.217498,0.193510,1.115741,0.853906,1.918806,0.271360,0.996202,0.738777,1.736645,0.246526,0.424926,1.106291,1.966157,0.287288,0.020243,0.151962,0.364628,0.171111,0.851041,0.173663,1.930150,0.334083,0.393248,1.933695,0.227254,1.551423,0.246526,0.220961,1.876644,0.000000,0.613964,0.864027,1.822245,0.321283,0.356891,0.416862,1.354760,0.440378,0.109538,0.206682,0.837471,0.376339,0.342401,0.252388,1.791531,1.570366,0.227254,0.376339,1.878556,0.325187,0.407844,1.884937,0.496155,0.294531,0.814467,0.234653,1.973961,0.484800,1.413499,0.205791,0.269232,0.280569,0.695877,1.773450,0.172582,0.334083,0.217059,0.283242,0.091173,0.813400,0.945637,1.823210,0.160249,0.290128,1.959641,0.346832,1.904220,1.982376,0.438746,0.187296,0.216406,0.070393,0.835808,1.534877,0.593886,1.934972,0.339691,0.115922,0.109687,0.091173,0.252725,0.246542,0.422459,0.165404,0.144499
1.606079,1.085872,0.517883,0.716656,0.854793,0.705978,0.687472,0.796059,0.491189,1.840483,0.708436,1.049357,0.802110,1.674911,0.669624,0.516576,1.077164,1.837741,0.794910,0.620712,0.664308,0.786548,0.699161,1.206107,0.716361,1.756046,0.522945,0.567179,1.783792,0.593698,1.667932,0.669624,0.683521,1.794618,0.613964,0.000000,0.574840,1.561913,0.793158,0.834972,0.504026,1.000004,0.887431,0.647751,0.687851,0.533179,0.489693,0.573131,0.634548,1.543374,1.249518,0.593698,0.489693,1.699466,0.800744,0.881360,1.654736,0.427281,0.800470,0.481668,0.675156,1.845834,0.515233,1.119657,0.632933,0.621930,0.794512,0.497527,1.602506,0.709845,0.522945,0.648779,0.749983,0.625635,0.574591,0.626974,1.675412,0.648886,0.794338,1.867810,0.743767,1.722397,1.865170,0.752314,0.725281,0.744105,0.651986,0.602205,1.372316,0.501644,1.774448,0.795478,0.612261,0.622188,0.625635,0.774307,0.666320,0.567817,0.701017,0.653153
1.407375,0.723714,0.535194,0.979035,1.127937,0.962895,0.944503,0.380733,0.397716,1.751044,0.926956,1.147135,0.903158,1.635015,0.933865,0.585162,1.120888,1.681383,1.061342,0.875129,0.894790,1.089813,0.948557,1.456440,0.991381,1.586728,0.658202,0.686010,1.610940,0.794798,1.819959,0.933865,0.945999,1.760754,0.864027,0.574840,0.000000,1.384353,1.058061,1.100718,0.604308,0.885428,1.155885,0.899087,0.928114,0.410158,0.580868,0.740661,0.868390,1.386483,1.178640,0.794798,0.580868,1.488791,1.041242,1.134305,1.488326,0.440635,1.046313,0.438659,0.937801,1.721690,0.559948,0.915234,0.913702,0.860198,1.072691,0.283515,1.400154,0.971884,0.658202,0.930627,0.979814,0.869189,0.223611,0.440281,1.468734,0.888650,1.028029,1.751299,1.004357,1.545049,1.741112,1.076608,1.001613,1.015909,0.911377,0.680657,1.416013,0.422014,1.621652,1.077093,0.839004,0.859301,0.869189,1.049312,0.966207,0.730218,0.955325,0.882630
0.278814,1.070557,1.628342,1.860605,1.890299,1.850620,1.850290,1.171621,1.373066,0.926276,1.837004,1.599354,1.696349,1.183331,1.840601,1.680255,1.474398,0.677283,1.882365,1.826593,1.832619,1.872319,1.850644,1.892660,1.868527,0.547449,1.734268,1.714021,0.688388,1.799065,1.605370,1.840601,1.848847,1.035047,1.822245,1.561913,1.384353,0.000000,1.879407,1.893678,1.696096,1.002576,1.905356,1.835198,1.844620,1.385004,1.699297,1.747352,1.814666,0.685460,0.643825,1.799065,1.699297,0.560364,1.875370,1.891041,0.540306,1.625979,1.878796,1.424355,1.833838,0.726171,1.651190,0.921969,1.830926,1.813344,1.894875,1.519419,0.787544,1.861502,1.734268,1.833624,1.853628,1.823811,1.440946,1.328874,0.704510,1.833734,1.873992,0.815298,1.863283,0.569899,0.731074,1.835127,1.870503,1.874996,1.838843,1.460546,1.182615,1.584561,0.637779,1.883679,1.807350,1.817967,1.823811,1.888454,1.842997,1.737968,1.856155,1.824084
1.897621,1.459545,0.719444,0.173222,0.232409,0.148303,0.224221,1.286567,1.045020,1.897732,0.325140,1.031533,0.771177,1.703887,0.222946,0.619005,1.171008,1.972248,0.246602,0.312815,0.279067,0.318626,0.247605,0.669588,0.241994,1.955602,0.509436,0.555180,1.958855,0.367728,1.416464,0.222946,0.278407,1.845323,0.321283,0.793158,1.058061,1.879407,0.000000,0.083433,0.587312,1.484340,0.299281,0.279207,0.253912,0.999756,0.573158,0.485517,0.302826,1.845649,1.646510,0.367728,0.573158,1.928509,0.329757,0.332738,1.926976,0.701982,0.297635,1.008039,0.285260,1.980674,0.663679,1.524219,0.301789,0.337634,0.231296,0.888970,1.824644,0.229895,0.509436,0.302719,0.323277,0.309600,0.996450,1.113991,1.876860,0.266683,0.213408,1.954103,0.311807,1.933497,1.978456,0.350790,0.254156,0.212518,0.286566,0.973053,1.520878,0.775975,1.971221,0.295377,0.334901,0.318185,0.309600,0.230565,0.303665,0.520760,0.240830,0.301872
1.912232,1.487911,0.765319,0.193954,0.203293,0.187155,0.250817,1.323108,1.080516,1.889880,0.364371,1.036993,0.797844,1.695549,0.250041,0.662236,1.182853,1.970083,0.242386,0.347310,0.307262,0.306534,0.266304,0.636517,0.257491,1.960197,0.558616,0.594885,1.958628,0.413144,1.392843,0.250041,0.297671,1.837982,0.356891,0.834972,1.100718,1.893678,0.083433,0.000000,0.636185,1.513001,0.278407,0.311153,0.290080,1.042888,0.622410,0.526851,0.364518,1.854698,1.669465,0.413144,0.622410,1.935297,0.330176,0.310192,1.935847,0.749279,0.292638,1.049061,0.325765,1.977835,0.703039,1.552365,0.327399,0.389749,0.222187,0.935964,1.833713,0.247584,0.558616,0.326358,0.339529,0.343420,1.038560,1.151171,1.883085,0.298657,0.211537,1.947704,0.337924,1.940059,1.975008,0.367431,0.264580,0.219710,0.315564,1.014413,1.536417,0.821287,1.973350,0.290938,0.371444,0.353988,0.343420,0.227057,0.322248,0.565080,0.261460,0.333310
1.720756,1.164484,0.177050,0.511851,0.655358,0.504464,0.471497,0.904738,0.706557,1.877836,0.518085,1.136640,0.523746,1.687805,0.443206,0.282757,1.204274,1.903740,0.628302,0.422759,0.436525,0.644167,0.488658,1.063530,0.510465,1.842374,0.101942,0.331529,1.868621,0.256676,1.605853,0.443206,0.448452,1.843843,0.416862,0.504026,0.604308,1.696096,0.587312,0.636185,0.000000,1.212773,0.666721,0.424982,0.417934,0.575188,0.124963,0.203821,0.430361,1.666081,1.406224,0.256676,0.124963,1.803418,0.639517,0.732683,1.757338,0.337554,0.636597,0.578467,0.456302,1.925539,0.298104,1.240216,0.443653,0.437428,0.614204,0.370218,1.680129,0.494102,0.101942,0.471373,0.578026,0.411222,0.497522,0.707314,1.746205,0.424188,0.591269,1.915514,0.585180,1.794613,1.933837,0.644777,0.535374,0.533706,0.452392,0.727997,1.435592,0.241768,1.871387,0.585843,0.395404,0.400266,0.411222,0.585277,0.495634,0.270280,0.479512,0.432757
1.034188,0.833457,1.173435,1.445121,1.526360,1.431611,1.419057,0.784752,0.841405,1.434566,1.380873,1.257447,1.346578,1.400338,1.407690,1.210144,1.141636,1.346279,1.467510,1.361267,1.391906,1.448430,1.421856,1.659177,1.440672,1.192641,1.251806,1.270348,1.288294,1.336991,1.756467,1.407690,1.415971,1.491559,1.354760,1.000004,0.885428,1.002576,1.484340,1.513001,1.212773,0.000000,1.558258,1.385415,1.408576,0.982543,1.205712,1.295461,1.340804,1.065446,0.871464,1.336991,1.205712,1.133859,1.443588,1.526067,1.116676,1.078647,1.459906,0.929900,1.394281,1.364423,1.169610,0.839288,1.358937,1.329274,1.479950,1.015207,1.190947,1.430011,1.251806,1.358099,1.416046,1.367912,0.989918,0.917581,1.147672,1.386358,1.472798,1.430807,1.403903,1.173029,1.404645,1.394445,1.436491,1.453952,1.386310,0.807022,1.112797,1.117441,1.244039,1.471752,1.347556,1.360450,1.367912,1.472421,1.375938,1.296633,1.424321,1.375982
1.925576,1.553397,0.779679,0.304629,0.240861,0.340836,0.322524,1.379629,1.159144,1.867757,0.498373,1.136433,0.724882,1.660058,0.318790,0.706795,1.283968,1.968356,0.357668,0.430346,0.405408,0.349221,0.360730,0.600590,0.321416,1.965909,0.599720,0.637655,1.965018,0.462225,1.309921,0.318790,0.324243,1.799222,0.440378,0.887431,1.155885,1.905356,0.299281,0.278407,0.666721,1.558258,0.000000,0.399036,0.355219,1.079203,0.669083,0.555036,0.487707,1.847629,1.669951,0.462225,0.669083,1.965441,0.463296,0.372604,1.929485,0.825973,0.416494,1.074443,0.401483,1.969762,0.755801,1.595559,0.410570,0.498480,0.300156,0.971294,1.842892,0.328870,0.599720,0.419587,0.482220,0.434621,1.072476,1.181171,1.908046,0.369964,0.392502,1.929854,0.432457,1.942327,1.963372,0.442155,0.329166,0.290146,0.400685,1.079351,1.504432,0.852062,1.970433,0.272810,0.469892,0.445628,0.434621,0.305953,0.387890,0.559758,0.339231,0.435771
1.862360,1.355263,0.564679,0.186808,0.385526,0.193970,0.155958,1.157343,0.896114,1.923254,0.280124,1.026336,0.711627,1.742605,0.211204,0.457887,1.139725,1.970296,0.284627,0.097465,0.097980,0.344806,0.116783,0.815156,0.139025,1.935600,0.339410,0.420556,1.940765,0.211115,1.525106,0.211204,0.169137,1.878676,0.109538,0.647751,0.899087,1.835198,0.279207,0.311153,0.424982,1.385415,0.399036,0.000000,0.158457,0.867376,0.393596,0.336579,0.255496,1.809670,1.578829,0.211115,0.393596,1.892520,0.322934,0.399708,1.897492,0.533407,0.289943,0.842319,0.203250,1.976924,0.511392,1.442274,0.194638,0.274930,0.256562,0.720094,1.785979,0.107165,0.339410,0.198616,0.288566,0.055543,0.839317,0.981990,1.833093,0.148737,0.269450,1.964455,0.341113,1.910281,1.987771,0.432025,0.168663,0.160265,0.087668,0.868591,1.546005,0.613314,1.945483,0.293709,0.094581,0.062191,0.055543,0.226803,0.227724,0.408876,0.098733,0.089433
