0.000000,0.021137,0.028331,0.034526,0.057660,0.049725,0.063245,0.060484,0.058861,0.055028,0.047405,0.034832,0.036903,0.038458,0.053448,0.042927,0.056343,0.069832,0.043681,0.032980,0.042307,0.041170,0.032528,0.042206,0.048526,0.047765,0.062985,0.065588,0.061760,0.065253,0.072732,0.056503,0.054644,0.052791,0.054542,0.063615,0.061159,0.048502,0.026274,0.025784,0.022298,0.027911,0.033570,0.030255,0.034793,0.032038,0.030537,0.031927,0.032817,0.029968,0.029984,0.031091,0.033493,0.024931,0.027737,0.034892,0.046704,0.058884,0.068992,0.062872,0.064088,0.068519,0.058834,0.055248,0.044686,0.039374,0.041283,0.049628,0.046136,0.038492,0.048707,0.055535,0.055869,0.072160,0.074115,0.090081,0.083944,0.086370,0.060242,0.045674,0.040736,0.035231,0.040956,0.049999,0.051257,0.042352,0.031116,0.024931,0.024931,0.033978,0.059289,0.058832,0.058070,0.056539,0.063815,0.075930,0.075840,0.075471,0.035521,0.035624,0.043223,0.057971,0.067729,0.069717,0.066662,0.069243,0.070878,0.061894
0.021137,0.000000,0.018460,0.036718,0.059853,0.051918,0.065438,0.062677,0.061054,0.057220,0.049597,0.037025,0.039096,0.040651,0.054061,0.045120,0.058536,0.072025,0.045873,0.035173,0.042307,0.041170,0.032528,0.044398,0.050719,0.049958,0.065178,0.067781,0.063952,0.067446,0.074924,0.055781,0.056837,0.054983,0.054246,0.042478,0.040023,0.027365,0.032637,0.034846,0.024421,0.027911,0.042632,0.031114,0.035651,0.041100,0.031396,0.040989,0.033675,0.029968,0.039046,0.031091,0.033493,0.024282,0.029576,0.029510,0.048897,0.061076,0.071185,0.065065,0.066280,0.070712,0.061026,0.057440,0.056059,0.053864,0.062420,0.058690,0.067273,0.059629,0.069844,0.068027,0.062760,0.074353,0.076308,0.092274,0.086137,0.088563,0.062435,0.047866,0.042928,0.037423,0.043149,0.052192,0.053449,0.044545,0.031116,0.023422,0.024067,0.055115,0.080426,0.079969,0.079207,0.077676,0.084951,0.097066,0.096977,0.096608,0.056658,0.043974,0.051389,0.079107,0.088866,0.090854,0.087799,0.090380,0.092014,0.083031
0.028331,0.018460,0.000000,0.027989,0.051124,0.045627,0.056709,0.053948,0.052324,0.048491,0.040868,0.028296,0.030367,0.031922,0.057400,0.036390,0.049807,0.063296,0.037144,0.027878,0.042307,0.041170,0.032528,0.035669,0.041990,0.041229,0.056449,0.059052,0.055223,0.058717,0.066195,0.047051,0.048108,0.046254,0.045517,0.035285,0.032829,0.025462,0.035685,0.037894,0.023182,0.024791,0.045680,0.029840,0.034377,0.044148,0.030121,0.044037,0.032401,0.033103,0.042094,0.037940,0.033493,0.024211,0.025973,0.025026,0.046896,0.052347,0.062456,0.056336,0.057551,0.061983,0.058096,0.048711,0.063252,0.061057,0.069613,0.063521,0.074466,0.066823,0.077038,0.075220,0.069953,0.067550,0.067579,0.083545,0.077408,0.079834,0.053705,0.039137,0.034199,0.028922,0.034419,0.043463,0.044720,0.038050,0.031116,0.024577,0.029947,0.062309,0.087620,0.087162,0.086401,0.084870,0.092145,0.104260,0.104171,0.103802,0.063851,0.051168,0.058583,0.086301,0.096060,0.098048,0.094993,0.097574,0.099208,0.090225
0.034526,0.036718,0.027989,0.000000,0.042435,0.047867,0.028720,0.025958,0.024335,0.020502,0.017994,0.021367,0.026358,0.024959,0.058855,0.025388,0.025388,0.035306,0.024163,0.027878,0.042307,0.041170,0.032528,0.024871,0.027380,0.026488,0.028460,0.031062,0.027234,0.030727,0.038206,0.024552,0.031380,0.030111,0.024795,0.031664,0.029208,0.025462,0.051099,0.049824,0.047591,0.047058,0.045691,0.040393,0.036232,0.034559,0.031977,0.034448,0.034194,0.036724,0.032505,0.041560,0.036073,0.037746,0.031174,0.025364,0.037307,0.037210,0.034466,0.028346,0.029562,0.033994,0.048507,0.048464,0.066873,0.064678,0.073234,0.067142,0.078087,0.070443,0.080659,0.078841,0.073574,0.071171,0.053948,0.058543,0.049418,0.051844,0.037657,0.036158,0.035928,0.032543,0.036489,0.038238,0.025388,0.040291,0.031116,0.030260,0.052077,0.065929,0.091240,0.090783,0.090021,0.088490,0.095766,0.107881,0.107791,0.107422,0.067472,0.070150,0.077749,0.089922,0.099680,0.101668,0.098613,0.101194,0.102829,0.093845
0.057660,0.059853,0.051124,0.042435,0.000000,0.023617,0.043296,0.043143,0.045854,0.047351,0.047519,0.047551,0.048846,0.050080,0.026200,0.051211,0.047572,0.045037,0.047174,0.048746,0.047340,0.046717,0.049296,0.049664,0.048800,0.048273,0.049724,0.053342,0.055827,0.054553,0.051745,0.054920,0.025888,0.027138,0.053605,0.053699,0.054216,0.053038,0.074233,0.072958,0.070725,0.070192,0.068825,0.063527,0.055583,0.043574,0.050533,0.044845,0.052628,0.052631,0.043998,0.056270,0.053369,0.060880,0.054308,0.044488,0.023332,0.026523,0.050010,0.049565,0.050233,0.043450,0.032675,0.060320,0.078729,0.076534,0.085090,0.078998,0.089943,0.082300,0.092515,0.090697,0.085430,0.083027,0.065804,0.070399,0.055740,0.052084,0.049513,0.048014,0.047785,0.044399,0.038326,0.037174,0.041816,0.027815,0.040920,0.053394,0.075212,0.087017,0.103096,0.102639,0.101877,0.100346,0.107622,0.119737,0.119648,0.119278,0.081657,0.093284,0.100883,0.101778,0.111537,0.113525,0.110469,0.113050,0.114685,0.105702
0.049725,0.051918,0.045627,0.047867,0.023617,0.000000,0.048728,0.048576,0.051286,0.052784,0.052951,0.052983,0.054278,0.055512,0.023956,0.056643,0.053004,0.050469,0.052606,0.054179,0.052772,0.052150,0.054729,0.055096,0.054232,0.053705,0.055156,0.058774,0.061259,0.059985,0.057178,0.056472,0.031628,0.031185,0.059037,0.059131,0.059648,0.058470,0.066298,0.065023,0.062790,0.062257,0.060891,0.055592,0.049282,0.035639,0.047977,0.039063,0.046643,0.046879,0.026383,0.049126,0.052337,0.053210,0.052869,0.049920,0.028764,0.029417,0.047698,0.048016,0.047539,0.046783,0.023391,0.041875,0.055112,0.052917,0.061473,0.055381,0.066326,0.058682,0.068898,0.067080,0.061813,0.059409,0.042187,0.046782,0.038441,0.040978,0.041353,0.042249,0.045434,0.046096,0.023800,0.023800,0.047248,0.023316,0.046352,0.045459,0.067277,0.079082,0.079479,0.079022,0.078260,0.076729,0.084005,0.096120,0.096030,0.095661,0.073722,0.085349,0.092948,0.086262,0.087919,0.089907,0.086852,0.089433,0.091068,0.082084
0.063245,0.065438,0.056709,0.028720,0.043296,0.048728,0.000000,0.015227,0.015227,0.015227,0.018251,0.028413,0.026358,0.024787,0.060502,0.031197,0.030204,0.028607,0.030476,0.031804,0.042307,0.044575,0.042453,0.031954,0.028870,0.031326,0.019485,0.019040,0.020264,0.048101,0.052792,0.045884,0.041199,0.040756,0.043923,0.052996,0.050540,0.046721,0.079818,0.078543,0.076311,0.075778,0.074411,0.069112,0.061168,0.049160,0.047492,0.050431,0.034398,0.040379,0.038427,0.057502,0.058954,0.066465,0.059893,0.038126,0.042414,0.042318,0.029718,0.032161,0.026888,0.033680,0.053614,0.027132,0.045541,0.043346,0.051902,0.057256,0.056755,0.049112,0.059327,0.057509,0.052242,0.049839,0.034985,0.037211,0.023965,0.023965,0.023965,0.023965,0.023965,0.028015,0.037350,0.039099,0.023965,0.041152,0.043011,0.058980,0.080797,0.092602,0.069908,0.078226,0.071326,0.067158,0.074434,0.086549,0.086460,0.086090,0.087242,0.098870,0.106469,0.099782,0.078349,0.080337,0.077281,0.079862,0.081497,0.072514
0.060484,0.062677,0.053948,0.025958,0.043143,0.048576,0.015227,0.000000,0.012384,0.011321,0.015061,0.025652,0.026358,0.024601,0.060349,0.034325,0.030311,0.030264,0.030476,0.031804,0.035157,0.041814,0.039692,0.031954,0.028870,0.031326,0.019587,0.018712,0.020246,0.051128,0.055819,0.048911,0.044226,0.043783,0.046950,0.056023,0.053567,0.043960,0.077057,0.075782,0.073549,0.073016,0.071649,0.066351,0.058407,0.046398,0.044731,0.047669,0.034194,0.037618,0.037685,0.054741,0.056193,0.063704,0.057132,0.035365,0.042487,0.042391,0.032745,0.035188,0.029915,0.036707,0.053687,0.026325,0.042514,0.040319,0.048875,0.057329,0.053728,0.046085,0.056300,0.054482,0.049215,0.046812,0.035058,0.034184,0.023578,0.025886,0.023578,0.023578,0.023578,0.025254,0.037198,0.038946,0.022424,0.040999,0.040249,0.056218,0.078035,0.089841,0.066881,0.075465,0.068565,0.064355,0.071407,0.083522,0.083432,0.083063,0.084481,0.096108,0.103707,0.097021,0.075321,0.077309,0.074254,0.076835,0.078470,0.069486
0.058861,0.061054,0.052324,0.024335,0.045854,0.051286,0.015227,0.012384,0.000000,0.007482,0.014028,0.024029,0.026358,0.024601,0.060103,0.034325,0.030311,0.030264,0.030476,0.031804,0.042307,0.041170,0.038069,0.031954,0.028870,0.031326,0.020010,0.019658,0.018855,0.038744,0.043435,0.036527,0.034798,0.033530,0.034566,0.043639,0.041183,0.042337,0.075434,0.074159,0.071926,0.071393,0.070026,0.064728,0.056784,0.044775,0.043108,0.046046,0.034194,0.035995,0.034043,0.053118,0.054569,0.062081,0.055509,0.033742,0.036383,0.036287,0.024114,0.024270,0.023266,0.024324,0.047583,0.036489,0.054898,0.052703,0.061259,0.055167,0.066112,0.058468,0.068684,0.066866,0.061599,0.059196,0.041973,0.046568,0.031908,0.028252,0.025682,0.024270,0.024270,0.024270,0.039908,0.041657,0.021804,0.042871,0.038626,0.054595,0.076412,0.088218,0.079265,0.078808,0.078046,0.076515,0.083791,0.095906,0.095816,0.095447,0.082858,0.094485,0.102084,0.095398,0.087705,0.089693,0.086638,0.089219,0.090854,0.081870
0.055028,0.057220,0.048491,0.020502,0.047351,0.052784,0.015227,0.011321,0.007482,0.000000,0.014028,0.021367,0.026358,0.024601,0.059841,0.034325,0.030311,0.030264,0.030476,0.031804,0.042307,0.041170,0.034236,0.031954,0.028870,0.031326,0.022034,0.019085,0.020532,0.046226,0.050917,0.044008,0.039324,0.038881,0.042048,0.051121,0.048665,0.038504,0.071601,0.070325,0.068093,0.067560,0.066193,0.060895,0.052951,0.040942,0.039274,0.042213,0.034194,0.032162,0.030892,0.049284,0.050736,0.058248,0.051676,0.029909,0.034363,0.034266,0.027843,0.030285,0.025012,0.031805,0.046020,0.029007,0.047416,0.045221,0.053777,0.049205,0.058630,0.050987,0.061202,0.059384,0.054117,0.051714,0.034491,0.039086,0.028916,0.031342,0.024950,0.024950,0.024950,0.024950,0.041406,0.043154,0.020123,0.040851,0.034793,0.050762,0.072579,0.084385,0.071784,0.071326,0.070565,0.069034,0.076309,0.088424,0.088335,0.087966,0.079025,0.090652,0.098251,0.091565,0.080224,0.082212,0.079157,0.081738,0.083372,0.074389
0.047405,0.049597,0.040868,0.017994,0.047519,0.052951,0.018251,0.015061,0.014028,0.014028,0.000000,0.012573,0.015201,0.016287,0.060981,0.034325,0.030311,0.030264,0.030476,0.031804,0.042307,0.040920,0.031684,0.031954,0.028870,0.031326,0.026608,0.023659,0.024254,0.044763,0.049454,0.042546,0.037862,0.037419,0.040585,0.049658,0.047203,0.034545,0.063978,0.062702,0.060470,0.059937,0.058570,0.053272,0.045328,0.035397,0.036273,0.039063,0.034194,0.029968,0.031673,0.041661,0.043113,0.050625,0.044053,0.022286,0.036475,0.036379,0.026380,0.028823,0.024939,0.030343,0.047675,0.030470,0.048879,0.046684,0.055240,0.051317,0.060093,0.052449,0.062664,0.060847,0.055580,0.053176,0.035953,0.042676,0.036540,0.038965,0.024939,0.024939,0.024939,0.024939,0.041573,0.043321,0.019769,0.042963,0.031116,0.043139,0.064956,0.076762,0.073246,0.072789,0.072027,0.070496,0.077771,0.089886,0.089797,0.089428,0.071402,0.083029,0.090628,0.083941,0.081686,0.083674,0.080619,0.083200,0.084834,0.075851
0.034832,0.037025,0.028296,0.021367,0.047551,0.052983,0.028413,0.025652,0.024029,0.021367,0.012573,0.000000,0.012286,0.014055,0.061794,0.029256,0.028262,0.035000,0.028933,0.031191,0.031684,0.032072,0.031684,0.031276,0.028870,0.031326,0.028153,0.030756,0.026928,0.046671,0.051362,0.044454,0.039769,0.039326,0.042493,0.051566,0.049110,0.036453,0.051405,0.050130,0.047897,0.047364,0.045998,0.040699,0.038308,0.035397,0.036273,0.039063,0.034194,0.029968,0.033267,0.031091,0.033493,0.038052,0.031480,0.022843,0.038068,0.037972,0.034160,0.030731,0.029255,0.033687,0.049269,0.028562,0.046971,0.044776,0.053332,0.052911,0.058185,0.050542,0.060757,0.058939,0.053672,0.051269,0.039283,0.055249,0.049112,0.051538,0.025410,0.023959,0.023959,0.023959,0.041605,0.043353,0.021367,0.044556,0.031116,0.030566,0.052384,0.064189,0.071338,0.070881,0.070119,0.068588,0.075864,0.087979,0.087889,0.087520,0.058829,0.070456,0.078055,0.071369,0.079778,0.081766,0.078711,0.081292,0.082927,0.073943
0.036903,0.039096,0.030367,0.026358,0.048846,0.054278,0.026358,0.026358,0.026358,0.026358,0.015201,0.012286,0.000000,0.010759,0.062534,0.026358,0.025942,0.032929,0.021644,0.022622,0.027262,0.025719,0.023598,0.027868,0.026358,0.026358,0.026358,0.028685,0.026358,0.049495,0.054186,0.047278,0.042594,0.042151,0.045317,0.054390,0.051935,0.039277,0.053476,0.052201,0.049968,0.049435,0.048069,0.042770,0.034826,0.035505,0.029813,0.035394,0.032093,0.029968,0.033451,0.031160,0.033493,0.040123,0.033551,0.026358,0.038253,0.038157,0.032089,0.033555,0.028282,0.035075,0.049453,0.026358,0.044147,0.041952,0.050508,0.053095,0.055361,0.047717,0.057932,0.056115,0.050848,0.048444,0.037212,0.053178,0.047041,0.049467,0.026358,0.026358,0.026358,0.026358,0.042900,0.044648,0.026358,0.044741,0.031116,0.032637,0.054455,0.066260,0.068514,0.068057,0.067295,0.065764,0.073039,0.085154,0.085065,0.084696,0.060900,0.072527,0.080126,0.073440,0.076954,0.078942,0.075887,0.078468,0.080102,0.071119
0.038458,0.040651,0.031922,0.024959,0.050080,0.055512,0.024787,0.024601,0.024601,0.024601,0.016287,0.014055,0.010759,0.000000,0.062569,0.026027,0.025033,0.031374,0.025703,0.027962,0.028454,0.029226,0.028937,0.030100,0.028870,0.029663,0.024601,0.027130,0.024601,0.051728,0.056419,0.049511,0.044826,0.044383,0.047550,0.056623,0.054167,0.041509,0.055031,0.053756,0.051523,0.050990,0.049623,0.044325,0.038308,0.035298,0.035152,0.035912,0.034194,0.029968,0.033620,0.032715,0.034166,0.041678,0.035106,0.027900,0.037090,0.036994,0.033345,0.035787,0.030515,0.037307,0.048748,0.024601,0.041914,0.039719,0.048275,0.051932,0.053128,0.045485,0.055700,0.053882,0.048615,0.046212,0.035657,0.051623,0.045486,0.047912,0.024601,0.024601,0.024601,0.024601,0.044134,0.045882,0.024601,0.043578,0.031116,0.034192,0.056009,0.067815,0.066281,0.065824,0.065062,0.063532,0.070807,0.082922,0.082833,0.082464,0.062455,0.074082,0.081681,0.074995,0.074722,0.076710,0.073654,0.076235,0.077870,0.068887
0.053448,0.054061,0.057400,0.058855,0.026200,0.023956,0.060502,0.060349,0.060103,0.059841,0.060981,0.061794,0.062534,0.062569,0.000000,0.062621,0.061607,0.062243,0.064379,0.065952,0.064545,0.063923,0.066502,0.066869,0.066005,0.065479,0.066929,0.067322,0.065560,0.061160,0.059691,0.056470,0.034211,0.033768,0.059255,0.060131,0.060483,0.059698,0.062144,0.060869,0.067980,0.068089,0.056737,0.065430,0.061055,0.031486,0.059750,0.032757,0.059387,0.059390,0.029615,0.063029,0.064110,0.064983,0.064643,0.061694,0.030650,0.031025,0.059471,0.059789,0.059313,0.058556,0.022191,0.053648,0.052529,0.054546,0.058890,0.052798,0.063743,0.056100,0.066315,0.064497,0.059230,0.056827,0.039604,0.047419,0.050215,0.052751,0.053126,0.054023,0.057207,0.057869,0.023956,0.024670,0.056419,0.025892,0.056801,0.056661,0.063123,0.074928,0.076897,0.076439,0.075678,0.074147,0.081422,0.093537,0.093448,0.093079,0.069568,0.081196,0.088795,0.082108,0.085337,0.087325,0.084270,0.086851,0.088485,0.079502
0.042927,0.045120,0.036390,0.025388,0.051211,0.056643,0.031197,0.034325,0.034325,0.034325,0.034325,0.029256,0.026358,0.026027,0.062621,0.000000,0.027444,0.026905,0.022989,0.023973,0.042307,0.041170,0.031391,0.022404,0.016163,0.017974,0.031564,0.031506,0.029908,0.034325,0.036226,0.029318,0.040155,0.038887,0.034325,0.036430,0.034325,0.034325,0.059500,0.058225,0.055992,0.055459,0.054092,0.048794,0.040850,0.036430,0.027174,0.034949,0.027249,0.031958,0.034751,0.037184,0.038635,0.046147,0.039575,0.018226,0.036063,0.035967,0.027812,0.025765,0.021271,0.025593,0.049879,0.043698,0.062107,0.059912,0.068468,0.062376,0.073321,0.065677,0.075893,0.074075,0.068808,0.066404,0.049182,0.053777,0.041017,0.043443,0.034325,0.034325,0.034325,0.034325,0.045265,0.047013,0.034325,0.042888,0.034325,0.038661,0.060478,0.072284,0.086474,0.086017,0.085255,0.083724,0.091000,0.103115,0.103025,0.102656,0.066924,0.078551,0.086150,0.085156,0.094914,0.096902,0.093847,0.096428,0.098063,0.089079
0.056343,0.058536,0.049807,0.025388,0.047572,0.053004,0.030204,0.030311,0.030311,0.030311,0.030311,0.028262,0.025942,0.025033,0.061607,0.027444,0.000000,0.028028,0.028240,0.028920,0.042307,0.041170,0.035551,0.028394,0.027149,0.027744,0.030311,0.030311,0.028600,0.030311,0.031926,0.025017,0.036516,0.035247,0.028704,0.032130,0.030311,0.039819,0.072916,0.071641,0.069408,0.068875,0.067509,0.062210,0.054266,0.042257,0.040590,0.043528,0.031549,0.036258,0.032872,0.050600,0.052052,0.059563,0.052991,0.031224,0.037674,0.037578,0.031035,0.030888,0.030352,0.030642,0.048874,0.047998,0.066407,0.064212,0.072768,0.066676,0.077621,0.069978,0.080193,0.078375,0.073108,0.070705,0.053482,0.058077,0.043418,0.039762,0.037191,0.035692,0.035463,0.032077,0.041626,0.043374,0.030801,0.044162,0.036108,0.052077,0.073895,0.085700,0.090775,0.090317,0.089556,0.088025,0.095300,0.107415,0.107326,0.106957,0.080340,0.091967,0.099566,0.092880,0.099215,0.101203,0.098148,0.100729,0.102363,0.093380
0.069832,0.072025,0.063296,0.035306,0.045037,0.050469,0.028607,0.030264,0.030264,0.030264,0.030264,0.035000,0.032929,0.031374,0.062243,0.026905,0.028028,0.000000,0.026152,0.036852,0.044506,0.051162,0.049040,0.027627,0.021306,0.022067,0.028974,0.028916,0.027004,0.040556,0.045247,0.038339,0.037947,0.038698,0.036378,0.045451,0.042995,0.053308,0.086405,0.085130,0.082897,0.082364,0.080998,0.075699,0.067755,0.055746,0.054079,0.057018,0.040985,0.046966,0.045014,0.064089,0.065541,0.073052,0.066480,0.044713,0.046458,0.046362,0.025222,0.024616,0.019476,0.026135,0.057659,0.034677,0.053086,0.050891,0.059447,0.061301,0.064300,0.056657,0.066872,0.065054,0.059787,0.057384,0.040161,0.044756,0.030264,0.030264,0.030264,0.030264,0.030264,0.034602,0.039092,0.040840,0.030264,0.042893,0.049598,0.065566,0.087384,0.099189,0.077453,0.084813,0.077913,0.074703,0.081979,0.094094,0.094005,0.093635,0.093829,0.105456,0.113055,0.106369,0.085894,0.087882,0.084826,0.087407,0.089042,0.080059
0.043681,0.045873,0.037144,0.024163,0.047174,0.052606,0.030476,0.030476,0.030476,0.030476,0.030476,0.028933,0.021644,0.025703,0.064379,0.022989,0.028240,0.026152,0.000000,0.027293,0.026126,0.025394,0.032528,0.029304,0.022989,0.020945,0.030476,0.030476,0.029270,0.050932,0.055623,0.048715,0.044030,0.043587,0.046754,0.055827,0.053371,0.040714,0.060253,0.058978,0.056746,0.056213,0.054846,0.049547,0.041603,0.043371,0.027927,0.043260,0.022989,0.022989,0.041317,0.037937,0.039389,0.046901,0.040329,0.027104,0.046119,0.046023,0.032549,0.034992,0.029719,0.036512,0.057319,0.028240,0.042710,0.040515,0.049071,0.060961,0.053924,0.046280,0.056496,0.054678,0.049411,0.047008,0.038690,0.046401,0.040264,0.042689,0.030476,0.030476,0.030476,0.030476,0.041228,0.042977,0.030476,0.045030,0.031116,0.039415,0.061232,0.073038,0.067077,0.066620,0.065858,0.064327,0.071603,0.083718,0.083628,0.083259,0.067677,0.079305,0.086904,0.080217,0.075517,0.077505,0.074450,0.077031,0.078666,0.069682
0.032980,0.035173,0.027878,0.027878,0.048746,0.054179,0.031804,0.031804,0.031804,0.031804,0.031804,0.031191,0.022622,0.027962,0.065952,0.023973,0.028920,0.036852,0.027293,0.000000,0.030026,0.028483,0.017022,0.030571,0.027878,0.027878,0.031804,0.032608,0.031529,0.052199,0.056890,0.049982,0.045298,0.044855,0.048021,0.057094,0.054639,0.041981,0.049553,0.048278,0.046045,0.045512,0.050093,0.038847,0.030903,0.048561,0.027878,0.048450,0.027878,0.027878,0.046507,0.027878,0.028688,0.036200,0.029628,0.028371,0.051309,0.051213,0.036012,0.036259,0.031108,0.037779,0.062509,0.028920,0.041443,0.039248,0.047804,0.066151,0.052657,0.046992,0.055228,0.053411,0.048144,0.045740,0.043880,0.057101,0.050964,0.053390,0.031804,0.031804,0.031804,0.031804,0.042801,0.044549,0.031804,0.046602,0.031804,0.031804,0.050531,0.062337,0.065810,0.065353,0.064591,0.063060,0.070336,0.082451,0.082361,0.081992,0.056977,0.068604,0.076203,0.069517,0.074250,0.076238,0.073183,0.075764,0.077399,0.068415
0.042307,0.042307,0.042307,0.042307,0.047340,0.052772,0.042307,0.035157,0.042307,0.042307,0.042307,0.031684,0.027262,0.028454,0.064545,0.042307,0.042307,0.044506,0.026126,0.030026,0.000000,0.010951,0.028862,0.042307,0.042307,0.042307,0.042307,0.042307,0.042307,0.051335,0.056026,0.049118,0.044433,0.043990,0.047157,0.056230,0.053774,0.042307,0.042307,0.042307,0.042307,0.042307,0.047807,0.042307,0.042307,0.046276,0.042307,0.046165,0.042307,0.042307,0.044222,0.042307,0.042307,0.042307,0.042307,0.042307,0.049024,0.048927,0.043665,0.042307,0.042307,0.043193,0.060224,0.042307,0.042307,0.042307,0.048668,0.063866,0.053521,0.045878,0.056093,0.054275,0.049008,0.046833,0.048788,0.064754,0.058618,0.061043,0.042307,0.042307,0.042307,0.042307,0.042307,0.043143,0.042307,0.045196,0.042307,0.042307,0.042878,0.054684,0.066674,0.066217,0.065455,0.063925,0.071200,0.083315,0.083226,0.082857,0.049324,0.060951,0.068550,0.065356,0.075115,0.077103,0.074047,0.076628,0.078263,0.069280
0.041170,0.041170,0.041170,0.041170,0.046717,0.052150,0.044575,0.041814,0.041170,0.041170,0.040920,0.032072,0.025719,0.029226,0.063923,0.041170,0.041170,0.051162,0.025394,0.028483,0.010951,0.000000,0.027319,0.041170,0.041170,0.041170,0.044315,0.046918,0.043089,0.046583,0.054061,0.044267,0.040472,0.041223,0.042306,0.051379,0.048924,0.041170,0.041170,0.041170,0.041170,0.041170,0.047767,0.041170,0.041170,0.046236,0.041170,0.046124,0.041170,0.041170,0.044182,0.041170,0.041170,0.041170,0.041170,0.041170,0.048983,0.048887,0.050322,0.044202,0.045417,0.049849,0.060184,0.041170,0.047158,0.044963,0.053519,0.063826,0.058372,0.050728,0.060943,0.059126,0.053859,0.053490,0.055445,0.071411,0.065274,0.067700,0.041571,0.041170,0.041170,0.041170,0.041170,0.042520,0.041170,0.044573,0.041170,0.041170,0.041170,0.048027,0.071525,0.071068,0.070306,0.068775,0.076050,0.088165,0.088076,0.087707,0.047757,0.054295,0.061894,0.070206,0.079965,0.081953,0.078898,0.081479,0.083113,0.074130
0.032528,0.032528,0.032528,0.032528,0.049296,0.054729,0.042453,0.039692,0.038069,0.034236,0.031684,0.031684,0.023598,0.028937,0.066502,0.031391,0.035551,0.049040,0.032528,0.017022,0.028862,0.027319,0.000000,0.025475,0.032528,0.032528,0.042193,0.044796,0.040968,0.044461,0.051939,0.039107,0.038241,0.038417,0.037146,0.046219,0.043763,0.031106,0.037365,0.037176,0.033857,0.033324,0.044962,0.032528,0.032528,0.043430,0.032528,0.043319,0.032528,0.032528,0.041376,0.032528,0.032528,0.032528,0.032528,0.032528,0.046178,0.046081,0.048200,0.042080,0.043295,0.047727,0.057378,0.034455,0.052318,0.050123,0.058679,0.061020,0.063532,0.055889,0.066104,0.064286,0.059019,0.056616,0.053323,0.069289,0.063152,0.065578,0.039450,0.032528,0.032528,0.032528,0.043351,0.045099,0.032528,0.047152,0.032528,0.032528,0.038344,0.051375,0.076685,0.076228,0.075466,0.073935,0.081211,0.093326,0.093236,0.092867,0.052917,0.056416,0.064015,0.075367,0.085125,0.087113,0.084058,0.086639,0.088274,0.079291
0.042206,0.044398,0.035669,0.024871,0.049664,0.055096,0.031954,0.031954,0.031954,0.031954,0.031954,0.031276,0.027868,0.030100,0.066869,0.022404,0.028394,0.027627,0.029304,0.030571,0.042307,0.041170,0.025475,0.000000,0.011590,0.022570,0.031954,0.031954,0.031614,0.031954,0.031660,0.030061,0.041604,0.042355,0.028978,0.031954,0.031954,0.029651,0.058779,0.057503,0.055271,0.054738,0.053371,0.048073,0.040129,0.047368,0.027943,0.047256,0.037156,0.041865,0.045314,0.046702,0.041214,0.045426,0.038854,0.022404,0.050115,0.050019,0.029832,0.027785,0.023250,0.026314,0.061316,0.053605,0.072014,0.069819,0.078375,0.072283,0.083228,0.075585,0.085800,0.083982,0.078715,0.076312,0.059089,0.063684,0.049025,0.045369,0.042798,0.041299,0.041070,0.037684,0.043718,0.045466,0.031954,0.047520,0.031954,0.037940,0.059757,0.071563,0.096381,0.095924,0.095162,0.093632,0.100907,0.113022,0.112933,0.112563,0.072613,0.077830,0.085429,0.095063,0.104822,0.106810,0.103754,0.106335,0.107970,0.098987
0.048526,0.050719,0.041990,0.027380,0.048800,0.054232,0.028870,0.028870,0.028870,0.028870,0.028870,0.028870,0.026358,0.028870,0.066005,0.016163,0.027149,0.021306,0.022989,0.027878,0.042307,0.041170,0.032528,0.011590,0.000000,0.015021,0.028870,0.028870,0.028870,0.029177,0.033867,0.029804,0.041347,0.042098,0.027149,0.034071,0.031616,0.032002,0.065099,0.063824,0.061592,0.061059,0.059692,0.054393,0.046449,0.047111,0.032773,0.047000,0.029608,0.034317,0.045057,0.042783,0.044235,0.051746,0.045174,0.023407,0.049859,0.049762,0.028870,0.028870,0.025758,0.023426,0.061059,0.046057,0.064466,0.062271,0.070826,0.064734,0.075680,0.068036,0.078251,0.076434,0.071166,0.068763,0.051540,0.056135,0.041476,0.037844,0.035250,0.033750,0.033521,0.030135,0.042854,0.044602,0.028870,0.046656,0.031116,0.044261,0.066078,0.077883,0.088833,0.088376,0.087614,0.086083,0.093358,0.105473,0.105384,0.105015,0.072523,0.084151,0.091750,0.087514,0.097273,0.099261,0.096206,0.098787,0.100421,0.091438
0.047765,0.049958,0.041229,0.026488,0.048273,0.053705,0.031326,0.031326,0.031326,0.031326,0.031326,0.031326,0.026358,0.029663,0.065479,0.017974,0.027744,0.022067,0.020945,0.027878,0.042307,0.041170,0.032528,0.022570,0.015021,0.000000,0.031326,0.031326,0.031326,0.044198,0.048889,0.041981,0.041870,0.042621,0.040020,0.049093,0.046637,0.033979,0.064338,0.063063,0.060830,0.060297,0.058931,0.053632,0.045688,0.047634,0.032012,0.047523,0.019089,0.024899,0.045580,0.042022,0.043474,0.050985,0.044413,0.022646,0.050382,0.050286,0.031326,0.029401,0.025657,0.029777,0.061582,0.031035,0.049444,0.047249,0.055805,0.065224,0.060658,0.053015,0.063230,0.061412,0.056145,0.053742,0.042953,0.042316,0.036179,0.038605,0.031326,0.031326,0.031326,0.031326,0.042327,0.044076,0.031326,0.046129,0.031326,0.043499,0.065317,0.077122,0.073811,0.073354,0.072592,0.071061,0.078337,0.090452,0.090363,0.089993,0.071762,0.083390,0.090989,0.084302,0.082252,0.084240,0.081184,0.083765,0.085400,0.076417
0.062985,0.065178,0.056449,0.028460,0.049724,0.055156,0.019485,0.019587,0.020010,0.022034,0.026608,0.028153,0.026358,0.024601,0.066929,0.031564,0.030311,0.028974,0.030476,0.031804,0.042307,0.044315,0.042193,0.031954,0.028870,0.031326,0.000000,0.013678,0.013592,0.044474,0.049165,0.042256,0.039122,0.039873,0.040295,0.049368,0.046913,0.046461,0.079558,0.078283,0.076051,0.075518,0.074151,0.068852,0.060908,0.048900,0.047232,0.050171,0.034194,0.040119,0.042832,0.057242,0.058694,0.066206,0.059633,0.037866,0.047633,0.047537,0.026261,0.028533,0.025657,0.030053,0.058834,0.030759,0.049168,0.046973,0.055529,0.062475,0.060382,0.052739,0.062954,0.061136,0.055869,0.053466,0.040205,0.040838,0.027807,0.027807,0.027807,0.027807,0.027807,0.027807,0.043778,0.045527,0.027807,0.047580,0.042751,0.058720,0.080537,0.092342,0.073536,0.077966,0.072317,0.070786,0.078061,0.090176,0.090087,0.089718,0.086982,0.098610,0.106209,0.099522,0.081976,0.083964,0.080909,0.083490,0.085124,0.076141
0.065588,0.067781,0.059052,0.031062,0.053342,0.058774,0.019040,0.018712,0.019658,0.019085,0.023659,0.030756,0.028685,0.027130,0.067322,0.031506,0.030311,0.028916,0.030476,0.032608,0.042307,0.046918,0.044796,0.031954,0.028870,0.031326,0.013678,0.000000,0.011386,0.038653,0.043344,0.036436,0.042286,0.041017,0.034475,0.043548,0.041092,0.049064,0.082161,0.080886,0.078653,0.078120,0.076753,0.071455,0.063511,0.051502,0.049835,0.052773,0.036741,0.042722,0.040770,0.059845,0.061297,0.068808,0.062236,0.040469,0.043334,0.043238,0.026261,0.022713,0.025657,0.025681,0.054534,0.036580,0.054989,0.052794,0.061350,0.058176,0.066203,0.058559,0.068775,0.066957,0.061690,0.059286,0.042064,0.046659,0.031999,0.028343,0.025773,0.025033,0.025033,0.030358,0.047396,0.049144,0.025935,0.049822,0.045353,0.061322,0.083140,0.094945,0.079356,0.080569,0.078137,0.076606,0.083882,0.095997,0.095907,0.095538,0.089585,0.101212,0.108811,0.102125,0.087796,0.089784,0.086729,0.089310,0.090945,0.081961
0.061760,0.063952,0.055223,0.027234,0.055827,0.061259,0.020264,0.020246,0.018855,0.020532,0.024254,0.026928,0.026358,0.024601,0.065560,0.029908,0.028600,0.027004,0.029270,0.031529,0.042307,0.043089,0.040968,0.031614,0.028870,0.031326,0.013592,0.011386,0.000000,0.030882,0.035573,0.028664,0.044771,0.043502,0.026703,0.035776,0.033321,0.045236,0.078333,0.077057,0.074825,0.074292,0.072925,0.067627,0.059683,0.047674,0.046006,0.048945,0.034194,0.038894,0.039367,0.056016,0.057468,0.064980,0.058408,0.036641,0.037325,0.037229,0.024550,0.019341,0.023278,0.023941,0.054495,0.044351,0.062760,0.060565,0.069121,0.063029,0.073974,0.066331,0.076546,0.074728,0.069461,0.067058,0.049835,0.054430,0.039771,0.036115,0.033545,0.032045,0.031816,0.028430,0.049881,0.051629,0.024999,0.047504,0.041525,0.057494,0.079311,0.091117,0.087128,0.086671,0.085909,0.084378,0.091653,0.103768,0.103679,0.103310,0.085757,0.097384,0.104983,0.098297,0.095568,0.097556,0.094501,0.097082,0.098716,0.089733
0.065253,0.067446,0.058717,0.030727,0.054553,0.059985,0.048101,0.051128,0.038744,0.046226,0.044763,0.046671,0.049495,0.051728,0.061160,0.034325,0.030311,0.040556,0.050932,0.052199,0.051335,0.046583,0.044461,0.031954,0.029177,0.044198,0.044474,0.038653,0.030882,0.000000,0.017672,0.028070,0.043497,0.042228,0.025976,0.035787,0.034009,0.048729,0.081826,0.080551,0.078318,0.077785,0.076419,0.071120,0.063176,0.056775,0.049571,0.052438,0.058784,0.063493,0.058911,0.068329,0.062842,0.068473,0.061901,0.040134,0.031221,0.030567,0.027312,0.026866,0.027534,0.025136,0.053221,0.075233,0.093642,0.091447,0.100003,0.093911,0.104856,0.097213,0.107428,0.105610,0.100343,0.097940,0.080717,0.085312,0.070653,0.066997,0.064426,0.062927,0.062698,0.059312,0.053239,0.052087,0.046504,0.046230,0.045432,0.060987,0.082805,0.094610,0.118009,0.117552,0.116790,0.115259,0.122535,0.134650,0.134560,0.134191,0.094241,0.100877,0.108476,0.116691,0.126449,0.128438,0.125382,0.127963,0.129598,0.120615
0.072732,0.074924,0.066195,0.038206,0.051745,0.057178,0.052792,0.055819,0.043435,0.050917,0.049454,0.051362,0.054186,0.056419,0.059691,0.036226,0.031926,0.045247,0.055623,0.056890,0.056026,0.054061,0.051939,0.031660,0.033867,0.048889,0.049165,0.043344,0.035573,0.017672,0.000000,0.029045,0.040690,0.039421,0.025143,0.043266,0.041487,0.056207,0.089305,0.088029,0.085797,0.085264,0.083897,0.078598,0.070655,0.061466,0.056978,0.059917,0.063475,0.068184,0.063602,0.073020,0.068440,0.075952,0.069380,0.047613,0.029667,0.029571,0.027444,0.026999,0.027667,0.025097,0.052279,0.079924,0.098333,0.096138,0.104694,0.098602,0.109547,0.101903,0.112119,0.110301,0.105034,0.102631,0.085408,0.090003,0.075343,0.071688,0.069117,0.067618,0.067388,0.064003,0.057930,0.056778,0.051195,0.047418,0.052497,0.068466,0.090283,0.102089,0.122700,0.122243,0.121481,0.119950,0.127226,0.139341,0.139251,0.138882,0.098932,0.108356,0.115955,0.121382,0.131140,0.133128,0.130073,0.132654,0.134289,0.125305
0.056503,0.055781,0.047051,0.024552,0.054920,0.056472,0.045884,0.048911,0.036527,0.044008,0.042546,0.044454,0.047278,0.049511,0.056470,0.029318,0.025017,0.038339,0.048715,0.049982,0.049118,0.044267,0.039107,0.030061,0.029804,0.041981,0.042256,0.036436,0.028664,0.028070,0.029045,0.000000,0.043865,0.042596,0.014218,0.029782,0.029757,0.037064,0.070161,0.068886,0.066653,0.066120,0.064753,0.059455,0.056745,0.054558,0.047354,0.049424,0.056567,0.061276,0.056694,0.066112,0.060625,0.056808,0.050236,0.030359,0.031588,0.030935,0.037057,0.036611,0.037279,0.030642,0.051809,0.073016,0.091425,0.089230,0.097786,0.091694,0.102639,0.094995,0.105211,0.103393,0.098126,0.095722,0.078500,0.083095,0.068435,0.064779,0.062209,0.060710,0.060480,0.057095,0.051022,0.050723,0.044286,0.046597,0.043215,0.049322,0.071139,0.090481,0.115792,0.115335,0.114573,0.113042,0.120318,0.132433,0.132343,0.131974,0.092024,0.089212,0.096811,0.114474,0.124232,0.126220,0.123165,0.125746,0.127381,0.118397
0.054644,0.056837,0.048108,0.031380,0.025888,0.031628,0.041199,0.044226,0.034798,0.039324,0.037862,0.039769,0.042594,0.044826,0.034211,0.040155,0.036516,0.037947,0.044030,0.045298,0.044433,0.040472,0.038241,0.041604,0.041347,0.041870,0.039122,0.042286,0.044771,0.043497,0.040690,0.043865,0.000000,0.018125,0.042549,0.042643,0.043160,0.041983,0.071217,0.069942,0.067710,0.067177,0.065810,0.060511,0.052567,0.049873,0.049122,0.044739,0.051882,0.056591,0.052009,0.061428,0.055941,0.057865,0.051292,0.041394,0.024462,0.026523,0.048599,0.048154,0.048822,0.042039,0.040686,0.068331,0.086740,0.084545,0.093101,0.087009,0.097954,0.090311,0.100526,0.098708,0.093441,0.091038,0.073815,0.078410,0.063751,0.060095,0.057524,0.056025,0.055796,0.052410,0.046337,0.045185,0.039602,0.035826,0.038531,0.050379,0.072196,0.085797,0.111107,0.110650,0.109888,0.108358,0.115633,0.127748,0.127659,0.127290,0.087339,0.090269,0.097868,0.109789,0.119548,0.121536,0.118480,0.121061,0.122696,0.113713
0.052791,0.054983,0.046254,0.030111,0.027138,0.031185,0.040756,0.043783,0.033530,0.038881,0.037419,0.039326,0.042151,0.044383,0.033768,0.038887,0.035247,0.038698,0.043587,0.044855,0.043990,0.041223,0.038417,0.042355,0.042098,0.042621,0.039873,0.041017,0.043502,0.042228,0.039421,0.042596,0.018125,0.000000,0.041281,0.041375,0.041892,0.040714,0.069364,0.068088,0.065856,0.065323,0.063956,0.058658,0.051617,0.049430,0.049873,0.044296,0.051967,0.056148,0.051566,0.060985,0.055498,0.056011,0.049439,0.042145,0.022588,0.021480,0.049350,0.048905,0.049573,0.042790,0.040243,0.067888,0.086297,0.084102,0.092658,0.086566,0.097511,0.089868,0.100083,0.098265,0.092998,0.090595,0.073372,0.077967,0.063308,0.059652,0.057081,0.055582,0.055353,0.051967,0.045894,0.044742,0.039159,0.035383,0.038088,0.048525,0.070342,0.085354,0.110664,0.110207,0.109445,0.107915,0.115190,0.127305,0.127216,0.126847,0.086896,0.088415,0.096014,0.109346,0.119105,0.121093,0.118037,0.120618,0.122253,0.113270
0.054542,0.054246,0.045517,0.024795,0.053605,0.059037,0.043923,0.046950,0.034566,0.042048,0.040585,0.042493,0.045317,0.047550,0.059255,0.034325,0.028704,0.036378,0.046754,0.048021,0.047157,0.042306,0.037146,0.028978,0.027149,0.040020,0.040295,0.034475,0.026703,0.025976,0.025143,0.014218,0.042549,0.041281,0.000000,0.025680,0.025086,0.035529,0.068627,0.067351,0.065119,0.064586,0.063219,0.057920,0.054784,0.052597,0.045393,0.047463,0.054606,0.059315,0.054733,0.064151,0.058664,0.055274,0.048702,0.030359,0.030273,0.029620,0.031035,0.030888,0.030398,0.028838,0.052273,0.071055,0.089464,0.087269,0.095825,0.089733,0.100678,0.093034,0.103250,0.101432,0.096165,0.093762,0.076539,0.081134,0.066474,0.062819,0.060248,0.058749,0.058519,0.055134,0.049061,0.049408,0.042325,0.045282,0.041254,0.047788,0.069605,0.088520,0.113831,0.113374,0.112612,0.111081,0.118357,0.130472,0.130382,0.130013,0.090063,0.087678,0.095277,0.112513,0.122271,0.124259,0.121204,0.123785,0.125420,0.116436
0.063615,0.042478,0.035285,0.031664,0.053699,0.059131,0.052996,0.056023,0.043639,0.051121,0.049658,0.051566,0.054390,0.056623,0.060131,0.036430,0.032130,0.045451,0.055827,0.057094,0.056230,0.051379,0.046219,0.031954,0.034071,0.049093,0.049368,0.043548,0.035776,0.035787,0.043266,0.029782,0.042643,0.041375,0.025680,0.000000,0.012741,0.016379,0.046039,0.045255,0.053759,0.055785,0.059764,0.060016,0.063857,0.061670,0.054466,0.056536,0.063679,0.068388,0.063806,0.073224,0.067737,0.051376,0.035878,0.028723,0.030367,0.029714,0.039526,0.033406,0.034622,0.039054,0.052483,0.080128,0.098537,0.096342,0.104898,0.098806,0.109751,0.102107,0.112323,0.110505,0.105238,0.102834,0.085612,0.090207,0.075547,0.071891,0.069321,0.067822,0.067592,0.064207,0.058134,0.056982,0.051398,0.047622,0.050327,0.045808,0.065231,0.097593,0.122904,0.122447,0.121685,0.120154,0.127430,0.139545,0.139455,0.139086,0.099136,0.086453,0.093868,0.121586,0.131344,0.133332,0.130277,0.132858,0.134493,0.125509
0.061159,0.040023,0.032829,0.029208,0.054216,0.059648,0.050540,0.053567,0.041183,0.048665,0.047203,0.049110,0.051935,0.054167,0.060483,0.034325,0.030311,0.042995,0.053371,0.054639,0.053774,0.048924,0.043763,0.031954,0.031616,0.046637,0.046913,0.041092,0.033321,0.034009,0.041487,0.029757,0.043160,0.041892,0.025086,0.012741,0.000000,0.016237,0.047817,0.046542,0.051303,0.053330,0.057308,0.057560,0.061401,0.059214,0.052010,0.054080,0.061223,0.065932,0.061350,0.070769,0.065282,0.048920,0.033422,0.026268,0.030884,0.030231,0.037748,0.031628,0.032843,0.037275,0.052884,0.077672,0.096081,0.093886,0.102442,0.096350,0.107295,0.099652,0.109867,0.108049,0.102782,0.100379,0.083156,0.087751,0.073092,0.069436,0.066865,0.065366,0.065137,0.061751,0.055678,0.054526,0.048943,0.045893,0.047872,0.043352,0.062776,0.095138,0.120448,0.119991,0.119229,0.117699,0.124974,0.137089,0.137000,0.136631,0.096680,0.083997,0.091412,0.119130,0.128889,0.130877,0.127821,0.130402,0.132037,0.123054
0.048502,0.027365,0.025462,0.025462,0.053038,0.058470,0.046721,0.043960,0.042337,0.038504,0.034545,0.036453,0.039277,0.041509,0.059698,0.034325,0.039819,0.053308,0.040714,0.041981,0.042307,0.041170,0.031106,0.029651,0.032002,0.033979,0.046461,0.049064,0.045236,0.048729,0.056207,0.037064,0.041983,0.040714,0.035529,0.016379,0.016237,0.000000,0.040689,0.040842,0.038646,0.040672,0.044651,0.044903,0.048743,0.046556,0.039353,0.041422,0.048566,0.053275,0.048692,0.058111,0.052624,0.036263,0.025973,0.021517,0.030670,0.042359,0.052468,0.046348,0.047563,0.051995,0.051707,0.065015,0.083424,0.081229,0.089785,0.083692,0.094638,0.086994,0.097209,0.095392,0.090124,0.087721,0.070498,0.075094,0.067420,0.069846,0.054208,0.052709,0.052479,0.049093,0.047093,0.048841,0.036285,0.044715,0.035214,0.030695,0.050118,0.082480,0.107791,0.107334,0.106572,0.105041,0.112316,0.124431,0.124342,0.123973,0.084023,0.071339,0.078754,0.106472,0.116231,0.118219,0.115164,0.117745,0.119379,0.110396
0.026274,0.032637,0.035685,0.051099,0.074233,0.066298,0.079818,0.077057,0.075434,0.071601,0.063978,0.051405,0.053476,0.055031,0.062144,0.059500,0.072916,0.086405,0.060253,0.049553,0.042307,0.041170,0.037365,0.058779,0.065099,0.064338,0.079558,0.082161,0.078333,0.081826,0.089305,0.070161,0.071217,0.069364,0.068627,0.046039,0.047817,0.040689,0.000000,0.012196,0.041567,0.040827,0.035738,0.040215,0.046469,0.035397,0.046423,0.039063,0.048518,0.048521,0.041391,0.052160,0.043850,0.042200,0.041921,0.041692,0.063277,0.075457,0.085565,0.079445,0.080660,0.085092,0.075407,0.071820,0.061259,0.055946,0.059946,0.053854,0.064800,0.057156,0.067371,0.072107,0.072442,0.088733,0.090688,0.106654,0.100517,0.102943,0.076815,0.062246,0.057309,0.051803,0.057529,0.066572,0.067829,0.058925,0.036808,0.027376,0.028602,0.052642,0.077953,0.077496,0.076734,0.075203,0.082478,0.094593,0.094504,0.094135,0.054185,0.041501,0.048916,0.076634,0.086393,0.088381,0.085326,0.087907,0.089541,0.080558
0.025784,0.034846,0.037894,0.049824,0.072958,0.065023,0.078543,0.075782,0.074159,0.070325,0.062702,0.050130,0.052201,0.053756,0.060869,0.058225,0.071641,0.085130,0.058978,0.048278,0.042307,0.041170,0.037176,0.057503,0.063824,0.063063,0.078283,0.080886,0.077057,0.080551,0.088029,0.068886,0.069942,0.068088,0.067351,0.045255,0.046542,0.040842,0.012196,0.000000,0.041719,0.040980,0.032907,0.042424,0.048678,0.034204,0.048632,0.035505,0.050727,0.050730,0.040116,0.054369,0.046059,0.044409,0.044130,0.040904,0.062002,0.074181,0.084290,0.078170,0.079385,0.083817,0.074131,0.070545,0.059984,0.054671,0.059643,0.053550,0.064496,0.056852,0.067067,0.070832,0.071167,0.087458,0.089413,0.105379,0.099242,0.101668,0.075540,0.060971,0.056033,0.050528,0.056254,0.065297,0.066554,0.057650,0.035532,0.027528,0.030810,0.052338,0.077649,0.077192,0.076430,0.074899,0.082174,0.094289,0.094200,0.093831,0.053881,0.041197,0.048612,0.076330,0.086089,0.088077,0.085022,0.087603,0.089237,0.080254
0.022298,0.024421,0.023182,0.047591,0.070725,0.062790,0.076311,0.073549,0.071926,0.068093,0.060470,0.047897,0.049968,0.051523,0.067980,0.055992,0.069408,0.082897,0.056746,0.046045,0.042307,0.041170,0.033857,0.055271,0.061592,0.060830,0.076051,0.078653,0.074825,0.078318,0.085797,0.066653,0.067710,0.065856,0.065119,0.053759,0.051303,0.038646,0.041567,0.041719,0.000000,0.028310,0.042859,0.032791,0.037328,0.041327,0.033072,0.041216,0.041912,0.035931,0.039273,0.031091,0.033493,0.027382,0.030649,0.038184,0.059769,0.071949,0.082057,0.075937,0.077153,0.081585,0.071899,0.068313,0.057751,0.052439,0.051139,0.058917,0.055992,0.048348,0.058564,0.068600,0.068934,0.085225,0.087180,0.103146,0.097009,0.099435,0.073307,0.058739,0.053801,0.048296,0.054021,0.063064,0.064322,0.055417,0.033300,0.027382,0.027382,0.043834,0.069145,0.068688,0.067926,0.066395,0.073671,0.085786,0.085696,0.085327,0.045377,0.032694,0.040109,0.067827,0.077585,0.079573,0.076518,0.079099,0.080734,0.071750
