0.000000,0.144824,0.275792,0.268049,0.410851,0.407296,0.374471,0.384387,0.353950,0.334717,0.333283,0.338260,0.367767,0.363459,0.477030,0.440613,0.429514,0.457082,0.445605,0.448959,0.491815,0.498980,0.476952,0.510956,0.486632,0.450398,0.460481,0.455054,0.460880,0.467019,0.453134,0.437755,0.490499,0.492856,0.444547,0.500245,0.510862,0.479929,0.465903,0.433849,0.402808,0.435931,0.450043,0.407484,0.382417,0.433622,0.409790,0.462942,0.453935,0.449515,0.463982,0.451426,0.425205,0.392485,0.445992,0.453436,0.523560,0.522208,0.547586,0.484258,0.567575,0.550122,0.468304,0.444649,0.364663,0.444689,0.394616,0.464659,0.428782,0.479181,0.459158,0.523006,0.498612,0.510693,0.508633,0.478868,0.464242,0.482009,0.461873,0.382333,0.389488,0.366328,0.426401,0.433693,0.371448,0.431481,0.361824,0.405336,0.361730,0.383863,0.413170,0.421193,0.420467,0.410213,0.448220,0.443679,0.415134,0.418039,0.405886,0.421167,0.445150,0.431659,0.468731,0.475169,0.463242,0.436351,0.497632,0.495862
0.144824,0.000000,0.244112,0.262208,0.410813,0.413806,0.386998,0.385516,0.358967,0.340868,0.337906,0.362261,0.391504,0.393352,0.483666,0.449934,0.422954,0.471197,0.465755,0.468494,0.501110,0.488862,0.465963,0.499859,0.469026,0.461103,0.466977,0.460752,0.447512,0.453948,0.461749,0.431882,0.483236,0.485846,0.433323,0.475395,0.486496,0.452016,0.456157,0.428541,0.384105,0.443109,0.468754,0.427131,0.418447,0.468786,0.424063,0.464572,0.451267,0.450247,0.489049,0.461897,0.437468,0.370848,0.421658,0.436109,0.525822,0.509180,0.520700,0.458510,0.525651,0.503043,0.450548,0.422125,0.380565,0.447998,0.430399,0.487022,0.435646,0.505387,0.501931,0.549786,0.491795,0.511751,0.540368,0.498015,0.480403,0.493401,0.472007,0.396186,0.409145,0.383844,0.450545,0.442480,0.384362,0.451195,0.385042,0.403863,0.388701,0.399046,0.436527,0.425945,0.431794,0.420640,0.465467,0.454866,0.450979,0.453429,0.425190,0.429144,0.462344,0.458525,0.490661,0.495539,0.490090,0.454509,0.515912,0.515728
0.275792,0.244112,0.000000,0.206800,0.334563,0.347305,0.333735,0.349442,0.355800,0.337695,0.353689,0.360360,0.388818,0.366427,0.405024,0.291802,0.380528,0.323910,0.322488,0.341356,0.451716,0.434802,0.409447,0.431204,0.411399,0.395009,0.412480,0.417314,0.403972,0.343743,0.448119,0.341605,0.399749,0.476318,0.346585,0.443958,0.425694,0.322249,0.355927,0.329172,0.349868,0.389823,0.425955,0.366690,0.306754,0.359121,0.293238,0.417187,0.394242,0.387165,0.424714,0.413909,0.411658,0.358762,0.361978,0.365043,0.451538,0.444803,0.451277,0.347455,0.475444,0.425147,0.362810,0.416874,0.331567,0.449717,0.369083,0.407676,0.355130,0.480125,0.430004,0.507656,0.432183,0.501725,0.519273,0.482050,0.392148,0.483002,0.467204,0.325206,0.447546,0.420314,0.452799,0.452517,0.419658,0.360627,0.311850,0.379588,0.318536,0.428076,0.449314,0.420710,0.452065,0.452953,0.456429,0.459330,0.390310,0.391656,0.361471,0.424163,0.447649,0.380560,0.494740,0.502339,0.487682,0.467356,0.508540,0.517095
0.268049,0.262208,0.206800,0.000000,0.233543,0.278062,0.258806,0.283294,0.248331,0.234470,0.255237,0.279286,0.302369,0.281127,0.403686,0.328197,0.334324,0.383034,0.385527,0.408388,0.429526,0.427865,0.408635,0.404398,0.377455,0.362714,0.377753,0.354995,0.344272,0.378063,0.393147,0.403641,0.440031,0.456832,0.393756,0.414198,0.398994,0.388998,0.466232,0.446982,0.397978,0.407819,0.453643,0.379259,0.392845,0.428373,0.370552,0.429598,0.407375,0.398459,0.430700,0.427231,0.441680,0.411161,0.399775,0.362310,0.416213,0.433006,0.435714,0.407310,0.485747,0.414892,0.445189,0.421974,0.388307,0.429628,0.448369,0.482682,0.445690,0.479994,0.458685,0.491178,0.453107,0.494365,0.511653,0.465808,0.447969,0.458913,0.448695,0.387613,0.394418,0.368272,0.430453,0.420620,0.341777,0.427989,0.383814,0.392938,0.428038,0.414993,0.430877,0.429675,0.429952,0.438496,0.456628,0.443669,0.458427,0.462941,0.453419,0.422613,0.452526,0.466764,0.468554,0.497978,0.453389,0.434733,0.518691,0.525250
0.410851,0.410813,0.334563,0.233543,0.000000,0.153790,0.289323,0.328655,0.324811,0.320222,0.357520,0.387570,0.392542,0.380740,0.315302,0.364434,0.351447,0.392526,0.435145,0.465141,0.475583,0.468590,0.452161,0.433470,0.405754,0.403931,0.426073,0.408693,0.376560,0.379274,0.400964,0.390538,0.340999,0.345963,0.356542,0.449687,0.429517,0.429687,0.421172,0.394106,0.426440,0.450198,0.385968,0.416673,0.433340,0.377230,0.397723,0.378342,0.449848,0.461969,0.395008,0.488304,0.505337,0.456654,0.449530,0.403248,0.339192,0.339139,0.423775,0.422022,0.485513,0.430163,0.385310,0.480114,0.473744,0.506299,0.438446,0.434708,0.471110,0.435054,0.420941,0.432676,0.462196,0.510270,0.439694,0.490467,0.473027,0.477828,0.486848,0.446824,0.488652,0.468579,0.392974,0.376249,0.438320,0.390029,0.460083,0.448948,0.473402,0.514744,0.526472,0.479543,0.514707,0.506233,0.533639,0.534404,0.538236,0.541449,0.511121,0.526624,0.542855,0.557542,0.573950,0.470067,0.546520,0.485719,0.450988,0.461404
0.407296,0.413806,0.347305,0.278062,0.153790,0.000000,0.244364,0.292992,0.317355,0.311912,0.347781,0.386145,0.406931,0.386530,0.316188,0.405472,0.396567,0.424854,0.448796,0.473042,0.485785,0.472774,0.450091,0.438611,0.412153,0.389969,0.399758,0.379446,0.373789,0.409148,0.404814,0.434102,0.402874,0.376643,0.408617,0.443042,0.433069,0.450452,0.407360,0.374001,0.402006,0.447793,0.375948,0.430767,0.456353,0.394571,0.426628,0.375199,0.453450,0.464944,0.381399,0.482631,0.506839,0.462786,0.467522,0.426667,0.361927,0.358346,0.445037,0.456948,0.495669,0.459004,0.378959,0.472856,0.469410,0.483731,0.435455,0.428237,0.455357,0.402578,0.418644,0.405135,0.435377,0.469047,0.407440,0.477778,0.492570,0.470934,0.459145,0.445388,0.457097,0.447042,0.359414,0.331922,0.410016,0.375380,0.455841,0.440629,0.462433,0.499228,0.509665,0.457907,0.493218,0.483610,0.505760,0.511617,0.528575,0.536799,0.494548,0.517750,0.537154,0.546231,0.556383,0.439824,0.529790,0.467142,0.425556,0.435789
0.374471,0.386998,0.333735,0.258806,0.289323,0.244364,0.000000,0.102570,0.164508,0.184617,0.262663,0.291692,0.299948,0.282341,0.387569,0.341009,0.362935,0.348693,0.387355,0.439924,0.390830,0.387511,0.393183,0.394963,0.345198,0.313747,0.314603,0.294766,0.286270,0.387570,0.349313,0.460593,0.482303,0.446213,0.422614,0.410022,0.413699,0.435289,0.499750,0.481495,0.415425,0.409420,0.461483,0.395084,0.430655,0.467150,0.396058,0.462721,0.415671,0.420297,0.468144,0.450765,0.461092,0.458242,0.443657,0.409766,0.450045,0.432932,0.410102,0.436690,0.476573,0.464718,0.470447,0.431934,0.453057,0.445226,0.482966,0.506888,0.461200,0.471503,0.480439,0.483434,0.456703,0.464698,0.473476,0.430044,0.456689,0.417165,0.417517,0.416592,0.364641,0.351157,0.390219,0.380829,0.357407,0.459945,0.420513,0.419085,0.473694,0.447760,0.451878,0.445786,0.461545,0.476184,0.484334,0.478520,0.516445,0.515911,0.507525,0.477085,0.497841,0.525316,0.486976,0.522776,0.472775,0.458223,0.546151,0.548551
0.384387,0.385516,0.349442,0.283294,0.328655,0.292992,0.102570,0.000000,0.112160,0.142748,0.223279,0.258114,0.271943,0.259115,0.418050,0.352330,0.362093,0.379625,0.379685,0.414433,0.374433,0.385500,0.375447,0.401919,0.354252,0.334461,0.347530,0.312570,0.307533,0.391503,0.366971,0.446811,0.465568,0.430506,0.421032,0.417915,0.397536,0.452079,0.498653,0.484706,0.423947,0.416242,0.474461,0.409205,0.449563,0.489751,0.418459,0.483148,0.420785,0.438520,0.478370,0.460852,0.469852,0.474836,0.463499,0.434061,0.475253,0.458032,0.434529,0.461031,0.494591,0.484566,0.484005,0.437089,0.459183,0.452748,0.487402,0.515961,0.467681,0.484755,0.490276,0.492151,0.465772,0.459891,0.482212,0.438480,0.465960,0.427408,0.423252,0.419894,0.392847,0.383014,0.430068,0.419512,0.366502,0.469852,0.459830,0.441570,0.477797,0.454693,0.461632,0.455931,0.479163,0.485826,0.497466,0.485338,0.509608,0.508404,0.507941,0.479518,0.498871,0.522802,0.488129,0.523080,0.471654,0.453509,0.546886,0.554521
0.353950,0.358967,0.355800,0.248331,0.324811,0.317355,0.164508,0.112160,0.000000,0.098056,0.182641,0.229175,0.249476,0.243480,0.424277,0.323755,0.343265,0.381946,0.391676,0.414597,0.405375,0.426745,0.410502,0.414513,0.376604,0.365258,0.372160,0.327153,0.314358,0.380109,0.361034,0.455528,0.477610,0.452776,0.429236,0.438378,0.415619,0.436856,0.494338,0.493510,0.439490,0.432256,0.485898,0.440833,0.453416,0.482095,0.420815,0.481770,0.440737,0.460670,0.490975,0.480200,0.486362,0.491089,0.479860,0.446442,0.468519,0.449082,0.438901,0.449403,0.504018,0.495996,0.487428,0.467482,0.470741,0.479112,0.494441,0.523139,0.485830,0.504396,0.496108,0.518968,0.492096,0.495514,0.507543,0.466032,0.473655,0.452789,0.455940,0.432136,0.403353,0.387361,0.442392,0.429988,0.363809,0.469665,0.459963,0.453157,0.484986,0.477278,0.481664,0.477372,0.496212,0.500536,0.523629,0.505251,0.505009,0.504417,0.507960,0.481413,0.502472,0.518979,0.493974,0.532474,0.472382,0.455818,0.554056,0.557645
0.334717,0.340868,0.337695,0.234470,0.320222,0.311912,0.184617,0.142748,0.098056,0.000000,0.128568,0.196569,0.223280,0.217397,0.395176,0.336358,0.340015,0.394798,0.398684,0.413104,0.411394,0.422146,0.399685,0.409106,0.366418,0.350506,0.364904,0.339630,0.317970,0.392449,0.367841,0.447989,0.491912,0.462679,0.415170,0.434612,0.418058,0.439509,0.496678,0.488795,0.421737,0.428749,0.484723,0.434157,0.450890,0.476413,0.412363,0.474799,0.433852,0.452091,0.464311,0.459504,0.461785,0.468499,0.467707,0.434998,0.461608,0.446555,0.436574,0.448152,0.501713,0.489338,0.463406,0.441071,0.445347,0.466334,0.475375,0.503791,0.467774,0.490349,0.478125,0.499639,0.466418,0.478736,0.484900,0.442047,0.453211,0.432442,0.429917,0.406468,0.383861,0.377179,0.423834,0.416014,0.339897,0.449841,0.436819,0.433209,0.464440,0.454674,0.457537,0.455841,0.467571,0.473219,0.497135,0.473650,0.477352,0.478096,0.486225,0.449616,0.467337,0.493681,0.458952,0.498709,0.432782,0.419364,0.525517,0.528826
0.333283,0.337906,0.353689,0.255237,0.357520,0.347781,0.262663,0.223279,0.182641,0.128568,0.000000,0.121123,0.162623,0.170590,0.392564,0.349809,0.337230,0.415217,0.385289,0.382803,0.392084,0.406393,0.367091,0.397967,0.384322,0.370700,0.392624,0.371068,0.347524,0.416549,0.384593,0.472088,0.507267,0.471669,0.432391,0.439249,0.406366,0.425997,0.510690,0.503360,0.420679,0.442577,0.508059,0.453166,0.468795,0.503880,0.434181,0.478634,0.438780,0.456510,0.500474,0.481767,0.481035,0.471201,0.460220,0.425201,0.474081,0.460405,0.453620,0.464436,0.514259,0.496437,0.474392,0.460899,0.457101,0.481202,0.479337,0.507989,0.471385,0.492420,0.491255,0.517294,0.477121,0.492542,0.496583,0.453690,0.467473,0.435663,0.431316,0.406019,0.389683,0.381281,0.419460,0.415176,0.338549,0.441632,0.425443,0.423432,0.457413,0.439550,0.449478,0.460353,0.474496,0.466165,0.510821,0.486493,0.475825,0.472504,0.479773,0.436802,0.458747,0.485235,0.456443,0.501384,0.439812,0.424233,0.523294,0.523240
0.338260,0.362261,0.360360,0.279286,0.387570,0.386145,0.291692,0.258114,0.229175,0.196569,0.121123,0.000000,0.096493,0.130981,0.399991,0.366779,0.366250,0.424155,0.374438,0.354846,0.364368,0.366369,0.346070,0.399446,0.400417,0.389190,0.421040,0.387138,0.358530,0.435509,0.397671,0.487403,0.484956,0.444670,0.441295,0.433229,0.406218,0.417819,0.505308,0.505252,0.432191,0.409782,0.493926,0.440675,0.452480,0.490215,0.428809,0.475279,0.418679,0.440122,0.479769,0.469822,0.464558,0.462519,0.441570,0.413000,0.476726,0.470793,0.469314,0.474809,0.519479,0.506705,0.502207,0.480637,0.463030,0.477910,0.479568,0.502707,0.462130,0.491650,0.492300,0.512424,0.482084,0.495685,0.513994,0.472357,0.492551,0.459991,0.449699,0.421478,0.396315,0.383242,0.424802,0.432934,0.365267,0.455300,0.420408,0.423596,0.451923,0.439584,0.453331,0.466046,0.483907,0.479350,0.514885,0.491440,0.484568,0.485827,0.489282,0.440696,0.456684,0.486279,0.456997,0.508125,0.448341,0.431492,0.528814,0.528853
0.367767,0.391504,0.388818,0.302369,0.392542,0.406931,0.299948,0.271943,0.249476,0.223280,0.162623,0.096493,0.000000,0.095241,0.371680,0.346318,0.352437,0.417464,0.352816,0.335024,0.328255,0.329026,0.321220,0.385137,0.388670,0.391820,0.437913,0.392563,0.365126,0.460313,0.410005,0.486437,0.489144,0.436144,0.442104,0.438091,0.416256,0.451648,0.539131,0.530893,0.444328,0.399459,0.476365,0.420131,0.433299,0.469819,0.404714,0.459395,0.397342,0.423933,0.473546,0.459223,0.447318,0.446088,0.426878,0.395831,0.477146,0.469736,0.470363,0.477470,0.510814,0.508314,0.504629,0.475865,0.461000,0.474794,0.473285,0.493846,0.453821,0.488360,0.487147,0.512008,0.482823,0.499797,0.512195,0.474702,0.499356,0.455483,0.446361,0.427771,0.399096,0.385865,0.421473,0.432317,0.382697,0.464780,0.434584,0.432836,0.458890,0.459167,0.472096,0.471560,0.492528,0.484874,0.521901,0.497655,0.501454,0.504832,0.496878,0.456390,0.473670,0.506186,0.474413,0.522195,0.459972,0.446557,0.539594,0.536207
0.363459,0.393352,0.366427,0.281127,0.380740,0.386530,0.282341,0.259115,0.243480,0.217397,0.170590,0.130981,0.095241,0.000000,0.375668,0.332381,0.357787,0.398062,0.341637,0.340302,0.336130,0.325928,0.307590,0.365887,0.369225,0.370502,0.412127,0.391599,0.363751,0.461165,0.409037,0.483303,0.497785,0.437943,0.444498,0.435755,0.402958,0.451277,0.530506,0.521677,0.428623,0.400485,0.472235,0.402411,0.422794,0.457849,0.392997,0.448727,0.392589,0.417102,0.464752,0.453871,0.452328,0.454871,0.443601,0.419752,0.466092,0.461203,0.465834,0.479240,0.517684,0.513920,0.504649,0.475392,0.464524,0.490088,0.470412,0.504307,0.464659,0.480506,0.489426,0.506526,0.487815,0.505894,0.512174,0.476341,0.503216,0.455294,0.446002,0.432899,0.398942,0.386292,0.420458,0.434638,0.387118,0.474386,0.444601,0.442375,0.468347,0.466299,0.478239,0.476111,0.491582,0.489953,0.520109,0.500291,0.504205,0.509079,0.498807,0.463853,0.479946,0.507740,0.473445,0.519592,0.457117,0.448319,0.541102,0.537494
0.477030,0.483666,0.405024,0.403686,0.315302,0.316188,0.387569,0.418050,0.424277,0.395176,0.392564,0.399991,0.371680,0.375668,0.000000,0.346368,0.305897,0.400769,0.378727,0.434770,0.458367,0.447904,0.446692,0.474062,0.442531,0.433253,0.509141,0.486690,0.449793,0.469928,0.465211,0.363488,0.385268,0.346416,0.317788,0.476983,0.487442,0.453972,0.439999,0.413608,0.415817,0.481528,0.372193,0.447801,0.421615,0.334552,0.401308,0.387264,0.457378,0.470879,0.387590,0.492782,0.502679,0.398646,0.477725,0.463014,0.412490,0.388047,0.501645,0.470201,0.542788,0.540005,0.309310,0.503324,0.448982,0.508465,0.397904,0.360559,0.431498,0.462266,0.425158,0.451455,0.461807,0.538016,0.430907,0.478721,0.466189,0.462326,0.454138,0.408620,0.438673,0.422026,0.321786,0.316659,0.416136,0.353238,0.379956,0.430128,0.428431,0.518181,0.529279,0.480102,0.537725,0.537658,0.553908,0.539873,0.502027,0.503344,0.462592,0.521681,0.540159,0.511093,0.544225,0.422233,0.515044,0.468606,0.383735,0.377038
0.440613,0.449934,0.291802,0.328197,0.364434,0.405472,0.341009,0.352330,0.323755,0.336358,0.349809,0.366779,0.346318,0.332381,0.346368,0.000000,0.286273,0.192449,0.207023,0.224747,0.361041,0.364100,0.347341,0.363547,0.355328,0.356861,0.416159,0.388505,0.355323,0.312215,0.394450,0.374625,0.381994,0.441802,0.337599,0.432507,0.419907,0.326958,0.408557,0.400429,0.430798,0.390365,0.409403,0.362917,0.282989,0.305758,0.265779,0.400089,0.385176,0.404230,0.441500,0.448022,0.451890,0.439796,0.407355,0.391387,0.448800,0.436067,0.451663,0.354335,0.480132,0.466092,0.396877,0.498447,0.411276,0.501337,0.423894,0.416230,0.396073,0.507664,0.435034,0.517738,0.480408,0.529632,0.518081,0.511967,0.422849,0.495972,0.491496,0.359771,0.464428,0.429382,0.446590,0.449590,0.426673,0.383123,0.358491,0.435594,0.390875,0.506457,0.517386,0.500517,0.536256,0.531626,0.558661,0.552661,0.476802,0.481814,0.459740,0.518402,0.543488,0.471744,0.557291,0.572996,0.543623,0.528275,0.569042,0.565503
0.429514,0.422954,0.380528,0.334324,0.351447,0.396567,0.362935,0.362093,0.343265,0.340015,0.337230,0.366250,0.352437,0.357787,0.305897,0.286273,0.000000,0.301500,0.328866,0.365792,0.353692,0.375235,0.357595,0.364420,0.360529,0.373219,0.429955,0.395523,0.384393,0.426685,0.397837,0.363490,0.427484,0.394649,0.333177,0.434877,0.421070,0.442721,0.494747,0.477014,0.343713,0.412315,0.425731,0.387129,0.408708,0.421427,0.399917,0.427743,0.393784,0.416169,0.429592,0.439664,0.443565,0.342864,0.415302,0.398360,0.427372,0.394426,0.417075,0.425026,0.446063,0.451906,0.390605,0.419447,0.413116,0.426225,0.418832,0.445379,0.424669,0.478515,0.449658,0.470783,0.419651,0.480966,0.459696,0.443730,0.425026,0.413938,0.411033,0.362360,0.376167,0.362074,0.377704,0.361504,0.312685,0.375820,0.378504,0.326228,0.378862,0.401937,0.416214,0.388555,0.429126,0.434500,0.459557,0.448864,0.473723,0.476990,0.436751,0.441384,0.460574,0.478778,0.465300,0.458228,0.438751,0.392013,0.470154,0.472547
0.457082,0.471197,0.323910,0.383034,0.392526,0.424854,0.348693,0.379625,0.381946,0.394798,0.415217,0.424155,0.417464,0.398062,0.400769,0.192449,0.301500,0.000000,0.122302,0.189178,0.310166,0.338570,0.368222,0.360162,0.362510,0.355644,0.394582,0.390684,0.394682,0.340444,0.409077,0.388969,0.380352,0.439824,0.345044,0.443749,0.439967,0.351070,0.416037,0.408946,0.443062,0.404394,0.458235,0.377606,0.311244,0.361711,0.308628,0.423289,0.387341,0.396260,0.440249,0.436634,0.460833,0.442197,0.413980,0.389440,0.447448,0.435266,0.421367,0.330415,0.468494,0.441507,0.380081,0.482877,0.384067,0.492564,0.417409,0.421070,0.386111,0.506456,0.427427,0.515078,0.440978,0.488944,0.482687,0.466178,0.379608,0.442868,0.452448,0.345660,0.444661,0.418125,0.410942,0.413477,0.418486,0.358638,0.357630,0.429355,0.386322,0.497057,0.501214,0.478325,0.538386,0.531625,0.560369,0.539364,0.471342,0.474529,0.448874,0.530462,0.538712,0.471409,0.549354,0.543066,0.534899,0.511988,0.546484,0.548435
0.445605,0.465755,0.322488,0.385527,0.435145,0.448796,0.387355,0.379685,0.391676,0.398684,0.385289,0.374438,0.352816,0.341637,0.378727,0.207023,0.328866,0.122302,0.000000,0.102882,0.239785,0.266163,0.306168,0.350469,0.364187,0.339740,0.424723,0.421992,0.428796,0.364527,0.436917,0.398383,0.392807,0.444203,0.354998,0.455296,0.425275,0.348466,0.405034,0.397874,0.425473,0.388882,0.442523,0.363462,0.290183,0.338458,0.289668,0.401915,0.359167,0.368687,0.415101,0.417252,0.436679,0.425840,0.394428,0.386918,0.467345,0.461492,0.456007,0.362410,0.499228,0.475873,0.399377,0.497348,0.396127,0.489101,0.409289,0.408018,0.377520,0.498302,0.425137,0.509468,0.442094,0.495339,0.491998,0.484238,0.405672,0.469444,0.460717,0.337575,0.441311,0.416796,0.413532,0.423622,0.420124,0.350839,0.347584,0.437778,0.378054,0.484201,0.496374,0.470395,0.521598,0.516572,0.549787,0.529116,0.456120,0.462148,0.435603,0.507969,0.517002,0.451387,0.529854,0.537325,0.517554,0.505687,0.541087,0.550207
0.448959,0.468494,0.341356,0.408388,0.465141,0.473042,0.439924,0.414433,0.414597,0.413104,0.382803,0.354846,0.335024,0.340302,0.434770,0.224747,0.365792,0.189178,0.102882,0.000000,0.220281,0.257403,0.272844,0.323457,0.355061,0.368715,0.457685,0.444912,0.455577,0.384060,0.464167,0.435112,0.432124,0.487044,0.397701,0.488124,0.448808,0.365447,0.416333,0.409154,0.436353,0.398592,0.456310,0.377650,0.297152,0.352773,0.300133,0.411052,0.363687,0.377267,0.434083,0.418284,0.435464,0.430332,0.400612,0.408360,0.498404,0.499099,0.485649,0.394957,0.533616,0.512127,0.428384,0.515802,0.405681,0.502530,0.426236,0.425418,0.390444,0.514822,0.440911,0.530751,0.463226,0.519257,0.517947,0.511314,0.439313,0.504923,0.485031,0.359379,0.476918,0.454451,0.464907,0.468265,0.450805,0.376413,0.382081,0.455796,0.387524,0.488306,0.505634,0.477231,0.533202,0.530599,0.560468,0.545317,0.474552,0.482037,0.450655,0.522937,0.531773,0.467260,0.545591,0.547482,0.539926,0.516692,0.553238,0.561475
0.491815,0.501110,0.451716,0.429526,0.475583,0.485785,0.390830,0.374433,0.405375,0.411394,0.392084,0.364368,0.328255,0.336130,0.458367,0.361041,0.353692,0.310166,0.239785,0.220281,0.000000,0.091638,0.172206,0.256509,0.300355,0.304960,0.393375,0.386555,0.401494,0.481837,0.426403,0.535007,0.528979,0.478918,0.504146,0.445836,0.396773,0.469439,0.530136,0.525759,0.438216,0.386093,0.451559,0.344119,0.392988,0.446607,0.388242,0.415854,0.351811,0.369125,0.447159,0.400080,0.402540,0.418780,0.378573,0.385536,0.514698,0.505044,0.474213,0.497874,0.518580,0.521585,0.537899,0.478036,0.489867,0.455983,0.508315,0.525498,0.489072,0.530121,0.535804,0.542981,0.494262,0.504270,0.546298,0.515066,0.533299,0.498390,0.483531,0.466740,0.454709,0.436800,0.474772,0.474051,0.444476,0.490156,0.439073,0.432410,0.485084,0.479719,0.493529,0.473021,0.515176,0.517464,0.537814,0.522885,0.552952,0.558592,0.529527,0.492132,0.501392,0.541846,0.511420,0.550366,0.503570,0.495453,0.558355,0.556393
0.498980,0.488862,0.434802,0.427865,0.468590,0.472774,0.387511,0.385500,0.426745,0.422146,0.406393,0.366369,0.329026,0.325928,0.447904,0.364100,0.375235,0.338570,0.266163,0.257403,0.091638,0.000000,0.117880,0.219860,0.272812,0.283863,0.379321,0.373307,0.379022,0.470361,0.399667,0.518705,0.512010,0.454693,0.485955,0.421474,0.389209,0.457779,0.513706,0.510477,0.425424,0.360501,0.427458,0.317490,0.372219,0.422984,0.358004,0.388095,0.339600,0.351090,0.424957,0.380385,0.384007,0.400536,0.359623,0.369806,0.507323,0.494158,0.468747,0.491837,0.504659,0.510092,0.531861,0.474461,0.485781,0.458448,0.522438,0.538319,0.500221,0.539138,0.555752,0.549827,0.503249,0.512543,0.552883,0.519272,0.544144,0.505807,0.488269,0.476562,0.470289,0.454416,0.489018,0.487646,0.453953,0.501612,0.437958,0.436596,0.483525,0.484972,0.494786,0.476751,0.518090,0.521902,0.543561,0.526202,0.557143,0.563038,0.532901,0.483508,0.498443,0.546631,0.515599,0.555901,0.509961,0.511729,0.571714,0.570276
0.476952,0.465963,0.409447,0.408635,0.452161,0.450091,0.393183,0.375447,0.410502,0.399685,0.367091,0.346070,0.321220,0.307590,0.446692,0.347341,0.357595,0.368222,0.306168,0.272844,0.172206,0.117880,0.000000,0.153040,0.207401,0.254380,0.339483,0.343277,0.348599,0.441439,0.364228,0.488209,0.484197,0.429317,0.444879,0.413099,0.375128,0.429956,0.486150,0.485065,0.390942,0.337599,0.398640,0.297855,0.351589,0.399388,0.342569,0.376002,0.321195,0.335605,0.410124,0.350860,0.355284,0.376157,0.328949,0.337053,0.469716,0.460383,0.439181,0.460006,0.475840,0.477258,0.508374,0.450601,0.476846,0.439782,0.501348,0.520682,0.473059,0.505727,0.546607,0.534658,0.487803,0.504431,0.534080,0.504221,0.527855,0.479662,0.472521,0.468369,0.474305,0.456897,0.497592,0.491833,0.447144,0.486130,0.455643,0.424077,0.461180,0.479718,0.489552,0.474569,0.513124,0.507195,0.514862,0.510285,0.546963,0.547968,0.515507,0.473435,0.488910,0.532682,0.500861,0.547095,0.497554,0.497251,0.568905,0.569240
0.510956,0.499859,0.431204,0.404398,0.433470,0.438611,0.394963,0.401919,0.414513,0.409106,0.397967,0.399446,0.385137,0.365887,0.474062,0.363547,0.364420,0.360162,0.350469,0.323457,0.256509,0.219860,0.153040,0.000000,0.149579,0.215687,0.323178,0.341999,0.350799,0.443583,0.369708,0.501036,0.498178,0.430869,0.445370,0.421213,0.386648,0.440256,0.505021,0.506684,0.422712,0.382184,0.451135,0.345103,0.392448,0.437297,0.368921,0.400531,0.335542,0.351313,0.426557,0.371751,0.395216,0.417290,0.360651,0.346800,0.439735,0.445317,0.411625,0.419944,0.451205,0.445757,0.501869,0.470221,0.493459,0.460448,0.526079,0.555371,0.505179,0.538893,0.574860,0.563127,0.508332,0.521632,0.540241,0.510361,0.532873,0.481753,0.482615,0.485677,0.501074,0.488673,0.520308,0.507079,0.449934,0.490423,0.503724,0.461706,0.500839,0.512984,0.519574,0.508545,0.545533,0.543129,0.546424,0.543595,0.575443,0.577713,0.549943,0.514359,0.533560,0.568905,0.536530,0.579333,0.533771,0.534153,0.603374,0.594163
0.486632,0.469026,0.411399,0.377455,0.405754,0.412153,0.345198,0.354252,0.376604,0.366418,0.384322,0.400417,0.388670,0.369225,0.442531,0.355328,0.360529,0.362510,0.364187,0.355061,0.300355,0.272812,0.207401,0.149579,0.000000,0.150525,0.273329,0.305071,0.309197,0.428649,0.354073,0.471238,0.478693,0.414785,0.419165,0.417384,0.401625,0.458137,0.512662,0.493884,0.419656,0.386500,0.442435,0.344472,0.382709,0.426649,0.356833,0.405004,0.343966,0.352257,0.403996,0.377502,0.378369,0.402257,0.353436,0.352585,0.447178,0.447206,0.414030,0.418402,0.455220,0.443506,0.480801,0.450325,0.466239,0.446022,0.519260,0.535421,0.491319,0.536783,0.554933,0.550426,0.501705,0.511629,0.531109,0.488439,0.499100,0.466378,0.457812,0.453660,0.472406,0.466091,0.502339,0.482208,0.420114,0.473767,0.484707,0.465246,0.497327,0.497659,0.502516,0.502895,0.526601,0.532066,0.537399,0.526342,0.552976,0.553777,0.535783,0.505469,0.521079,0.544933,0.521866,0.558318,0.514758,0.506312,0.592578,0.585789
0.450398,0.461103,0.395009,0.362714,0.403931,0.389969,0.313747,0.334461,0.365258,0.350506,0.370700,0.389190,0.391820,0.370502,0.433253,0.356861,0.373219,0.355644,0.339740,0.368715,0.304960,0.283863,0.254380,0.215687,0.150525,0.000000,0.215092,0.273257,0.296797,0.416993,0.357033,0.465383,0.471111,0.412651,0.411752,0.409363,0.407217,0.437250,0.489589,0.474991,0.419109,0.383347,0.434227,0.341727,0.383174,0.424545,0.354405,0.408487,0.346113,0.341767,0.391954,0.386543,0.386675,0.408039,0.370903,0.368410,0.471274,0.472672,0.430968,0.425877,0.473236,0.442787,0.467385,0.439015,0.449275,0.443753,0.510325,0.522239,0.490901,0.533445,0.545526,0.548297,0.498298,0.504151,0.518378,0.470846,0.483290,0.445468,0.438518,0.431246,0.440121,0.435829,0.463808,0.461267,0.404772,0.460234,0.476501,0.470252,0.489409,0.485234,0.489241,0.481590,0.510055,0.503804,0.517533,0.505761,0.538262,0.539605,0.524935,0.507239,0.519640,0.536888,0.522072,0.560743,0.513558,0.499876,0.582053,0.578598
0.460481,0.466977,0.412480,0.377753,0.426073,0.399758,0.314603,0.347530,0.372160,0.364904,0.392624,0.421040,0.437913,0.412127,0.509141,0.416159,0.429955,0.394582,0.424723,0.457685,0.393375,0.379321,0.339483,0.323178,0.273329,0.215092,0.000000,0.144307,0.195478,0.331898,0.299630,0.445575,0.452977,0.423592,0.448351,0.391349,0.386720,0.438966,0.463464,0.461875,0.407908,0.404248,0.479334,0.404549,0.451981,0.503608,0.439481,0.478987,0.407719,0.397888,0.444828,0.430828,0.427680,0.445218,0.408732,0.385108,0.445647,0.439657,0.383482,0.395432,0.433724,0.409496,0.458337,0.409538,0.445231,0.435162,0.485186,0.527241,0.471060,0.497145,0.508463,0.521410,0.473652,0.474650,0.492505,0.447838,0.455678,0.420202,0.419054,0.424818,0.433146,0.417002,0.454930,0.433486,0.385069,0.451396,0.453498,0.432685,0.459305,0.485739,0.476900,0.460752,0.493438,0.487461,0.498246,0.499101,0.535006,0.535978,0.524201,0.503535,0.518163,0.526568,0.496700,0.545181,0.496349,0.487239,0.554863,0.549438
0.455054,0.460752,0.417314,0.354995,0.408693,0.379446,0.294766,0.312570,0.327153,0.339630,0.371068,0.387138,0.392563,0.391599,0.486690,0.388505,0.395523,0.390684,0.421992,0.444912,0.386555,0.373307,0.343277,0.341999,0.305071,0.273257,0.144307,0.000000,0.104462,0.265279,0.240268,0.404700,0.417138,0.385713,0.414793,0.343448,0.364124,0.418658,0.443810,0.438313,0.402951,0.394446,0.467664,0.417689,0.447383,0.492978,0.441938,0.462162,0.405654,0.389916,0.435859,0.422992,0.418130,0.435085,0.399697,0.383434,0.440209,0.431302,0.377021,0.402467,0.429074,0.406091,0.445362,0.396210,0.429915,0.407721,0.469734,0.506912,0.460442,0.477524,0.488842,0.509311,0.464863,0.450157,0.475326,0.432546,0.450140,0.419222,0.412964,0.418040,0.415695,0.402276,0.439306,0.414443,0.359505,0.438711,0.435517,0.407691,0.450237,0.456663,0.450324,0.443523,0.474521,0.483637,0.490489,0.493338,0.526343,0.527125,0.513038,0.486501,0.498866,0.513052,0.473986,0.527069,0.472977,0.462480,0.535371,0.536713
0.460880,0.447512,0.403972,0.344272,0.376560,0.373789,0.286270,0.307533,0.314358,0.317970,0.347524,0.358530,0.365126,0.363751,0.449793,0.355323,0.384393,0.394682,0.428796,0.455577,0.401494,0.379022,0.348599,0.350799,0.309197,0.296797,0.195478,0.104462,0.000000,0.227973,0.207615,0.370810,0.388056,0.353675,0.380593,0.302963,0.337174,0.402995,0.440944,0.438441,0.412946,0.372854,0.424874,0.385233,0.424820,0.456868,0.418293,0.432250,0.397568,0.393560,0.426669,0.416417,0.397879,0.416101,0.385866,0.359797,0.415519,0.402450,0.363856,0.380228,0.410247,0.403070,0.456688,0.389515,0.424847,0.413103,0.458837,0.499993,0.455147,0.460623,0.476645,0.496706,0.469904,0.448995,0.480362,0.435756,0.451885,0.423549,0.420944,0.419396,0.418149,0.408868,0.440288,0.421879,0.373742,0.442977,0.430266,0.423217,0.455717,0.469505,0.465755,0.467559,0.488371,0.488316,0.499445,0.497142,0.530483,0.531793,0.520005,0.483190,0.489195,0.511737,0.481294,0.531071,0.472412,0.468336,0.554948,0.558312
0.467019,0.453948,0.343743,0.378063,0.379274,0.409148,0.387570,0.391503,0.380109,0.392449,0.416549,0.435509,0.460313,0.461165,0.469928,0.312215,0.426685,0.340444,0.364527,0.384060,0.481837,0.470361,0.441439,0.443583,0.428649,0.416993,0.331898,0.265279,0.227973,0.000000,0.205322,0.236728,0.249213,0.338074,0.259317,0.327885,0.333142,0.270143,0.331798,0.332994,0.437178,0.430906,0.463618,0.458966,0.374290,0.395415,0.369188,0.474529,0.454365,0.467340,0.476806,0.508192,0.475380,0.463483,0.444524,0.414055,0.418440,0.402495,0.388000,0.301790,0.445266,0.406819,0.395341,0.466811,0.381902,0.474356,0.409576,0.441124,0.404635,0.478661,0.409236,0.506024,0.481403,0.504148,0.496254,0.498393,0.395723,0.475943,0.475586,0.362522,0.480819,0.471795,0.458474,0.462124,0.450338,0.367638,0.386385,0.440700,0.382061,0.532016,0.533430,0.505294,0.551931,0.557501,0.568638,0.573554,0.499933,0.500029,0.462129,0.543459,0.553929,0.474951,0.560926,0.566220,0.547618,0.506697,0.548636,0.559494
0.453134,0.461749,0.448119,0.393147,0.400964,0.404814,0.349313,0.366971,0.361034,0.367841,0.384593,0.397671,0.410005,0.409037,0.465211,0.394450,0.397837,0.409077,0.436917,0.464167,0.426403,0.399667,0.364228,0.369708,0.354073,0.357033,0.299630,0.240268,0.207615,0.205322,0.000000,0.306273,0.328308,0.310675,0.342807,0.308367,0.337106,0.365469,0.464746,0.466211,0.435217,0.412541,0.475120,0.431517,0.475015,0.496985,0.470051,0.485230,0.457299,0.450005,0.473453,0.474212,0.470338,0.472335,0.420921,0.406002,0.443524,0.398105,0.389674,0.405095,0.456912,0.415707,0.447745,0.451493,0.456925,0.447595,0.482187,0.519075,0.494714,0.491671,0.502270,0.510259,0.497249,0.463450,0.477749,0.449825,0.465635,0.431298,0.439123,0.439550,0.440672,0.435475,0.445120,0.441504,0.407087,0.451385,0.460036,0.446696,0.465834,0.507832,0.514196,0.505311,0.525858,0.526220,0.540408,0.536558,0.556113,0.559610,0.525664,0.509663,0.518313,0.531296,0.515770,0.551480,0.504127,0.488739,0.576050,0.581919
0.437755,0.431882,0.341605,0.403641,0.390538,0.434102,0.460593,0.446811,0.455528,0.447989,0.472088,0.487403,0.486437,0.483303,0.363488,0.374625,0.363490,0.388969,0.398383,0.435112,0.535007,0.518705,0.488209,0.501036,0.471238,0.465383,0.445575,0.404700,0.370810,0.236728,0.306273,0.000000,0.158020,0.267752,0.166503,0.372384,0.388236,0.332642,0.382119,0.360170,0.411836,0.470530,0.460679,0.484799,0.415960,0.408893,0.411712,0.487107,0.520962,0.523775,0.480623,0.539612,0.527061,0.408469,0.488497,0.467819,0.424930,0.400546,0.450945,0.369531,0.521212,0.477822,0.315230,0.474061,0.377761,0.502258,0.361528,0.415551,0.412613,0.494745,0.413725,0.515085,0.487019,0.563800,0.491063,0.519469,0.426238,0.503148,0.486387,0.360870,0.475774,0.469367,0.425529,0.430657,0.445437,0.358879,0.363227,0.427755,0.365261,0.532768,0.543471,0.491172,0.560316,0.554008,0.571074,0.567303,0.479688,0.480384,0.433344,0.551320,0.567258,0.475287,0.580015,0.536655,0.559267,0.486087,0.512701,0.522116
0.490499,0.483236,0.399749,0.440031,0.340999,0.402874,0.482303,0.465568,0.477610,0.491912,0.507267,0.484956,0.489144,0.497785,0.385268,0.381994,0.427484,0.380352,0.392807,0.432124,0.528979,0.512010,0.484197,0.498178,0.478693,0.471111,0.452977,0.417138,0.388056,0.249213,0.328308,0.158020,0.000000,0.155946,0.233520,0.386967,0.395776,0.338361,0.303034,0.286946,0.472814,0.479019,0.430923,0.516529,0.423874,0.352802,0.423101,0.438366,0.507095,0.518323,0.433096,0.561062,0.543781,0.469824,0.504244,0.476246,0.393038,0.372232,0.469247,0.374120,0.527163,0.478321,0.303808,0.530277,0.431021,0.540747,0.366141,0.384582,0.427247,0.489794,0.404320,0.496722,0.516091,0.586517,0.496390,0.550910,0.455849,0.542787,0.539715,0.419542,0.542423,0.531746,0.442469,0.442445,0.508977,0.367084,0.434991,0.491523,0.426086,0.583845,0.596214,0.552345,0.620201,0.616073,0.637074,0.630336,0.545439,0.544013,0.498404,0.610374,0.620530,0.543539,0.642105,0.546754,0.635164,0.552735,0.515280,0.527902
0.492856,0.485846,0.476318,0.456832,0.345963,0.376643,0.446213,0.430506,0.452776,0.462679,0.471669,0.444670,0.436144,0.437943,0.346416,0.441802,0.394649,0.439824,0.444203,0.487044,0.478918,0.454693,0.429317,0.430869,0.414785,0.412651,0.423592,0.385713,0.353675,0.338074,0.310675,0.267752,0.155946,0.000000,0.271218,0.303145,0.345054,0.367812,0.370880,0.360643,0.468300,0.440858,0.391551,0.449281,0.453491,0.391354,0.470106,0.391068,0.467919,0.480132,0.391056,0.508156,0.479847,0.421121,0.437879,0.421804,0.365585,0.344303,0.448009,0.436844,0.489522,0.472705,0.369099,0.497458,0.474893,0.480656,0.413114,0.425603,0.468114,0.444129,0.458039,0.455605,0.509582,0.532018,0.441467,0.501349,0.509612,0.492925,0.484394,0.468164,0.475393,0.477392,0.393018,0.388394,0.451697,0.424872,0.489629,0.472182,0.473681,0.537081,0.549038,0.529251,0.575498,0.574658,0.599441,0.595138,0.609329,0.612358,0.558794,0.572573,0.576699,0.602023,0.595925,0.500837,0.580829,0.529195,0.500196,0.509944
0.444547,0.433323,0.346585,0.393756,0.356542,0.408617,0.422614,0.421032,0.429236,0.415170,0.432391,0.441295,0.442104,0.444498,0.317788,0.337599,0.333177,0.345044,0.354998,0.397701,0.504146,0.485955,0.444879,0.445370,0.419165,0.411752,0.448351,0.414793,0.380593,0.259317,0.342807,0.166503,0.233520,0.271218,0.000000,0.314787,0.355792,0.288706,0.357183,0.325019,0.360012,0.468533,0.462851,0.429740,0.372132,0.371568,0.367528,0.452429,0.472265,0.477814,0.448449,0.480982,0.486973,0.358821,0.405307,0.394034,0.401997,0.381053,0.439244,0.335750,0.471983,0.468454,0.331587,0.482801,0.376830,0.460786,0.358505,0.390861,0.371046,0.485741,0.422047,0.490558,0.432713,0.531613,0.457102,0.473469,0.367271,0.433735,0.439457,0.332613,0.453212,0.432313,0.392550,0.391893,0.405121,0.315960,0.337507,0.385363,0.326914,0.499323,0.519050,0.450226,0.528786,0.532364,0.535915,0.527998,0.445108,0.443324,0.387133,0.513884,0.525078,0.429677,0.549825,0.506233,0.517674,0.445962,0.480609,0.491605
0.500245,0.475395,0.443958,0.414198,0.449687,0.443042,0.410022,0.417915,0.438378,0.434612,0.439249,0.433229,0.438091,0.435755,0.476983,0.432507,0.434877,0.443749,0.455296,0.488124,0.445836,0.421474,0.413099,0.421213,0.417384,0.409363,0.391349,0.343448,0.302963,0.327885,0.308367,0.372384,0.386967,0.303145,0.314787,0.000000,0.129518,0.272775,0.421103,0.423638,0.398464,0.379633,0.454049,0.386051,0.432999,0.460137,0.426206,0.414191,0.391954,0.385523,0.435407,0.417815,0.388084,0.376840,0.337352,0.317053,0.409372,0.421305,0.371159,0.401927,0.410441,0.399388,0.497749,0.403769,0.433957,0.399555,0.487610,0.537194,0.503538,0.509685,0.539166,0.512627,0.497759,0.458615,0.492965,0.433409,0.455644,0.420212,0.399591,0.419081,0.405469,0.412815,0.450172,0.443212,0.395250,0.473340,0.434646,0.417014,0.459651,0.459039,0.479221,0.498814,0.506503,0.518772,0.522029,0.517722,0.566890,0.569453,0.527306,0.477000,0.481840,0.546929,0.518317,0.551097,0.497489,0.490972,0.592346,0.601840
0.510862,0.486496,0.425694,0.398994,0.429517,0.433069,0.413699,0.397536,0.415619,0.418058,0.406366,0.406218,0.416256,0.402958,0.487442,0.419907,0.421070,0.439967,0.425275,0.448808,0.396773,0.389209,0.375128,0.386648,0.401625,0.407217,0.386720,0.364124,0.337174,0.333142,0.337106,0.388236,0.395776,0.345054,0.355792,0.129518,0.000000,0.231643,0.405211,0.409721,0.369593,0.371344,0.447238,0.385617,0.450983,0.459255,0.424892,0.402274,0.375896,0.381385,0.444551,0.422473,0.404356,0.391478,0.347891,0.306778,0.384309,0.400629,0.352412,0.396940,0.404430,0.377310,0.463649,0.400422,0.452254,0.421056,0.496688,0.544549,0.513320,0.523403,0.556816,0.527508,0.495029,0.471207,0.503116,0.447045,0.465945,0.438172,0.416903,0.434533,0.445875,0.450187,0.487608,0.481362,0.417246,0.482542,0.465986,0.429773,0.472591,0.478559,0.491743,0.503520,0.513724,0.522489,0.527251,0.527022,0.577242,0.579534,0.539036,0.481027,0.493303,0.559621,0.531746,0.562076,0.510367,0.494839,0.594254,0.599721
0.479929,0.452016,0.322249,0.388998,0.429687,0.450452,0.435289,0.452079,0.436856,0.439509,0.425997,0.417819,0.451648,0.451277,0.453972,0.326958,0.442721,0.351070,0.348466,0.365447,0.469439,0.457779,0.429956,0.440256,0.458137,0.437250,0.438966,0.418658,0.402995,0.270143,0.365469,0.332642,0.338361,0.367812,0.288706,0.272775,0.231643,0.000000,0.247375,0.260187,0.371525,0.416640,0.460103,0.448864,0.353464,0.359475,0.328394,0.424688,0.434636,0.441279,0.460889,0.485024,0.480930,0.438652,0.403959,0.365230,0.419209,0.427399,0.420627,0.324701,0.455883,0.423622,0.388643,0.477520,0.377882,0.469984,0.419129,0.445145,0.431641,0.544364,0.475073,0.538343,0.491143,0.508545,0.492039,0.461384,0.377284,0.464761,0.446719,0.330610,0.448339,0.442107,0.453896,0.469337,0.446646,0.391652,0.358569,0.435542,0.372373,0.483600,0.506119,0.496597,0.524494,0.530448,0.551313,0.547162,0.472463,0.473450,0.429732,0.490436,0.516048,0.461008,0.542773,0.550542,0.535763,0.502937,0.539274,0.543946
0.465903,0.456157,0.355927,0.466232,0.421172,0.407360,0.499750,0.498653,0.494338,0.496678,0.510690,0.505308,0.539131,0.530506,0.439999,0.408557,0.494747,0.416037,0.405034,0.416333,0.530136,0.513706,0.486150,0.505021,0.512662,0.489589,0.463464,0.443810,0.440944,0.331798,0.464746,0.382119,0.303034,0.370880,0.357183,0.421103,0.405211,0.247375,0.000000,0.093971,0.316757,0.408390,0.335851,0.442840,0.357376,0.282824,0.355173,0.346008,0.472710,0.471374,0.385419,0.494392,0.499035,0.407765,0.448175,0.448328,0.383863,0.391556,0.493944,0.367507,0.531699,0.510510,0.330807,0.547344,0.414861,0.509380,0.343124,0.340630,0.366073,0.458371,0.401959,0.467892,0.460276,0.551818,0.462195,0.530882,0.442502,0.521939,0.505212,0.392120,0.520690,0.503751,0.437147,0.440487,0.487866,0.325999,0.395880,0.411752,0.323853,0.485460,0.519424,0.465338,0.543245,0.541794,0.546150,0.549634,0.461390,0.460901,0.387154,0.476916,0.481469,0.443294,0.534541,0.438618,0.523474,0.465641,0.413319,0.418234
0.433849,0.428541,0.329172,0.446982,0.394106,0.374001,0.481495,0.484706,0.493510,0.488795,0.503360,0.505252,0.530893,0.521677,0.413608,0.400429,0.477014,0.408946,0.397874,0.409154,0.525759,0.510477,0.485065,0.506684,0.493884,0.474991,0.461875,0.438313,0.438441,0.332994,0.466211,0.360170,0.286946,0.360643,0.325019,0.423638,0.409721,0.260187,0.093971,0.000000,0.284654,0.379153,0.301676,0.409807,0.338713,0.262115,0.336291,0.317806,0.455776,0.456946,0.359553,0.461914,0.467020,0.380664,0.417592,0.414442,0.344418,0.368566,0.469162,0.365684,0.507859,0.486782,0.305568,0.515954,0.391524,0.492380,0.327297,0.316256,0.354583,0.432471,0.375818,0.446152,0.443611,0.550974,0.455731,0.518489,0.424732,0.505213,0.498511,0.385031,0.517666,0.496118,0.428354,0.429838,0.486054,0.325957,0.395145,0.412576,0.312075,0.476125,0.507110,0.455129,0.528603,0.523974,0.541537,0.544740,0.457993,0.459245,0.382595,0.468822,0.478750,0.433934,0.530133,0.445805,0.524888,0.470017,0.418798,0.423840
0.402808,0.384105,0.349868,0.397978,0.426440,0.402006,0.415425,0.423947,0.439490,0.421737,0.420679,0.432191,0.444328,0.428623,0.415817,0.430798,0.343713,0.443062,0.425473,0.436353,0.438216,0.425424,0.390942,0.422712,0.419656,0.419109,0.407908,0.402951,0.412946,0.437178,0.435217,0.411836,0.472814,0.468300,0.360012,0.398464,0.369593,0.371525,0.316757,0.284654,0.000000,0.231425,0.299819,0.277384,0.366685,0.380328,0.370193,0.354191,0.386709,0.367721,0.401756,0.359935,0.374309,0.243049,0.321234,0.331122,0.391470,0.392538,0.389792,0.409025,0.430537,0.409893,0.386850,0.389924,0.410176,0.407050,0.404357,0.419215,0.395589,0.467655,0.481178,0.480459,0.400953,0.496761,0.472729,0.451373,0.442496,0.430345,0.412008,0.384007,0.422376,0.405973,0.437168,0.433407,0.395368,0.412797,0.390042,0.322681,0.312149,0.365245,0.387890,0.355899,0.400802,0.403956,0.417223,0.425587,0.456314,0.456113,0.370108,0.368728,0.383515,0.434177,0.424274,0.426683,0.427159,0.377244,0.445669,0.453405
