0.000000,0.325823,0.487088,0.600107,0.811519,0.893282,0.813987,0.790840,0.749697,0.755429,0.817165,0.897419,0.949824,0.932511,1.117406,1.053716,1.182968,1.136030,1.204573,1.159315,1.169627,1.113807,1.145195,1.086467,0.986101,1.039773,1.114995,1.095831,1.092313,1.136299,1.144996,1.227686,1.151709,1.235827,1.195866,1.079942,0.963170,1.126087,1.308519,1.438225,1.310068,1.193523,1.380669,1.179245,1.226953,1.366981,1.265960,1.259531,1.194288,1.244897,1.332815,1.236199,1.197263,1.160106,1.151502,1.117442,1.071986,1.085323,1.028576,0.970898,1.070046,1.143684,1.369445,1.105605,1.113321,1.048567,1.226151,1.223454,1.138074,1.176481,1.197185,1.192006,1.071160,1.130573,1.157111,1.100591,1.105857,1.052080,1.082694,1.096233,1.175363,1.146132,1.271885,1.268772,1.271812,1.528055,1.237669,1.261649,1.349015,1.270431,1.247652,1.374251,1.383070,1.439721,1.443052,1.531337,1.744671,1.632086,1.663476,1.620080,1.675186,1.788335,1.705268,1.785333,1.691436,1.735564,1.813326,1.849229
0.325823,0.000000,0.325637,0.531926,0.742508,0.817689,0.761307,0.721359,0.692143,0.671290,0.754345,0.830905,0.909188,0.889248,1.068155,1.001537,1.137714,1.064703,1.150984,1.116925,1.108443,1.055046,1.086621,1.037903,0.923047,0.975540,1.030813,1.029077,1.015355,1.076550,1.085783,1.189671,1.133734,1.231153,1.213438,1.068931,0.960081,1.112438,1.293472,1.403815,1.279228,1.165286,1.345234,1.139614,1.216363,1.341420,1.217162,1.204195,1.156671,1.242075,1.318221,1.226881,1.194753,1.158808,1.150300,1.060442,0.974159,0.983286,0.944089,0.893344,0.977861,1.028655,1.307381,1.006141,1.020583,0.952461,1.138307,1.143488,1.067723,1.080327,1.129835,1.124019,1.010990,1.058632,1.088806,1.032668,1.056858,1.006296,1.052397,1.073258,1.162436,1.134569,1.223220,1.236510,1.185381,1.420789,1.150837,1.171831,1.259256,1.202451,1.185555,1.322456,1.327465,1.405597,1.425528,1.493768,1.713448,1.588717,1.626467,1.594977,1.647902,1.759155,1.668824,1.749041,1.678515,1.718106,1.767948,1.816460
0.487088,0.325637,0.000000,0.427962,0.596452,0.661721,0.748205,0.733769,0.716989,0.696483,0.747521,0.750949,0.886830,0.899393,0.958949,0.932514,1.071106,1.009525,1.102404,1.098110,1.132158,1.146626,1.077724,1.140447,1.015401,1.064650,1.100250,1.068817,1.049266,1.021898,1.085894,1.085831,1.025230,1.125180,1.121549,0.977417,0.961173,1.015649,1.174959,1.291889,1.172280,1.145908,1.236061,1.134014,1.127732,1.249156,1.143862,1.146993,1.167849,1.232020,1.180161,1.135908,1.155275,1.051541,1.056513,1.011494,0.900244,0.898571,0.891246,0.840470,0.987072,1.054571,1.193888,1.034302,0.930964,0.928303,1.026874,1.023581,0.969469,1.002184,1.017038,1.033240,0.899593,0.950447,0.974596,1.001043,0.959401,0.980052,1.030962,0.967668,1.033427,1.076199,1.109013,1.128607,1.156885,1.330478,1.175446,1.190912,1.250388,1.317102,1.249074,1.296233,1.338880,1.430549,1.498290,1.586570,1.681472,1.590016,1.593364,1.634513,1.712259,1.733275,1.738643,1.727528,1.766193,1.706809,1.720693,1.765414
0.600107,0.531926,0.427962,0.000000,0.419199,0.455115,0.454217,0.467016,0.440125,0.476545,0.523257,0.552881,0.657081,0.684854,0.835710,0.825212,0.962936,0.928652,1.012568,1.003987,0.959140,0.990376,0.981013,1.003584,0.929374,0.976534,1.024970,1.019175,0.982387,0.961601,0.962002,1.084535,1.021744,1.097606,1.110287,0.995504,0.945905,1.043239,1.219913,1.311483,1.192614,1.149962,1.314201,1.111141,1.182598,1.283338,1.144384,1.151338,1.114435,1.204324,1.208192,1.093350,1.137998,1.078750,1.086682,1.045424,0.933959,0.941861,0.924581,0.852460,0.958225,1.039606,1.203192,0.999233,1.058039,1.023644,1.138709,1.159592,1.059495,1.040860,1.036222,1.058051,0.910406,0.954774,1.024670,0.998941,1.027685,1.028067,1.082644,1.081114,1.159173,1.134598,1.210249,1.182535,1.140047,1.336710,1.143771,1.132740,1.236716,1.198504,1.165100,1.300581,1.301049,1.367989,1.375622,1.476702,1.640273,1.527696,1.547290,1.500787,1.593523,1.670710,1.658651,1.660746,1.648730,1.629059,1.692296,1.750465
0.811519,0.742508,0.596452,0.419199,0.000000,0.219328,0.429277,0.441834,0.481247,0.516325,0.576431,0.492059,0.672684,0.718280,0.676931,0.772580,0.875908,0.855533,0.929520,0.917452,0.958074,1.016146,0.942256,1.048763,0.978055,1.049107,1.090788,1.067186,1.046010,0.930427,1.036135,1.045944,0.985947,1.032238,1.109750,1.010193,1.028182,1.049994,1.203395,1.263733,1.203777,1.187780,1.198166,1.131113,1.154118,1.189942,1.133180,1.103528,1.184069,1.226935,1.154691,1.147445,1.154173,1.071745,1.060191,0.980009,0.818826,0.854114,0.872864,0.829670,0.941381,1.030184,1.084130,1.029042,1.017912,1.051584,1.068637,1.097088,1.029777,1.000742,0.932374,0.959436,0.911486,0.963707,1.003239,1.083380,1.097104,1.114089,1.142867,1.095253,1.159130,1.201869,1.166873,1.157679,1.159629,1.190239,1.069039,1.020460,1.123629,1.154584,1.103455,1.132440,1.176892,1.253859,1.299778,1.414430,1.488917,1.403970,1.397900,1.421163,1.492401,1.500815,1.583434,1.547735,1.571662,1.500336,1.491884,1.555203
0.893282,0.817689,0.661721,0.455115,0.219328,0.000000,0.341637,0.402070,0.473006,0.497077,0.589293,0.488491,0.648850,0.674624,0.644163,0.709728,0.814363,0.795875,0.866080,0.857658,0.915376,0.979945,0.900146,0.999902,0.934060,0.986723,1.017615,1.001443,1.000464,0.877497,0.956413,0.993310,0.984305,1.021541,1.067599,0.962152,1.008970,1.032422,1.181622,1.226129,1.156871,1.162410,1.185781,1.114975,1.138734,1.175377,1.081611,1.071315,1.157205,1.202650,1.129958,1.119347,1.147283,1.092152,1.078897,0.984361,0.826472,0.862581,0.869761,0.854805,0.971272,1.033397,1.111201,1.047955,1.036527,1.068479,1.079563,1.102127,1.001747,0.971843,0.908712,0.931242,0.922741,0.972016,1.021935,1.122111,1.127025,1.132663,1.170296,1.120100,1.198426,1.232810,1.199168,1.177725,1.181015,1.213719,1.098632,1.036031,1.103664,1.153413,1.116395,1.144651,1.174739,1.264419,1.276665,1.380731,1.472965,1.397338,1.393589,1.403371,1.466006,1.469170,1.564766,1.532546,1.550251,1.482027,1.464804,1.529283
0.813987,0.761307,0.748205,0.454217,0.429277,0.341637,0.000000,0.144913,0.238084,0.310098,0.463680,0.454086,0.552081,0.545132,0.767059,0.763556,0.873396,0.843529,0.908963,0.877147,0.855232,0.844629,0.917419,0.921276,0.919319,0.990064,1.027429,0.998951,1.001993,0.963893,0.943992,1.131838,1.140634,1.192939,1.185270,1.087982,0.988731,1.139340,1.322064,1.381309,1.252445,1.159688,1.337212,1.134926,1.228079,1.324536,1.180901,1.200239,1.117330,1.180030,1.264119,1.146900,1.151731,1.154583,1.150803,1.062280,0.956275,0.998689,0.974021,0.939494,0.992933,0.996782,1.256731,1.030380,1.124149,1.112603,1.221855,1.245661,1.097226,1.101754,1.058229,1.091838,1.041820,1.031748,1.133530,1.147926,1.210558,1.132971,1.158435,1.199535,1.297901,1.265260,1.314518,1.297295,1.199515,1.356750,1.110538,1.088357,1.165207,1.105775,1.087035,1.238279,1.252033,1.326155,1.279319,1.340038,1.552321,1.461894,1.503573,1.394683,1.433950,1.551793,1.500965,1.589167,1.471668,1.486833,1.555633,1.624263
0.790840,0.721359,0.733769,0.467016,0.441834,0.402070,0.144913,0.000000,0.146190,0.245053,0.403031,0.433578,0.544596,0.537621,0.775762,0.779245,0.913601,0.880655,0.950737,0.916874,0.885270,0.869912,0.943151,0.937742,0.920465,1.002896,1.040958,1.021334,1.006948,0.978015,0.974317,1.167679,1.156031,1.220123,1.212675,1.115944,1.032920,1.187107,1.355854,1.430963,1.306306,1.210216,1.378367,1.161952,1.252400,1.360745,1.224365,1.264116,1.165431,1.244405,1.317160,1.188005,1.171080,1.199124,1.192021,1.100310,0.977925,1.008683,0.985071,0.942729,0.995946,0.972091,1.271446,1.024987,1.122477,1.124927,1.243751,1.258664,1.126033,1.128186,1.082169,1.136402,1.075611,1.079941,1.171654,1.174657,1.219183,1.154791,1.194526,1.221720,1.324489,1.280718,1.360449,1.351032,1.226327,1.390564,1.101061,1.065724,1.154217,1.103437,1.097156,1.241913,1.258889,1.330112,1.278179,1.339959,1.554603,1.452550,1.499258,1.396289,1.434386,1.558678,1.493359,1.593601,1.469110,1.485000,1.556329,1.616772
0.749697,0.692143,0.716989,0.440125,0.481247,0.473006,0.238084,0.146190,0.000000,0.188319,0.351230,0.452527,0.564612,0.551751,0.795125,0.779204,0.928253,0.893005,0.958099,0.928473,0.885930,0.861046,0.939532,0.925670,0.888475,0.973836,1.009354,0.996652,0.958000,0.961524,0.935681,1.133982,1.115795,1.184287,1.180083,1.083732,0.994816,1.170397,1.323544,1.419273,1.297244,1.184652,1.359416,1.138166,1.236589,1.349089,1.204327,1.238832,1.138552,1.234352,1.310129,1.180515,1.161073,1.189583,1.204802,1.108475,0.990554,0.990300,0.957563,0.911598,0.955035,0.947679,1.252292,0.997788,1.091049,1.104259,1.233030,1.245462,1.095807,1.092304,1.051288,1.124601,1.056618,1.076588,1.174533,1.166996,1.220146,1.151066,1.199408,1.231672,1.327540,1.277469,1.367705,1.353928,1.209033,1.387122,1.101923,1.088428,1.167877,1.099232,1.086522,1.230556,1.248298,1.318353,1.271499,1.334348,1.549813,1.445870,1.501577,1.384525,1.437859,1.564866,1.485036,1.587720,1.456514,1.486346,1.555876,1.616288
0.755429,0.671290,0.696483,0.476545,0.516325,0.497077,0.310098,0.245053,0.188319,0.000000,0.277300,0.401665,0.503648,0.536101,0.753454,0.753486,0.913187,0.884103,0.945418,0.923361,0.871389,0.860070,0.937773,0.920995,0.855951,0.926815,0.965313,0.938620,0.919538,0.930991,0.910383,1.100788,1.065307,1.133699,1.139692,1.046484,0.968587,1.139078,1.305992,1.400808,1.283836,1.168514,1.348606,1.135243,1.238598,1.356874,1.199080,1.220597,1.125151,1.217678,1.289487,1.177780,1.168930,1.187690,1.208208,1.124352,0.982129,0.984775,0.953764,0.910006,0.940880,0.920722,1.223087,0.976045,1.068245,1.069834,1.211047,1.223217,1.062712,1.036053,0.998544,1.076053,1.020523,1.066141,1.141378,1.126352,1.172533,1.101054,1.167646,1.198597,1.289395,1.240776,1.336828,1.328985,1.184948,1.375930,1.127502,1.109621,1.197724,1.126406,1.093690,1.263599,1.266416,1.351045,1.312306,1.353973,1.585408,1.463841,1.503469,1.386968,1.432593,1.560805,1.465772,1.565215,1.434217,1.475356,1.545432,1.609501
0.817165,0.754345,0.747521,0.523257,0.576431,0.589293,0.463680,0.403031,0.351230,0.277300,0.000000,0.279004,0.425697,0.523525,0.716968,0.748649,0.877107,0.848575,0.932960,0.952047,0.901731,0.945227,0.982370,0.984335,0.924908,1.015558,1.061235,1.017990,0.940853,0.936171,0.938844,1.103764,1.043506,1.136448,1.143878,1.027471,0.977735,1.144745,1.330678,1.440698,1.327452,1.267262,1.422493,1.209704,1.311142,1.424504,1.269243,1.286446,1.226928,1.298984,1.341816,1.233401,1.255731,1.233032,1.264978,1.178340,1.045744,1.062118,1.020511,0.975188,1.044343,1.011944,1.289753,1.072478,1.116922,1.121324,1.266671,1.273475,1.141805,1.103257,1.085621,1.126444,1.058512,1.134654,1.221400,1.196165,1.246433,1.228299,1.291754,1.256498,1.351284,1.314530,1.408771,1.397482,1.250419,1.424396,1.165376,1.145978,1.259002,1.207319,1.175985,1.282870,1.274523,1.336940,1.339715,1.454537,1.602885,1.498543,1.544706,1.384534,1.466833,1.558793,1.512228,1.554460,1.472421,1.462130,1.532355,1.602638
0.897419,0.830905,0.750949,0.552881,0.492059,0.488491,0.454086,0.433578,0.452527,0.401665,0.279004,0.000000,0.389355,0.479861,0.585096,0.636997,0.763452,0.740085,0.842472,0.856771,0.878054,0.943542,0.904742,0.993279,0.962078,1.036234,1.085179,1.016110,0.974425,0.874470,0.902955,1.017776,0.974092,1.086792,1.106313,0.972624,0.981942,1.081255,1.271721,1.358094,1.257914,1.263655,1.342220,1.202058,1.250828,1.346244,1.206625,1.201289,1.241790,1.293373,1.271634,1.215998,1.227581,1.182145,1.185822,1.099283,0.962072,0.991514,0.961483,0.937374,1.014285,1.015623,1.226421,1.090699,1.061476,1.073556,1.209819,1.221895,1.108985,1.108590,1.046764,1.082990,1.030565,1.070191,1.151982,1.185128,1.180811,1.204553,1.252099,1.166726,1.247900,1.290960,1.302074,1.279743,1.191208,1.286954,1.111131,1.097908,1.193541,1.191816,1.189063,1.195343,1.201100,1.261314,1.300626,1.399016,1.503934,1.428203,1.468008,1.375508,1.431793,1.491377,1.514531,1.503128,1.475007,1.426654,1.466450,1.536256
0.949824,0.909188,0.886830,0.657081,0.672684,0.648850,0.552081,0.544596,0.564612,0.503648,0.425697,0.389355,0.000000,0.275639,0.573838,0.530958,0.664375,0.646844,0.734244,0.778917,0.750026,0.831665,0.895674,0.901640,0.882771,0.959369,1.056743,0.996700,1.000153,0.919714,0.900816,1.073243,1.036047,1.122157,1.117505,0.979008,1.015281,1.168995,1.355204,1.434311,1.307404,1.279983,1.436995,1.223340,1.324184,1.441091,1.298976,1.318532,1.205198,1.250683,1.321347,1.189010,1.228447,1.245721,1.248992,1.159782,1.023221,1.071013,1.035618,0.996791,1.000109,0.956896,1.256796,1.043858,1.148330,1.110428,1.285038,1.313041,1.206644,1.198381,1.160643,1.093093,1.037477,1.081018,1.124109,1.032961,1.100254,1.068054,1.125474,1.133228,1.219570,1.189413,1.279053,1.263332,1.118839,1.289917,1.079571,1.054869,1.161764,1.105429,1.100247,1.196615,1.132876,1.145940,1.122435,1.245622,1.403154,1.316835,1.355774,1.210614,1.308782,1.405924,1.399955,1.414782,1.331543,1.324975,1.389283,1.458205
0.932511,0.889248,0.899393,0.684854,0.718280,0.674624,0.545132,0.537621,0.551751,0.536101,0.523525,0.479861,0.275639,0.000000,0.542703,0.520754,0.676205,0.664520,0.773172,0.800485,0.784704,0.795352,0.894714,0.880260,0.838771,0.886831,0.993138,0.963299,0.934088,0.929681,0.870091,1.044881,1.022584,1.098785,1.105612,0.951202,0.973277,1.184149,1.364045,1.440541,1.331312,1.272851,1.465459,1.247128,1.337995,1.455389,1.290538,1.312448,1.191497,1.209708,1.324313,1.207937,1.183336,1.247752,1.258369,1.175854,1.026126,1.082643,1.060225,1.033448,0.999550,0.970319,1.300303,1.040901,1.175769,1.135150,1.281940,1.342517,1.232343,1.233049,1.178937,1.074732,1.054580,1.060260,1.109370,1.038229,1.103302,1.046380,1.117010,1.172543,1.272721,1.241134,1.318077,1.301429,1.181951,1.334297,1.062694,1.049582,1.172785,1.088932,1.103627,1.255843,1.207940,1.222041,1.196630,1.248045,1.462971,1.373696,1.407114,1.282949,1.322750,1.459363,1.410895,1.476789,1.371414,1.403613,1.459350,1.524202
1.117406,1.068155,0.958949,0.835710,0.676931,0.644163,0.767059,0.775762,0.795125,0.753454,0.716968,0.585096,0.573838,0.542703,0.000000,0.443396,0.589970,0.645237,0.715535,0.807953,0.876989,0.963162,0.887424,1.022895,0.973690,1.058255,1.092181,1.065245,1.016768,0.910707,0.956779,0.843955,0.813331,0.845224,0.880971,0.894035,1.037859,0.976135,1.123232,1.183457,1.173343,1.289862,1.181465,1.218363,1.246162,1.189012,1.189159,1.152753,1.238111,1.225168,1.146489,1.201227,1.202547,1.141568,1.078287,0.987720,0.891843,0.909499,0.944989,0.965999,1.060889,1.054774,1.035415,1.116026,1.004616,1.137451,1.058772,1.068773,1.076458,1.140580,0.982437,0.982752,1.055246,1.023684,0.940051,1.101679,1.079438,1.129131,1.188410,1.129459,1.189651,1.264491,1.173969,1.159563,1.196494,1.140912,1.145185,1.128711,1.139629,1.262229,1.202965,1.088321,1.183487,1.162627,1.262097,1.346861,1.247970,1.286640,1.286414,1.321488,1.373478,1.381278,1.505884,1.368073,1.475841,1.406799,1.325298,1.380856
1.053716,1.001537,0.932514,0.825212,0.772580,0.709728,0.763556,0.779245,0.779204,0.753486,0.748649,0.636997,0.530958,0.520754,0.443396,0.000000,0.281661,0.335095,0.426127,0.467272,0.549572,0.669367,0.642151,0.752451,0.734306,0.831298,0.898943,0.872566,0.877677,0.796234,0.789788,0.887563,0.833668,0.874279,0.917107,0.808949,0.949164,1.012786,1.164437,1.224007,1.154908,1.189207,1.211130,1.059265,1.111431,1.184326,1.039317,1.040250,1.086306,1.090974,1.044882,1.049795,1.078370,1.018122,1.055982,0.977807,0.865454,0.942607,0.904827,0.887730,0.950749,0.921319,1.115414,1.000540,1.030321,1.020613,1.098449,1.166557,1.060646,1.036202,0.985660,0.922258,0.922737,0.870262,0.877205,0.986853,0.945812,1.008742,1.047447,1.022779,1.105226,1.143280,1.102463,1.082688,1.081142,1.274548,1.114252,1.058962,1.104484,1.125361,1.073627,1.084957,1.060686,1.018361,1.047683,1.110216,1.172338,1.093167,1.138117,1.106618,1.187955,1.237812,1.325349,1.264793,1.284110,1.239371,1.262420,1.330499
1.182968,1.137714,1.071106,0.962936,0.875908,0.814363,0.873396,0.913601,0.928253,0.913187,0.877107,0.763452,0.664375,0.676205,0.589970,0.281661,0.000000,0.250332,0.321449,0.404093,0.519221,0.651428,0.638655,0.696538,0.776191,0.899290,0.937343,0.905550,0.943095,0.838245,0.843702,0.943388,0.899872,0.938581,0.958957,0.914811,1.038270,1.088776,1.238173,1.284154,1.182804,1.269167,1.263040,1.091627,1.128248,1.152207,1.038845,1.024639,1.069460,1.063281,1.028403,1.090388,1.134754,1.056879,1.055796,1.015335,0.961178,0.976140,0.986853,0.953323,1.018421,1.042395,1.166920,1.086423,1.086365,1.129234,1.150432,1.218443,1.096927,1.120580,1.036464,1.005355,0.938850,0.894503,0.893399,1.020254,1.039367,1.084169,1.073492,1.075336,1.117142,1.139948,1.095313,1.093041,1.086451,1.244734,1.094790,1.092672,1.072834,1.130506,1.092639,1.062070,1.043872,0.969595,1.054233,1.096823,1.124169,1.047540,1.079485,1.084303,1.157826,1.205460,1.284276,1.194291,1.261159,1.215895,1.193757,1.267233
1.136030,1.064703,1.009525,0.928652,0.855533,0.795875,0.843529,0.880655,0.893005,0.884103,0.848575,0.740085,0.646844,0.664520,0.645237,0.335095,0.250332,0.000000,0.265030,0.344669,0.460916,0.571508,0.584004,0.640617,0.718676,0.846510,0.907094,0.887097,0.906616,0.784895,0.789179,0.952573,0.932377,0.949357,0.972151,0.882165,1.013401,1.135947,1.290628,1.338812,1.243247,1.275810,1.300886,1.094122,1.138962,1.220317,1.053603,1.049555,1.079445,1.091305,1.078639,1.103704,1.119943,1.055663,1.106378,1.051149,0.949015,1.007508,0.980189,0.981042,1.057814,1.068872,1.260441,1.123035,1.135378,1.157218,1.228963,1.291026,1.167122,1.164781,1.090327,1.035921,0.983394,0.912220,0.952019,1.062413,1.082289,1.108833,1.125609,1.105382,1.184814,1.193487,1.162530,1.156928,1.149764,1.329380,1.182444,1.130736,1.148079,1.170473,1.128922,1.128989,1.060933,1.009105,1.044014,1.084744,1.181642,1.117868,1.116659,1.101364,1.185334,1.228087,1.339747,1.312018,1.315918,1.257862,1.255034,1.316339
1.204573,1.150984,1.102404,1.012568,0.929520,0.866080,0.908963,0.950737,0.958099,0.945418,0.932960,0.842472,0.734244,0.773172,0.715535,0.426127,0.321449,0.265030,0.000000,0.236774,0.377054,0.523182,0.555713,0.605037,0.707672,0.846542,0.922090,0.891074,0.881856,0.762534,0.773975,0.950502,0.945075,0.951094,0.943782,0.905809,1.021195,1.079353,1.231143,1.275633,1.180507,1.264475,1.272837,1.095851,1.143176,1.174904,1.033356,1.045432,1.089881,1.122181,1.129652,1.102423,1.149200,1.087715,1.091764,1.055715,1.025012,1.022690,1.031235,1.013859,1.076335,1.099058,1.224646,1.137512,1.111316,1.182788,1.213418,1.265606,1.114638,1.153556,1.027646,1.054173,0.972395,0.913535,0.952303,1.127916,1.136408,1.154451,1.152038,1.139414,1.218585,1.223973,1.190087,1.184086,1.163986,1.297314,1.146145,1.141843,1.079980,1.164375,1.116885,1.080740,1.083833,0.982653,1.040013,1.081555,1.130877,1.065663,1.076478,1.113854,1.190605,1.232531,1.328451,1.248786,1.278933,1.213176,1.173067,1.221947
1.159315,1.116925,1.098110,1.003987,0.917452,0.857658,0.877147,0.916874,0.928473,0.923361,0.952047,0.856771,0.778917,0.800485,0.807953,0.467272,0.404093,0.344669,0.236774,0.000000,0.258787,0.390335,0.423501,0.492043,0.616081,0.752245,0.802810,0.773273,0.806592,0.695187,0.690284,0.900089,0.882787,0.879532,0.881836,0.830062,0.963134,1.042876,1.189040,1.237168,1.132126,1.177069,1.227397,0.994413,1.039949,1.130124,0.933974,0.948804,0.982944,1.029399,1.038992,1.021635,1.076710,1.001875,1.045327,1.044155,0.976023,1.036986,0.997972,0.956761,1.033470,1.069274,1.208720,1.066165,1.102575,1.108134,1.191948,1.253675,1.093915,1.098419,1.027161,1.022667,0.935572,0.878360,0.993464,1.118043,1.101748,1.120565,1.084318,1.070175,1.139087,1.137859,1.111618,1.099558,1.102639,1.319563,1.164835,1.110734,1.080484,1.105785,1.082407,1.086344,1.048355,1.010011,0.998208,1.013120,1.117230,1.052563,1.080061,1.060918,1.141599,1.184216,1.257939,1.235461,1.241801,1.190233,1.200011,1.245128
1.169627,1.108443,1.132158,0.959140,0.958074,0.915376,0.855232,0.885270,0.885930,0.871389,0.901731,0.878054,0.750026,0.784704,0.876989,0.549572,0.519221,0.460916,0.377054,0.258787,0.000000,0.238184,0.383390,0.433313,0.532553,0.683764,0.728861,0.693061,0.725365,0.670996,0.593015,0.880189,0.864005,0.879623,0.866619,0.814584,0.871468,1.023971,1.171710,1.222491,1.110945,1.110132,1.214955,0.984790,1.094304,1.185793,0.983492,0.980664,0.945747,0.998181,1.076359,0.959058,1.033853,1.020930,1.061247,1.055935,0.975691,1.009233,0.968610,0.949229,0.963338,1.012446,1.257455,1.026345,1.139378,1.108643,1.221374,1.275991,1.111731,1.059914,1.048092,1.020129,0.956085,0.885135,0.986786,1.054460,1.064110,1.060286,1.059249,1.076271,1.158507,1.118095,1.166784,1.131053,1.086468,1.385357,1.195229,1.147759,1.162272,1.130242,1.092418,1.179242,1.110520,1.073778,1.028104,1.048450,1.193388,1.115539,1.166215,1.088837,1.178982,1.251880,1.253911,1.276671,1.249063,1.234305,1.256676,1.306439
1.113807,1.055046,1.146626,0.990376,1.016146,0.979945,0.844629,0.869912,0.861046,0.860070,0.945227,0.943542,0.831665,0.795352,0.963162,0.669367,0.651428,0.571508,0.523182,0.390335,0.238184,0.000000,0.291378,0.309044,0.446664,0.611930,0.637994,0.606286,0.650275,0.671693,0.583071,0.870285,0.812659,0.818481,0.805659,0.761575,0.756827,0.975883,1.104885,1.160144,1.059706,1.021543,1.191543,0.955109,1.048510,1.146078,0.967774,0.949256,0.889555,0.942656,1.062402,0.952040,0.945500,0.996222,1.024662,1.011492,0.955356,1.018283,0.964401,0.941680,0.905008,0.997169,1.291564,0.984452,1.148694,1.107269,1.237812,1.267628,1.096451,1.060567,1.045002,1.044011,0.974906,0.897772,0.996582,1.064566,1.071090,1.017892,1.001787,1.078404,1.169076,1.120041,1.170457,1.133165,1.109698,1.420916,1.199483,1.153133,1.174790,1.096556,1.072707,1.204137,1.142576,1.123437,1.079615,1.066815,1.281899,1.184248,1.227421,1.154570,1.207938,1.325965,1.285004,1.351750,1.289437,1.327395,1.353900,1.411716
1.145195,1.086621,1.077724,0.981013,0.942256,0.900146,0.917419,0.943151,0.939532,0.937773,0.982370,0.904742,0.895674,0.894714,0.887424,0.642151,0.638655,0.584004,0.555713,0.423501,0.383390,0.291378,0.000000,0.339760,0.442001,0.618053,0.637428,0.618614,0.679262,0.601111,0.603533,0.762414,0.713569,0.723401,0.742445,0.668398,0.801264,0.885070,0.979799,1.022154,0.929204,1.027935,1.074720,0.898677,0.943313,1.022567,0.873022,0.843795,0.931364,0.965540,0.975532,0.919927,0.949795,0.929189,0.921116,0.911918,0.874749,0.948510,0.885113,0.885049,0.941633,1.043662,1.178573,1.012720,1.038923,1.059573,1.169042,1.188179,1.039352,1.004194,0.946088,0.979391,0.901863,0.786721,0.889795,1.037218,0.998194,1.016017,1.012048,0.995342,1.069889,1.085632,1.058491,1.044882,1.097971,1.339745,1.172306,1.138949,1.139558,1.146347,1.131503,1.114537,1.075714,1.065874,1.076375,1.104549,1.196497,1.131388,1.158279,1.167822,1.251419,1.291070,1.344522,1.316188,1.349853,1.295648,1.287616,1.346594
1.086467,1.037903,1.140447,1.003584,1.048763,0.999902,0.921276,0.937742,0.925670,0.920995,0.984335,0.993279,0.901640,0.880260,1.022895,0.752451,0.696538,0.640617,0.605037,0.492043,0.433313,0.309044,0.339760,0.000000,0.337662,0.524917,0.593061,0.585812,0.614488,0.622923,0.581740,0.862092,0.796396,0.810658,0.785807,0.742521,0.748368,0.973571,1.102091,1.119582,1.013313,0.993657,1.166556,0.904958,0.972688,1.063130,0.916193,0.882826,0.870843,0.918255,1.038001,0.963980,0.921793,0.991706,0.982322,1.004951,0.962648,1.010131,0.963694,0.927292,0.895967,1.016339,1.285585,0.982277,1.158664,1.145157,1.281459,1.300459,1.130794,1.084657,1.064863,1.053644,0.962438,0.880075,1.010436,1.086658,1.103743,1.039064,1.021241,1.093322,1.187149,1.133996,1.168751,1.157759,1.133208,1.431948,1.203203,1.173476,1.192236,1.109290,1.109767,1.234552,1.140527,1.131139,1.116779,1.122275,1.339303,1.233694,1.285519,1.210504,1.247555,1.361563,1.322063,1.403020,1.326112,1.361790,1.412553,1.467989
0.986101,0.923047,1.015401,0.929374,0.978055,0.934060,0.919319,0.920465,0.888475,0.855951,0.924908,0.962078,0.882771,0.838771,0.973690,0.734306,0.776191,0.718676,0.707672,0.616081,0.532553,0.446664,0.442001,0.337662,0.000000,0.284102,0.443182,0.476658,0.494831,0.559608,0.543041,0.771623,0.704242,0.724609,0.733308,0.642203,0.688336,0.918221,1.020764,1.099438,0.996605,0.936756,1.108570,0.915745,1.005921,1.077076,0.951380,0.920485,0.908258,0.966750,1.067095,0.999384,0.981484,1.034436,1.013788,1.006559,0.960594,0.953165,0.894378,0.869760,0.871928,0.961303,1.214395,0.954173,1.072168,1.042754,1.169584,1.188372,1.048730,0.995989,0.953763,0.945528,0.892314,0.861979,1.022075,1.103538,1.091109,1.017489,1.001344,1.070176,1.158287,1.121496,1.165306,1.146258,1.129337,1.371949,1.189375,1.146567,1.178989,1.090308,1.088303,1.198300,1.116245,1.103696,1.102611,1.107430,1.321922,1.242728,1.265941,1.202213,1.260509,1.381763,1.324927,1.401095,1.311393,1.357191,1.404798,1.457742
1.039773,0.975540,1.064650,0.976534,1.049107,0.986723,0.990064,1.002896,0.973836,0.926815,1.015558,1.036234,0.959369,0.886831,1.058255,0.831298,0.899290,0.846510,0.846542,0.752245,0.683764,0.611930,0.618053,0.524917,0.284102,0.000000,0.343417,0.446163,0.497417,0.560122,0.525483,0.733659,0.690512,0.719322,0.693758,0.635824,0.674367,0.856320,0.998263,1.079666,0.988800,0.938581,1.101635,0.938584,1.003225,1.060705,0.916818,0.868232,0.863773,0.909021,1.003786,0.946850,0.946375,1.018995,1.035849,1.019135,0.978273,0.977834,0.914643,0.908442,0.900329,1.000847,1.254439,1.002001,1.100737,1.058211,1.146518,1.198617,1.074071,1.026087,0.981210,0.935164,0.899839,0.877532,1.061841,1.185850,1.201430,1.129072,1.058871,1.094152,1.164042,1.132003,1.181125,1.151614,1.118460,1.324412,1.155247,1.075982,1.144727,1.065897,1.094801,1.196325,1.106976,1.100702,1.094910,1.115315,1.351205,1.283589,1.306387,1.262106,1.306843,1.429349,1.359867,1.415845,1.329688,1.363291,1.425440,1.485720
1.114995,1.030813,1.100250,1.024970,1.090788,1.017615,1.027429,1.040958,1.009354,0.965313,1.061235,1.085179,1.056743,0.993138,1.092181,0.898943,0.937343,0.907094,0.922090,0.802810,0.728861,0.637994,0.637428,0.593061,0.443182,0.343417,0.000000,0.233296,0.356917,0.486262,0.407770,0.680521,0.632450,0.673343,0.652163,0.609403,0.622532,0.790639,0.829705,0.943844,0.860202,0.830599,0.976214,0.803954,0.841906,0.926936,0.785142,0.746955,0.740580,0.786421,0.851948,0.816484,0.840711,0.897793,0.982128,0.941619,0.935378,0.916647,0.843009,0.818001,0.771399,0.910607,1.172510,0.937793,0.986961,0.991496,1.020985,1.058729,0.931447,0.898162,0.876974,0.845524,0.872649,0.789358,0.967449,1.151632,1.123335,1.071214,1.061751,1.073854,1.153510,1.132451,1.134660,1.076760,1.109882,1.347485,1.266270,1.200963,1.161639,1.074799,1.072775,1.176659,1.137858,1.187368,1.172838,1.135183,1.355859,1.288678,1.278556,1.246162,1.280295,1.379107,1.313134,1.383808,1.325382,1.362188,1.395152,1.434066
1.095831,1.029077,1.068817,1.019175,1.067186,1.001443,0.998951,1.021334,0.996652,0.938620,1.017990,1.016110,0.996700,0.963299,1.065245,0.872566,0.905550,0.887097,0.891074,0.773273,0.693061,0.606286,0.618614,0.585812,0.476658,0.446163,0.233296,0.000000,0.271301,0.430898,0.408755,0.627669,0.598128,0.665758,0.630771,0.563008,0.529423,0.712070,0.804011,0.869642,0.772342,0.744244,0.930622,0.759626,0.814727,0.907915,0.759477,0.726507,0.730707,0.780403,0.826260,0.764515,0.780102,0.865743,0.945266,0.925997,0.877453,0.846548,0.763544,0.763398,0.721313,0.835677,1.107987,0.876920,0.896228,0.909678,0.960079,0.972634,0.856614,0.814495,0.839261,0.797455,0.827260,0.775644,0.931796,1.112687,1.059208,1.012616,1.013304,0.989716,1.069043,1.074804,1.101209,1.048714,1.059574,1.298150,1.239178,1.166764,1.145746,1.066754,1.037560,1.151167,1.128152,1.173484,1.148424,1.133418,1.355951,1.266143,1.257487,1.215635,1.235924,1.346400,1.271894,1.351584,1.309059,1.332338,1.369435,1.395879
1.092313,1.015355,1.049266,0.982387,1.046010,1.000464,1.001993,1.006948,0.958000,0.919538,0.940853,0.974425,1.000153,0.934088,1.016768,0.877677,0.943095,0.906616,0.881856,0.806592,0.725365,0.650275,0.679262,0.614488,0.494831,0.497417,0.356917,0.271301,0.000000,0.332312,0.349726,0.615916,0.620440,0.641468,0.639767,0.581762,0.557709,0.785857,0.827899,0.908026,0.829214,0.779867,0.959140,0.791732,0.865829,0.935998,0.805094,0.794393,0.807561,0.865606,0.916461,0.865074,0.877999,0.938553,1.041264,0.999154,0.936912,0.908319,0.839783,0.795853,0.761792,0.852765,1.096344,0.868793,0.932810,0.950171,1.009271,1.043088,0.927799,0.871991,0.870600,0.883896,0.908422,0.810094,0.967286,1.134395,1.111332,1.051237,1.036777,1.034865,1.116099,1.119424,1.113177,1.075431,1.082621,1.329251,1.253256,1.168967,1.133881,1.026809,0.984776,1.115363,1.105700,1.157774,1.145259,1.123113,1.329931,1.256852,1.234306,1.180197,1.206785,1.316699,1.228006,1.297243,1.239792,1.248121,1.279166,1.328803
1.136299,1.076550,1.021898,0.961601,0.930427,0.877497,0.963893,0.978015,0.961524,0.930991,0.936171,0.874470,0.919714,0.929681,0.910707,0.796234,0.838245,0.784895,0.762534,0.695187,0.670996,0.671693,0.601111,0.622923,0.559608,0.560122,0.486262,0.430898,0.332312,0.000000,0.281363,0.527231,0.545614,0.570161,0.587999,0.528257,0.599612,0.725173,0.854902,0.858118,0.771340,0.850604,0.930495,0.805122,0.862148,0.919506,0.783629,0.775747,0.860609,0.930114,0.899051,0.888489,0.935866,0.927215,1.012736,0.932820,0.878904,0.878909,0.820462,0.776565,0.808425,0.912174,1.054805,0.935096,0.909270,0.927293,0.983618,1.028104,0.891727,0.846770,0.796594,0.810712,0.817419,0.749313,0.960315,1.168034,1.136322,1.140469,1.128255,1.017241,1.082472,1.148182,1.097086,1.066762,1.071503,1.227270,1.170766,1.091764,1.037790,1.056639,1.024530,1.032975,1.030238,1.087949,1.109980,1.140605,1.243715,1.203151,1.186652,1.181082,1.235760,1.258712,1.291413,1.255463,1.263149,1.147641,1.177695,1.245896
1.144996,1.085783,1.085894,0.962002,1.036135,0.956413,0.943992,0.974317,0.935681,0.910383,0.938844,0.902955,0.900816,0.870091,0.956779,0.789788,0.843702,0.789179,0.773975,0.690284,0.593015,0.583071,0.603533,0.581740,0.543041,0.525483,0.407770,0.408755,0.349726,0.281363,0.000000,0.521359,0.564225,0.594282,0.598575,0.535407,0.554092,0.759866,0.864555,0.944272,0.844345,0.863156,1.015990,0.802683,0.890120,0.977531,0.808114,0.802559,0.838603,0.904722,0.940299,0.852331,0.927088,0.942848,1.029377,0.927912,0.901789,0.916530,0.850858,0.819771,0.800536,0.915168,1.172206,0.947311,0.993048,0.978321,1.046651,1.117727,0.969405,0.901465,0.877060,0.863862,0.863267,0.744319,0.954421,1.085236,1.125568,1.093408,1.102647,1.073434,1.142966,1.118777,1.136930,1.087934,1.070124,1.316121,1.227235,1.138374,1.100077,1.049023,1.023189,1.098474,1.061319,1.104505,1.052827,1.106603,1.291091,1.215933,1.240720,1.168259,1.231313,1.311408,1.268512,1.297305,1.239072,1.212453,1.247512,1.297185
1.227686,1.189671,1.085831,1.084535,1.045944,0.993310,1.131838,1.167679,1.133982,1.100788,1.103764,1.017776,1.073243,1.044881,0.843955,0.887563,0.943388,0.952573,0.950502,0.900089,0.880189,0.870285,0.762414,0.862092,0.771623,0.733659,0.680521,0.627669,0.615916,0.527231,0.521359,0.000000,0.306273,0.410404,0.458616,0.491671,0.636436,0.566400,0.690335,0.756478,0.824098,0.967306,0.856870,0.939183,0.932696,0.867936,0.861059,0.824340,0.949390,1.001099,0.965878,0.972835,1.027611,0.989570,0.984200,0.959220,0.959166,0.932921,0.904535,0.932059,0.984297,1.071964,0.917623,1.071979,0.910843,1.030971,0.917018,0.861939,0.894702,0.966144,0.817738,0.898863,0.895834,0.852664,0.996085,1.228744,1.186836,1.213155,1.196071,1.064941,1.122636,1.205737,1.141826,1.152067,1.193039,1.117882,1.228199,1.193679,1.085395,1.230960,1.195270,1.090036,1.166027,1.156244,1.249381,1.337346,1.260916,1.324696,1.276500,1.418941,1.456500,1.462748,1.519603,1.412956,1.491304,1.395735,1.264547,1.311350
1.151709,1.133734,1.025230,1.021744,0.985947,0.984305,1.140634,1.156031,1.115795,1.065307,1.043506,0.974092,1.036047,1.022584,0.813331,0.833668,0.899872,0.932377,0.945075,0.882787,0.864005,0.812659,0.713569,0.796396,0.704242,0.690512,0.632450,0.598128,0.620440,0.545614,0.564225,0.306273,0.000000,0.208045,0.357148,0.393109,0.569609,0.458128,0.601666,0.706114,0.746722,0.867088,0.735035,0.838817,0.823678,0.764673,0.805254,0.750428,0.870972,0.918851,0.847009,0.898420,0.961226,0.934637,0.926604,0.911420,0.888772,0.844820,0.833588,0.841864,0.907978,0.998442,0.934806,0.973913,0.842119,0.929633,0.859021,0.845567,0.788568,0.853381,0.716266,0.789523,0.790807,0.800533,0.910419,1.150690,1.097282,1.141999,1.138765,1.029162,1.076382,1.157168,1.090601,1.085953,1.144064,1.184538,1.191461,1.151775,1.082637,1.219209,1.176876,1.070640,1.154921,1.144717,1.254979,1.315969,1.289935,1.293616,1.267984,1.390407,1.432584,1.435291,1.492996,1.373598,1.487005,1.406363,1.299040,1.341474
1.235827,1.231153,1.125180,1.097606,1.032238,1.021541,1.192939,1.220123,1.184287,1.133699,1.136448,1.086792,1.122157,1.098785,0.845224,0.874279,0.938581,0.949357,0.951094,0.879532,0.879623,0.818481,0.723401,0.810658,0.724609,0.719322,0.673343,0.665758,0.641468,0.570161,0.594282,0.410404,0.208045,0.000000,0.299916,0.402681,0.631731,0.500197,0.626455,0.714541,0.780272,0.893442,0.694892,0.834880,0.810678,0.750506,0.814308,0.721104,0.874759,0.878393,0.799907,0.881205,0.951167,0.922930,0.939930,0.927324,0.890137,0.865023,0.843509,0.842130,0.892492,1.031878,0.924536,0.989262,0.847439,0.917543,0.836255,0.835483,0.803894,0.826456,0.675574,0.768013,0.813885,0.818909,0.946559,1.215505,1.124352,1.169362,1.138915,1.042410,1.095958,1.166205,1.079393,1.051034,1.142834,1.154317,1.204088,1.145903,1.064688,1.190447,1.161440,1.048980,1.115581,1.131234,1.249440,1.285633,1.257588,1.273368,1.257022,1.375264,1.417373,1.420804,1.485268,1.360041,1.482984,1.400228,1.278673,1.305680
1.195866,1.213438,1.121549,1.110287,1.109750,1.067599,1.185270,1.212675,1.180083,1.139692,1.143878,1.106313,1.117505,1.105612,0.880971,0.917107,0.958957,0.972151,0.943782,0.881836,0.866619,0.805659,0.742445,0.785807,0.733308,0.693758,0.652163,0.630771,0.639767,0.587999,0.598575,0.458616,0.357148,0.299916,0.000000,0.364309,0.522213,0.464182,0.637094,0.748150,0.732708,0.860900,0.805799,0.828883,0.793634,0.788815,0.781424,0.755218,0.822061,0.856475,0.843577,0.848705,0.930561,0.887877,0.937616,0.918668,0.931598,0.896354,0.866144,0.844252,0.932104,1.084000,0.993179,1.006092,0.886224,0.984917,0.846895,0.834997,0.794671,0.890685,0.755619,0.840216,0.872582,0.846402,0.981514,1.222994,1.129972,1.169330,1.158017,1.057738,1.115108,1.176100,1.099887,1.088761,1.155863,1.193390,1.222777,1.170720,1.081701,1.221989,1.204052,1.092917,1.172163,1.177969,1.283861,1.325510,1.258212,1.307883,1.295227,1.434168,1.478362,1.475741,1.530027,1.443461,1.533268,1.439620,1.355209,1.380063
1.079942,1.068931,0.977417,0.995504,1.010193,0.962152,1.087982,1.115944,1.083732,1.046484,1.027471,0.972624,0.979008,0.951202,0.894035,0.808949,0.914811,0.882165,0.905809,0.830062,0.814584,0.761575,0.668398,0.742521,0.642203,0.635824,0.609403,0.563008,0.581762,0.528257,0.535407,0.491671,0.393109,0.402681,0.364309,0.000000,0.346243,0.453833,0.661697,0.767964,0.734186,0.807126,0.837347,0.820778,0.767567,0.857734,0.739427,0.718980,0.807152,0.827271,0.802166,0.816649,0.884783,0.832523,0.903055,0.889291,0.863036,0.861691,0.787123,0.801777,0.873595,0.985348,1.036961,0.925327,0.833619,0.879986,0.923170,0.942700,0.855128,0.859175,0.781705,0.742614,0.757010,0.757950,0.968141,1.161352,1.060782,1.085123,1.102880,1.008708,1.060289,1.149044,1.083541,1.059199,1.133491,1.261810,1.181374,1.085432,1.095470,1.148176,1.144056,1.114644,1.101916,1.148827,1.210394,1.294920,1.375742,1.340206,1.349901,1.391052,1.436351,1.454840,1.487379,1.435555,1.474561,1.386046,1.370688,1.421058
0.963170,0.960081,0.961173,0.945905,1.028182,1.008970,0.988731,1.032920,0.994816,0.968587,0.977735,0.981942,1.015281,0.973277,1.037859,0.949164,1.038270,1.013401,1.021195,0.963134,0.871468,0.756827,0.801264,0.748368,0.688336,0.674367,0.622532,0.529423,0.557709,0.599612,0.554092,0.636436,0.569609,0.631731,0.522213,0.346243,0.000000,0.468031,0.716679,0.799901,0.732562,0.685034,0.927131,0.771734,0.812061,0.919427,0.768562,0.733837,0.709596,0.774795,0.850675,0.785123,0.814878,0.842242,0.934057,0.906712,0.891080,0.901320,0.811409,0.821214,0.804995,0.951385,1.186341,0.929765,0.921569,0.896896,1.013054,1.030027,0.912711,0.882901,0.852722,0.780325,0.777307,0.734708,0.957315,1.102612,1.061001,1.011106,1.055066,1.043152,1.100258,1.125452,1.135523,1.080946,1.100867,1.345098,1.202199,1.150003,1.188335,1.108215,1.083700,1.193840,1.207695,1.274303,1.277594,1.311608,1.537132,1.458649,1.482296,1.437303,1.446193,1.557558,1.480944,1.547608,1.461422,1.467911,1.515290,1.544999
1.126087,1.112438,1.015649,1.043239,1.049994,1.032422,1.139340,1.187107,1.170397,1.139078,1.144745,1.081255,1.168995,1.184149,0.976135,1.012786,1.088776,1.135947,1.079353,1.042876,1.023971,0.975883,0.885070,0.973571,0.918221,0.856320,0.790639,0.712070,0.785857,0.725173,0.759866,0.566400,0.458128,0.500197,0.464182,0.453833,0.468031,0.000000,0.389778,0.496357,0.605436,0.722715,0.676992,0.803447,0.754679,0.706700,0.702212,0.679075,0.804395,0.873922,0.839306,0.821196,0.859032,0.826848,0.835525,0.824124,0.841591,0.805813,0.756645,0.792009,0.859590,1.025994,0.990393,1.006447,0.805997,0.920981,0.840427,0.795392,0.748342,0.815427,0.745704,0.859569,0.850777,0.825966,0.959634,1.183672,1.089156,1.123438,1.148781,1.047482,1.085961,1.151894,1.093522,1.065156,1.134934,1.167323,1.202449,1.187121,1.105855,1.243940,1.213646,1.105007,1.246011,1.286136,1.385717,1.416381,1.391410,1.408497,1.386878,1.517157,1.561836,1.563323,1.605421,1.514254,1.615831,1.513638,1.424863,1.448653
1.308519,1.293472,1.174959,1.219913,1.203395,1.181622,1.322064,1.355854,1.323544,1.305992,1.330678,1.271721,1.355204,1.364045,1.123232,1.164437,1.238173,1.290628,1.231143,1.189040,1.171710,1.104885,0.979799,1.102091,1.020764,0.998263,0.829705,0.804011,0.827899,0.854902,0.864555,0.690335,0.601666,0.626455,0.637094,0.661697,0.716679,0.389778,0.000000,0.304124,0.485577,0.593421,0.474444,0.673613,0.601563,0.563792,0.659286,0.652863,0.789617,0.812114,0.727117,0.788823,0.814233,0.797155,0.875306,0.877177,0.889032,0.838792,0.872155,0.864447,0.944203,1.077246,1.026845,1.052152,0.868297,0.972105,0.866897,0.809180,0.782953,0.861088,0.837793,0.980120,1.024236,0.961253,1.020340,1.232494,1.122708,1.154697,1.147568,1.042943,1.096829,1.142135,1.047625,1.038556,1.176697,1.252324,1.337249,1.301595,1.142296,1.254652,1.210325,1.063234,1.240289,1.283199,1.385670,1.409267,1.352922,1.389695,1.321253,1.451571,1.517110,1.445977,1.470810,1.381462,1.543896,1.448562,1.334675,1.337950
1.438225,1.403815,1.291889,1.311483,1.263733,1.226129,1.381309,1.430963,1.419273,1.400808,1.440698,1.358094,1.434311,1.440541,1.183457,1.224007,1.284154,1.338812,1.275633,1.237168,1.222491,1.160144,1.022154,1.119582,1.099438,1.079666,0.943844,0.869642,0.908026,0.858118,0.944272,0.756478,0.706114,0.714541,0.748150,0.767964,0.799901,0.496357,0.304124,0.000000,0.287872,0.475525,0.427097,0.661082,0.584375,0.493609,0.603935,0.609411,0.777217,0.833143,0.767972,0.823366,0.816071,0.833190,0.925827,0.896025,0.906680,0.850117,0.894506,0.884884,0.929101,1.034017,0.968841,1.042825,0.857718,0.979786,0.851645,0.802386,0.750669,0.850283,0.863147,0.996219,1.063252,0.992539,1.038300,1.247171,1.146555,1.191449,1.181148,1.017750,1.058010,1.133660,1.017609,1.005202,1.132184,1.205842,1.285580,1.265323,1.067615,1.183232,1.145853,1.007611,1.167394,1.219663,1.338745,1.325521,1.284066,1.323076,1.259328,1.394612,1.429554,1.332062,1.396249,1.332019,1.492327,1.382474,1.282862,1.273983
1.310068,1.279228,1.172280,1.192614,1.203777,1.156871,1.252445,1.306306,1.297244,1.283836,1.327452,1.257914,1.307404,1.331312,1.173343,1.154908,1.182804,1.243247,1.180507,1.132126,1.110945,1.059706,0.929204,1.013313,0.996605,0.988800,0.860202,0.772342,0.829214,0.771340,0.844345,0.824098,0.746722,0.780272,0.732708,0.734186,0.732562,0.605436,0.485577,0.287872,0.000000,0.328839,0.484001,0.505823,0.491748,0.548559,0.519258,0.595855,0.676054,0.754520,0.697671,0.687850,0.731242,0.737688,0.843096,0.821009,0.837046,0.791886,0.819815,0.795743,0.825661,0.912761,1.017546,0.920468,0.762912,0.860529,0.785797,0.795660,0.670788,0.762749,0.820366,0.911997,0.939374,0.869524,0.948781,1.141638,1.057870,1.082177,1.048248,0.901669,0.933354,0.992835,0.941022,0.928155,1.015244,1.259166,1.180842,1.168492,1.035256,1.084289,1.050032,0.974252,1.078664,1.125331,1.245772,1.231034,1.280809,1.240563,1.247161,1.312510,1.349172,1.270068,1.295836,1.298182,1.415573,1.327653,1.328428,1.305405
